            A        R        N        D        C        Q        E        G        H        I        L        K        M        F        P        S        T        W        Y        V
 1 A   0.0341    0.032  -0.0046   0.0055  -0.0114  -0.0239   0.0459   0.0036   0.0933   0.0121   0.0676  -0.0121   0.0519  -0.0171   0.0151   0.0343   0.0087  -0.0567     0.09   0.0187
 2 A   0.3159   0.2178   0.0584  -0.0116   0.0782   0.1754    0.193   0.0765   0.1963   0.2286   0.2609   0.0504   0.2258   0.1702   0.2278   0.3269   0.3652  -0.0335   0.2114   0.2679
 3 A   -0.034  -0.0426  -0.1369   0.1107  -0.0632  -0.0406  -0.0116  -0.1296  -0.0492  -0.0871  -0.1517  -0.1503  -0.0655    -0.07  -0.0996  -0.0336   -0.144  -0.0517  -0.0519  -0.1507
 4 A  -0.0584   0.0023  -0.0754   0.0087  -0.1459   -0.034  -0.0249   0.0069  -0.0293  -0.0704  -0.0093  -0.0323  -0.0823   0.0035  -0.0159  -0.0318   0.0136   0.0258   0.0182  -0.0168
 5 A  -0.0323  -0.0095  -0.0581  -0.0701  -0.0869   0.0039   -0.032   -0.051  -0.0502  -0.0585  -0.0508  -0.0913  -0.0692   0.0387  -0.0666  -0.0581  -0.0804  -0.0442   0.0029  -0.0404
 6 A   0.1518   0.1576   0.2019   0.1732    0.105   0.1148   0.1122    0.175   0.1435   0.1552   0.1089   0.1777   0.1988   0.1921   0.0658   0.1841   0.1569   0.1841   0.1787   0.1447
 7 A   0.0417   0.0347   0.0375   0.0555  -0.1598   0.0606   0.0682   0.0471   0.0619   0.0581   0.0476   0.0994   0.0959   0.0465   0.0116   0.0602   0.0587   0.1193  -0.0053    0.029
 8 A  -0.0363  -0.0769  -0.1575  -0.1204  -0.1172  -0.1254  -0.0175  -0.0397   -0.222  -0.0431   0.0374  -0.0645   -0.064  -0.0681  -0.0919  -0.0369  -0.0682   0.0955  -0.0578  -0.0589
 9 A   -0.181  -0.2491   0.0615  -0.1388  -0.3717  -0.4411  -0.3069  -0.4001  -0.2374  -0.1537  -0.1777  -0.1856  -0.2355  -0.1696   -0.307  -0.2912  -0.2415   -0.178  -0.0066  -0.1745
