            A        R        N        D        C        Q        E        G        H        I        L        K        M        F        P        S        T        W        Y        V
 1 A  -0.0134  -0.0055  -0.0062   0.0083   0.0069  -0.0004   0.0017  -0.0002   0.0132   0.0128  -0.0103   0.0168    0.005   0.0231    0.028   0.0365   0.0004      0.0   0.1158   0.0004
 2 A   0.0092  -0.0098   0.0196  -0.0005      0.0  -0.0238  -0.0122  -0.0055  -0.0136    0.014   0.0356  -0.0036   0.0587   0.0848  -0.0016   0.0046  -0.0223   0.0087   0.0606   0.0299
 3 A   0.0397   0.0014    0.035  -0.0096   0.0061   0.0286   -0.009  -0.0006    0.004   0.0068   0.0339   0.0039  -0.0001   0.0585   0.0229   0.0041   0.0004   0.0017   0.0171   -0.012
 4 A     -0.0   0.0006   0.0193   0.0145     -0.0   0.0241   0.0014   0.0053   0.0014  -0.0047  -0.0085   0.0165   0.0134   0.0129    0.029   0.0186   0.0293     -0.0   0.0066   0.0531
 5 A      0.0  -0.0021  -0.0004   0.0075   0.0014   0.0025   0.0184   0.0082   0.0055   0.0112   0.0198   0.0056     -0.0   0.0414   0.0286  -0.0092   0.0035   0.0209     -0.0   0.0701
 6 A   0.0092   0.0214   0.0187   0.0037   0.0008   0.0293   0.0015    0.025  -0.0006   0.0365   0.0142   0.0127  -0.0001   0.0595  -0.0125   0.0003  -0.0001      0.0   0.0073   0.0062
 7 A     -0.0     -0.0   0.0306  -0.0062      0.0   0.0306   0.0017   0.0143   0.0137   0.0086   0.0421  -0.0055  -0.0031   0.0629   0.0278   -0.012   0.0209   0.0009   0.0033   0.0023
 8 A   0.0162   0.0012   0.0242  -0.0002     -0.0   0.0297   0.0056  -0.0032   0.0136    0.001    0.007      0.0   0.0136   0.0177   0.0047   0.0328  -0.0051      0.0   0.0126   0.0613
 9 A   0.0004  -0.0322  -0.0174      0.0  -0.0074  -0.0396  -0.0172  -0.0135   -0.016  -0.0094    0.017   0.0204   0.0023   0.0331  -0.0003  -0.0274  -0.0281   0.0084    0.358   0.0016
