            A        R        N        D        C        Q        E        G        H        I        L        K        M        F        P        S        T        W        Y        V
 1 A  -0.9322   2.1011  -0.7763  -2.4121  -0.0934  -0.2621  -2.8261  -1.7164   1.5235   0.8773   0.7025  -0.8253   1.2681   1.9716  -2.8665   0.3947  -0.5676   0.0141   0.5262  -0.8984
 2 A  -0.9913  -3.6969  -3.5919  -3.3766  -4.0729  -2.3955  -2.8831  -3.1572  -2.4967  -3.8746  -3.7955  -2.7298  -2.7548  -5.0918   8.0975  -2.0591  -2.6315   -6.017  -4.1631  -1.7937
 3 A   1.0002   2.6186  -0.9812  -2.1013  -1.3451   0.2421  -0.3412  -0.7643  -0.4795  -0.6353   -1.303   0.3399   0.1897  -1.0394   0.1848   0.4304  -0.9701   0.7599   1.2094   0.1483
 4 A  -0.4673   0.9482  -0.9055  -0.2011   0.3735   0.1727   0.3988   -1.065   0.9681  -0.2412   0.1296  -0.1853  -0.0552   -0.484   0.1697   0.5483   0.7665   0.7018  -0.4541  -0.4694
 5 A   0.0959   0.7876  -0.0999   -0.196  -2.3234   0.1462  -0.1309  -0.3805   0.3372  -0.6873  -0.9949    -0.19   1.0478   0.0214   2.3646   0.2701  -0.2965  -0.1339   0.5163  -0.5898
 6 A  -0.3433   1.8431   0.3254  -1.3236  -2.3141   1.2304   -1.075   0.5534  -0.6169  -0.5628  -0.2845  -0.1013   0.5779   0.5728   0.4302  -0.6026   0.4187    0.682  -2.5768  -0.0966
 7 A   0.2358    0.608   0.3171   -0.976  -1.2949   0.3771  -0.1802  -1.2748   0.9866  -0.7459   0.3603  -0.8416    0.339  -0.4076   0.1648   0.4224   0.4799  -0.1303   0.2431    0.456
 8 A   0.9334  -0.4825  -1.0612  -0.7965  -0.5617  -0.9837  -0.9504  -1.4915   -1.296   0.2411  -0.5835  -0.9967   0.8552  -0.4693   2.7608   0.8427   0.6658   1.3581  -0.1404    0.057
 9 A   0.0665  -3.9273  -4.4569  -4.7563  -1.8932  -2.7546  -3.4092  -3.7878  -2.5844   2.0811   2.8458  -3.8227   3.2094   2.2395  -4.3459  -3.2927  -2.1917   1.4797  -0.8015   1.4881
