            A        R        N        D        C        Q        E        G        H        I        L        K        M        F        P        S        T        W        Y        V
 1 A  -0.0044   0.0987  -0.1578  -0.1132  -0.0582  -0.0572  -0.0827  -0.0419   0.0286   0.0546   0.0029   0.0274   0.0839  -0.0025  -0.1693   0.0024  -0.0068  -0.0459   0.0041     0.04
 2 A   0.0216  -0.0801  -0.1076  -0.1126  -0.1465   0.0481  -0.0133  -0.0571   0.0251   0.1872   0.1543  -0.0768   0.1575   0.0204    0.044   0.0337   0.1065   -0.047  -0.0604   0.2419
 3 A  -0.0095  -0.0138   0.0784  -0.0442  -0.0348  -0.0783  -0.1284  -0.0297   0.0106  -0.0461   0.0038  -0.0152   0.0594   0.1075  -0.0826   0.0204  -0.0448   0.0577   0.0915  -0.0264
 4 A   0.0877  -0.0264   0.0202  -0.0235   0.0862   -0.001  -0.0093   0.0141   0.0032  -0.0358  -0.0015   0.0054  -0.0311  -0.0031   0.0619   0.0164  -0.0198   0.0396     0.02  -0.0251
 5 A  -0.0193    0.093  -0.0434  -0.0203   -0.001   0.0433  -0.0149   0.0046   0.0987   0.0131   0.0076    0.013   0.0842  -0.0074   0.0152   0.0053   0.0059   0.0655   0.0431   0.0047
 6 A   0.0388   0.0488   0.0426  -0.0495   0.0178   0.0669  -0.0718  -0.0267   0.0102  -0.0044   0.0139  -0.0311   0.0475    0.046   0.0126   0.0963   0.0554   0.0161   0.0403   0.0713
 7 A   0.0195   0.0563  -0.0457   -0.161  -0.0627   0.0435  -0.1393   0.0223  -0.0007   0.0898   0.0722  -0.0431   0.0739  -0.0099   0.0494   0.0983  -0.0015   0.0427  -0.0499   -0.022
 8 A  -0.0145  -0.0351  -0.0154  -0.1307   0.0075   0.0192  -0.0584   0.0068    -0.06  -0.0072   0.0403   0.0495  -0.0508   0.0022  -0.0357  -0.0006   -0.055  -0.0092    0.029   0.0393
 9 A  -0.0004   0.0675  -0.1115   0.0319  -0.1491  -0.0085   0.0474  -0.0608   0.1267  -0.0428   0.0088   0.2826  -0.0163   0.0252  -0.0158  -0.1316  -0.1758  -0.0019   0.1202  -0.0577
