            A        R        N        D        C        Q        E        G        H        I        L        K        M        F        P        S        T        W        Y        V
 1 A   0.0126   0.0961  -0.0674  -0.0692   0.0397  -0.0002   0.0324   0.0101   0.0556   0.0685   0.0968   0.0644   0.0611   0.0212  -0.0024   0.0239  -0.0149  -0.0521    0.036   0.0085
 2 A   0.3111   0.2475   0.3154  -0.1233   0.0979    0.211   0.3029  -0.0483   0.2259   0.1905   0.2364   0.0241   0.2316   0.1666   0.5933   0.2592    0.255   0.0792   0.2163   0.2952
 3 A   0.1261   0.1912    0.001   0.0779   0.0604   0.0079   0.0326   0.1026   0.0897   0.0904   0.0602   0.0568   0.0745   0.0668   0.0659   0.1109   0.0299   0.0108   0.0468   0.1342
 4 A  -0.1302  -0.0708   -0.081   -0.056  -0.2223  -0.0856  -0.0885  -0.0881  -0.0821  -0.1527  -0.0241  -0.0293  -0.1298  -0.1211    -0.09  -0.0908  -0.0374   0.0053   0.0017  -0.0614
 5 A   -0.073  -0.0773  -0.0953  -0.2109   -0.145  -0.1572  -0.1164  -0.1418  -0.1498  -0.1587  -0.1684  -0.1057  -0.1088  -0.1091  -0.1658    -0.11  -0.1341  -0.1144   -0.139  -0.1059
 6 A   0.0878   0.1854   0.0912   0.0697  -0.0565   0.0144   0.0321   0.0931   0.0764     0.05    0.091   0.0752   0.1133   0.0839   0.0841   0.0815   0.1685     0.13   0.0056   0.0679
 7 A    0.076   0.0884   0.0679   0.0138   0.0417    0.049   0.0801   0.0783   0.0306    0.091    0.067   0.0372    0.121   0.1559   0.0336   0.0951   0.0954   0.0528   0.0757   0.1073
 8 A  -0.0673  -0.1348  -0.2362  -0.1544  -0.2095  -0.1347  -0.1641  -0.1769  -0.2695   -0.165  -0.1404  -0.1663   -0.132  -0.1463  -0.0538  -0.0445  -0.1133  -0.0553  -0.1746  -0.1385
 9 A  -0.1249  -0.1472   0.0395  -0.4771  -0.1876  -0.2736  -0.1336  -0.2492   -0.049  -0.0261  -0.0003  -0.0863   0.0464  -0.0124  -0.2526  -0.2169  -0.1432  -0.0736  -0.0981  -0.0688
