            A        R        N        D        C        Q        E        G        H        I        L        K        M        F        P        S        T        W        Y        V
 1 A   0.0346   0.0191  -0.0469  -0.1609  -0.0796  -0.0168   -0.082   0.0328    0.016   0.0544   0.0103   0.0241   0.2097   0.1229  -0.1081   0.0335  -0.0412   0.0223    0.183  -0.0053
 2 A  -0.0083  -0.0458  -0.1459  -0.0463  -0.1465   0.0699   0.0131   -0.068  -0.0604   0.1321   0.2818   0.0204   0.2449  -0.0276  -0.0629  -0.0048   0.0333    0.007   0.0107   0.0254
 3 A   0.0415  -0.1358   0.0125   0.0405  -0.0604  -0.0144  -0.1216  -0.0186  -0.0335   0.0909   0.1029  -0.1141   0.1381   0.1477  -0.0245   0.0446  -0.0063   0.0444   0.0595   0.0287
 4 A  -0.0009  -0.0458   0.0177   0.0893    0.036   -0.009   0.0811   -0.002  -0.0139   0.0244  -0.0541  -0.0286   0.0354  -0.0266   0.0272  -0.0163   0.0395   0.0218   0.0835  -0.0368
 5 A    -0.01  -0.0677   0.0295   0.0597    0.075   -0.102   0.0148   -0.016  -0.0124   0.0912  -0.0252  -0.0443      0.0    0.047  -0.0718   0.0001  -0.0231    0.135   0.1065   0.0354
 6 A  -0.0408  -0.1002   0.0943  -0.0674    0.045  -0.0041   -0.006  -0.0408   0.0255   0.1031   0.0042  -0.0304   0.0857   0.0648  -0.0377    0.052   0.0644  -0.0588   0.0138   0.0554
 7 A   0.0148  -0.1284  -0.0065   -0.033   -0.048  -0.0085   0.0451   -0.063   0.0157   0.0674  -0.0136  -0.1302   0.0561   0.1336   0.0354   0.0216   0.0451   0.0914   0.0672   0.0598
 8 A   -0.044   0.0378   0.0088  -0.0943   0.0223   0.0034   0.0133   0.0207  -0.0584   0.0157   0.0412  -0.0151  -0.0403   0.0674   0.0559   0.0205   0.0338   0.1009    0.082  -0.0497
 9 A   0.0714  -0.0419  -0.0806  -0.0045  -0.1184   0.0033   0.0262  -0.0309   0.0506   0.1828   0.1869  -0.0876   0.0584  -0.0799  -0.0177  -0.0407  -0.0189  -0.0502   -0.044   0.2575
