            A        R        N        D        C        Q        E        G        H        I        L        K        M        F        P        S        T        W        Y        V
 1 A  -0.1586  -0.1276   0.0361  -0.0183  -0.0113  -0.0466   0.1194  -0.2258   0.0114  -0.0655   -0.063  -0.1864   0.1041   0.1087  -0.2767  -0.0389   0.0536   0.0305  -0.0364  -0.1913
 2 A   0.3309   0.2835   0.1046  -0.2296    0.329   0.1402   0.7117  -0.1258   0.6515   0.2795    0.212  -0.3177   0.1781   0.0776   0.0133   0.2588   0.3952   1.0154   0.4568   0.4065
 3 A  -0.0007  -0.2296   -0.193  -0.2447  -0.1798  -0.2268  -0.2699  -0.2098  -0.0937  -0.0524  -0.2056  -0.2908  -0.0161  -0.0272  -0.1148  -0.0963  -0.1189  -0.2219  -0.1264  -0.0521
 4 A  -0.0144  -0.0925  -0.1191  -0.0227  -0.1699  -0.1673  -0.0862   0.0011  -0.1114  -0.1064  -0.0934  -0.1174  -0.0797  -0.0543   0.0311  -0.1232  -0.0947  -0.1381   -0.069  -0.1042
 5 A   0.0048  -0.0266  -0.0168  -0.0317   0.0853   -0.034  -0.0656  -0.0444  -0.0949   0.1462  -0.0169   -0.075  -0.0283   0.0797   0.0058  -0.0167  -0.0346   0.1115   0.0016   0.0923
 6 A   0.1232   0.1618   0.1862   0.1812   0.0649   0.1412   0.0733   0.0789   0.1546   0.2233    0.133   0.0562    0.251   0.3038  -0.0157   0.1457   0.1838   0.0673   0.0833   0.1706
 7 A   0.0831   -0.006   0.0522   0.0125   0.0174      0.1   0.0781   0.0168   0.0764   0.0763  -0.0316  -0.0814   0.1058   0.1806  -0.0469   0.0768   0.0709   0.1643   0.0754    0.088
 8 A   0.0403    0.032  -0.0151  -0.0959  -0.0283  -0.0403   0.0319    0.041  -0.2783  -0.0763  -0.0287   -0.035  -0.0179   0.0856   0.0859    0.039  -0.0839   0.0188   0.0758  -0.0071
 9 A   0.0833   -0.231   0.2727  -0.8875  -0.2623  -1.1037  -0.0563   0.2753  -1.6484    0.123   0.0952  -0.1872  -0.0011  -0.0163   0.6112  -0.0252   0.0009  -0.8417  -0.2349   0.2001
