TESTRUNID EPOCH: 9 L_PCC: 0.848759505578637 L_ERR: 0.012655590380872188 T_PCC: 0.8138456555265662 T_ERR: 0.015443050367724658
180 LAYER: 1
2 LAYER: 2
1 LAYER: 3
9 :ILEARN
0.07913197266855428	-0.056017938836624745	-0.3405329027688447	-0.06468752331300162	0.25192563458019834	
0.19905847721844433	1.1908409491854404	2.288973547413084	-0.44444087934318816	-0.20948757043968103	
0.42477627995193645	0.4220699861194071	0.8324987257683978	1.3318767192430068	-0.33558003332245767	
-0.0013546478425742483	0.10242599398459364	0.4060104466549838	-0.25381603581170914	0.18526918767439857	
-0.20294411766665482	-0.12149130459905613	-0.1951161548856934	0.09218055941818067	-0.5797942422733586	
-1.3065098165702183	-0.6874453416321941	-1.184952961383786	0.689212302565343	1.3350787284533707	
-0.3123730404217588	-0.015857159427601845	0.0083491210217892	0.23477212464701028	0.0005149695504992635	
-0.2167016093495106	-0.3510959364989963	-1.0215553067736483	-0.05880113893549084	0.1292799166179723	
-0.015590621686380469	0.4393457963523205	0.12988372755361635	0.40025972292220713	0.946742362562116	
1.5487029708379636	0.17413113191000087	0.23574131103816018	0.852766713115871	1.2410857442338938	
-0.6097497499150472	-1.0191633274522578	-0.05767437679998819	-0.04689066812555476	0.21037951757600398	
0.2267945315695208	0.014823521098402612	-0.07065428501883797	-0.7907775487895233	-0.7204952511379378	
-1.1841147741361013	-1.596266030452666	0.03888003154554903	-0.01716414609461947	-1.361633221979071	
-1.4050394020217412	0.2706454215235826	0.3536999085532061	1.516883001742722	1.6542800019301755	
0.5736546786649502	1.179478554135721	-0.11239024678299679	-0.10348904296921721	-0.008615249559250322	
-0.05261416060336159	0.08550171607920679	-0.030446828050898697	-0.2610768545518187	-0.2740401053261609	
-0.1107191000368685	-0.5530109988412601	0.2564018224767165	-0.2648155164492338	-0.2686986299865817	
-0.6765231127661494	0.2746453616496061	1.0619836984592281	0.41300153391330613	0.5179911226425321	
0.2369479442919461	0.5504683976137963	0.7679929540655507	1.1596276038980007	0.7239973584857827	
0.6169682326348508	0.09741138035650715	0.20675514656983707	-0.2746253654671225	-0.2476504613469223	
-0.10146813094420028	1.2093172240830485	0.05501090821445078	-0.8001667163529951	-0.5161896888351979	
-0.6374675229042222	-0.5753992984702131	0.2079267876138232	0.12349200200624748	0.0806685230153857	
-0.23217264569764315	-0.10821786664450464	0.3492636797062583	0.40122701938662375	-0.07006231664506901	
-0.009742684929219855	-0.5221771543931356	-0.3111644348445873	-0.15192648941975007	0.25477296527353155	
-0.18342731886656424	0.1869611501820844	0.045423122424175864	0.43021125546963973	0.025240870454494628	
0.2299936784049704	0.021466082035426153	-0.4897865749485965	-0.17029618566872556	-0.1843445353296176	
0.3177648470491141	0.09460043866309642	0.30704313645613196	-0.47168991863181414	0.3317708008637713	
0.20123782330973342	0.09383954788290423	0.11901606535722685	-0.21816684439513734	0.7351697755392917	
0.23084117175714333	0.42918172523378784	0.20405337905761506	0.15638967004248763	-0.29449240388996695	
-0.16002224363046785	-0.1228126291464785	0.04661934275497462	-0.2385332493476388	-0.31147218193908666	
0.37161933758925986	-0.101257273742122	-0.006700722188844124	-0.08408190501028774	-0.19102268814807916	
-0.21226577135383623	-0.5046272574494424	0.5454702940048233	0.12940990719590995	0.7470575708098391	
0.11674362172944586	0.1780444476570778	-0.046261659273256116	0.04946107664746634	0.5871472910131353	
0.4123412353605209	0.3287088478319505	0.43752296891701836	0.23077401752331234	0.19268610260101934	
0.17422876200513052	0.13149618795560702	0.2346773859238218	0.2840457834999144	-0.08004093521286627	
-0.19943344690618744	-0.029424299866951033	-0.34232972728902317	-0.24937001950830084	-0.31359010338232307	
0.0018566099167164896	0.39785986596374157	-0.14981775501297312	-0.10223521955958735	-0.317099627243429	
-0.023234151310684223	-0.05841157046060132	0.0576447253205761	0.3978925319364968	0.7966194715081164	
0.08075675562119597	0.016159695231281027	-0.11163460541355126	0.3960949353745099	-0.31433147421225494	
-0.5606980289675133	-0.24266413739892564	-0.1092778780564983	-0.39191560354325083	0.6123612792184663	
-0.0735210620743567	0.18120408169641816	0.2845001020685662	0.7444750875011322	0.4573877840126278	
0.0793992367576235	0.5497167627972273	0.8704121396491242	-0.06810112383274045	0.45785544384079246	
0.15035347583959766	0.5263505789754902	0.47726307003623225	0.955927532648836	0.039956472586253705	
0.5221071266576737	0.23438540826821844	0.216018205504322	-0.3004303002094031	-0.8463844657599953	
-0.4135547154114042	-0.8447040244386992	0.3409081489871613	1.170829784323364	-0.4352754389527697	
-0.5469189077438551	-0.050380055601402636	-0.3146763899534278	-0.009350737871561066	-0.06825439337384812	
-0.1910611362144193	0.09352035657291807	-0.3077157134481001	-0.4865515557917369	0.4245229645996946	
0.5189926788121332	-0.2867362486385924	0.018836649297980616	-0.49283614679464116	-0.6041406631401823	
-0.6301331974229661	0.05729685091783158	0.081128491481245	0.5069664973948387	-0.1033672492836413	
-0.1476122340414692	0.366872076134068	0.45760732208247046	0.03360138082783672	0.4991849610311543	
-0.03165700298305735	0.017834752413600552	0.05679401919034538	0.4056421412208227	-0.2823055515205507	
0.0442583409621916	0.06524797844815756	0.20264330263513133	-0.09829639757268571	0.25308787062496124	
0.08357482622679312	0.2016579274553644	0.6709576167524575	0.2869827438767501	-0.07702770741566281	
-0.37264857633653636	0.042408034922088104	0.30100418256898026	0.3323957060361584	0.10288743961155015	
-0.18341375256252335	-0.27353430853355043	0.08096703227748313	-0.6580674368545399	-0.07414510693077091	
0.2549832920898943	-0.015528608812503642	0.2595803909551762	0.1323848185554992	0.24532185751184066	
-0.24553954654270763	0.36661904732642525	0.01281332178153491	0.11029315829127938	-0.18659846294421187	
0.06796216731633165	0.6962945527844582	0.6118277022108275	0.3147208662796962	0.18749733697578774	
0.3703076577368017	0.3779940547861641	0.19232651423166724	0.17921342480067268	-0.4061940757769198	
-0.36607136285270553	0.6006691091764427	0.5382001787245023	0.20602160969058791	0.14748882568758678	
-0.2634588787902673	0.19231776433809272	0.5025313799908995	-0.08225316784300828	-0.011752942518776309	
-0.13796865997373778	-0.12167014303424074	0.21856624288658055	-0.11347162659311531	-0.5170644825841408	
-0.14976000864358158	-0.26370695838526426	-0.6917562199260003	0.3100739857716952	-0.3670547715050283	
-0.3318445307450877	-0.05607113858938681	0.000907468577230178	0.25028685497323266	0.5843019528785593	
-0.7859461174601297	-0.9552625594141477	1.1752241234004248	1.4759953308604077	0.00317140339370596	
-0.004571802590043528	-0.06946567118136736	0.024361246348083093	0.3396488736578171	0.5042552706887703	
-0.07109089197506804	0.05030556342704878	-0.05559017204001546	0.0038703648732066054	0.05705920564432379	
-0.09553391440163878	-0.03512750805476271	0.07458447528002221	-0.8298453683273063	-0.8694335236407214	
-0.6673746611006887	-0.9446725101849944	1.1695420542450394	1.1617897001012663	-0.4400820315364713	
0.32501626342407075	0.4650353462357644	0.654803469486722	0.0599230523472056	-0.09308575602567315	
0.2502605447360306	0.6804680342649636	0.12784764713266591	-0.049101876512547965	0.18603819516961032	
0.17808385411798222	1.3435312472178376	1.642935013858394	-1.6719222243539624	-1.392823678658626	
0.36698954017009966	2.091171909422327	-2.961194697884115	-2.9856467853904003	2.5906534441473514	
