TESTRUNID EPOCH: 3 L_PCC: 0.8384890303937034 L_ERR: 0.007571712904137324 T_PCC: 0.795919030182578 T_ERR: 0.009471845950982213
180 LAYER: 1
2 LAYER: 2
1 LAYER: 3
3 :ILEARN
-0.011338740092654875	0.040781865830672046	-0.2850338252335053	-0.3306668204122909	0.0024092602274532063	
0.08409417246832283	0.18026970693518463	0.48508432828443665	-0.020382490147140317	0.01585561091819667	
0.1071814388254766	0.2954025357141482	0.07981241663451749	0.35611900898490406	-0.01838952740370196	
0.1973195856929395	-0.09897442535110723	-0.08984693216806032	-0.1983003295651764	-0.25670925582505766	
-0.15759340294549826	-0.21767450366448993	-0.038876137899305066	0.01708577760272973	-0.011076653150678012	
-0.07006387773192155	-0.10174208292319055	-0.08801952730677302	0.023621222734314024	0.24775486240276412	
-0.08727924085133164	-0.0030080949731299727	0.15474044176030297	0.13271113277327187	0.028804899271969407	
-0.04184483948827896	0.02460106749993017	0.027508406386179088	0.005399178332482326	0.25822768696191134	
0.011778700969311	-0.1326536638580756	0.12362621772185074	0.36827827846443284	-0.056113059092039695	
0.03196146997718467	0.10349970153079452	-0.0034912605712189714	-0.011015082806383008	-0.013645165061305737	
0.014615213263989207	0.2324856853631121	0.04727370306276263	0.14772482318375338	-0.0048884782493458095	
-0.08770951694433052	0.13468248551766684	0.14760999333869324	0.05638528209820128	0.10730269176754818	
0.18115199574244611	0.42762514672908947	0.08673792057827698	0.06948969441329023	0.028609265546821305	
0.21346745262331357	0.14271861843500586	0.1961376220902797	-1.2483135795373346	-1.7901401503051915	
0.2340661274578062	0.1970457145555279	0.11099583534900279	0.36320264400601343	-0.015272259275759521	
-0.05735373065122413	0.22290333856061592	0.22232242319793727	0.009343883240086481	-0.06237759047259274	
-0.16159641807323932	-0.34885660792903034	-0.3767425430076949	-0.685937551966008	0.018745677684800524	
0.2129071322106049	0.17050531293481827	0.44149167324084615	-0.009345773855973795	-0.04893917160225485	
-0.006858864548330068	0.24170832865631797	0.06395414168025097	0.16777286848094314	0.021194811911455398	
0.01654135090686853	0.10557294147153753	0.08122694340735899	-0.08190137707451701	0.08238975497674449	
0.1433721254329033	0.3322053740959229	0.1125921623647576	0.09826151251627152	0.06149733515218643	
-0.004457493827564007	0.04804316727506976	0.3670911880579765	0.07075669077322749	0.1719695948164618	
-0.008682630532600329	0.06173311343544126	0.16689528202401663	0.2042632225495517	-0.0778641539785945	
0.07627263543409754	0.027258878065360398	0.036424453880408575	-0.052553989486910875	-0.21096364770307516	
-0.12386318176774853	-0.14833812662694362	-0.0837677892941031	0.004398279539899236	0.09631056534406117	
0.04384856274671148	0.05469928495407709	0.15680626659285302	-0.06178612558702473	0.007100511321963789	
0.005187354581148577	0.08754862605388769	0.08172162140877152	0.07409197665310353	0.20629768027862053	
0.26881858876570425	0.008086578951446646	-0.06256882027709709	0.1861286881701291	0.3052777187769496	
-0.06928237991061909	-0.17295659803211585	-0.12538283933256336	-0.15967584538511403	-0.10364523374296064	
-0.11148812621641432	-0.0005420335653790663	0.1939027177716473	0.09209208135146287	0.11971813380692171	
-0.13132765972620644	0.031103763911696083	-0.06261252807633129	-0.17079930519488462	-0.046573160483336436	
0.0561116157177165	-0.09417118959685022	-0.040461303947222034	0.08093982065040915	0.058707016733180975	
-0.07416975132315136	-0.023333480369301912	-0.14829421969227607	-0.26657842759665906	-0.1033281004627141	
-0.12021951766336478	-0.012257118172487163	0.1762478835358204	0.041316887585365	0.054314646655721645	
0.08843754235254712	0.3690859843617816	0.05952977836092666	0.09843403066561092	0.06691599843279318	
0.16076264244000932	0.021521153689291646	-0.05140031976390788	0.020510379404436247	0.20137946641601465	
0.11325708669182726	0.12738142676700037	0.046947237676871964	-0.0673646463584643	-0.12272248366799086	
-0.09194973197822308	-0.04345696498359743	0.08172316334289785	-0.03304274262191146	0.0744617740664533	
-0.09646481849734508	-0.11959035343340597	0.05888035135294147	0.11850310770280056	0.11998853830764297	
0.1564066287669405	-0.10534901623911427	-0.03291835430642491	0.023711049102722676	0.10035056405851861	
0.15711237831099825	0.2144952014920926	-0.14894237178306544	-0.3705331785174916	-0.04038827363289554	
-0.02212103598612289	0.07563003648412368	0.13541243324562235	0.16069414107038305	0.22610959811736087	
0.012908150248061814	0.18784047116892647	0.044164500290487275	0.13480182471639343	-0.1172562542568256	
-0.04323354350993037	-0.09449248601806999	0.10362239599198506	0.18383260774709778	0.13768117408782632	
-0.017213650826913948	0.09823765823053113	-0.06462078126617972	0.09832607632862729	-0.09609863329458421	
-0.026547261885477305	-0.008720175068486035	0.05650144800198253	0.03512007868273412	0.015015572040611443	
0.09108751617122772	0.19438777235175056	-0.1142321528288809	-0.30570249424725937	-0.007671928754094613	
0.014813790338995306	0.05807714165344747	0.3244481957740708	-0.01884168184044256	0.10489967182188187	
-0.08214427041043504	0.03505444842613077	-0.0735075272690952	-0.1822476187731267	0.0803892172678074	
0.05326220050467658	0.11756899417877406	0.4058342542548012	0.03000065150275155	0.07261777475696557	
-0.05934893679450921	0.18070315990892838	-0.04522362444120022	0.06144236584943259	0.03138369196772596	
0.09446940830853294	0.037882177513258494	0.09661096911643823	-0.027492801543025254	0.09134056133521433	
-0.07237717668759547	-0.11417309767700502	0.13032090382378447	0.17795602164367852	0.07807003835750699	
-0.01980010632948776	0.06942319484182878	0.07392321075627172	0.06675401800448155	0.1674659758967466	
-0.014995387826390672	0.03988100040844558	-0.06295165319372534	-0.10080222820733345	0.11418978677060625	
0.0822444520381848	-0.03321493754812635	0.053541513208097004	-0.07415230122471929	0.009910319687188154	
-0.20525395622738973	-0.34759340132611083	0.10132592771257498	0.09783270299042535	0.041360026617298276	
0.27566963489743174	0.0647259777351191	0.15309115475533963	0.046909991014533935	0.1304698165587626	
-0.0001900392708639063	0.05509720460026288	0.1062643779432533	0.16035245244130916	0.10743780563566577	
0.18180126091753238	0.024970034575127753	0.027354187296729834	0.05069712604561646	-0.07159613717703496	
0.08420946106696674	0.09127859164599705	0.16042693797031451	0.23518734505763553	-0.0779009860852149	
-0.0208054181900708	0.022469656394342667	0.07421037597461605	-0.11212528386148651	-0.2314943497641806	
-0.1703250156676138	-0.34839304746489674	-0.018670391341959375	0.008714074061924846	-0.050367254153012436	
0.04381095999070982	0.17466234237503928	0.2031762805111243	-0.05786603575529361	0.11034772793660251	
-0.023308660223767153	0.08286975373448992	0.06305711749243162	0.1288347587670688	0.011824891112874169	
0.01040423293098142	-0.05876172260747966	0.04437669303718574	0.02019686048880236	0.055815290619453034	
-0.0624887854812579	0.06573190152909082	-0.0299171718584688	0.047196027543285494	0.0899459427859412	
-0.03717346994450261	-0.017067675263385616	0.10763887314523728	-0.013679269941112543	-0.06277627792196094	
-0.3840188912812892	-0.5211925105794263	0.32452574891293845	0.5017050846997957	-0.42544729957072414	
-0.5432340516588275	-0.04977855074798226	-0.12925469217277002	0.09568310146985468	-0.02894121493029336	
0.10062848280593452	0.1362355798739871	-0.008076870982688483	0.02887221149490107	0.1309274001095463	
0.17274926757872966	0.5251105729298912	0.8683188251002965	0.021598477942527384	0.07796394998213764	
0.12710619111203358	0.7253291769486397	-1.573346696076828	-3.1237230552697826	0.9842838831970199	
