            A        R        N        D        C        Q        E        G        H        I        L        K        M        F        P        S        T        W        Y        V
 1 A   0.0063   0.0272  -0.0345   0.0016  -0.0039  -0.0261  -0.0854  -0.0308  -0.0105  -0.0242  -0.0322   0.0038   0.0264  -0.0835  -0.0662   0.0853   0.0229   0.0041  -0.0383  -0.0525
 2 A   0.0755   0.0364   0.0265  -0.0399  -0.0016  -0.0067   0.1908  -0.0516  -0.0208  -0.0255  -0.0435  -0.0433  -0.0378  -0.0021  -0.0273  -0.0151  -0.0039   0.0046  -0.0261   -0.043
 3 A   0.0346   0.0039   0.0177   0.0156   0.0372  -0.0011  -0.0311   0.0131   0.0265   0.0027  -0.0045  -0.0185   0.0031   0.0308   0.0115   0.0606    0.013  -0.0367  -0.0022   0.0783
 4 A  -0.0408   0.0073   -0.031   0.0143  -0.0461  -0.0436   0.0109  -0.0481  -0.0079  -0.0083   0.0388  -0.0288  -0.0184  -0.0066   0.0109   -0.024  -0.0692   0.0357   0.0364   -0.053
 5 A  -0.0078    0.026   0.0058    0.008  -0.0202   -0.018   0.0057  -0.0285   0.0282  -0.0329  -0.0382  -0.0344   -0.009  -0.0554  -0.0048   0.0143  -0.0125   0.0058   0.0447   -0.035
 6 A   0.0149   0.0083   -0.071   0.0339  -0.0715  -0.0381  -0.0324   -0.007  -0.0032   0.0263  -0.0197  -0.0233  -0.0058   0.0086  -0.0345   0.0043   0.0352   0.0473    0.057  -0.0309
 7 A  -0.0298  -0.0137   0.0148   0.0115  -0.0008   0.0123  -0.0044  -0.0234  -0.0371   0.0356  -0.0084  -0.0137  -0.0231   0.0373    0.009   0.0122  -0.0051  -0.0666   0.0052   0.0437
 8 A  -0.0748  -0.0028  -0.0137   -0.005  -0.0717  -0.0122   0.0389   0.0566  -0.0465  -0.0782   0.0266   0.0054     -0.0   0.0243  -0.0335   0.0203   0.0616  -0.0146   0.0222   0.0922
 9 A     0.01  -0.0192   0.0143  -0.0213  -0.0185  -0.0471  -0.0477   -0.023  -0.0223   0.0073   0.0074   0.0127   0.0366    0.023  -0.0249   0.0142   0.0076   0.0099   0.0994  -0.0123
