            A        R        N        D        C        Q        E        G        H        I        L        K        M        F        P        S        T        W        Y        V
 1 A   0.0313    0.022  -0.0411  -0.1517   -0.064  -0.0082   -0.074   0.0329   0.0097   0.0561   0.0176   0.0212    0.188   0.1164  -0.0902   0.0363  -0.0384   0.0211   0.1781  -0.0025
 2 A  -0.0135  -0.0454  -0.1112  -0.0233  -0.0974   0.0555   0.0072  -0.0486  -0.0536   0.1233   0.2721   0.0119   0.2331  -0.0258  -0.0642  -0.0116   0.0289   0.0034   0.0002   0.0198
 3 A   0.0422  -0.1244   0.0129   0.0391   -0.045  -0.0105  -0.1161  -0.0178  -0.0244   0.0869   0.1016  -0.1068     0.13   0.1457  -0.0261   0.0467  -0.0073   0.0399   0.0591   0.0349
 4 A   0.0031  -0.0455   0.0171   0.0877   0.0351  -0.0035   0.0838   0.0065  -0.0145   0.0304  -0.0522  -0.0262   0.0285  -0.0195   0.0314  -0.0097   0.0454   0.0115   0.0876  -0.0363
 5 A  -0.0077  -0.0626   0.0298    0.061   0.0631  -0.0922   0.0147   -0.012  -0.0127   0.0945  -0.0264  -0.0412   0.0041   0.0512  -0.0631   0.0017  -0.0147   0.1289    0.106   0.0381
 6 A  -0.0373  -0.0918   0.0944  -0.0638   0.0441   0.0043   0.0011   -0.041   0.0273   0.1013   0.0055  -0.0209   0.0806   0.0656  -0.0316   0.0555    0.058  -0.0519   0.0094   0.0519
 7 A   0.0189  -0.1202  -0.0033  -0.0305  -0.0375  -0.0072   0.0479  -0.0571   0.0141   0.0665  -0.0115   -0.118   0.0552   0.1328   0.0345   0.0285    0.046   0.0781   0.0646   0.0588
 8 A  -0.0393   0.0376   0.0096  -0.0859   0.0201   0.0044   0.0161   0.0259  -0.0458   0.0155   0.0415  -0.0129  -0.0356    0.068   0.0574   0.0247   0.0365   0.0886   0.0796  -0.0454
 9 A    0.066   -0.034  -0.0281  -0.0037  -0.0602   0.0002   0.0068  -0.0212    0.028   0.1727   0.1769   -0.088   0.0484  -0.0831  -0.0157  -0.0314  -0.0256  -0.0433  -0.0506   0.2466
