#Seq2Logo.py -Z on -y 0.25:2.0 -H ends -f 38081.peps -o CNFHQGGGARVAHIMYFGLTHYDVRTETVHVGGI_el -I 2 --format PNG -b 50 -C 0 -l 1
Last position-specific scoring matrix computed, values are in halfbits
A R N D C Q E G H I L K M F P S T W Y V
1 I -1.232 -8.618 1.155 -4.297 -7.42 -0.537 -3.114 -6.676 2.446 3.706 0.761 -8.505 1.741 2.641 -9.931 -2.78 -1.578 -2.87 2.623 1.991
2 A 1.566 1.997 0.861 -2.759 -7.53 1.337 -0.632 -2.145 2.238 0.323 -1.44 0.472 -0.428 -4.054 -9.186 -0.343 1.388 -8.937 -1.544 0.887
3 A 3.039 -3.34 -1.62 -1.491 -7.224 -0.194 -2.538 2.533 -0.02 -3.263 -3.002 -5.213 -3.46 -1.018 -3.33 2.502 2.107 -1.981 -0.584 -3.22
4 V 3.292 -8.868 -8.797 -7.351 -6.683 -6.868 -6.576 -6.338 -4.422 3.539 -1.756 -8.517 -0.611 -1.566 -9.371 0.027 0.615 -9.046 -6.152 4.286
5 A 0.873 -0.661 -0.184 1.216 -7.532 -0.307 1.301 -2.512 -0.272 1.124 -1.537 0.374 -4.167 -2.446 -2.72 0.571 1.447 -9.069 -2.209 1.232
6 D -3.742 -8.498 -3.942 8.059 -8.949 -7.83 -5.398 -8.042 -7.51 -5.038 -8.485 -7.772 -9.209 -9.585 -9.195 -6.889 -3.636 -10.312 -9.779 -2.031
7 A 1.873 -1.101 1.556 -0.715 -7.632 1.723 1.794 -3.4 1.622 -1.17 0.485 -3.842 -2.682 -1.85 0.524 -1.714 -1.257 -1.217 -0.184 0.558
8 A 1.167 0.333 -0.926 -1.316 -7.666 1.574 1.298 -1.169 0.224 -0.549 -0.05 -0.136 -2.696 -2.749 1.599 -0.534 -1.255 -3.029 -0.197 0.752
9 A 3.694 -6.739 -1.856 1.645 -4.729 1.562 0.031 0.978 -2.07 0.132 -2.104 -7.611 -0.45 -5.535 -4.661 1.183 -1.37 -9.238 -4.29 -0.025