#Seq2Logo.py -Z on -y 0.25:2.0 -H ends -f 38081.peps -o CNFHQGGGARVAHIMYFAYTYYAVRTETVHLETT_el -I 2 --format PNG -b 50 -C 0 -l 1
Last position-specific scoring matrix computed, values are in halfbits
A R N D C Q E G H I L K M F P S T W Y V
1 I -1.112 -6.09 -0.833 -1.08 -7.336 -0.697 -0.302 -7.697 -1.633 4.667 -1.172 -7.103 -0.099 0.046 -1.802 -3.681 -1.732 -1.173 2.389 3.001
2 A 2.766 2.053 0.283 -3.018 -7.48 0.589 0.034 -3.097 2.841 -0.82 -4.626 1.096 -0.732 -5.501 -9.015 0.06 1.333 -4.691 -1.544 0.195
3 A 3.578 -1.123 -2.927 -2.072 -7.22 -0.491 -4.136 2.328 0.82 -3.619 -6.319 -4.252 -2.28 -1.432 0.245 2.106 1.773 -8.868 -0.026 -5.366
4 A 5.225 -8.405 -3.741 -0.507 -6.735 -8.231 -4.559 1.377 -5.566 -1.507 -5.299 -7.863 -7.7 -2.835 -8.753 2.184 -0.563 -3.073 -8.556 0.142
5 A 1.528 -0.144 -0.886 1.014 -7.663 0.995 1.571 -1.531 0.441 -0.465 -5.296 2.074 -2.768 -4.797 -1.957 -0.175 1.021 -9.226 -3.599 1.044
6 A 4.183 -8.505 -3.35 2.347 -6.918 -8.313 -3.797 -6.003 -8.222 -0.841 -4.262 -6.819 -5.399 -8.411 1.731 0.069 1.342 -9.521 -6.447 2.866
7 A 3.049 -0.4 2.244 0.296 -7.657 2.762 1.764 -2.637 2.135 -2.297 -3.355 -3.744 -3.458 -4.158 -0.452 -0.166 -2.944 -3.055 -1.86 -1.183
8 P 1.562 2.342 -1.896 -3.034 -7.891 0.238 0.954 -1.548 -2.042 -0.869 -2.157 1.333 -4.331 -2.511 4.28 -2.306 -1.573 -9.306 -1.889 -2.794
9 A 4.132 -5.215 -1.881 2.309 -4.658 -1.884 -0.155 -0.994 -5.51 1.198 -3.568 -6.716 -1.743 -4.693 -7.2 0.702 -3.468 -9.236 -3.086 2.032