#Seq2Logo.py -Z on -y 0.25:2.0 -H ends -f 38081.peps -o CNFHQGGGARVAHIMFFGGTYYDVGTETVHVAGI_el -I 2 --format PNG -b 50 -C 0 -l 1
Last position-specific scoring matrix computed, values are in halfbits
A R N D C Q E G H I L K M F P S T W Y V
1 I 0.005 -8.343 2.985 -2.81 -7.254 1.217 -1.561 -8.72 -1.633 3.862 0.524 -6.063 1.612 -6.018 -6.31 -3.607 -1.104 -8.974 -1.858 3.105
2 A 2.449 2.438 -0.593 -3.669 -7.557 0.367 0.704 -1.81 2.93 -1.679 -3.286 1.037 -1.037 -4.096 -9.051 -0.59 1.555 -8.9 -1.016 0.189
3 A 4.032 -1.639 -2.651 -4.153 -7.24 0.198 -3.831 3.344 0.214 -3.964 -5.08 -4.707 -1.08 -1.899 -0.083 1.09 -0.716 -8.814 0.439 -4.122
4 A 5.118 -8.508 -6.684 -8.587 -4.44 -8.435 -8.501 -3.763 -5.643 0.026 -2.982 -8.053 -4.111 0.332 -8.867 2.107 0.051 -8.979 -4.972 2.421
5 K 1.648 0.179 -1.087 -1.675 -7.524 1.257 -0.323 -3.157 1.471 0.089 -2.305 2.937 -0.699 -4.076 -4.692 -1.843 0.52 -9.034 -2.195 2.29
6 V 3.173 -9.009 -7.117 -2.952 -6.724 -8.996 -9.132 -7.286 -8.924 3.83 -0.691 -8.638 -0.334 -7.479 -0.749 -2.895 -0.371 -9.238 -8.366 4.415
7 A 3.02 2.968 1.562 -4.069 -7.661 2.762 -0.614 -3.618 3.766 -2.047 -1.784 -1.359 -1.37 -4.075 -5.335 -2.444 -2.975 -1.981 -0.77 -0.231
8 A 2.259 1.779 -1.464 -2.512 -7.645 1.075 0.269 -0.609 -0.548 -0.706 -0.724 1.211 -3.388 -4.133 2.333 -1.448 -0.615 -4.739 -2.615 -1.032
9 A 5.109 -8.196 -1.859 -3.365 -6.845 -0.496 -3.804 2.864 -5.474 -5.339 -6.941 -7.656 -3.508 -8.865 -7.025 2.692 -1.997 -9.352 -8.838 -2.964