#Seq2Logo.py -Z on -y 0.25:2.0 -H ends -f 38081.peps -o CNFHQGGGARVAHIMYFGLTHYVVRTETVHVAGI_el -I 2 --format PNG -b 50 -C 0 -l 1
Last position-specific scoring matrix computed, values are in halfbits
A R N D C Q E G H I L K M F P S T W Y V
1 I 0.079 -8.543 1.459 -2.59 -7.151 0.176 -1.299 -7.505 -0.912 4.123 1.1 -8.294 1.868 -3.839 -6.317 -1.92 -0.843 -8.996 -4.179 3.056
2 A 1.12 2.052 1.35 -2.032 -7.622 1.258 0.35 -2.705 2.009 0.402 -2.205 0.836 -1.014 -5.436 -9.185 -0.108 0.747 -8.971 -1.276 1.223
3 S 2.402 -2.725 0.071 -0.359 -7.343 0.557 -1.962 1.683 -0.538 -2.727 -3.342 -4.677 -2.794 -1.203 -1.025 2.62 1.673 -4.644 0.587 -2.02
4 V 2.202 -8.971 -8.91 -9.233 -3.276 -6.941 -7.662 -6.498 -5.895 3.858 -0.99 -8.667 -1.204 -0.937 -9.53 -0.217 1.096 -9.018 -8.037 4.588
5 V 0.713 0.249 -0.446 0.784 -7.6 0.472 1.359 -2.92 -1.194 -0.231 -2.346 1.02 -3.375 -1.213 -1.555 0.749 1.448 -9.013 -1.86 1.272
6 D -8.648 -8.473 -3.876 8.253 -9.228 -7.764 -4.804 -8.025 -7.43 -7.709 -10.305 -7.723 -9.534 -9.781 -9.19 -6.901 -6.987 -10.406 -9.909 -6.895
7 E 1.433 -0.415 1.028 -0.455 -7.764 1.87 2.411 -1.994 1.627 -0.453 -0.565 -3.203 -3.356 -0.472 -0.095 -1.587 -1.565 -4.621 0.602 0.269
8 L 0.22 0.135 -0.771 -1.162 -7.711 0.88 1.4 -1.18 -0.013 -0.427 0.34 -0.144 -1.336 -1.611 1.958 -0.726 -0.986 -1.983 -0.192 0.878
9 I 1.111 -8.684 -4.365 1.901 -7.268 -1.24 0.386 -2.047 -2.692 3.63 1.083 -8.315 0.332 -0.585 -9.637 -2.748 -4.283 -8.828 -1.536 2.745