#Seq2Logo.py -Z on -y 0.25:2.0 -H ends -f 38081.peps -o CNFHQGGGARVAHIMFFGLTYYAVGTETVHVAGI_el -I 2 --format PNG -b 50 -C 0 -l 1
Last position-specific scoring matrix computed, values are in halfbits
A R N D C Q E G H I L K M F P S T W Y V
1 N 0.403 -8.171 4.399 -2.026 -7.356 1.137 -1.397 -7.165 -3.26 3.538 -0.093 -7.912 0.688 -7.704 -9.536 -1.601 -0.711 -9.205 -5.09 2.329
2 A 2.683 1.612 0.592 -2.698 -7.539 0.804 1.565 -2.286 1.887 -1.535 -4.14 1.098 -1.78 -5.559 -8.969 -1.066 2.099 -9.049 -2.206 -0.405
3 A 3.739 -3.378 -2.64 -4.146 -7.225 -1.428 -3.86 3.72 -0.561 -3.965 -6.338 -5.89 -1.436 -1.903 -0.083 1.557 0.604 -4.66 0.287 -3.515
4 A 4.747 -8.488 -8.173 -8.559 -6.522 -8.408 -8.496 -7.52 -8.379 0.709 -4.379 -8.038 -7.059 -4.663 -8.851 2.246 1.839 -9.248 -8.428 3.355
5 V 0.975 -0.37 -2.969 -0.489 -7.507 1.502 0.427 -4.347 0.429 0.881 -2.421 2.553 -1.332 -3.572 -4.693 -1.003 1.388 -9.058 -2.587 2.368
6 V 2.355 -9.136 -7.23 -2.451 -6.764 -5.806 -7.715 -7.522 -9.074 4.438 0.264 -8.822 -0.565 -7.263 -3.08 -6.518 -1.238 -9.172 -8.299 4.627
7 A 3.095 1.721 0.856 -4.037 -7.608 3.143 1.255 -4.628 3.187 -1.212 -1.373 -2.417 -1.358 -2.755 -4.697 -2.28 -3.548 -3.007 -0.002 -0.047
8 A 2.323 1.661 -1.886 -1.158 -7.639 1.339 1.191 -0.71 -3.245 -0.948 -0.875 0.549 -3.391 -4.753 2.073 -1.57 -0.732 -4.739 -2.236 -0.404
9 A 4.234 -8.192 -3.282 2.076 -7.148 0.21 0.565 1.6 -5.456 -0.474 -4.393 -7.642 -2.247 -6.751 -5.26 1.141 -2.232 -9.362 -6.471 0.126