#Seq2Logo.py -Z on -y 0.25:2.0 -H ends -f 38081.peps -o CNFHQGGGARVAHIMYFGLTYYVVGTETVHVGGI_el -I 2 --format PNG -b 50 -C 0 -l 1
Last position-specific scoring matrix computed, values are in halfbits
A R N D C Q E G H I L K M F P S T W Y V
1 I -2.779 -8.567 2.67 -4.722 -7.412 -0.091 -2.868 -9.059 1.872 4.394 0.341 -8.428 1.742 1.126 -9.937 -3.954 -1.908 -4.506 1.741 2.385
2 A 1.988 2.15 0.169 -2.495 -7.521 1.257 0.272 -3.656 2.454 0.144 -3.615 0.321 -1.361 -3.567 -9.12 -0.88 1.96 -8.88 -0.786 1.002
3 A 3.64 -5.894 -1.859 -4.138 -7.147 -1.215 -4.187 2.82 0.818 -2.505 -3.737 -7.798 -3.47 -1.88 -0.581 2.14 1.51 -8.762 0.719 -2.966
4 V 3.429 -8.762 -8.565 -8.93 -6.638 -6.812 -8.902 -5.62 -8.684 3.027 -2.805 -8.388 -1.623 -2.698 -9.232 1.12 1.519 -9.142 -8.247 4.263
5 V 0.929 -0.917 -0.445 0.859 -7.485 0.686 0.901 -3.967 -0.859 0.415 -4.286 1.316 -2.724 -4.727 -1.961 0.455 2.234 -9.171 -2.613 1.977
6 D 0.955 -8.623 -2.747 6.54 -7.819 -8.178 -5.46 -8.142 -7.941 0.788 -6.638 -8.019 -3.481 -8.687 -2.456 -2.845 -0.617 -9.86 -9.143 2.424
7 A 2.442 0.139 2.009 -0.58 -7.688 2.319 1.613 -3.643 2.846 -2.203 -0.644 -3.469 -1.748 -2.419 -0.883 -2.824 -2.285 -3.011 0.313 0.407
8 A 1.804 0.595 -1.892 -1.323 -7.609 1.413 0.89 -1.16 -0.547 -0.803 -0.5 -0.767 -2.194 -2.776 2.615 -0.272 -0.851 -3.045 -0.803 0.116
9 A 3.378 -8.525 -3.818 1.385 -4.663 -1.228 -0.563 -0.705 -3.361 2.452 -1.454 -8.083 0.845 -1.839 -7.325 -0.116 -3.498 -9.006 -2.205 2.599