#Seq2Logo.py -Z on -y 0.25:2.0 -H ends -f 38081.peps -o CNFHQGGGARVAHIMYFGLTHYVVGTETVHVGGI_el -I 2 --format PNG -b 50 -C 0 -l 1
Last position-specific scoring matrix computed, values are in halfbits
A R N D C Q E G H I L K M F P S T W Y V
1 I -0.816 -8.502 1.16 -2.859 -7.375 0.177 -1.433 -7.561 2.338 3.783 0.0 -8.321 1.477 1.297 -7.582 -2.398 -0.987 -4.489 2.008 2.583
2 A 1.393 2.39 1.115 -2.045 -7.632 1.08 -0.055 -2.708 2.35 0.403 -3.056 0.904 -0.713 -3.135 -9.21 -0.998 0.744 -8.882 -0.785 1.328
3 A 2.668 -3.684 -1.417 -1.017 -7.231 0.079 -2.739 1.352 0.435 -1.714 -3.144 -5.206 -2.777 -1.001 -1.359 2.71 2.447 -4.633 0.591 -2.733
4 V 2.236 -8.963 -8.904 -9.236 -4.499 -6.936 -9.211 -7.372 -5.907 3.761 -1.072 -8.656 -1.568 -2.648 -9.51 0.013 0.969 -9.101 -8.164 4.812
5 T 0.979 -0.057 -0.444 1.008 -7.543 0.111 1.138 -2.503 -1.591 0.147 -1.983 1.017 -5.388 -4.094 -1.75 0.695 1.916 -9.093 -1.575 1.113
6 D -4.661 -8.472 -3.114 8.127 -9.07 -7.783 -4.432 -8.022 -7.456 -5.721 -10.046 -7.737 -6.188 -9.673 -9.189 -6.181 -5.394 -10.346 -9.829 -3.831
7 A 1.641 -0.413 1.111 -0.342 -7.738 1.869 2.059 -1.834 2.012 -1.484 -0.499 -2.484 -2.715 -1.181 0.018 -1.853 -1.904 -1.97 0.461 0.744
8 A 1.021 -0.074 -1.098 -0.877 -7.673 1.243 0.76 -0.339 -0.268 -0.552 0.008 -0.242 -2.176 -1.394 2.07 -0.365 -1.561 -1.221 -0.192 0.487
9 I 2.191 -8.591 -4.35 1.38 -7.182 -0.519 -0.185 -1.183 -2.679 3.103 0.6 -8.213 0.868 -1.131 -9.496 -1.624 -3.238 -8.822 -1.018 2.609