#Seq2Logo.py -Z on -y 0.25:2.0 -H ends -f 38081.peps -o CNFHQGGGARVAHIMFFGLTYYDVGAETVHVAGI_el -I 2 --format PNG -b 50 -C 0 -l 1
Last position-specific scoring matrix computed, values are in halfbits
A R N D C Q E G H I L K M F P S T W Y V
1 N 1.35 -8.07 4.296 -2.721 -7.266 1.227 -2.558 -7.006 -2.587 2.068 0.527 -7.819 1.017 -7.814 -9.387 0.248 -0.063 -9.213 -6.295 2.201
2 A 2.54 2.1 -0.452 -2.747 -7.449 0.116 0.42 -1.66 2.235 -1.2 -2.228 0.625 -1.026 -3.61 -9.042 -0.326 2.054 -9.044 -3.548 0.275
3 A 3.699 -2.759 -2.648 -5.861 -7.284 0.316 -3.845 3.807 -1.61 -3.983 -4.501 -4.728 -1.435 -2.482 0.882 1.331 -0.6 -8.931 -0.041 -4.513
4 A 5.226 -8.409 -8.083 -8.454 -4.403 -8.306 -8.372 -5.227 -8.25 -0.173 -4.207 -7.926 -4.144 -5.481 -8.735 2.571 1.118 -9.271 -8.493 2.421
5 K 1.917 -0.03 -1.457 -1.334 -7.466 1.167 -0.624 -3.972 1.319 0.732 -1.619 2.802 -0.995 -4.079 -4.688 -0.897 0.444 -9.096 -3.555 1.899
6 V 2.021 -9.183 -9.503 -7.649 -6.76 -9.254 -9.564 -9.043 -9.159 4.359 1.627 -8.923 0.383 -7.105 -2.015 -5.953 -1.708 -9.105 -8.245 4.459
7 A 3.021 3.078 0.375 -7.976 -7.601 3.141 -0.836 -3.119 3.264 -1.352 -1.101 -1.358 -0.433 -2.44 -6.155 -2.287 -3.552 -4.651 -0.998 -0.046
8 A 2.059 1.541 -1.889 -3.04 -7.636 0.685 0.89 -0.239 -0.547 -1.678 -0.309 0.829 -1.368 -3.602 2.179 -0.522 -1.115 -4.721 -1.878 -0.706
9 A 4.986 -8.216 -2.942 -4.123 -6.884 0.07 -5.489 3.404 -7.861 -5.386 -6.41 -7.672 -5.691 -8.914 -5.981 2.748 -2.401 -9.354 -8.895 -3.77