#Seq2Logo.py -Z on -y 0.25:2.0 -H ends -f 38081.peps -o CNFHQGGGARVAHIMFFGLTYYDVGTETVHVAGI_el -I 2 --format PNG -b 50 -C 0 -l 1
Last position-specific scoring matrix computed, values are in halfbits
A R N D C Q E G H I L K M F P S T W Y V
1 N 1.48 -8.029 4.478 -2.704 -7.292 1.229 -2.166 -6.963 -2.575 1.969 0.322 -7.771 0.849 -7.877 -9.357 0.252 0.031 -9.23 -6.305 1.959
2 A 2.628 1.996 -0.454 -2.749 -7.428 0.114 0.419 -1.52 2.234 -1.34 -1.987 0.475 -1.024 -3.611 -9.045 -0.327 1.961 -9.064 -4.192 0.421
3 A 3.66 -3.048 -2.646 -5.85 -7.287 0.195 -3.265 3.828 -1.218 -3.984 -4.503 -5.238 -1.436 -2.489 0.963 1.331 -0.379 -8.973 -0.406 -4.515
4 A 5.272 -8.407 -8.092 -8.457 -4.398 -8.301 -8.368 -5.759 -8.258 -0.172 -4.466 -7.921 -4.146 -8.256 -8.725 2.48 1.242 -9.295 -8.536 2.457
5 K 1.917 -0.028 -1.454 -1.176 -7.465 1.254 -0.841 -3.667 1.318 0.583 -1.621 2.836 -0.694 -4.093 -4.686 -0.702 0.364 -9.142 -5.036 1.898
6 V 1.986 -9.184 -9.492 -6.474 -6.764 -9.253 -9.554 -9.052 -9.16 4.339 1.627 -8.924 0.383 -7.106 -2.015 -6.601 -1.545 -9.107 -8.246 4.476
7 A 3.07 3.114 0.043 -7.974 -7.587 3.142 -0.414 -3.935 3.104 -1.5 -0.935 -1.504 -0.43 -2.435 -7.291 -2.13 -3.888 -4.645 -0.77 0.037
8 A 2.325 1.54 -2.387 -3.039 -7.599 0.579 0.952 -0.325 -0.548 -2.037 -0.442 0.691 -1.371 -3.611 2.18 -0.518 -0.729 -4.726 -2.221 -0.813
9 A 4.909 -8.208 -3.289 -4.585 -4.591 0.197 -5.49 3.452 -7.859 -5.393 -6.409 -7.668 -4.405 -8.913 -5.983 2.832 -2.194 -9.35 -8.896 -4.093