#Seq2Logo.py -Z on -y 0.25:2.0 -H ends -f 38081.peps -o CNFHQGGGARVAHIMYFGLSSFAIRKARVHLETT_el -I 2 --format PNG -b 50 -C 0 -l 1
Last position-specific scoring matrix computed, values are in halfbits
A R N D C Q E G H I L K M F P S T W Y V
1 I -3.896 -6.188 -4.036 -5.541 -7.318 -0.398 -1.623 -9.662 -0.89 5.374 -2.118 -7.311 -0.578 1.718 -4.326 -6.162 -3.932 -0.548 3.334 3.317
2 R 1.212 3.038 0.048 -1.662 -7.615 -0.15 0.952 -3.699 1.621 -0.112 -2.732 -0.016 -1.352 -3.532 -9.248 -1.335 1.017 -3.015 -0.015 2.055
3 T 2.18 -1.626 -2.069 -2.776 -7.095 -2.432 -3.819 -0.214 -1.211 -0.822 -4.615 -4.271 -0.733 -1.396 -1.538 2.687 4.255 -4.629 0.589 -2.286
4 D 1.981 -8.757 -4.233 3.808 -7.313 -4.8 -2.539 -5.196 -4.26 2.756 -0.772 -8.348 -1.294 1.588 -9.49 -0.932 -1.555 -0.608 -0.759 2.497
5 E -0.278 -1.038 0.303 2.096 -7.894 -1.109 2.701 -2.71 0.834 -0.071 -4.412 2.202 -5.543 -4.169 -1.747 -0.342 1.386 -9.236 -3.065 0.472
6 D 2.705 -5.844 -1.552 5.304 -7.713 -3.457 2.042 -5.498 -7.62 -1.538 -4.765 -4.673 -5.684 -6.884 -0.87 -0.976 -0.724 -9.686 -8.995 0.667
7 E 1.202 -1.588 1.77 2.196 -8.012 1.808 3.162 -4.317 2.135 -1.696 -1.805 -4.549 -4.296 -2.454 0.957 -4.721 -2.999 -1.991 -0.018 0.318
8 P 0.523 2.049 -1.093 -1.007 -7.956 0.691 1.356 -3.439 1.172 -0.832 -0.189 1.214 -5.424 -2.793 3.398 -2.17 -2.75 -3.054 -1.031 -1.052
9 A 2.255 0.496 -4.761 2.312 -7.557 0.779 1.56 -1.689 -2.577 0.999 -0.75 -2.506 0.469 -0.792 -9.282 -1.017 -4.273 -4.623 0.592 1.013