#Seq2Logo.py -Z on -y 0.25:2.0 -H ends -f 38081.peps -o CNFHQGGGARVAHIMYFALTYYDVRTETVHLETT_el -I 2 --format PNG -b 50 -C 0 -l 1
Last position-specific scoring matrix computed, values are in halfbits
A R N D C Q E G H I L K M F P S T W Y V
1 I -0.294 -1.471 1.323 -0.502 -7.424 0.857 0.673 -5.314 -1.621 4.197 -1.136 -4.791 -0.93 -1.789 -4.788 -2.375 -1.4 -3.013 -0.187 2.515
2 A 2.768 2.438 -0.311 -4.539 -7.443 -0.29 -0.735 -3.093 3.181 -1.519 -4.64 1.218 -1.04 -6.54 -8.992 0.588 1.718 -8.918 -0.787 0.192
3 A 3.364 0.215 -1.853 -2.779 -7.351 -0.052 -3.23 2.848 0.431 -3.322 -6.349 -3.242 -3.51 -0.853 0.625 1.761 0.369 -4.686 -1.034 -3.822
4 A 5.47 -8.398 -5.576 -3.8 -4.451 -5.498 -6.232 -0.164 -5.594 -0.78 -3.621 -7.882 -4.22 -3.184 -8.726 2.15 -0.237 -4.742 -6.333 0.66
5 A 1.882 -0.033 -1.064 0.855 -7.549 0.242 0.434 -3.126 0.22 -0.783 -2.626 2.555 -2.204 -6.604 -1.958 0.256 0.198 -9.17 -2.224 1.616
6 A 3.634 -8.62 -2.415 1.849 -6.906 -8.485 -7.034 -6.886 -8.383 0.479 -4.168 -8.126 -4.145 -8.258 1.963 -0.498 1.824 -9.524 -8.67 3.569
7 A 3.69 0.336 2.129 -0.978 -7.457 2.492 0.646 -2.821 1.89 -2.968 -2.545 -3.155 -3.437 -6.683 -0.449 0.137 -2.929 -4.732 -2.21 -0.934
8 P 2.322 2.342 -1.099 -3.699 -7.715 0.236 0.419 -1.273 -1.599 -2.075 -1.407 1.332 -4.297 -4.838 3.662 -2.287 -0.858 -4.787 -5.151 -1.177
9 A 4.92 -5.817 -0.892 0.355 -4.604 -0.049 -1.787 1.524 -5.422 -3.279 -5.853 -6.525 -4.368 -8.825 -8.712 2.776 -3.113 -9.394 -8.797 -2.163