#Seq2Logo.py -Z on -y 0.25:2.0 -H ends -f 38081.peps -o CNFHQGGGARVAHIMYFAYTYYDDRTETVHLETT_el -I 2 --format PNG -b 50 -C 0 -l 1
Last position-specific scoring matrix computed, values are in halfbits
A R N D C Q E G H I L K M F P S T W Y V
1 I 0.075 -2.264 -0.235 -0.505 -7.478 1.228 1.225 -4.452 -1.214 3.538 -1.071 -4.348 -1.272 -0.273 -1.587 -2.931 -2.089 -2.978 1.218 2.638
2 A 3.052 2.527 -0.588 -3.699 -7.444 0.119 -1.339 -1.941 3.1 -2.058 -4.668 1.336 -1.046 -8.297 -8.969 0.206 1.717 -8.932 -0.791 -0.502
3 A 3.814 -0.833 -2.634 -3.065 -7.29 -1.007 -2.763 3.162 0.817 -4.859 -6.396 -3.267 -4.416 -1.449 0.884 1.513 -0.171 -8.984 -0.808 -4.159
4 A 5.586 -8.389 -3.755 -3.098 -6.674 -5.484 -6.206 2.311 -8.03 -4.221 -6.795 -7.823 -7.87 -5.649 -7.013 2.047 -1.65 -9.311 -6.462 -0.575
5 A 2.231 0.064 -0.903 0.266 -7.536 0.892 0.643 -1.525 -0.542 -0.239 -3.095 2.114 -2.74 -4.731 -1.959 0.189 -0.274 -9.1 -1.573 1.217
6 A 4.393 -8.619 -3.441 -0.658 -6.768 -8.514 -7.169 -6.76 -8.43 -0.043 -4.434 -8.105 -5.303 -8.295 2.619 -0.239 1.036 -9.52 -8.637 3.497
7 A 3.71 -0.172 1.831 -0.972 -7.463 2.437 1.257 -2.82 2.013 -2.506 -3.742 -3.439 -3.455 -4.799 -0.198 0.276 -2.245 -4.734 -2.593 -1.296
8 P 2.355 2.148 -1.094 -3.034 -7.705 0.109 0.419 -1.03 -1.596 -2.509 -2.164 0.968 -4.334 -4.849 3.874 -1.691 -0.09 -9.423 -3.633 -1.725
9 A 4.933 -5.152 -0.746 -0.61 -4.57 -1.876 -2.33 1.116 -3.3 -2.256 -5.018 -6.589 -3.459 -8.621 -8.736 2.747 -1.809 -9.317 -5.186 -0.682