#Seq2Logo.py -Z on -y 0.25:2.0 -H ends -f 38081.peps -o CNFHQGGGARVAHIMYFGLTYYAVGTETVHLETT_el -I 2 --format PNG -b 50 -C 0 -l 1
Last position-specific scoring matrix computed, values are in halfbits
A R N D C Q E G H I L K M F P S T W Y V
1 I -2.104 -5.362 1.851 -3.499 -7.231 -1.07 -1.922 -9.239 -2.695 5.417 -0.882 -6.263 0.148 -1.286 -3.452 -5.487 -3.245 -4.64 -0.365 3.293
2 A 2.356 2.105 0.055 -3.674 -7.519 0.48 0.497 -4.649 3.016 -1.05 -4.33 1.332 -2.206 -4.682 -9.065 -0.978 1.662 -8.884 -0.571 1.322
3 A 3.362 -1.831 -1.08 -2.798 -7.207 -0.834 -5.006 1.684 0.214 -0.969 -5.298 -5.234 -0.748 -0.484 0.625 1.597 1.87 -4.628 0.727 -2.145
4 A 4.202 -8.6 -3.853 -1.561 -4.501 -5.596 -7.243 -6.054 -8.354 2.211 -1.548 -8.184 -3.224 -1.38 -9.071 1.505 0.975 -3.049 -5.025 2.891
5 K 0.975 -0.61 -0.439 1.082 -7.69 0.995 1.205 -3.392 1.006 -0.341 -4.335 2.63 -1.377 -3.625 -3.01 -0.261 0.887 -9.135 -2.597 1.47
6 A 3.423 -8.542 -0.918 2.886 -7.003 -8.348 -3.794 -6.877 -8.225 1.283 -3.735 -8.053 -5.313 -8.264 0.239 -0.674 2.321 -9.49 -8.7 2.905
7 A 2.867 0.608 2.832 -0.827 -7.704 2.957 1.147 -3.596 2.248 -1.396 -1.804 -2.651 -4.27 -3.628 0.024 -1.957 -3.234 -3.054 -2.193 -1.051
8 P 2.158 1.992 -1.104 -3.048 -7.698 0.35 0.558 -1.541 -0.55 -1.091 -1.043 0.621 -4.264 -6.652 3.63 -2.466 -0.987 -3.075 -1.89 -0.607
9 A 3.94 -6.689 -2.303 3.05 -7.361 0.682 2.069 0.684 -4.103 -1.405 -5.826 -7.439 -4.369 -6.785 -8.879 1.189 -4.183 -9.317 -3.114 -0.509