#Seq2Logo.py -Z on -y 0.25:2.0 -H ends -f 38081.peps -o CNFHQGGGARVAHIMYFGLTYYDVRTETVHLETT_el -I 2 --format PNG -b 50 -C 0 -l 1
Last position-specific scoring matrix computed, values are in halfbits
A R N D C Q E G H I L K M F P S T W Y V
1 I -0.378 -3.064 1.605 -0.9 -7.418 0.949 0.234 -7.502 -1.617 4.428 -1.203 -4.391 0.698 -0.92 -4.265 -2.943 -2.493 -2.992 0.602 2.381
2 A 2.509 2.854 -0.187 -4.553 -7.495 -0.147 -0.527 -3.631 3.181 -0.933 -4.084 0.909 -0.726 -5.445 -9.069 -0.171 1.557 -8.874 -0.571 0.688
3 A 3.472 -0.977 -1.862 -3.07 -7.265 -0.058 -3.245 2.818 -0.864 -2.518 -5.397 -4.264 -1.814 -0.839 0.029 1.555 1.154 -4.662 -0.202 -2.984
4 A 5.032 -8.499 -6.654 -3.151 -4.47 -4.759 -6.298 -2.211 -5.634 1.211 -2.532 -8.029 -2.666 -1.627 -8.891 1.806 -0.143 -3.049 -4.211 1.84
5 V 1.443 -0.043 -0.314 0.698 -7.54 -0.154 0.428 -3.14 1.165 -0.421 -2.751 2.154 -1.362 -4.724 -2.193 0.043 0.677 -9.169 -3.047 2.053
6 A 3.15 -8.593 -1.652 3.369 -7.052 -8.411 -6.844 -7.971 -8.271 1.036 -4.198 -8.093 -5.335 -8.303 1.116 -0.589 2.105 -9.554 -8.737 3.16
7 A 3.353 0.335 2.4 -0.112 -7.567 2.547 0.78 -2.63 1.628 -2.97 -2.693 -3.44 -4.31 -4.794 0.624 -0.584 -3.213 -3.066 -2.598 -0.62
8 P 2.193 1.941 -1.471 -3.347 -7.683 0.468 0.764 -1.276 -1.209 -1.381 -1.306 0.966 -4.276 -4.823 3.599 -1.574 -1.117 -9.424 -5.148 -0.511
9 A 4.932 -5.776 -1.235 0.449 -4.624 0.969 -0.623 1.276 -4.139 -3.602 -7.636 -6.461 -4.377 -8.882 -8.703 2.571 -3.729 -9.391 -8.773 -2.35