#Seq2Logo.py -Z on -y 0.25:2.0 -H ends -f 38081.peps -o CNFHQGGGARVAHIMLFAYTYYDIRTETVHVAGI_el -I 2 --format PNG -b 50 -C 0 -l 1
Last position-specific scoring matrix computed, values are in halfbits
A R N D C Q E G H I L K M F P S T W Y V
1 V 1.212 -8.438 1.668 -3.45 -7.094 0.419 -1.292 -6.492 -1.661 3.557 0.802 -6.096 2.089 -6.054 -7.487 -1.9 -0.965 -9.066 -5.037 3.347
2 A 2.954 1.602 0.06 -4.056 -7.393 0.238 0.191 -0.687 2.838 -2.036 -3.482 0.062 -1.041 -6.605 -8.986 0.341 1.916 -9.028 -2.196 0.035
3 A 4.318 -2.264 -3.715 -3.388 -7.194 -0.347 -2.774 3.788 -1.619 -4.873 -5.916 -5.22 -2.303 -2.512 0.14 1.193 -1.699 -9.082 -1.593 -5.424
4 A 5.718 -8.227 -6.367 -8.125 -6.503 -8.08 -8.102 -0.593 -7.968 -3.847 -7.439 -7.679 -7.771 -8.684 -8.511 3.567 -0.212 -9.348 -8.684 -1.491
5 A 2.48 0.062 -1.659 -0.88 -7.411 1.499 -0.14 -2.691 0.998 -0.106 -1.954 1.979 -1.343 -5.448 -5.309 -0.99 0.6 -9.04 -1.865 1.937
6 V 3.22 -8.946 -5.961 -4.39 -4.514 -6.916 -9.104 -8.465 -8.868 3.541 -0.228 -8.579 -0.094 -7.506 -0.102 -2.507 0.289 -9.236 -8.372 4.211
7 A 3.587 1.835 0.947 -3.659 -7.487 2.604 0.432 -3.074 2.934 -2.685 -1.683 -1.38 -1.76 -3.161 -4.674 -0.873 -2.265 -4.671 -1.01 -0.706
8 A 2.845 1.886 -0.926 -2.768 -7.552 0.785 0.107 -0.229 -1.592 -1.23 -1.038 0.693 -2.216 -4.747 1.963 -1.204 -0.729 -4.73 -1.887 -1.153
9 A 5.084 -6.804 -1.646 -2.772 -6.815 -1.204 -2.98 2.16 -4.196 -3.551 -5.82 -7.66 -4.354 -8.764 -5.973 2.832 -2.386 -9.357 -8.771 -1.265