#Seq2Logo.py -Z on -y 0.25:2.0 -H ends -f 38081.peps -o CNFHQGGGARVAHIMYFGLTHYVVRTETVHVGGI_el -I 2 --format PNG -b 50 -C 0 -l 1
Last position-specific scoring matrix computed, values are in halfbits
A R N D C Q E G H I L K M F P S T W Y V
1 I -1.123 -8.632 0.725 -3.508 -7.403 -0.536 -2.074 -9.079 1.873 3.576 0.931 -8.497 1.048 2.693 -7.639 -2.779 -1.273 -1.878 2.554 2.226
2 R 1.261 2.653 1.349 -2.735 -7.644 1.426 0.196 -2.704 1.624 0.228 -2.212 0.634 -1.017 -5.438 -9.187 -0.184 0.747 -4.683 -1.027 0.879
3 A 2.491 -4.555 0.067 -0.139 -7.364 -0.336 -1.808 1.77 0.441 -2.281 -2.831 -3.916 -2.251 -0.644 -0.725 2.434 1.22 -4.622 0.977 -2.366
4 V 2.396 -8.927 -8.83 -9.174 -6.678 -6.915 -9.154 -8.576 -8.899 3.657 -2.067 -8.606 -1.581 -2.344 -9.453 0.092 1.514 -9.105 -8.167 4.827
5 E 0.656 0.145 -0.45 0.623 -7.6 0.11 1.561 -2.154 -1.196 0.482 -1.358 0.609 -3.355 -1.64 -1.372 0.802 1.087 -8.999 -1.559 0.883
6 D -8.676 -8.481 -4.357 8.3 -9.269 -7.77 -5.854 -8.018 -7.428 -9.624 -10.389 -7.726 -9.595 -9.816 -9.19 -7.848 -8.307 -10.428 -9.938 -9.762
7 E 1.601 -1.419 1.107 -1.13 -7.728 1.868 2.372 -1.992 1.019 -0.797 -0.361 -2.958 -3.348 -0.161 0.017 -1.586 -1.409 -4.58 1.532 0.194
8 L 0.759 0.029 -1.279 -0.612 -7.658 0.973 1.067 -0.835 -0.269 0.243 0.291 -0.447 -1.715 -1.381 1.466 -0.63 -0.857 -1.217 -0.015 0.566
9 I 0.638 -8.645 -4.923 2.435 -7.338 -1.441 0.992 -2.588 -3.371 3.548 1.039 -8.253 0.119 -0.934 -9.622 -2.946 -3.261 -8.85 -1.269 2.711