#Seq2Logo.py -Z on -y 0.25:2.0 -H ends -f 38081.peps -o CNFHQGGGARVAHIMFFGLTYYVVRTETVHVGGI_el -I 2 --format PNG -b 50 -C 0 -l 1
Last position-specific scoring matrix computed, values are in halfbits
A R N D C Q E G H I L K M F P S T W Y V
1 I -2.123 -8.604 2.318 -5.331 -7.434 -0.535 -2.258 -9.097 1.874 4.071 0.937 -8.482 1.618 2.114 -9.97 -4.615 -2.304 -8.03 2.255 2.118
2 A 1.952 2.249 0.589 -2.249 -7.546 1.26 0.498 -3.947 2.653 -0.242 -2.344 0.243 -1.02 -4.103 -9.106 -0.418 1.766 -9.029 -3.012 0.561
3 A 3.68 -5.913 -2.637 -2.536 -7.198 -2.461 -3.272 3.266 -0.02 -2.521 -4.456 -5.295 -1.816 -1.402 -1.361 1.957 0.754 -2.995 1.202 -3.769
4 V 3.109 -8.79 -8.579 -8.953 -6.66 -6.831 -8.942 -6.292 -8.697 3.249 -2.948 -8.426 -2.539 -2.081 -9.277 1.215 1.573 -9.099 -6.194 4.356
5 V 0.538 0.055 0.177 1.01 -7.631 0.892 1.254 -4.7 -0.539 0.406 -3.427 1.377 -5.391 -1.649 -2.195 0.319 1.332 -9.023 -1.556 1.668
6 D -0.088 -8.619 -3.017 6.964 -8.068 -8.107 -4.05 -8.202 -7.853 0.978 -4.161 -7.993 -4.384 -8.745 -5.362 -4.08 -1.741 -9.92 -9.246 1.744
7 A 1.869 -0.654 1.627 -1.281 -7.77 3.096 2.185 -3.678 2.358 -0.799 0.006 -3.18 -2.168 -1.839 -1.566 -3.509 -2.508 -2.99 0.987 -0.045
8 A 1.394 0.028 -0.932 -1.016 -7.617 1.328 1.068 -1.05 -0.549 -0.228 0.233 -1.155 -1.724 -1.621 2.015 -0.623 -0.854 -1.99 -0.794 0.279
9 I 2.018 -8.729 -5.742 1.734 -4.702 -1.686 -0.378 -2.767 -3.399 3.551 0.471 -8.352 1.038 -0.432 -7.479 -2.547 -3.88 -8.872 -2.176 3.018