#Seq2Logo.py -Z on -y 0.25:2.0 -H ends -f 38081.peps -o CNFHQGGGARVAHIMYFGGTYYDVRTETVHLETT_el -I 2 --format PNG -b 50 -C 0 -l 1
Last position-specific scoring matrix computed, values are in halfbits
A R N D C Q E G H I L K M F P S T W Y V
1 I -2.43 -3.426 -0.534 -1.945 -7.489 0.84 -0.493 -9.303 -1.587 4.569 -0.624 -6.15 0.711 1.237 -4.844 -4.643 -3.286 -1.865 3.728 2.277
2 R 1.988 3.118 -0.316 -4.56 -7.562 0.799 -0.844 -3.652 2.749 -0.927 -3.443 1.341 -0.721 -6.508 -9.099 -0.42 1.662 -8.904 -0.789 0.874
3 A 3.904 -0.323 -1.46 -3.403 -7.209 -0.197 -3.525 1.983 -0.86 -0.976 -5.3 -3.89 -0.471 -0.336 -0.201 0.932 0.527 -4.631 0.45 -2.716
4 A 4.796 -8.567 -5.726 -2.615 -6.752 -4.161 -5.117 -3.041 -2.12 1.338 -1.888 -8.149 -1.313 0.581 -7.218 0.647 -0.582 -0.109 -0.552 1.926
5 K 1.399 0.075 -0.899 0.357 -7.631 1.505 0.286 -1.825 0.64 -0.786 -3.259 2.556 -1.37 -3.183 -2.192 -0.429 0.443 -9.088 -2.207 1.615
6 A 3.591 -8.539 -0.905 3.525 -7.047 -8.336 -6.004 -6.815 -5.618 0.677 -5.47 -8.028 -5.394 -8.393 0.532 -0.492 1.773 -9.559 -8.752 2.869
7 A 3.284 0.769 2.602 0.281 -7.625 2.435 -0.123 -4.181 3.342 -3.891 -3.181 -2.897 -5.566 -6.692 0.797 -1.3 -2.953 -4.735 -1.853 -0.338
8 P 2.192 2.15 -1.463 -3.045 -7.742 0.687 0.191 -0.814 0.999 -2.08 -1.225 1.155 -2.775 -4.816 3.468 -1.84 -1.262 -4.772 -4.257 -1.575
9 A 4.746 -5.091 -1.052 0.857 -7.024 0.872 -0.841 1.614 -3.268 -3.604 -7.659 -5.724 -4.385 -8.891 -8.734 2.6 -4.097 -9.399 -8.784 -2.011