#Seq2Logo.py -Z on -y 0.25:2.0 -H ends -f 38081.peps -o CNFHQGGGARVAHIMYFGLTHYDVGAETVHVAGI_el -I 2 --format PNG -b 50 -C 0 -l 1
Last position-specific scoring matrix computed, values are in halfbits
A R N D C Q E G H I L K M F P S T W Y V
1 I 0.014 -8.172 3.156 -2.29 -7.276 2.355 -3.014 -4.376 -2.629 3.803 -0.666 -6.78 1.329 -3.954 -9.533 -0.924 0.369 -9.152 -8.269 2.58
2 A 2.092 1.666 0.485 -2.498 -7.54 0.986 0.029 -2.692 2.127 -0.448 -3.068 1.027 0.041 -2.75 -9.129 -1.089 1.661 -3.008 0.154 0.693
3 A 2.809 -3.339 -2.071 -3.052 -7.105 -0.655 -3.512 1.686 -2.611 -2.948 -3.327 -5.212 -5.525 -1.42 -1.734 2.744 3.477 -1.982 -0.389 -2.153
4 V 3.489 -8.884 -7.023 -9.125 -4.485 -6.884 -7.566 -8.299 -5.847 3.456 -1.555 -8.532 -1.597 -0.951 -9.367 -0.2 0.46 -4.704 -8.055 4.285
5 A 1.265 -0.519 -0.453 0.774 -7.512 -0.166 0.271 -1.682 -0.018 1.124 -2.454 1.532 -5.345 -2.439 -3.356 -0.105 1.663 -8.979 -1.032 1.388
6 D -0.738 -8.588 -2.997 7.037 -8.117 -8.061 -3.701 -7.068 -7.822 -0.345 -6.289 -7.955 -8.156 -8.884 -3.755 -2.859 -1.737 -9.979 -9.295 2.302
7 A 1.944 0.599 2.007 -1.136 -7.721 2.317 1.303 -3.14 2.013 -1.2 0.058 -2.685 -2.703 -1.619 0.231 -1.848 -2.285 -1.979 -0.182 -0.221
8 A 1.441 1.348 -0.471 -2.508 -7.647 1.573 0.188 -0.423 -2.037 -1.346 -0.181 0.309 -3.364 -4.072 2.281 -0.039 -0.977 -9.024 -0.397 0.111
9 A 4.828 -8.028 -2.094 -2.273 -4.623 1.854 -1.956 2.444 -2.611 -3.279 -5.829 -7.528 -2.268 -6.83 -8.768 2.216 -2.205 -9.286 -6.439 -2.343