#Seq2Logo.py -Z on -y 0.25:2.0 -H ends -f 38081.peps -o CNFHQGGGARVAHIMYFGGTYYAVRTETVHLETT_el -I 2 --format PNG -b 50 -C 0 -l 1
Last position-specific scoring matrix computed, values are in halfbits
A R N D C Q E G H I L K M F P S T W Y V
1 I -5.318 -7.382 -3.617 -4.982 -7.35 -3.327 -3.767 -9.792 -2.617 5.315 -1.189 -9.05 0.553 2.718 -5.581 -6.227 -4.801 -1.091 4.357 2.93
2 R 1.477 3.781 -0.194 -3.713 -7.697 -0.004 -0.057 -4.335 2.241 -0.134 -2.906 1.457 -2.19 -3.556 -9.216 -1.845 0.667 -8.815 -0.188 1.374
3 A 2.984 -0.978 -1.45 -3.404 -7.197 -1.642 -4.571 0.973 0.434 0.379 -4.318 -3.588 -1.037 -0.793 -0.873 2.062 1.921 -2.979 1.526 -1.236
4 A 3.17 -8.741 -5.018 -0.675 -7.024 -4.201 -3.087 -5.683 -2.104 2.691 -0.982 -8.418 -0.939 1.966 -9.456 -0.287 -0.719 1.321 1.743 2.672
5 K 0.595 -0.031 0.186 1.086 -7.806 0.801 1.314 -1.537 1.176 -1.228 -4.155 2.285 -3.439 -2.488 -0.727 -0.103 1.019 -9.077 -1.56 0.537
6 D 2.79 -8.353 -0.256 5.428 -7.504 -5.398 -3.294 -5.441 -7.802 -1.087 -5.411 -6.69 -5.668 -8.836 0.03 0.137 1.559 -9.746 -9.041 0.543
7 N 1.385 0.242 3.011 1.888 -7.987 2.073 1.151 -3.363 3.023 -2.507 -2.297 -2.249 -5.584 -3.193 1.401 -1.978 -2.73 -3.054 -1.022 -0.643
8 P 0.862 2.048 -1.271 -2.262 -7.949 0.582 1.074 -0.526 1.617 -0.731 -1.136 1.03 -4.288 -3.197 3.661 -2.321 -2.306 -4.738 -1.564 -1.723
9 A 3.425 -6.761 -2.909 2.971 -7.333 0.773 1.025 0.917 -2.607 -0.052 -4.111 -6.565 -1.393 -4.765 -9.013 1.029 -2.925 -9.252 -3.096 0.938