#Seq2Logo.py -Z on -y 0.25:2.0 -H ends -f 38081.peps -o CNFHQGGGARVAHIMFLGLTYYDVGTETVHVAGI_el -I 2 --format PNG -b 50 -C 0 -l 1
Last position-specific scoring matrix computed, values are in halfbits
A R N D C Q E G H I L K M F P S T W Y V
1 N 1.26 -8.078 4.295 -2.999 -7.267 1.139 -2.561 -7.018 -2.588 2.158 0.623 -7.831 1.319 -7.788 -9.397 0.247 0.03 -9.202 -6.292 2.086
2 A 2.511 1.997 -0.747 -3.026 -7.448 0.116 0.632 -1.524 2.234 -0.927 -2.101 0.696 -1.023 -3.611 -9.048 -0.498 2.053 -9.06 -4.191 0.351
3 A 3.639 -3.048 -2.649 -5.86 -7.296 0.194 -3.543 3.828 -1.612 -3.981 -4.499 -4.735 -1.435 -1.915 1.042 1.236 -0.381 -8.935 -0.216 -4.515
4 A 5.18 -8.42 -8.104 -8.475 -4.402 -8.319 -8.392 -5.243 -8.279 -0.165 -3.959 -7.942 -4.133 -8.226 -8.749 2.447 1.301 -9.291 -8.53 2.627
5 K 1.953 0.368 -1.657 -1.028 -7.48 1.168 -1.077 -3.968 1.32 0.578 -1.626 2.904 -1.336 -4.087 -4.685 -0.997 0.674 -9.1 -3.557 1.722
6 V 1.801 -9.193 -9.526 -7.662 -6.771 -9.27 -9.593 -9.107 -9.175 4.36 1.788 -8.945 0.577 -7.075 -2.017 -6.625 -1.546 -9.094 -8.236 4.459
7 A 3.094 3.218 0.043 -7.99 -7.592 3.005 -0.618 -3.365 3.264 -1.505 -1.101 -1.503 -0.433 -2.437 -7.292 -2.129 -3.889 -4.645 -0.769 -0.047
8 A 2.228 1.66 -2.388 -2.762 -7.623 0.685 0.89 -0.326 -0.547 -1.679 -0.508 0.762 -1.37 -3.606 2.18 -0.521 -1.402 -4.722 -1.878 -0.603
9 A 4.948 -8.178 -2.94 -4.582 -4.59 0.547 -5.475 3.329 -5.473 -5.388 -6.991 -7.643 -4.403 -8.916 -5.981 2.804 -2.621 -9.349 -8.868 -3.772