#Seq2Logo.py -Z on -y 0.25:2.0 -H ends -f 38081.peps -o CNFHQGGGARVAHIMYFGLTHYVVGAETVHVGGI_el -I 2 --format PNG -b 50 -C 0 -l 1
Last position-specific scoring matrix computed, values are in halfbits
A R N D C Q E G H I L K M F P S T W Y V
1 I -1.447 -8.587 1.075 -3.853 -7.356 -0.229 -1.445 -9.07 1.742 3.981 0.284 -8.415 1.483 1.468 -7.614 -2.587 -1.263 -4.47 2.25 2.718
2 R 1.258 2.525 0.862 -1.851 -7.651 1.171 -0.326 -3.159 2.654 0.406 -2.593 1.096 -0.709 -4.045 -9.228 -1.333 0.67 -8.87 -0.571 1.43
3 S 2.669 -3.329 -1.054 -1.665 -7.231 -0.052 -2.532 1.547 -0.012 -1.717 -3.147 -4.699 -2.779 -1.401 -1.543 2.823 2.241 -4.628 0.851 -2.736
4 V 2.331 -8.953 -8.921 -9.251 -4.507 -5.75 -9.206 -7.369 -5.894 3.631 -1.158 -8.655 -0.592 -1.129 -9.519 -0.463 1.16 -4.701 -8.037 4.733
5 A 1.028 -0.166 0.176 0.861 -7.568 -0.021 1.137 -2.502 -0.85 0.232 -2.101 1.017 -5.396 -3.158 -1.369 0.635 1.559 -9.056 -1.292 1.056
6 D -4.661 -8.467 -3.111 8.133 -9.08 -7.777 -4.428 -8.014 -7.45 -5.739 -10.081 -7.731 -6.195 -9.686 -9.184 -5.611 -5.393 -10.35 -9.835 -4.53
7 E 1.432 -0.294 1.343 -0.58 -7.769 1.87 2.22 -1.994 1.891 -1.186 -0.299 -2.481 -2.708 -1.382 -0.096 -2.312 -1.907 -1.967 0.734 0.682
8 P 0.867 0.035 -1.1 -1.328 -7.696 1.329 0.693 -0.341 -0.013 -0.551 0.009 0.127 -1.731 -1.391 2.123 -0.539 -1.903 -1.219 -0.016 0.555
9 I 2.055 -8.558 -3.849 1.445 -7.202 -0.362 0.159 -1.184 -2.678 3.038 0.644 -8.174 0.513 -1.342 -9.487 -1.623 -2.716 -8.878 -1.547 2.641