#Seq2Logo.py -Z on -y 0.25:2.0 -H ends -f 38081.peps -o CNFHQGGGARVAHIMYFGLTHYSVRTETVHVGGI_el -I 2 --format PNG -b 50 -C 0 -l 1
Last position-specific scoring matrix computed, values are in halfbits
A R N D C Q E G H I L K M F P S T W Y V
1 I -1.126 -8.698 0.325 -4.819 -7.457 -0.88 -2.265 -5.406 1.17 3.545 0.801 -8.57 0.337 3.183 -7.66 -2.425 -1.926 -2.808 3.785 1.818
2 R 0.867 2.297 0.683 -1.832 -7.691 1.659 0.835 -2.157 2.129 -0.235 -2.092 0.404 -1.357 -3.131 -9.207 -0.61 1.018 -8.834 -0.375 1.108
3 A 2.552 -3.346 -0.435 -0.035 -7.289 -1.409 -2.337 2.021 -0.27 -2.284 -2.835 -5.227 -2.792 -1.409 -1.546 2.374 2.484 -3.012 0.444 -3.211
4 V 2.718 -8.864 -5.876 -9.093 -6.708 -5.715 -9.069 -7.245 -4.422 3.432 -1.86 -8.543 -1.227 -1.137 -9.418 0.367 1.163 -4.696 -4.974 4.533
5 E 0.419 0.344 0.068 1.289 -7.662 0.362 1.711 -3.15 -0.259 0.313 -2.625 0.893 -4.223 -2.465 -2.715 0.749 1.273 -9.068 -1.869 1.109
6 D -4.628 -8.455 -2.82 7.911 -8.891 -7.79 -2.97 -6.974 -7.493 -3.438 -6.269 -7.742 -9.091 -9.508 -6.15 -3.509 -3.035 -10.256 -9.715 -2.767
7 E 1.476 -1.787 1.342 -0.328 -7.754 1.729 2.854 -2.331 0.456 -1.814 0.113 -4.596 -5.348 -1.384 0.525 -1.461 -2.088 -1.97 0.729 0.547
8 E 0.348 0.032 -1.098 -0.863 -4.933 0.979 1.926 -1.857 0.226 0.241 0.128 -0.659 -2.161 -1.377 1.533 -0.288 -1.726 -4.641 0.594 0.694
9 D 1.06 -8.057 -2.527 4.961 -7.976 0.24 3.141 -1.409 -2.564 0.452 -1.794 -7.481 -1.056 -3.627 -7.279 -1.714 -2.994 -9.282 -2.253 -0.229