#Seq2Logo.py -Z on -y 0.25:2.0 -H ends -f 38081.peps -o CNFHQGGGARVAHIMFFGLTYYDVRTETVHVGGI_el -I 2 --format PNG -b 50 -C 0 -l 1
Last position-specific scoring matrix computed, values are in halfbits
A R N D C Q E G H I L K M F P S T W Y V
1 N 0.333 -8.175 3.597 -2.767 -7.472 1.393 -0.897 -7.285 0.447 2.454 0.858 -7.975 1.598 0.271 -9.641 -2.526 -1.894 -8.391 1.539 1.839
2 A 2.848 2.05 -0.058 -2.486 -7.447 0.587 0.196 -1.793 2.748 -2.032 -4.358 0.402 0.443 -5.523 -9.006 0.337 1.334 -9.02 -2.192 0.266
3 A 4.205 -3.73 -2.64 -4.145 -7.164 -0.839 -4.579 3.915 -1.224 -5.405 -5.9 -4.747 -1.441 -2.202 -0.72 1.56 -0.71 -9.025 -1.31 -4.927
4 A 5.329 -8.424 -8.091 -8.454 -6.503 -8.319 -8.379 -3.19 -8.243 0.188 -5.084 -7.928 -7.282 -4.104 -8.728 2.385 1.052 -9.255 -8.472 2.123
5 A 1.806 -1.21 -0.917 -0.491 -7.42 1.249 -0.234 -3.672 1.162 0.591 -2.049 1.974 -0.694 -3.556 -4.692 -0.795 1.15 -9.01 -1.855 2.221
6 V 2.9 -8.998 -8.818 -0.002 -6.778 -8.951 -7.491 -8.559 -8.888 3.779 -0.697 -8.622 -0.894 -7.504 -1.78 -3.105 0.023 -9.256 -8.394 4.432
7 A 3.373 1.6 1.416 -3.655 -7.507 2.81 0.774 -5.022 2.845 -1.661 -1.565 -2.882 -1.747 -3.144 -2.717 -1.961 -2.959 -4.669 -0.779 0.485
8 A 2.478 1.348 -1.469 -2.051 -7.567 1.075 1.073 -1.151 -2.053 -0.814 -0.178 0.312 -1.02 -6.6 2.18 -1.568 -0.186 -4.746 -3.079 -1.02
9 A 5.237 -8.23 -1.654 -0.885 -6.805 -0.831 -3.222 1.752 -4.206 -2.696 -5.365 -7.698 -2.797 -8.705 -7.04 2.079 -2.003 -9.356 -8.752 -0.785