#Seq2Logo.py -Z on -y 0.25:2.0 -H ends -f 38081.peps -o CNYHEGGGARVAHIMFFGGTYYDVGTETVHVAGI_el -I 2 --format PNG -b 50 -C 0 -l 1
Last position-specific scoring matrix computed, values are in halfbits
A R N D C Q E G H I L K M F P S T W Y V
1 I -0.82 -8.378 2.986 -1.888 -7.399 1.216 -1.283 -8.812 -0.866 4.286 0.376 -6.936 1.042 -1.092 -9.759 -3.384 -2.081 -4.595 0.865 2.158
2 A 2.537 2.655 -0.903 -4.054 -7.601 0.702 1.137 -3.123 3.34 -1.856 -2.944 0.778 -0.2 -4.679 -9.065 -1.194 1.267 -8.823 -0.369 -0.137
3 A 3.756 -1.462 -1.649 -3.078 -7.347 0.07 -3.838 3.785 -1.199 -4.403 -5.115 -4.288 -1.835 -1.207 -0.453 0.984 -1.392 -4.62 1.199 -6.053
4 A 4.467 -8.739 -6.917 -8.975 -4.54 -8.747 -8.859 -4.578 -4.281 1.176 -1.741 -8.389 -0.66 3.015 -9.243 0.323 -0.37 1.024 -0.306 2.463
5 K 0.971 0.073 -1.876 -0.257 -7.605 1.169 0.277 -3.43 1.614 0.662 -2.173 2.733 -0.697 -3.549 -4.184 -1.857 0.274 -8.946 -1.022 2.254
6 V 3.243 -8.971 -5.892 -0.104 -6.777 -8.921 -8.889 -7.231 -8.836 3.512 -1.105 -8.569 -1.236 -7.6 -0.343 -3.314 -0.372 -9.301 -8.429 4.375
7 A 2.865 2.814 1.423 -2.479 -7.766 3.188 0.211 -3.627 4.078 -2.265 -1.794 -2.597 -2.212 -3.142 -4.186 -3.021 -4.733 -1.974 -0.169 -0.722
8 A 1.948 2.051 -1.89 -2.507 -7.739 1.341 0.768 -1.16 -0.54 -0.072 -1.031 1.388 -1.76 -3.605 2.332 -2.141 -0.988 -4.715 -1.293 -1.54
9 A 4.92 -8.166 -1.638 -0.74 -6.947 0.44 -2.325 2.77 -4.182 -4.313 -6.344 -7.631 -4.381 -8.858 -7.06 2.148 -2.636 -9.367 -8.831 -1.55