#Seq2Logo.py -Z on -y 0.25:2.0 -H ends -f 38081.peps -o CNYHQGGGARVAHIMYFGGTYYAVRTETVHLETT_el -I 2 --format PNG -b 50 -C 0 -l 1
Last position-specific scoring matrix computed, values are in halfbits
A R N D C Q E G H I L K M F P S T W Y V
1 I -5.839 -5.437 -1.804 -4.425 -7.495 -2.576 -3.181 -9.694 -0.844 4.898 -1.498 -8.923 -0.085 3.328 -6.479 -6.205 -5.369 -0.011 4.84 2.569
2 R 1.391 3.81 -0.602 -4.103 -7.714 0.129 0.272 -4.724 2.351 -0.235 -3.246 1.513 -2.721 -4.053 -9.203 -1.708 0.74 -8.804 -0.014 1.423
3 A 3.13 -0.568 -2.115 -2.317 -7.24 -1.209 -4.566 1.192 0.824 0.209 -3.079 -3.586 -0.2 -0.618 -1.195 1.674 1.276 -1.947 1.626 -1.793
4 A 2.921 -7.141 -5.007 0.111 -7.092 -4.209 -3.626 -5.71 -0.894 2.727 -1.148 -8.452 -0.941 2.46 -9.521 -0.461 -1.247 1.83 1.559 2.671
5 K -0.129 0.178 0.604 1.604 -7.938 1.268 1.625 -2.51 1.181 -0.601 -4.417 2.369 -3.445 -2.488 -0.876 -0.43 0.742 -9.067 -1.284 0.095
6 D 2.816 -8.379 -0.521 5.668 -7.586 -5.394 -3.272 -3.852 -5.446 -1.392 -5.452 -7.789 -4.42 -6.889 0.137 -0.084 0.956 -9.768 -9.057 0.016
7 A 1.597 0.431 2.746 1.427 -7.961 2.322 1.474 -3.364 3.024 -1.909 -1.934 -2.24 -7.771 -3.619 1.188 -1.835 -2.98 -4.713 -0.791 -1.077
8 P 0.7 1.723 -1.463 -2.749 -7.937 0.113 1.131 -0.831 1.325 -1.4 -0.971 1.493 -4.289 -2.821 3.843 -2.317 -1.131 -4.74 -1.565 -1.582
9 A 3.292 -6.77 -3.649 2.97 -7.33 0.967 0.71 1.14 -1.616 -0.24 -2.641 -6.586 -2.758 -4.772 -9.038 1.027 -2.681 -9.31 -5.165 1.166