#Seq2Logo.py -Z on -y 0.25:2.0 -H ends -f 38081.peps -o CNYHQGGGARVAHIMYFGLSSFAIRKARVHLETT_el -I 2 --format PNG -b 50 -C 0 -l 1
Last position-specific scoring matrix computed, values are in halfbits
A R N D C Q E G H I L K M F P S T W Y V
1 I -5.318 -1.903 -3.595 -7.515 -7.429 -0.896 -2.924 -9.713 -1.221 5.37 -1.583 -4.561 -0.872 2.136 -3.476 -6.199 -6.002 1.054 3.913 2.646
2 R 1.302 3.72 -0.464 -3.049 -7.663 -0.436 0.697 -5.187 2.35 -0.215 -3.8 0.417 -1.017 -3.118 -9.257 -1.993 0.811 -4.644 -0.01 2.053
3 A 2.579 -0.323 -1.86 -2.538 -7.192 -1.879 -3.254 0.471 -0.548 -0.577 -3.638 -5.196 -0.729 -0.464 -1.549 2.171 2.989 -2.977 1.425 -1.119
4 D 2.284 -8.615 -2.671 3.611 -7.411 -3.633 -1.657 -5.163 -2.619 1.768 -0.718 -6.989 0.071 2.275 -9.46 -1.028 -1.563 0.33 1.343 1.506
5 E -0.203 -0.249 0.301 1.835 -7.93 0.38 2.531 -2.925 1.012 -0.272 -4.421 2.247 -7.741 -4.174 -1.366 -0.696 1.206 -4.745 -3.059 0.399
6 D 2.868 -4.576 -1.55 5.288 -7.678 -3.939 1.733 -4.983 -7.611 -1.713 -5.092 -4.247 -4.409 -6.878 -1.187 -0.585 -0.384 -9.65 -6.566 0.247
7 E 1.248 -0.29 1.635 1.489 -7.985 2.14 2.732 -3.682 2.462 -2.049 -0.662 -3.456 -4.256 -2.774 1.259 -4.377 -3.584 -3.032 -0.016 -0.157
8 P 0.804 2.523 -1.272 -1.16 -7.95 0.361 1.191 -3.714 1.171 -1.097 -0.251 1.276 -4.235 -1.903 3.294 -3.075 -1.58 -3.053 -1.553 -1.568
9 A 2.02 2.036 -4.14 2.58 -7.681 0.985 1.849 -1.409 -3.213 -0.136 -1.866 -2.906 -1.754 -1.194 -9.22 -0.358 -4.263 -8.82 0.14 1.162