#Seq2Logo.py -Z on -y 0.25:2.0 -H ends -f 38081.peps -o CNYHQGGGARVAHIMFLGLTYYDVGTETVHVAGI_el -I 2 --format PNG -b 50 -C 0 -l 1
Last position-specific scoring matrix computed, values are in halfbits
A R N D C Q E G H I L K M F P S T W Y V
1 N 1.394 -7.858 4.698 -2.669 -7.389 2.185 -1.362 -6.905 -2.543 1.439 0.036 -7.593 0.666 -8.026 -9.3 0.39 0.122 -9.249 -6.316 1.4
2 A 2.57 2.1 -1.859 -2.498 -7.445 0.361 0.701 -1.524 2.449 -1.057 -1.987 0.552 -1.364 -4.736 -9.042 -0.329 1.865 -9.078 -4.195 0.491
3 G 3.452 -2.757 -2.962 -5.851 -7.372 0.545 -2.779 3.972 -0.867 -3.996 -4.245 -4.296 -1.088 -2.185 1.192 1.084 -1.246 -8.922 -0.04 -4.964
4 A 5.168 -8.41 -8.075 -8.452 -4.403 -8.307 -8.378 -5.78 -8.267 0.2 -4.739 -7.928 -4.14 -8.241 -8.737 2.51 1.53 -9.293 -8.533 2.458
5 K 1.953 -0.137 -1.878 -0.884 -7.461 1.339 -0.729 -3.394 0.629 0.655 -1.521 2.802 -0.421 -3.591 -4.169 -0.796 0.6 -9.137 -5.046 1.678
6 V 1.644 -9.189 -9.524 -7.661 -6.787 -9.273 -9.593 -9.135 -9.175 4.277 1.967 -8.945 0.388 -7.072 -1.237 -6.634 -1.393 -9.099 -8.24 4.423
7 A 2.813 3.286 0.16 -7.95 -7.661 2.91 -0.226 -2.901 3.416 -1.212 -0.86 -1.353 -0.707 -2.434 -7.308 -2.137 -4.282 -3.01 -0.766 -0.31
8 A 1.953 1.479 -2.123 -2.5 -7.654 1.077 1.015 -0.419 -0.851 -1.855 -0.51 0.762 -1.371 -4.105 2.18 -0.434 -0.73 -4.715 -1.296 -0.709
9 A 4.777 -8.16 -2.615 -3.707 -4.608 0.549 -4.946 3.452 -7.801 -5.435 -7.786 -7.623 -4.42 -8.957 -5.982 3.095 -3.117 -9.362 -8.905 -4.893