#Seq2Logo.py -Z on -y 0.25:2.0 -H ends -f 38081.peps -o CNYHQGGGARVAHIMYFGLTHYDVRTETVHVGGI_el -I 2 --format PNG -b 50 -C 0 -l 1
Last position-specific scoring matrix computed, values are in halfbits
A R N D C Q E G H I L K M F P S T W Y V
1 I -1.13 -8.539 1.235 -4.281 -7.507 0.044 -2.245 -7.618 2.652 3.403 0.708 -8.429 1.34 2.801 -9.925 -3.425 -1.926 -2.834 3.396 1.679
2 A 1.606 2.1 0.585 -1.848 -7.574 1.422 -0.056 -1.984 2.125 0.234 -1.542 0.475 -0.706 -4.058 -9.185 -0.993 1.386 -8.923 -1.272 0.761
3 A 2.935 -4.102 -1.056 -0.61 -7.355 0.439 -2.151 2.935 -0.011 -3.286 -2.853 -5.227 -4.342 -0.487 -3.342 2.135 0.894 -1.963 0.853 -3.804
4 V 3.128 -8.898 -7.005 -5.491 -6.709 -8.872 -5.856 -8.408 -4.426 3.8 -1.354 -8.551 -0.897 -1.56 -9.41 -0.205 0.687 -4.704 -6.142 4.174
5 T 0.597 -0.061 0.058 0.858 -7.57 -0.161 1.134 -2.156 -0.27 0.994 -1.442 0.884 -4.166 -2.152 -3.023 0.318 1.557 -9.046 -2.206 1.176
6 D -5.472 -8.509 -5.064 8.077 -8.987 -7.831 -4.889 -8.078 -7.519 -4.126 -7.546 -7.779 -9.185 -9.567 -7.298 -6.915 -3.988 -10.318 -9.784 -2.029
7 A 2.053 -1.102 1.339 -1.138 -7.629 1.934 1.928 -2.508 1.756 -1.174 0.483 -5.101 -3.32 -1.389 0.524 -1.715 -1.901 -1.218 -0.565 0.419
8 E 0.918 0.513 -0.768 -1.156 -7.705 1.417 1.506 -1.7 0.44 -0.548 0.066 -0.331 -2.171 -2.421 1.844 -0.816 -1.258 -3.028 -0.195 0.688
9 A 3.511 -6.701 -1.417 2.273 -4.779 1.643 0.776 1.199 -2.054 -0.374 -2.968 -7.529 -1.786 -4.783 -5.279 1.233 -1.527 -9.246 -3.633 -0.59