#Seq2Logo.py -Z on -y 0.25:2.0 -H ends -f 38081.peps -o CNYHEGGGARVAHIMYFGLTHYDVRTETVHVAGI_el -I 2 --format PNG -b 50 -C 0 -l 1
Last position-specific scoring matrix computed, values are in halfbits
A R N D C Q E G H I L K M F P S T W Y V
1 I -0.216 -8.326 2.38 -2.551 -7.342 0.749 -1.027 -5.835 1.463 3.779 0.266 -6.059 1.97 -0.924 -7.521 -1.387 -1.248 -4.627 -0.552 2.3
2 A 1.437 2.483 0.683 -2.042 -7.653 1.345 0.117 -3.148 2.35 -0.044 -2.341 1.16 -1.359 -3.57 -9.17 -0.892 1.146 -4.673 -1.016 0.816
3 A 2.963 -3.346 -1.627 -1.675 -7.255 -0.197 -2.986 2.498 -0.27 -2.985 -3.0 -5.227 -4.325 -1.003 -1.546 2.374 1.921 -1.968 0.723 -2.981
4 V 2.794 -8.987 -7.091 -5.537 -6.774 -6.951 -7.649 -7.323 -5.836 3.9 -0.613 -8.68 -0.593 0.709 -9.553 -0.646 -0.267 -3.014 -3.464 4.117
5 A 1.075 -0.056 -0.446 1.151 -7.614 -0.154 1.563 -1.83 -0.543 0.316 -2.347 1.141 -4.217 -2.459 -2.194 -0.029 1.388 -9.044 -1.565 1.112
6 D -2.846 -8.491 -3.976 7.943 -8.851 -7.824 -3.787 -8.046 -7.527 -4.098 -8.38 -7.77 -6.097 -9.513 -6.152 -5.141 -4.37 -10.271 -9.718 -1.425
7 A 2.051 -0.182 1.266 -0.713 -7.715 2.196 1.931 -2.507 1.888 -2.005 0.222 -3.487 -3.344 -0.811 0.525 -2.304 -2.292 -1.215 -0.363 -0.052
8 P 1.069 0.995 -1.285 -2.509 -7.676 0.882 1.238 -1.85 -0.545 -0.548 0.284 0.048 -3.327 -1.619 2.428 -0.817 -1.119 -4.674 -0.195 0.49
9 A 3.829 -6.665 -1.623 1.978 -4.767 2.25 0.505 1.502 -1.598 -0.381 -3.502 -6.479 -1.398 -6.729 -7.163 0.767 -1.866 -9.272 -4.306 -1.022