#Seq2Logo.py -Z on -y 0.25:2.0 -H ends -f 38081.peps -o CNYHQGGGARVAHIMYFGLSSFAIRKATVHLETT_el -I 2 --format PNG -b 50 -C 0 -l 1
Last position-specific scoring matrix computed, values are in halfbits
A R N D C Q E G H I L K M F P S T W Y V
1 I -3.916 -4.272 -2.023 -4.38 -7.433 -0.394 -1.768 -9.581 -0.861 5.221 -2.27 -6.308 -0.328 2.136 -4.873 -6.139 -3.603 -1.108 4.122 2.642
2 R 1.521 3.287 -0.456 -1.658 -7.662 0.125 0.958 -4.327 2.349 -1.038 -2.759 0.711 -1.748 -3.145 -9.186 -1.448 1.016 -8.874 -0.786 1.615
3 T 2.463 -2.028 -2.079 -2.286 -7.171 -2.764 -2.555 0.735 -0.861 -0.961 -4.359 -4.719 -1.046 0.093 -1.543 2.534 3.558 -1.957 0.86 -3.145
4 I 2.286 -8.786 -3.827 2.952 -4.714 -4.819 -2.188 -7.263 -5.662 3.346 -0.141 -7.096 -0.369 1.177 -9.517 -1.621 -1.251 -0.615 -2.96 2.611
5 E -0.278 -0.144 0.508 1.942 -7.919 0.26 2.6 -2.711 0.653 -0.268 -5.002 1.847 -7.745 -3.633 -1.962 -0.106 0.744 -9.111 -1.294 0.735
6 D 2.285 -5.88 -2.482 5.755 -7.8 -3.952 1.595 -6.889 -7.657 -1.241 -5.094 -5.795 -5.71 -6.9 -0.725 -1.55 0.098 -9.743 -9.059 0.531
7 E 1.341 -1.412 1.281 2.286 -7.97 1.805 2.767 -3.669 2.459 -1.876 -1.811 -3.474 -5.537 -2.806 1.6 -3.042 -2.743 -2.003 -1.024 0.166
8 P 1.298 1.891 -1.67 -0.732 -7.915 0.691 1.357 -3.701 0.828 -0.839 -0.516 1.386 -5.451 -2.473 3.467 -3.07 -2.752 -3.058 -1.284 -1.429
9 D 2.257 -0.96 -4.066 3.797 -7.746 0.89 2.496 -0.414 -2.024 -0.063 -3.297 -3.504 -1.397 -3.163 -7.258 -0.798 -4.712 -9.016 -0.215 0.614