#Seq2Logo.py -Z on -y 0.25:2.0 -H ends -f 38081.peps -o CNYHQGGGARVAHIMYFGLTHYVVRTETVHVAGI_el -I 2 --format PNG -b 50 -C 0 -l 1
Last position-specific scoring matrix computed, values are in halfbits
A R N D C Q E G H I L K M F P S T W Y V
1 I 0.145 -8.495 1.8 -2.116 -7.209 -0.082 -1.294 -7.457 0.608 3.958 0.972 -8.256 1.742 -2.032 -6.309 -1.912 -0.385 -8.906 -2.99 2.689
2 A 1.261 2.25 1.352 -0.853 -7.675 1.506 0.572 -2.318 1.484 0.137 -2.918 0.631 -1.025 -4.683 -9.174 -0.184 0.363 -8.946 -0.798 0.994
3 A 2.272 -2.468 -0.173 0.355 -7.442 0.664 -1.357 1.978 -0.258 -2.088 -2.837 -3.888 -2.792 -0.82 -1.029 2.269 0.756 -4.631 0.851 -2.195
4 V 1.923 -9.003 -8.958 -9.277 -3.28 -6.96 -7.692 -7.441 -5.907 4.026 -1.062 -8.709 -0.875 -0.755 -9.575 -0.47 1.158 -9.001 -8.007 4.639
5 E 0.822 0.341 0.175 0.456 -7.592 0.112 1.409 -2.32 -1.586 -0.134 -2.222 0.89 -5.399 -1.216 -1.37 0.806 1.333 -9.042 -2.204 1.218
6 D -8.658 -8.483 -4.957 8.288 -9.246 -7.773 -5.862 -8.021 -7.436 -9.578 -10.358 -7.728 -9.572 -9.804 -9.187 -6.901 -6.992 -10.42 -9.929 -7.993
7 E 1.344 -0.943 0.942 -0.449 -7.798 1.941 2.823 -2.937 1.02 -0.924 -0.236 -3.201 -3.35 -0.465 0.231 -1.858 -2.094 -4.605 1.103 0.266
8 E 0.349 0.233 -1.095 -0.732 -7.707 0.882 1.554 -1.564 -0.012 -0.327 0.18 -0.337 -2.165 -1.183 1.723 -0.284 -0.733 -1.22 -0.375 0.69
9 I 1.014 -8.607 -4.936 2.059 -7.298 -0.677 0.992 -2.213 -2.688 3.493 0.873 -8.216 -0.107 -0.943 -9.596 -2.742 -3.895 -8.926 -2.569 2.896