#Seq2Logo.py -Z on -y 0.25:2.0 -H ends -f 38081.peps -o CNYHEGGGARVAHIMYFGLTYYVVGAETVHVGGI_el -I 2 --format PNG -b 50 -C 0 -l 1
Last position-specific scoring matrix computed, values are in halfbits
A R N D C Q E G H I L K M F P S T W Y V
1 I -3.668 -8.78 1.521 -5.409 -7.527 -1.072 -2.095 -9.322 0.23 4.372 -0.347 -8.658 0.338 3.098 -10.103 -5.066 -3.3 -1.095 4.127 2.159
2 A 1.8 2.564 0.277 -2.478 -7.635 0.993 1.408 -3.673 3.017 0.142 -2.468 -0.508 -1.358 -2.771 -9.186 -1.211 0.813 -8.882 -1.257 0.94
3 A 3.43 -5.878 -1.853 -1.687 -7.245 -1.423 -4.559 2.818 1.749 -2.297 -4.445 -4.77 -2.266 -1.183 -1.363 1.841 1.276 -8.571 1.62 -3.217
4 V 2.391 -8.932 -6.999 -3.949 -6.795 -5.745 -9.111 -8.586 -5.821 3.622 -1.084 -8.634 -0.6 1.355 -9.528 -0.06 0.896 -8.768 -4.065 4.191
5 V 0.416 -0.057 0.688 1.352 -7.669 0.688 1.361 -2.926 -0.538 0.781 -3.433 0.889 -5.41 -2.459 -1.558 -0.107 1.33 -9.051 -1.288 1.429
6 D 1.42 -8.56 -3.025 6.842 -7.966 -8.057 -3.729 -8.024 -7.815 0.122 -4.202 -7.926 -4.413 -8.839 -3.744 -3.256 -1.571 -9.911 -9.246 1.199
7 E 1.472 -0.655 2.068 -1.104 -7.879 2.552 2.826 -3.155 2.466 -1.359 -0.438 -3.773 -2.721 -1.603 -1.041 -2.845 -2.992 -1.96 1.105 -0.143
8 P 0.866 1.068 -2.137 -2.269 -7.744 0.465 1.503 -0.834 0.635 -0.243 -0.234 0.136 -1.742 -2.146 2.703 -1.02 -1.123 -1.996 -1.026 0.037
9 A 2.417 -8.494 -4.851 2.395 -7.239 -0.838 0.941 -1.697 -3.348 2.863 -1.091 -8.039 -0.145 -1.591 -9.361 -0.923 -3.224 -8.994 -1.862 2.762