#Seq2Logo.py -Z on -y 0.25:2.0 -H ends -f 38081.peps -o CNYHQGGGARVAHIMYFGGTYYDVRTETVHLETT_el -I 2 --format PNG -b 50 -C 0 -l 1
Last position-specific scoring matrix computed, values are in halfbits
A R N D C Q E G H I L K M F P S T W Y V
1 I -1.973 -1.856 -0.127 -2.139 -7.573 1.129 -0.197 -9.181 -1.176 3.925 -1.033 -4.872 0.517 1.993 -4.835 -3.966 -3.595 -1.851 3.91 2.298
2 R 2.059 3.257 -1.071 -5.111 -7.58 0.995 -0.52 -3.135 2.655 -1.655 -3.451 1.4 -1.028 -5.458 -9.098 -0.422 1.329 -8.873 -0.575 1.046
3 A 3.849 -0.205 -1.656 -2.799 -7.277 0.077 -2.99 2.361 0.438 -2.092 -5.346 -3.555 -0.756 -0.331 -1.191 0.931 -0.275 -4.604 1.096 -2.749
4 A 4.822 -8.603 -4.974 -1.94 -6.773 -5.587 -4.658 -3.281 -3.353 1.916 -2.118 -8.17 -2.131 0.585 -7.225 0.646 -1.218 0.685 0.004 1.524
5 K 1.31 -0.025 -0.589 0.175 -7.657 1.586 0.781 -1.537 0.441 -0.915 -3.095 2.631 -2.207 -3.19 -3.347 -0.344 0.363 -9.104 -2.597 1.566
6 A 3.691 -8.575 -1.263 3.272 -7.03 -8.377 -5.43 -6.836 -5.638 1.215 -4.471 -8.06 -4.188 -8.333 0.962 -1.075 1.616 -9.544 -8.73 2.749
7 A 3.143 0.77 2.555 0.549 -7.69 2.655 0.053 -4.188 3.562 -3.579 -2.71 -3.148 -7.797 -5.59 0.797 -1.302 -3.231 -3.062 -2.186 -1.072
8 P 1.985 1.998 -1.464 -3.046 -7.763 1.077 0.192 -0.713 0.823 -2.269 -0.89 1.273 -2.765 -4.172 3.4 -2.137 -1.124 -4.762 -3.596 -1.437
9 A 4.814 -5.765 -1.227 0.62 -7.003 1.153 -0.955 1.57 -2.598 -6.033 -7.71 -6.451 -4.393 -8.925 -8.703 2.602 -1.999 -9.388 -8.766 -2.766