#Seq2Logo.py -Z on -y 0.25:2.0 -H ends -f 38081.peps -o CNYHQGGGARVAHIMYFALTYYDVRTETVHLETT_el -I 2 --format PNG -b 50 -C 0 -l 1
Last position-specific scoring matrix computed, values are in halfbits
A R N D C Q E G H I L K M F P S T W Y V
1 I -0.07 -0.09 1.616 -0.034 -7.6 1.565 1.448 -6.497 -0.854 3.556 -1.268 -2.995 -1.667 -2.366 -2.756 -2.531 -2.494 -3.02 -0.191 1.971
2 A 2.952 2.572 -0.311 -4.528 -7.458 0.481 -0.518 -2.862 2.929 -1.692 -4.96 1.338 -1.043 -6.622 -8.973 0.338 1.449 -9.01 -1.851 -0.05
3 A 3.534 0.309 -2.096 -2.531 -7.422 0.078 -3.237 3.366 0.821 -4.417 -6.975 -3.247 -2.851 -0.852 0.798 0.821 -0.607 -4.672 -0.389 -4.981
4 A 5.492 -8.378 -4.248 -3.423 -6.63 -6.542 -5.56 0.895 -5.572 -1.5 -4.359 -7.843 -5.483 -3.207 -8.701 2.418 -1.184 -4.751 -8.539 -0.01
5 A 1.729 0.169 -1.249 0.617 -7.576 0.587 0.903 -2.316 -0.267 -0.431 -1.866 2.403 -2.191 -6.573 -2.44 -0.033 -0.488 -9.15 -2.225 1.711
6 A 3.752 -8.687 -3.058 1.112 -6.876 -8.57 -7.133 -6.915 -8.468 1.362 -4.128 -8.185 -5.252 -8.192 2.382 -0.879 1.281 -9.524 -8.643 3.621
7 A 3.767 0.849 1.702 -1.127 -7.476 2.437 0.844 -2.822 2.658 -3.257 -3.351 -2.884 -4.312 -6.717 -0.582 -0.159 -2.689 -4.733 -2.588 -0.939
8 P 2.225 2.153 -1.892 -4.539 -7.744 0.475 0.767 -1.675 -0.857 -2.283 -1.41 1.706 -4.3 -4.832 3.631 -2.127 -0.505 -3.086 -4.276 -1.72
9 A 4.92 -5.117 -0.053 -0.027 -4.612 -0.482 -1.49 1.708 -4.147 -3.963 -6.951 -6.509 -4.391 -8.874 -8.703 2.777 -2.612 -9.395 -8.802 -3.209