#Seq2Logo.py -Z on -y 0.25:2.0 -H ends -f 38081.peps -o CNYHEGGGARVAHIMFFGLTYYDVRTETVHVGGI_el -I 2 --format PNG -b 50 -C 0 -l 1
Last position-specific scoring matrix computed, values are in halfbits
A R N D C Q E G H I L K M F P S T W Y V
1 N -0.562 -8.161 3.528 -2.517 -7.718 1.393 -0.783 -8.631 1.353 1.915 0.23 -6.838 1.317 2.301 -7.566 -3.609 -2.751 -2.838 3.779 0.912
2 A 2.685 1.946 -0.588 -2.988 -7.497 0.7 1.463 -2.287 2.654 -1.859 -4.13 0.327 -1.043 -6.616 -8.981 0.203 1.665 -9.012 -1.856 0.111
3 G 4.069 -4.163 -2.361 -4.155 -7.278 -1.029 -4.608 4.492 0.422 -6.145 -7.762 -5.921 -1.103 -2.195 -0.725 0.655 -2.272 -8.933 -0.404 -4.559
4 A 4.97 -8.572 -8.3 -8.638 -4.436 -8.491 -8.575 -2.587 -8.366 1.83 -3.672 -8.1 -7.051 -2.432 -8.902 1.883 0.313 -9.165 -6.269 2.669
5 V 1.218 -0.903 -1.265 -0.251 -7.496 1.5 0.771 -3.694 0.43 0.521 -2.168 2.065 -1.715 -3.145 -4.181 -0.903 0.523 -9.065 -2.586 2.674
6 V 2.507 -8.984 -8.465 2.332 -6.945 -8.87 -6.371 -7.327 -8.757 3.796 -0.572 -8.568 -1.238 -6.165 -1.054 -3.852 -0.489 -9.321 -8.467 4.011
7 A 3.166 1.661 1.488 -5.659 -7.598 2.909 1.082 -4.243 3.187 -2.655 -1.379 -3.132 -1.364 -2.134 -2.721 -2.442 -3.245 -1.969 0.165 0.108
8 A 1.686 1.143 -2.138 -2.268 -7.646 1.074 1.35 -1.416 -2.588 -0.567 -0.298 0.308 -0.714 -4.692 2.66 -1.224 -0.393 -3.054 -1.299 -0.213
9 A 4.827 -8.134 -0.895 0.854 -6.999 -0.049 -0.853 1.876 -2.616 -2.988 -6.873 -7.597 -3.495 -6.848 -7.063 2.04 -2.637 -9.381 -8.758 -1.277