#Seq2Logo.py -Z on -y 0.25:2.0 -H ends -f 38081.peps -o CNYHEGGGARVAHIMYFGGTHYSVGASRVHVAGI_el -I 2 --format PNG -b 50 -C 0 -l 1
Last position-specific scoring matrix computed, values are in halfbits
A R N D C Q E G H I L K M F P S T W Y V
1 I -4.212 -7.315 -3.212 -4.948 -7.351 -3.308 -2.505 -9.677 -0.038 4.692 0.66 -8.957 1.067 3.274 -6.466 -5.618 -3.305 -1.841 3.397 2.798
2 R 0.082 3.608 -1.074 -2.74 -7.852 1.003 1.463 -6.405 1.489 -0.449 -2.481 1.405 -5.374 -2.419 -9.236 -0.714 0.436 -1.964 0.732 1.317
3 A 2.032 -0.566 -1.083 -1.514 -2.547 -0.658 -2.559 1.13 -0.847 0.541 -1.651 -3.021 -1.75 0.117 -1.561 1.867 1.214 -1.935 2.071 -1.795
4 F -5.086 -9.174 -9.306 -3.014 -8.101 -7.155 -6.023 -7.99 -2.39 0.674 -0.893 -9.299 -1.651 6.269 -10.637 -8.002 -6.332 4.643 6.478 -0.979
5 K -0.203 0.262 1.041 0.711 -7.846 0.244 1.361 -1.688 0.448 -0.158 -2.792 1.982 -3.41 -0.663 -0.459 -0.35 0.882 -4.682 -1.02 0.334
6 D 0.506 -8.438 -0.2 6.975 -8.225 -4.616 -2.666 -4.245 -5.376 -0.2 -4.041 -7.806 -4.484 -9.018 -3.025 -2.136 -2.515 -9.968 -9.329 -0.649
7 E 0.456 0.686 1.894 1.421 -8.033 2.262 1.94 -5.169 2.662 -0.959 -0.581 -2.453 -2.209 -1.191 1.11 -2.671 -3.278 -1.977 0.315 -0.83
8 E -0.059 1.08 0.05 -0.594 -7.877 0.114 1.301 -1.699 1.478 -0.366 -0.18 1.322 -1.75 -1.009 2.016 -0.281 -0.986 -4.69 -1.267 -1.285
9 D 2.022 -4.072 -2.302 3.601 -2.607 0.581 2.925 0.526 -2.041 -0.698 -0.73 -5.712 -2.225 -6.635 -7.254 -0.348 -3.245 -9.269 -3.105 0.107