#Seq2Logo.py -Z on -y 0.25:2.0 -H ends -f 38081.peps -o CNYHQGGGARVAHIMYFGLTHYDVRTETVHVAGI_el -I 2 --format PNG -b 50 -C 0 -l 1
Last position-specific scoring matrix computed, values are in halfbits
A R N D C Q E G H I L K M F P S T W Y V
1 I 0.076 -8.367 2.581 -2.098 -7.27 0.642 -2.036 -5.821 0.806 3.856 0.706 -6.929 1.857 -2.637 -7.509 -1.9 0.012 -8.898 -2.174 2.268
2 A 1.524 1.839 0.862 -2.263 -7.574 1.341 -0.142 -2.916 2.008 -0.328 -2.08 1.091 -0.183 -3.13 -9.174 -0.696 1.27 -4.666 -0.786 1.222
3 A 3.087 -3.029 -1.234 -1.326 -7.268 -0.057 -2.541 2.788 -1.205 -3.925 -3.355 -5.217 -3.473 -0.343 -2.701 2.276 1.722 -1.973 -0.022 -3.5
4 V 3.291 -8.917 -7.03 -5.504 -6.701 -6.899 -7.578 -7.194 -5.851 3.874 -1.351 -8.566 -0.604 -1.136 -9.417 -0.206 0.031 -4.704 -8.067 4.116
5 A 1.172 -0.063 -0.449 1.344 -7.545 -0.459 0.833 -1.682 -0.55 0.925 -2.201 1.012 -3.358 -2.155 -3.357 0.319 1.15 -9.046 -1.868 1.334
6 D -3.257 -8.507 -3.97 7.982 -8.876 -7.84 -4.491 -8.059 -7.534 -4.976 -9.694 -7.785 -6.104 -9.527 -6.156 -6.196 -5.377 -10.29 -9.734 -0.825
7 A 2.017 -0.183 1.625 -1.454 -7.671 2.257 1.93 -2.506 1.484 -1.482 0.382 -4.574 -2.168 -1.615 0.126 -1.991 -1.727 -1.217 -0.369 0.037
8 L 0.759 0.918 -1.281 -1.169 -7.659 1.331 1.01 -1.705 -0.547 -0.218 0.489 -0.332 -2.673 -2.739 1.902 -0.723 -0.855 -3.032 -0.385 0.821
9 A 3.905 -6.674 -1.627 1.531 -3.426 1.995 0.354 1.776 -1.604 -0.967 -3.318 -5.745 -1.055 -6.756 -7.155 1.089 -2.043 -9.309 -6.427 -0.801