#Seq2Logo.py -Z on -y 0.25:2.0 -H ends -f 38081.peps -o CNYHEGGGARVAHIMYFGLSSFDIRKARVHLETT_el -I 2 --format PNG -b 50 -C 0 -l 1
Last position-specific scoring matrix computed, values are in halfbits
A R N D C Q E G H I L K M F P S T W Y V
1 I -2.988 -0.883 -4.534 -4.389 -7.513 -0.882 -1.198 -9.572 -2.031 4.756 -2.057 -6.224 -0.604 2.554 -6.438 -6.836 -4.358 1.356 4.538 2.597
2 R 1.605 3.319 0.048 -4.564 -7.568 -0.011 0.107 -7.136 2.555 -0.768 -2.737 0.488 -0.709 -3.543 -9.2 -1.211 1.554 -4.652 -0.369 1.802
3 A 3.429 -0.833 -1.868 -2.301 -7.112 -0.826 -3.245 0.801 -2.06 -0.698 -4.088 -4.692 -0.457 -1.19 -1.359 1.725 2.638 -8.73 0.587 -1.368
4 A 3.726 -8.568 -4.792 3.336 -7.182 -3.185 -1.232 -3.101 -4.23 1.658 -1.218 -8.1 -0.993 1.072 -7.305 -0.895 -1.884 -0.614 -1.523 1.306
5 E 0.65 -0.907 0.189 2.283 -7.806 -0.431 2.346 -2.322 1.173 -0.81 -4.67 1.593 -4.299 -3.645 -1.962 -0.889 1.017 -4.743 -3.055 1.362
6 A 3.973 -6.861 -1.608 4.081 -7.267 -4.6 0.511 -5.965 -7.837 -1.67 -5.755 -7.685 -5.613 -8.791 1.197 -0.311 0.606 -9.646 -8.905 0.933
7 A 2.867 -1.249 1.633 1.228 -7.699 2.135 2.025 -3.912 2.012 -1.872 -1.499 -4.153 -5.5 -4.736 1.602 -2.807 -3.55 -4.725 -1.033 -0.235
8 P 2.054 2.247 -1.668 -2.26 -7.796 0.475 1.246 -2.324 0.826 -1.555 -1.052 0.971 -5.498 -3.215 3.4 -2.832 -0.74 -4.754 -3.055 -1.867
9 A 3.509 0.417 -2.616 1.471 -4.8 1.797 1.026 0.265 -1.585 -1.09 -3.304 -2.685 -1.391 -4.767 -8.979 0.873 -1.866 -9.128 -2.235 -0.132