#Seq2Logo.py -Z on -y 0.25:2.0 -H ends -f 38081.peps -o CNYHEGGGARVAHIMFFGLTYYSVGTETVHVAGI_el -I 2 --format PNG -b 50 -C 0 -l 1
Last position-specific scoring matrix computed, values are in halfbits
A R N D C Q E G H I L K M F P S T W Y V
1 N 0.205 -7.97 4.788 -2.208 -7.547 1.921 -0.877 -7.111 -0.522 3.115 -0.862 -5.87 0.846 -3.057 -9.524 -2.487 -1.099 -4.685 -1.024 1.613
2 A 2.567 1.841 -0.058 -2.225 -7.573 1.092 1.663 -4.255 2.931 -0.952 -4.366 0.843 -1.04 -5.534 -9.007 -1.184 1.713 -9.02 -2.188 0.035
3 G 3.494 -2.78 -2.105 -3.406 -7.315 -1.225 -5.6 3.952 -0.023 -4.806 -5.096 -6.719 -1.833 -1.012 0.239 0.877 0.441 -8.713 0.968 -3.024
4 A 4.561 -8.615 -8.384 -8.739 -4.441 -8.557 -8.668 -6.007 -3.433 2.04 -3.064 -8.188 -6.883 -2.414 -8.995 1.376 1.465 -9.161 -8.262 3.413
5 V 0.088 0.365 -1.872 -0.033 -7.671 1.506 1.197 -3.723 -0.012 0.511 -2.43 2.629 -1.338 -2.147 -5.342 -1.593 0.439 -4.687 -1.549 2.469
6 V 1.763 -9.092 -7.157 -1.123 -6.85 -5.784 -5.309 -8.967 -8.982 4.374 0.997 -8.779 -0.563 -7.232 -1.595 -4.228 -0.969 -9.154 -6.252 4.294
7 A 2.675 2.249 1.271 -3.293 -7.775 3.1 1.365 -3.939 3.565 -2.058 -1.207 -2.198 -1.368 -3.53 -4.186 -2.823 -3.905 -1.205 0.74 -0.934
8 E 1.348 1.888 -1.889 -1.305 -7.787 0.586 1.973 -1.554 -2.041 -0.257 -1.031 0.835 -3.391 -3.619 2.57 -1.719 -1.41 -3.064 -2.226 0.031
9 D 3.051 -7.935 -1.542 4.734 -7.774 0.479 2.843 0.27 -4.059 -3.368 -6.024 -7.318 -5.798 -6.996 -6.045 0.708 -3.851 -9.578 -8.985 -2.852