#Seq2Logo.py -Z on -y 0.25:2.0 -H ends -f 38081.peps -o CNYHQGGGARVAHIMYFGLTHYVVGTETVHVGGI_el -I 2 --format PNG -b 50 -C 0 -l 1
Last position-specific scoring matrix computed, values are in halfbits
A R N D C Q E G H I L K M F P S T W Y V
1 I -0.82 -8.479 1.389 -3.144 -7.414 0.3 -1.166 -8.959 2.446 3.601 0.324 -8.31 1.339 1.543 -7.595 -2.961 -1.57 -2.912 2.174 2.512
2 A 1.437 2.524 0.864 -1.479 -7.639 1.425 0.116 -2.708 2.35 0.234 -3.065 0.557 -1.019 -4.668 -9.197 -0.996 0.815 -8.915 -0.79 1.326
3 A 2.55 -3.69 -0.176 -0.482 -7.35 -0.49 -1.813 1.98 0.44 -1.724 -3.521 -4.288 -2.254 -1.189 -0.872 2.272 1.564 -4.618 1.205 -2.359
4 V 2.135 -9.002 -7.082 -9.278 -4.506 -6.959 -9.271 -5.84 -5.92 4.004 -0.982 -8.698 -1.561 -2.995 -9.55 -0.647 1.032 -9.105 -8.18 4.767
5 T 0.822 0.153 0.18 0.938 -7.607 -0.016 1.251 -2.143 -1.191 -0.142 -2.495 1.204 -5.43 -3.599 -1.368 0.695 1.665 -9.077 -1.296 0.993
6 D -6.006 -8.472 -3.905 8.158 -9.12 -7.772 -4.052 -8.033 -7.452 -5.137 -10.096 -7.73 -6.201 -9.696 -7.287 -5.62 -6.077 -10.362 -9.849 -4.957
7 E 1.388 -0.796 1.417 -0.698 -7.774 2.008 2.625 -2.718 1.628 -1.479 -0.363 -2.477 -2.183 -0.808 -0.213 -2.15 -1.905 -3.007 0.158 0.807
8 A 1.071 -0.072 -1.274 -0.87 -7.679 1.246 1.241 -0.724 -0.265 -0.446 -0.11 -0.338 -2.179 -1.62 1.959 -0.2 -1.404 -1.221 -0.193 0.345
9 I 2.054 -6.974 -3.028 2.303 -7.304 -0.068 0.615 -1.301 -2.659 2.896 0.234 -8.056 -0.649 -0.96 -9.439 -1.37 -3.878 -8.911 -1.549 2.322