#Seq2Logo.py -Z on -y 0.25:2.0 -H ends -f 38081.peps -o CNYHEGGGARVAHIMYFGLSSFAIRKARVHLETT_el -I 2 --format PNG -b 50 -C 0 -l 1
Last position-specific scoring matrix computed, values are in halfbits
A R N D C Q E G H I L K M F P S T W Y V
1 I -4.557 -4.803 -4.575 -4.944 -7.513 -1.985 -1.946 -9.714 -2.567 5.03 -1.921 -5.086 -1.576 3.064 -3.878 -6.922 -6.047 1.626 4.871 2.433
2 R 1.164 3.415 -0.461 -2.055 -7.657 -0.289 0.952 -4.011 2.556 -0.533 -3.601 -0.196 -1.744 -2.422 -9.254 -1.99 1.265 -8.746 0.156 2.092
3 T 2.491 -0.563 -1.859 -2.534 -7.179 -1.2 -2.996 0.258 -0.274 -0.149 -3.254 -3.895 -1.372 -1.386 -1.363 1.956 3.302 -4.62 0.854 -0.879
4 D 1.902 -7.082 -3.721 4.311 -7.531 -3.634 -1.222 -4.357 -5.483 2.007 -0.182 -6.995 -0.406 2.557 -7.449 -2.521 -2.103 -0.1 0.022 1.087
5 E 0.084 -0.757 0.507 1.996 -7.974 -0.577 2.831 -2.326 1.334 -0.496 -5.035 1.893 -5.589 -2.508 -0.087 -1.207 1.014 -4.742 -3.048 -0.07
6 D 3.122 -4.552 -1.014 4.629 -7.623 -3.441 2.316 -4.187 -7.582 -2.493 -5.106 -3.858 -5.7 -5.727 0.244 -0.322 -0.489 -9.635 -8.928 0.011
7 E 0.745 -1.582 2.404 2.001 -8.086 1.589 3.161 -4.701 2.566 -1.882 -1.605 -3.465 -4.307 -3.156 1.26 -4.369 -3.276 -3.036 0.147 0.003
8 P 0.698 2.438 -1.878 -1.469 -7.973 0.125 1.754 -3.707 1.007 -1.399 -1.223 1.607 -7.655 -2.188 3.294 -2.314 -0.625 -3.057 -1.558 -1.31
9 A 1.722 1.398 -4.193 2.221 -7.623 0.574 1.931 -2.003 -3.229 0.935 -1.42 -3.208 0.267 -0.464 -9.309 -0.918 -3.552 -8.684 0.593 1.535