#Seq2Logo.py -Z on -y 0.25:2.0 -H ends -f 38081.peps -o CNYHEGGGARVAHIMYFAYTYYAVRTETVHLETT_el -I 2 --format PNG -b 50 -C 0 -l 1
Last position-specific scoring matrix computed, values are in halfbits
A R N D C Q E G H I L K M F P S T W Y V
1 I -0.722 -4.671 -0.968 0.676 -7.535 -0.067 1.436 -8.968 -2.051 3.824 -2.42 -6.882 -1.655 0.514 -0.616 -3.39 -1.57 -1.169 2.736 2.641
2 A 2.925 1.898 0.493 -2.994 -7.529 1.178 0.776 -3.332 2.843 -2.058 -3.912 1.1 -1.388 -6.618 -8.985 -0.163 1.087 -1.995 -1.848 -0.317
3 A 3.698 -1.13 -3.672 -1.505 -7.296 -0.494 -3.509 3.267 1.32 -5.423 -5.91 -5.192 -3.523 -1.224 -0.448 1.642 0.604 -8.83 0.139 -6.047
4 A 5.271 -8.504 -7.857 -1.532 -6.784 -8.348 -6.251 2.801 -4.263 -2.047 -5.733 -7.946 -7.813 -1.928 -7.082 1.61 -1.669 -3.062 -5.135 -0.38
5 E 1.074 0.361 -1.059 0.789 -7.709 1.432 1.808 -3.149 0.445 -0.347 -3.462 1.941 -2.746 -4.748 -1.749 -0.262 0.673 -9.116 -1.875 1.266
6 A 4.659 -8.583 -4.884 1.252 -6.837 -8.426 -6.182 -4.905 -8.305 -0.085 -4.806 -8.023 -5.401 -8.424 2.664 -0.233 0.379 -9.545 -6.444 2.583
7 A 2.764 -0.167 2.298 -0.313 -7.679 2.442 2.269 -4.207 2.563 -1.898 -3.169 -3.424 -5.541 -4.159 -0.726 0.057 -2.256 -3.058 -2.579 -0.522
8 P 1.303 2.475 -1.673 -2.75 -7.913 -0.45 1.13 -1.288 -1.586 -1.425 -2.29 0.77 -5.603 -2.839 4.379 -1.996 -0.993 -4.752 -1.05 -2.405
9 A 3.673 -5.184 -1.645 2.579 -3.407 -1.86 1.353 -1.239 -7.804 0.574 -3.23 -7.714 -2.733 -4.105 -5.292 0.702 -1.523 -9.245 -3.089 1.857