#Seq2Logo.py -Z on -y 0.25:2.0 -H ends -f 38081.peps -o CNYHQGGGARVAHIMYFGGTHYDVGASRVHVAGI_el -I 2 --format PNG -b 50 -C 0 -l 1
Last position-specific scoring matrix computed, values are in halfbits
A R N D C Q E G H I L K M F P S T W Y V
1 I -3.163 -9.073 -1.035 -5.565 -7.129 -1.508 -4.077 -9.608 -2.164 5.423 0.725 -8.895 2.002 0.059 -6.439 -5.588 -2.988 -2.963 0.749 3.377
2 R 1.164 3.357 -0.324 -3.353 -7.711 0.593 0.349 -4.342 2.011 -0.035 -1.86 1.664 -4.174 -3.54 -9.215 -1.113 0.357 -8.78 0.151 1.324
3 A 2.826 -0.836 -1.452 -1.883 -3.447 -0.344 -2.773 2.055 -0.546 0.201 -2.78 -3.586 -1.383 -0.313 -1.372 1.545 0.677 -1.951 1.424 -2.134
4 F 0.67 -9.115 -9.28 -5.008 -7.618 -5.86 -6.763 -7.71 -1.544 1.58 -0.801 -9.11 -0.93 5.634 -10.276 -5.083 -4.431 4.445 5.101 1.56
5 K 0.473 0.26 0.059 0.857 -7.717 0.987 0.775 -1.996 0.444 0.318 -2.47 1.934 -1.363 -2.441 -1.97 -1.002 1.017 -8.917 -0.384 1.165
6 D 1.867 -8.535 -0.654 6.343 -7.78 -6.477 -4.96 -5.037 -7.837 0.388 -5.753 -7.935 -4.386 -8.778 -1.757 -1.977 -0.981 -9.851 -9.15 1.609
7 E 0.958 1.003 2.504 1.022 -7.976 2.439 1.572 -5.126 2.938 -1.696 -1.307 -2.046 -3.412 -2.773 0.705 -2.305 -2.986 -4.672 0.153 0.01
8 P 0.406 1.835 -0.331 -1.489 -7.891 0.887 0.345 -0.626 1.476 -1.225 -0.374 1.15 -1.03 -2.159 2.789 -2.011 -0.995 -3.043 -1.025 -0.935
9 A 4.412 -5.811 -1.44 -2.275 -2.481 1.401 -1.504 2.638 -0.285 -2.479 -4.727 -6.551 -3.464 -8.727 -7.113 1.808 -1.212 -9.31 -8.666 -0.497