#Seq2Logo.py -Z on -y 0.25:2.0 -H ends -f 38081.peps -o CNYHQGGGARVAHIMFFGLTYYDVRTETVHLETT_el -I 2 --format PNG -b 50 -C 0 -l 1
Last position-specific scoring matrix computed, values are in halfbits
A R N D C Q E G H I L K M F P S T W Y V
1 I 0.401 -3.301 2.779 0.087 -7.599 2.189 1.7 -6.392 -0.843 3.016 -0.794 -3.884 -0.398 -3.493 -3.778 -2.019 -1.715 -4.692 -1.28 1.562
2 A 3.125 2.526 -0.45 -4.076 -7.457 0.246 -0.14 -2.106 3.181 -1.528 -4.377 1.038 -1.043 -8.366 -8.99 -0.163 1.15 -9.012 -1.851 -0.049
3 A 3.905 -0.21 -2.65 -3.084 -7.39 0.437 -3.523 3.785 0.822 -5.437 -6.985 -4.254 -1.843 -2.179 0.532 -0.083 -2.28 -8.827 0.578 -4.185
4 A 5.471 -8.366 -6.532 -5.974 -4.416 -6.551 -8.284 -1.839 -8.144 -0.534 -4.281 -7.855 -4.203 -4.745 -8.676 2.663 0.404 -9.274 -8.535 1.089
5 K 1.527 -0.613 -2.649 -0.363 -7.548 1.343 0.839 -2.514 -0.016 -0.013 -1.958 2.734 -1.346 -4.7 -3.014 -0.703 0.279 -9.086 -2.213 2.016
6 V 3.633 -8.835 -5.841 -1.098 -6.761 -6.833 -7.385 -7.079 -8.724 2.486 -1.932 -8.394 -3.969 -7.842 1.4 -2.298 0.896 -9.382 -8.497 4.239
7 A 3.648 1.663 1.567 -1.289 -7.547 2.91 0.651 -2.836 3.022 -2.728 -3.53 -2.626 -4.296 -4.758 -3.005 -0.968 -2.95 -4.696 -1.269 -0.827
8 A 2.323 1.722 -1.471 -4.092 -7.658 0.687 0.698 -1.152 -0.858 -1.092 -1.124 1.328 -2.221 -5.581 3.112 -1.979 -0.616 -4.76 -3.077 -0.924
9 A 4.947 -8.102 -0.179 -0.727 -4.597 -0.333 -1.796 2.044 -7.702 -4.807 -6.958 -7.567 -4.392 -8.881 -8.696 2.968 -3.392 -9.393 -8.833 -2.753