#Seq2Logo.py -Z on -y 0.25:2.0 -H ends -f 38081.peps -o CNYHEGGGARVAHIMYFAYTYYDVRTETVHLETT_el -I 2 --format PNG -b 50 -C 0 -l 1
Last position-specific scoring matrix computed, values are in halfbits
A R N D C Q E G H I L K M F P S T W Y V
1 E 0.52 -2.996 0.273 2.138 -7.83 1.577 3.04 -5.765 -0.83 1.845 -2.439 -4.641 -3.35 -0.624 -0.339 -3.548 -1.736 -2.999 1.098 1.337
2 A 3.004 1.613 -0.307 -3.67 -7.458 1.084 -0.515 -0.894 2.93 -2.476 -5.335 1.444 -0.466 -6.635 -8.946 0.469 1.449 -8.996 -1.55 -0.607
3 G 3.756 -0.211 -3.699 -4.14 -7.426 -0.495 -2.562 4.188 1.319 -6.233 -7.09 -3.56 -3.561 -2.497 0.341 0.53 -2.492 -8.914 -0.037 -6.962
4 A 5.524 -8.539 -7.834 -5.234 -6.804 -8.375 -7.183 4.16 -8.115 -6.037 -7.724 -7.926 -8.166 -5.721 -7.057 1.11 -3.799 -9.328 -8.946 -3.205
5 A 1.609 0.536 -1.257 -0.605 -7.577 1.656 0.571 -1.83 -0.538 0.064 -1.751 2.027 -2.706 -4.659 -2.717 -0.349 0.193 -4.681 -0.39 1.429
6 A 4.544 -8.696 -5.795 -3.507 -6.71 -8.614 -8.611 -5.451 -8.54 0.99 -5.306 -8.173 -7.165 -8.225 2.793 -0.326 0.126 -9.509 -8.604 3.668
7 A 3.527 0.338 1.35 -2.219 -7.461 2.38 1.254 -2.839 3.102 -1.701 -3.51 -2.662 -5.496 -5.543 -1.955 -0.011 -1.535 -4.71 -1.848 -0.055
8 P 1.766 2.047 -1.882 -2.048 -7.723 0.47 0.766 -1.155 -3.255 -1.398 -1.699 1.032 -4.295 -2.849 3.434 -0.994 0.515 -9.327 -3.618 -1.566
9 A 4.706 -5.868 0.489 -1.159 -4.586 -2.762 -1.98 1.52 -4.183 -2.682 -5.372 -7.676 -4.331 -8.685 -7.063 2.689 -0.918 -9.376 -8.752 0.043