#Seq2Logo.py -Z on -y 0.25:2.0 -H ends -f 38081.peps -o CNYHEGGGARVAHIMFFGLTYYDVRTETVHVAGI_el -I 2 --format PNG -b 50 -C 0 -l 1
Last position-specific scoring matrix computed, values are in halfbits
A R N D C Q E G H I L K M F P S T W Y V
1 N 0.96 -7.886 4.528 -2.204 -7.506 2.307 -0.07 -7.057 -1.171 2.143 0.371 -6.582 1.452 -5.292 -7.41 -1.851 -1.097 -9.053 -2.209 1.253
2 A 2.795 1.945 -0.18 -2.469 -7.473 0.591 1.08 -2.111 2.748 -2.041 -4.643 0.159 0.241 -4.758 -8.989 0.064 1.717 -9.05 -3.021 0.032
3 G 3.834 -2.52 -3.31 -3.757 -7.343 -0.357 -4.607 4.623 -0.875 -5.476 -6.449 -6.692 -1.855 -2.197 -0.086 0.47 -1.896 -8.93 -0.221 -5.509
4 A 5.119 -8.496 -8.209 -8.561 -4.422 -8.408 -8.482 -3.76 -8.307 0.758 -3.926 -8.023 -4.113 -1.883 -8.826 2.109 0.848 -9.169 -8.315 2.53
5 V 1.484 -0.905 -1.883 -0.144 -7.482 0.983 0.833 -3.418 0.629 0.363 -1.614 2.194 -1.712 -3.565 -3.741 -1.114 0.105 -9.074 -2.587 2.674
6 V 2.624 -9.051 -8.929 0.287 -6.843 -9.004 -6.553 -7.403 -8.905 3.879 0.345 -8.687 0.347 -6.051 -0.612 -4.887 -1.541 -9.23 -8.363 4.251
7 A 3.119 2.295 1.11 -5.015 -7.644 3.052 1.084 -3.919 2.757 -2.448 -1.782 -2.201 -1.757 -1.877 -2.447 -2.62 -3.55 -4.634 0.161 -0.142
8 A 1.914 1.415 -2.682 -2.05 -7.668 1.078 1.405 -1.835 -1.198 -0.573 -0.641 0.762 -1.364 -4.705 2.524 -1.113 -1.405 -3.055 -1.296 -0.13
9 A 4.88 -8.142 -0.593 -0.14 -6.943 0.205 -1.644 2.0 -5.441 -2.087 -6.276 -7.613 -3.482 -8.784 -7.059 2.217 -2.406 -9.378 -8.799 -1.396