#Seq2Logo.py -Z on -y 0.25:2.0 -H ends -f 38081.peps -o CNYHEGGGARVAHIMYFGLSSFAIRKATVHLETT_el -I 2 --format PNG -b 50 -C 0 -l 1
Last position-specific scoring matrix computed, values are in halfbits
A R N D C Q E G H I L K M F P S T W Y V
1 I -3.932 -6.165 -4.545 -4.408 -7.528 -0.554 -1.934 -9.619 -0.838 4.809 -2.295 -6.357 -1.22 3.284 -4.883 -5.6 -3.974 0.759 4.872 2.391
2 R 1.212 3.185 -0.748 -1.839 -7.69 0.485 1.356 -4.727 2.557 -0.78 -2.909 0.64 -1.746 -3.569 -9.194 -1.451 1.016 -8.877 -0.785 1.753
3 T 2.371 -2.026 -1.628 -2.283 -7.176 -2.76 -2.354 0.473 0.431 -0.475 -4.352 -4.716 -1.386 -1.182 -1.186 2.471 3.476 -1.964 0.856 -1.799
4 I 1.978 -8.744 -5.604 3.3 -7.288 -2.508 -1.254 -6.442 -5.618 3.099 0.196 -8.354 -0.125 1.739 -9.554 -2.2 -1.902 -0.608 -2.13 2.327
5 E -0.202 -0.375 0.195 2.146 -7.961 0.009 2.801 -2.325 1.015 -1.245 -4.73 1.701 -5.585 -2.835 -1.029 -0.261 0.95 -4.727 -1.873 0.317
6 D 2.085 -5.84 -2.197 5.798 -7.907 -4.478 2.252 -5.518 -7.558 -2.517 -5.16 -5.15 -5.774 -6.956 -0.87 -1.304 0.186 -9.752 -9.096 -0.261
7 E 1.249 -1.981 1.357 2.423 -7.985 1.262 2.985 -3.975 2.659 -1.54 -2.032 -3.804 -3.449 -3.162 1.332 -3.5 -2.1 -1.996 -0.193 0.089
8 P 0.752 2.05 -1.458 -1.002 -7.991 0.477 1.562 -2.532 1.33 -1.721 -0.973 1.216 -7.676 -2.478 3.63 -2.321 -2.105 -3.054 -0.8 -1.317
9 D 2.089 -1.11 -4.651 3.415 -7.723 0.889 2.733 -0.927 -2.563 0.049 -2.103 -3.223 -1.377 -1.41 -7.284 -1.224 -4.721 -8.917 -0.205 1.049