#Seq2Logo.py -Z on -y 0.25:2.0 -H ends -f 38081.peps -o CNYHQGGGARVAHIMFFGLTYYAVGTETVHVAGI_el -I 2 --format PNG -b 50 -C 0 -l 1
Last position-specific scoring matrix computed, values are in halfbits
A R N D C Q E G H I L K M F P S T W Y V
1 N 1.3 -8.027 4.625 -2.212 -7.389 1.48 -0.766 -7.017 -3.222 2.852 -0.301 -7.75 0.848 -6.326 -9.419 -1.004 -0.955 -9.214 -5.095 1.751
2 A 2.569 1.549 -0.054 -1.806 -7.566 1.181 1.803 -2.29 2.351 -1.537 -3.909 0.632 -1.389 -4.767 -8.98 -0.58 1.865 -9.049 -2.584 -0.503
3 G 3.659 -2.519 -2.366 -3.403 -7.357 -0.673 -4.216 4.352 -1.216 -4.863 -5.917 -5.904 -2.309 -1.658 0.134 0.529 -1.253 -3.015 0.575 -3.558
4 A 4.894 -8.512 -8.233 -8.594 -4.414 -8.428 -8.516 -5.887 -8.39 0.985 -4.373 -8.053 -5.203 -5.424 -8.856 2.035 1.415 -9.26 -8.455 3.252
5 V 0.763 0.172 -2.654 -0.039 -7.555 1.341 0.64 -4.745 -0.274 0.74 -2.049 2.627 -1.714 -3.148 -4.697 -1.458 1.209 -9.059 -2.59 2.403
6 V 2.417 -9.138 -9.401 -4.974 -6.759 -4.959 -7.766 -8.913 -9.092 4.438 0.659 -8.832 0.164 -7.224 -1.594 -7.358 -1.877 -9.157 -8.28 4.527
7 A 2.97 1.944 1.191 -4.024 -7.675 3.274 1.311 -4.632 3.189 -1.684 -1.778 -2.622 -1.752 -2.132 -5.333 -2.625 -3.553 -1.964 0.468 -0.139
8 A 1.878 1.605 -2.123 -1.475 -7.71 1.171 1.61 -0.716 -2.575 -0.944 -1.036 1.154 -3.393 -5.529 2.018 -1.454 -1.258 -4.731 -1.583 0.109
9 A 3.994 -8.132 -2.913 2.706 -7.278 0.095 1.663 1.306 -4.154 -1.09 -5.013 -7.563 -2.802 -6.791 -5.263 0.823 -3.191 -9.394 -6.479 0.413