#Seq2Logo.py -Z on -y 0.25:2.0 -H ends -f 38081.peps -o CNYHQGGGARVAHIMYFGLTYYAVRTETVHLETT_el -I 2 --format PNG -b 50 -C 0 -l 1
Last position-specific scoring matrix computed, values are in halfbits
A R N D C Q E G H I L K M F P S T W Y V
1 I -2.265 -4.238 0.9 -2.14 -7.39 -0.534 -0.306 -7.747 -2.088 5.219 -1.614 -6.2 0.34 0.638 -5.513 -4.637 -3.267 -1.92 2.162 2.541
2 A 1.839 2.935 0.171 -2.494 -7.657 0.484 0.276 -4.301 3.101 -0.455 -3.262 1.505 -1.755 -4.691 -9.134 -1.439 1.145 -8.916 -1.014 0.933
3 A 2.985 -1.292 -1.25 -2.535 -7.287 -1.014 -3.836 2.393 0.822 -1.108 -4.678 -5.227 -1.405 -0.812 -0.587 1.799 1.561 -2.992 1.095 -1.995
4 A 3.243 -8.696 -4.332 1.178 -6.991 -4.185 -3.894 -3.657 -3.369 2.499 -1.537 -8.315 -2.604 1.178 -9.33 0.375 -0.168 -0.603 -0.165 2.887
5 K 0.594 -0.036 -0.17 1.879 -7.786 0.367 1.421 -3.146 0.83 -0.154 -4.376 2.201 -3.426 -3.641 -0.728 -0.184 0.672 -3.067 -3.052 1.042
6 D 2.679 -8.413 -1.0 5.489 -7.503 -6.435 -2.205 -7.852 -7.872 -0.562 -4.408 -6.729 -5.602 -8.721 -0.325 -0.679 1.212 -9.729 -9.009 1.47
7 A 2.22 -0.284 2.649 0.641 -7.818 2.549 1.62 -3.919 2.247 -2.073 -1.318 -2.671 -7.661 -3.195 1.536 -2.12 -2.973 -4.73 -1.858 -0.728
8 P 1.017 1.722 -1.464 -1.654 -7.877 0.473 1.301 -2.725 0.438 -0.965 -1.13 1.328 -5.485 -2.817 3.661 -1.467 -1.734 -3.065 -1.566 -0.721
9 A 3.053 -3.671 -4.568 3.742 -4.869 1.074 2.115 0.187 -2.035 -0.601 -4.711 -6.431 -2.262 -5.578 -8.997 0.922 -4.646 -9.217 -1.597 0.105