#Seq2Logo.py -Z on -y 0.25:2.0 -H ends -f 38081.peps -o CNYHQGGGARVAHIMYFGGTHYVVGASRVHVAGI_el -I 2 --format PNG -b 50 -C 0 -l 1
Last position-specific scoring matrix computed, values are in halfbits
A R N D C Q E G H I L K M F P S T W Y V
1 I -3.883 -9.318 -3.646 -9.764 -7.037 -2.953 -7.996 -9.844 -1.319 5.981 0.656 -9.145 1.653 -0.679 -7.77 -5.663 -5.257 -2.988 -0.546 3.563
2 R 1.017 3.325 -0.458 -3.332 -7.781 1.0 1.08 -4.006 2.012 -0.139 -2.343 1.666 -3.361 -3.13 -9.212 -1.46 0.097 -4.647 -0.013 1.215
3 A 2.575 -0.207 -1.665 -2.814 -4.761 -0.658 -3.537 0.908 0.215 0.911 -2.194 -2.771 0.043 -0.621 -0.733 1.868 0.452 -1.201 0.983 -0.66
4 F -1.257 -9.104 -9.416 -5.671 -7.531 -4.322 -4.898 -9.53 -4.035 2.514 1.364 -9.109 1.053 4.811 -10.323 -5.617 -4.418 3.007 5.093 1.852
5 K 0.412 0.626 0.694 1.291 -7.847 -0.004 1.47 -1.408 0.232 -0.829 -3.135 2.286 -3.432 -2.188 -0.876 -0.89 1.144 -9.094 -1.871 0.254
6 D 1.898 -8.42 -0.324 7.038 -8.193 -5.348 -3.372 -1.93 -7.579 -4.902 -9.303 -7.755 -4.584 -9.326 -2.192 -3.002 -3.581 -10.039 -9.452 -0.898
7 E 0.634 0.848 2.787 0.724 -8.003 2.01 2.066 -5.142 2.137 -1.091 -1.489 -2.242 -2.759 -1.884 1.258 -3.052 -2.508 -3.029 -0.013 0.013
8 P -0.133 0.608 -0.333 -1.485 -7.851 0.465 0.826 -0.946 1.476 -0.461 0.113 1.259 -3.359 -2.425 2.658 -1.024 -0.991 -1.988 -0.018 -0.407
9 A 3.151 -5.259 -4.949 -1.547 -2.476 -0.215 -0.578 0.838 -1.669 1.844 -0.169 -6.881 -0.385 -3.082 -7.351 -0.621 -2.058 -9.069 -4.225 3.114