#Seq2Logo.py -Z on -y 0.25:2.0 -H ends -f 38081.peps -o CNYHEGGGARVAHIMFFGLTHYDVGTETVHVAGI_el -I 2 --format PNG -b 50 -C 0 -l 1
Last position-specific scoring matrix computed, values are in halfbits
A R N D C Q E G H I L K M F P S T W Y V
1 I 0.144 -7.951 3.983 -2.997 -7.474 2.99 -0.758 -8.383 -0.533 3.476 -1.087 -7.697 0.682 -3.945 -9.51 -1.734 -1.097 -8.962 -1.275 2.015
2 A 2.259 2.154 -0.063 -3.32 -7.583 1.262 0.835 -2.688 2.842 -0.691 -3.094 0.772 -1.029 -3.576 -9.093 -0.88 1.328 -4.665 -0.782 0.345
3 A 3.322 -3.041 -2.346 -4.594 -7.226 -0.662 -3.261 3.213 -0.555 -4.77 -4.761 -5.239 -3.492 -1.015 -0.582 1.805 2.103 -8.749 0.583 -2.998
4 V 3.054 -8.969 -8.947 -9.225 -4.516 -6.94 -7.64 -5.748 -5.857 3.923 -0.922 -8.638 -2.489 0.252 -9.485 -0.375 0.118 -3.029 -6.034 4.097
5 V 0.652 -0.042 -0.597 0.533 -7.603 0.473 1.021 -3.168 0.219 0.867 -3.041 2.154 -2.705 -2.781 -3.358 -0.705 1.148 -9.047 -1.863 2.059
6 D 0.634 -8.711 -3.566 5.845 -7.611 -8.304 -2.412 -8.401 -8.143 1.876 -1.821 -8.164 -4.178 -8.258 -2.468 -3.557 -1.118 -9.681 -8.923 3.209
7 A 2.252 2.149 0.771 -2.023 -7.822 3.274 1.365 -3.389 3.419 -1.696 -0.725 -3.104 -3.371 -2.432 -0.736 -2.647 -3.912 -3.008 0.163 -0.823
8 A 1.437 1.285 -1.278 -2.754 -7.726 1.938 1.133 -1.289 -1.191 -1.35 -0.18 0.546 -2.191 -3.58 2.57 -1.587 -0.858 -3.045 -0.807 -0.137
9 A 4.648 -6.658 -2.339 -0.03 -4.665 2.06 -0.42 2.036 -3.268 -2.751 -5.84 -6.457 -3.482 -6.846 -8.784 2.001 -2.643 -9.315 -6.449 -2.002