#Seq2Logo.py -Z on -y 0.25:2.0 -H ends -f 38081.peps -o CNYHEGGGARVAHIMFFGGTYYDIEDSTVHLETT_el -I 2 --format PNG -b 50 -C 0 -l 1
Last position-specific scoring matrix computed, values are in halfbits
A R N D C Q E G H I L K M F P S T W Y V
1 I -3.672 -5.378 -2.548 -4.389 -7.565 -0.55 -1.471 -9.561 -1.171 4.204 -0.84 -8.703 0.128 3.49 -4.334 -6.152 -4.835 0.762 4.904 2.38
2 R 1.56 3.949 -0.746 -4.084 -7.81 -0.269 0.499 -4.324 2.562 -1.085 -3.885 1.961 -2.752 -4.05 -9.158 -1.838 0.809 -3.0 0.731 0.404
3 A 3.225 0.114 -2.106 -2.307 -7.321 -1.201 -3.825 1.979 0.824 -0.98 -4.393 -2.754 -0.472 -0.993 0.026 1.592 0.604 -1.204 1.096 -2.736
4 A 2.497 -8.644 -5.867 -2.932 -7.381 -2.233 -3.656 -4.786 1.606 1.923 -0.837 -3.461 -0.653 4.011 -9.797 -2.217 -2.317 5.582 2.133 1.414
5 K 0.218 1.573 -0.889 0.268 -7.947 1.593 0.138 -1.994 1.624 -1.094 -3.316 3.424 -4.277 -3.195 -0.328 -1.985 0.589 -9.026 -1.029 0.248
6 A 3.828 -5.959 -0.911 2.772 -7.035 -5.481 -3.769 -5.439 -4.262 0.939 -4.815 -5.321 -3.383 -6.639 0.964 0.208 1.671 -9.509 -8.695 1.949
7 R 1.553 2.934 2.02 -0.114 -8.084 2.502 0.789 -3.381 4.663 -3.61 -1.83 -0.592 -4.309 -5.526 -0.211 -3.037 -3.925 -8.959 -0.77 -1.763
8 P 1.118 2.347 -0.327 -3.693 -7.879 0.359 -0.235 -0.423 2.121 -1.724 -1.601 1.851 -2.243 -3.672 3.33 -1.225 -1.567 -9.342 -5.072 -1.19
9 A 3.89 -2.713 -1.603 1.597 -7.268 1.245 0.505 2.07 -2.59 -3.943 -5.904 -4.611 -5.668 -6.895 -6.025 2.408 -3.77 -9.397 -8.787 -0.947