#Seq2Logo.py -Z on -y 0.25:2.0 -H ends -f 38081.peps -o CNYHEGGGARVAHIMYFGLTYYVVRTETVHVAGI_el -I 2 --format PNG -b 50 -C 0 -l 1
Last position-specific scoring matrix computed, values are in halfbits
A R N D C Q E G H I L K M F P S T W Y V
1 I -0.812 -8.565 1.598 -3.461 -7.258 -0.086 -0.929 -8.967 0.407 4.314 0.587 -8.338 1.744 0.147 -6.342 -2.398 -0.851 -8.664 -0.985 2.726
2 R 1.304 2.612 1.035 -2.482 -7.677 1.262 0.569 -2.511 2.351 -0.137 -2.471 0.909 -0.44 -4.682 -9.191 -0.997 0.67 -8.943 -1.272 1.108
3 A 2.909 -4.1 -1.241 -1.674 -7.31 0.322 -2.542 2.463 -0.009 -1.906 -3.329 -4.726 -1.797 -0.324 -1.746 2.238 1.278 -2.982 1.318 -3.762
4 V 1.653 -9.035 -9.007 -9.345 -4.545 -6.992 -9.332 -7.484 -8.818 3.785 -0.9 -8.772 -0.585 1.361 -9.65 -0.476 0.895 -4.633 -3.438 4.604
5 E 0.653 -0.277 0.29 1.599 -7.647 0.36 1.758 -3.673 -0.846 -0.332 -2.486 0.889 -5.411 -1.899 -2.443 0.117 1.502 -9.064 -1.868 1.522
6 D -3.73 -8.486 -3.552 7.884 -8.841 -7.819 -2.981 -8.086 -7.531 -2.189 -6.746 -7.772 -4.634 -9.429 -6.157 -5.148 -3.319 -10.234 -9.681 -2.002
7 E 1.204 -0.409 1.559 -0.214 -7.847 2.139 2.887 -3.422 1.021 -1.334 0.171 -2.927 -4.164 -0.63 -0.74 -2.857 -2.511 -1.964 0.602 0.337
8 E 0.647 0.511 -1.676 -1.484 -7.722 0.979 1.603 -1.706 0.437 -0.438 0.01 -0.138 -2.172 -1.394 2.28 -0.819 -0.986 -3.025 -0.191 0.623
9 I 1.874 -8.563 -6.619 2.301 -7.275 -0.673 0.874 -1.717 -3.366 3.1 0.497 -8.142 -0.636 -0.775 -9.484 -1.898 -3.547 -8.928 -2.189 2.639