#Seq2Logo.py -Z on -y 0.25:2.0 -H ends -f 38081.peps -o CNYHQGGGARVAHIMYFAYTYYDVRTEAVHLETT_el -I 2 --format PNG -b 50 -C 0 -l 1
Last position-specific scoring matrix computed, values are in halfbits
A R N D C Q E G H I L K M F P S T W Y V
1 E 0.273 -0.305 0.572 0.862 -7.765 1.725 2.518 -4.795 -0.528 2.348 -2.036 -2.722 -3.309 -1.364 -0.893 -3.323 -2.293 -2.997 1.098 1.731
2 A 3.126 2.35 -0.309 -4.515 -7.477 0.698 -0.416 -1.368 2.93 -2.079 -4.686 1.503 -0.465 -8.466 -8.945 0.275 1.274 -9.04 -2.197 -1.287
3 A 3.794 -0.211 -2.949 -3.077 -7.414 -0.496 -3.254 3.994 1.61 -7.136 -7.823 -3.891 -3.557 -1.451 0.532 0.405 -1.896 -8.921 -0.394 -5.537
4 A 5.535 -8.45 -6.407 -4.174 -6.746 -8.282 -6.248 3.455 -8.058 -5.979 -8.626 -7.854 -8.082 -4.875 -5.97 1.973 -2.637 -9.326 -8.846 -2.527
5 A 1.568 0.621 -1.651 0.065 -7.56 1.422 0.429 -1.987 -1.199 0.248 -1.744 2.115 -2.176 -4.683 -2.445 -0.435 0.014 -9.04 -1.293 1.716
6 A 4.33 -8.735 -5.036 -2.894 -6.733 -8.661 -8.653 -5.499 -8.59 1.002 -4.629 -8.225 -7.102 -8.173 2.834 -1.083 0.379 -9.508 -8.594 3.952
7 A 3.65 0.339 1.276 -1.804 -7.467 2.381 1.364 -3.559 3.184 -2.074 -2.83 -2.658 -4.282 -5.564 -1.545 0.064 -2.055 -4.72 -2.571 -0.817
8 P 1.841 2.296 -1.265 -2.046 -7.77 0.358 0.495 -1.034 -2.584 -2.74 -2.163 1.276 -3.465 -3.688 3.694 -0.993 -0.089 -9.388 -3.629 -1.587
9 A 4.881 -5.859 0.173 -0.603 -4.578 -2.433 -2.146 1.378 -5.452 -2.962 -5.053 -7.644 -5.598 -8.733 -7.038 2.748 -0.917 -9.386 -8.778 -1.02