#Seq2Logo.py -Z on -y 0.25:2.0 -H ends -f 38081.peps -o CNYHEGGGARVAHIMYFGLTYYDIEDSTVHLETT_el -I 2 --format PNG -b 50 -C 0 -l 1
Last position-specific scoring matrix computed, values are in halfbits
A R N D C Q E G H I L K M F P S T W Y V
1 I -2.981 -2.54 0.11 -1.93 -7.611 0.418 0.14 -9.261 -0.528 4.283 -1.563 -6.12 0.322 2.37 -5.517 -3.986 -4.789 -0.529 3.956 2.113
2 R 1.837 3.546 0.054 -4.556 -7.686 0.484 -0.325 -4.689 3.103 -1.349 -3.45 1.289 -0.724 -4.639 -9.163 -1.695 1.205 -4.633 0.459 0.807
3 A 3.272 -0.439 -1.257 -3.392 -7.3 -0.195 -3.823 2.137 0.435 -1.255 -4.677 -3.268 -1.059 -0.332 -0.086 1.594 0.823 -2.997 0.728 -2.536
4 A 3.462 -8.685 -3.896 -0.423 -7.013 -2.856 -3.332 -5.122 -1.254 2.965 -1.152 -7.062 -0.647 2.088 -9.407 -0.448 -0.841 1.313 0.032 2.142
5 K 0.287 0.887 -0.885 0.458 -7.903 1.185 1.264 -2.514 1.482 -0.484 -3.916 3.193 -3.429 -3.645 -0.587 -0.701 0.594 -4.724 -2.207 0.177
6 D 3.171 -5.983 -0.724 4.316 -7.253 -8.164 -2.467 -7.863 -5.552 0.652 -5.56 -7.91 -2.761 -8.517 0.712 -0.676 1.56 -9.619 -8.839 2.103
7 A 2.252 1.665 2.351 -0.004 -7.912 2.864 1.208 -4.254 3.833 -2.998 -2.169 -2.207 -5.542 -4.756 0.877 -2.813 -3.562 -9.046 -1.013 -1.079
8 P 1.76 2.479 -0.923 -3.041 -7.873 0.357 0.27 -1.282 2.003 -1.733 -1.412 1.333 -5.537 -2.845 3.693 -2.474 -2.101 -4.761 -3.571 -1.884
9 A 4.219 -2.98 -1.213 1.933 -7.261 1.575 0.91 1.266 -2.037 -4.83 -7.739 -4.582 -4.404 -6.908 -7.074 2.177 -4.136 -9.381 -6.458 -1.88