#Seq2Logo.py -Z on -y 0.25:2.0 -H ends -f 38081.peps -o CNYHEGGGARVAHIMFFGLTYYDVRTETVHLETT_el -I 2 --format PNG -b 50 -C 0 -l 1
Last position-specific scoring matrix computed, values are in halfbits
A R N D C Q E G H I L K M F P S T W Y V
1 I -0.38 -2.75 1.545 0.438 -7.591 1.56 1.393 -7.438 -0.845 3.505 -1.167 -5.271 -0.384 -0.745 -3.8 -3.359 -2.09 -2.969 1.723 2.134
2 A 2.655 2.817 -0.453 -4.084 -7.499 0.799 -0.14 -3.626 2.455 -1.069 -4.341 1.103 -1.033 -4.708 -9.042 -0.248 1.331 -8.924 -1.02 0.621
3 A 3.96 -0.571 -2.112 -3.085 -7.321 0.071 -3.531 3.63 -0.554 -5.372 -6.345 -3.9 -2.294 -0.507 -0.203 0.068 -0.727 -8.8 0.137 -3.268
4 A 5.153 -8.563 -8.268 -3.847 -4.464 -6.67 -6.334 -1.081 -8.276 1.211 -2.981 -8.078 -4.118 -0.488 -8.902 1.472 -0.567 -4.71 -6.194 1.925
5 K 1.397 -0.035 -1.445 0.168 -7.581 0.586 0.9 -3.156 0.637 0.077 -1.74 2.516 -1.347 -3.572 -3.735 -0.437 -0.081 -9.021 -1.558 1.891
6 A 3.732 -8.699 -2.451 1.04 -6.843 -6.729 -5.085 -8.035 -8.49 2.132 -3.834 -8.228 -3.262 -8.044 1.037 -1.962 1.564 -9.433 -8.581 3.741
7 A 3.566 1.149 1.765 -1.621 -7.582 3.006 1.031 -3.064 2.755 -3.256 -2.548 -2.418 -4.29 -4.756 -1.027 -1.415 -3.227 -3.043 -1.271 -1.177
8 A 2.193 1.836 -1.673 -3.686 -7.71 0.89 0.955 -0.815 -2.049 -0.969 -1.798 1.33 -3.43 -4.182 3.295 -1.98 -0.857 -4.768 -3.619 -0.931
9 A 4.906 -5.772 -0.179 -0.128 -4.634 0.67 -0.424 1.662 -4.131 -6.016 -6.96 -5.721 -3.509 -8.908 -7.032 2.417 -3.416 -9.388 -8.791 -2.556