#Seq2Logo.py -Z on -y 0.25:2.0 -H ends -f 38081.peps -o CNYHEGGGARVAHIMFFGLTYYVVRTETVHVGGI_el -I 2 --format PNG -b 50 -C 0 -l 1
Last position-specific scoring matrix computed, values are in halfbits
A R N D C Q E G H I L K M F P S T W Y V
1 I -2.133 -8.604 2.039 -5.356 -7.57 -0.701 -2.655 -9.099 2.129 3.487 0.111 -8.515 1.336 3.228 -10.012 -4.618 -2.118 -1.823 3.963 1.812
2 R 1.438 2.692 0.686 -1.642 -7.666 1.508 0.837 -2.321 3.016 -0.681 -2.105 -0.397 -1.75 -4.108 -9.172 -0.695 1.146 -9.027 -3.008 0.872
3 A 3.364 -5.178 -2.936 -1.031 -7.289 -1.019 -3.252 3.29 0.821 -2.756 -3.747 -4.766 -1.815 -1.002 -1.364 1.8 0.604 -8.666 1.09 -3.789
4 V 2.455 -8.93 -8.854 -9.197 -4.517 -5.743 -9.161 -7.322 -5.854 3.545 -1.439 -8.626 -1.216 0.371 -9.495 0.089 1.033 -8.892 -4.914 4.534
5 V 0.419 -0.28 -0.184 0.861 -7.616 0.79 1.563 -2.718 -0.541 0.568 -2.331 0.82 -5.358 -1.882 -2.448 0.316 1.212 -8.97 -1.03 1.67
6 D -1.257 -8.557 -3.686 7.406 -8.403 -7.962 -2.845 -8.168 -7.702 -0.184 -3.596 -7.891 -3.573 -8.99 -5.356 -4.403 -3.607 -10.042 -9.421 0.513
7 E 1.339 0.04 1.557 -1.613 -7.872 2.605 2.693 -3.701 2.139 -2.192 0.117 -3.462 -2.694 -0.019 -1.57 -4.078 -2.751 -2.959 1.729 0.184
8 E 0.703 0.127 -2.144 -1.489 -4.917 0.568 1.647 -0.733 0.216 0.563 -0.158 -1.027 -0.7 -0.99 2.176 -1.024 -0.737 -1.984 -0.573 0.429
9 I 1.798 -7.065 -5.677 2.157 -7.252 -1.668 0.805 -2.375 -3.373 3.349 0.308 -8.214 0.513 -0.766 -7.46 -2.726 -3.888 -8.877 -1.543 2.864