#Seq2Logo.py -Z on -y 0.25:2.0 -H ends -f 38081.peps -o CNYHQGGGARVAHIMYFGLTYYVVRTETVHVAGI_el -I 2 --format PNG -b 50 -C 0 -l 1
Last position-specific scoring matrix computed, values are in halfbits
A R N D C Q E G H I L K M F P S T W Y V
1 I -0.457 -8.542 2.266 -3.807 -7.2 0.048 -1.049 -7.536 -1.658 4.439 1.025 -8.304 2.203 -3.362 -9.752 -3.159 -0.725 -8.956 -3.536 2.73
2 A 1.395 2.249 1.196 -2.486 -7.606 1.582 0.115 -2.704 2.35 0.233 -2.329 0.322 -0.185 -5.425 -9.187 -0.605 1.148 -8.926 -1.021 1.0
3 A 3.061 -4.111 -1.068 -2.065 -7.327 0.199 -2.165 3.049 -0.547 -1.74 -3.166 -4.733 -2.801 -0.821 -1.192 1.953 0.606 -4.624 0.849 -3.774
4 V 2.69 -8.875 -8.731 -9.096 -3.269 -6.887 -9.082 -6.393 -5.85 3.402 -1.864 -8.548 -1.596 -0.601 -9.403 0.434 1.568 -8.998 -6.11 4.447
5 V 0.822 -0.523 -0.056 1.348 -7.564 0.467 1.081 -3.394 -0.853 0.242 -2.908 0.818 -4.207 -1.422 -1.966 0.805 1.275 -9.043 -1.862 1.668
6 D -3.479 -8.536 -4.031 7.803 -8.738 -7.887 -3.532 -8.14 -7.597 -1.305 -6.113 -7.831 -4.59 -9.299 -5.352 -6.229 -4.369 -10.201 -9.62 -0.489
7 E 1.473 0.038 1.628 -0.111 -7.813 2.549 2.414 -3.409 1.022 -0.683 -0.429 -3.463 -2.183 -0.633 -0.739 -2.309 -2.505 -2.998 0.601 0.113
8 L 0.76 0.029 -1.477 -1.494 -7.627 1.156 1.182 -1.301 -0.27 0.075 0.239 -0.553 -2.154 -2.406 2.015 -0.723 -0.732 -3.026 -0.021 1.116
9 I 2.192 -8.642 -5.688 1.566 -4.711 -1.674 0.235 -1.307 -2.692 3.347 0.306 -8.234 0.512 -1.345 -7.434 -1.497 -2.963 -8.934 -2.192 2.677