#Seq2Logo.py -Z on -y 0.25:2.0 -H ends -f 38081.peps -o CNYHQGGGARVAHIMFFGLTYYSVGTETVHVAGI_el -I 2 --format PNG -b 50 -C 0 -l 1
Last position-specific scoring matrix computed, values are in halfbits
A R N D C Q E G H I L K M F P S T W Y V
1 N 1.254 -7.961 4.721 -1.268 -7.444 1.637 -0.544 -6.982 -2.548 2.315 -0.584 -7.682 0.84 -4.612 -9.383 -1.103 -0.371 -9.188 -4.24 1.65
2 A 2.449 1.674 -0.054 -1.618 -7.631 1.669 1.852 -3.11 2.657 -1.235 -4.391 1.103 -1.045 -8.479 -8.993 -0.773 1.21 -9.08 -2.586 -0.139
3 G 3.43 -4.175 -1.651 -3.401 -7.361 -1.44 -4.231 4.351 -0.866 -4.822 -5.476 -6.766 -1.841 -1.207 0.024 0.873 -1.251 -8.696 1.196 -2.411
4 A 4.746 -8.555 -8.291 -8.649 -6.541 -8.478 -8.577 -5.368 -5.719 1.586 -4.085 -8.107 -4.057 -4.041 -8.916 1.882 1.236 -9.223 -8.384 3.334
5 K 0.413 0.278 -2.369 0.162 -7.629 1.584 0.575 -5.208 -0.551 0.81 -1.931 3.034 -0.692 -2.78 -5.335 -1.858 0.595 -9.068 -3.035 2.33
6 V 1.645 -9.185 -9.492 -7.641 -6.778 -5.836 -7.852 -9.128 -9.163 4.597 1.356 -8.925 0.384 -7.097 -2.505 -5.444 -1.544 -9.105 -8.238 4.513
7 A 2.562 2.297 1.03 -4.483 -7.728 2.96 1.199 -3.647 3.189 -1.854 -1.112 -1.518 -1.36 -2.122 -6.158 -1.84 -3.557 -1.203 0.609 -0.319
8 A 1.523 1.077 -2.992 -1.153 -7.721 0.689 1.841 -1.167 -1.595 -0.685 -0.717 1.087 -3.38 -3.611 2.477 -1.342 -1.407 -3.063 -2.224 0.411
9 D 2.898 -7.972 -1.341 4.889 -7.834 -0.761 3.086 0.34 -3.21 -3.374 -6.032 -7.338 -3.579 -9.124 -6.05 0.466 -3.862 -9.604 -9.028 -3.088