#Seq2Logo.py -Z on -y 0.25:2.0 -H ends -f 38081.peps -o CNYHQGGGARVAHIMYFAYTYYAVRTETVHLETT_el -I 2 --format PNG -b 50 -C 0 -l 1
Last position-specific scoring matrix computed, values are in halfbits
A R N D C Q E G H I L K M F P S T W Y V
1 I -0.816 -2.289 -0.11 0.592 -7.5 0.064 0.928 -6.629 -2.067 4.04 -1.501 -6.85 -0.641 0.02 -1.405 -3.389 -1.412 -1.938 1.905 2.477
2 A 3.148 2.158 -0.056 -2.483 -7.489 1.177 -0.043 -3.078 2.842 -1.71 -4.987 1.338 -1.392 -6.645 -8.953 0.065 1.088 -4.701 -1.852 -0.706
3 A 3.638 -0.979 -3.691 -2.538 -7.349 -0.495 -4.158 3.187 1.878 -5.438 -6.391 -4.27 -2.848 -0.834 0.799 1.466 -0.078 -8.727 0.852 -6.837
4 A 5.318 -8.413 -6.385 -1.354 -6.719 -8.252 -7.031 2.308 -4.257 -3.197 -5.367 -7.856 -7.821 -4.826 -7.034 2.386 -1.192 -9.323 -8.717 -0.29
5 K 1.526 -0.033 -1.63 0.787 -7.683 1.089 1.761 -2.318 0.228 -0.566 -3.663 2.244 -2.751 -4.121 -1.96 -0.428 0.278 -9.067 -1.292 1.265
6 A 4.587 -8.605 -4.315 1.25 -6.82 -8.45 -5.552 -5.409 -8.343 -0.261 -3.981 -8.065 -5.351 -8.341 2.286 -0.762 0.458 -9.512 -6.429 3.076
7 A 3.217 -0.651 2.075 -0.32 -7.6 2.551 1.941 -3.064 2.66 -2.287 -3.54 -3.437 -4.316 -4.791 -0.724 -0.087 -2.466 -3.059 -2.581 -0.724
8 P 1.644 2.476 -1.894 -3.33 -7.878 -0.295 1.404 -1.044 -2.043 -1.134 -2.042 0.972 -4.337 -3.672 4.151 -2.301 -1.127 -4.769 -2.24 -2.797
9 A 4.012 -5.181 -1.078 2.074 -3.38 -1.195 0.489 -0.67 -7.822 0.493 -3.414 -7.721 -1.756 -5.507 -7.176 1.184 -2.028 -9.271 -3.635 1.635