#Seq2Logo.py -Z on -y 0.25:2.0 -H ends -f 38081.peps -o QEFFIASGAAVDAIMESSFEYYDLQRANYHVGFT_el -I 2 --format PNG -b 50 -C 0 -l 1
Last position-specific scoring matrix computed, values are in halfbits
A R N D C Q E G H I L K M F P S T W Y V
1 F -8.601 -9.492 -9.758 -10.134 -7.683 -9.849 -10.123 -9.997 -7.372 4.625 0.161 -9.549 -3.754 6.008 -10.662 -9.784 -8.576 0.046 5.073 -0.307
2 V -0.289 2.191 -2.457 -8.448 -7.457 -0.324 -0.005 -5.346 -0.287 3.004 -0.614 1.254 -3.176 -2.656 -9.523 -3.879 -0.091 -1.966 0.31 3.172
3 I 1.302 -0.331 -1.754 -7.211 -7.226 -2.191 -3.634 -4.083 -1.645 3.572 0.318 -0.389 1.606 -1.1 -0.226 -1.392 -2.078 -4.594 0.986 2.409
4 N -1.246 -7.753 6.627 4.057 -8.256 -1.364 -0.797 -7.602 -4.925 -0.881 -3.058 -7.434 -1.45 -8.84 -9.334 -1.94 -3.197 -9.725 -8.942 -1.225
5 K 0.474 0.452 1.894 -0.02 -7.835 -0.774 -0.516 -1.534 1.328 -0.716 -3.143 2.555 -1.402 -4.18 2.333 -0.347 0.011 -4.772 -4.248 -0.067
6 K 1.993 2.221 2.135 -5.005 -7.655 -1.324 -3.691 -1.244 1.009 -2.986 -4.762 3.452 -7.842 -8.871 -0.447 0.763 0.961 -9.376 -8.508 -0.434
7 A 1.601 -1.993 2.541 -2.263 -7.514 0.558 -0.166 -2.152 1.613 1.703 0.6 -0.684 -1.689 -2.726 0.228 -1.233 -1.553 -4.698 -1.848 0.59
8 K 0.345 2.0 -0.473 -3.709 -7.812 0.354 0.34 -0.835 0.222 -0.571 0.171 1.846 -2.18 -1.413 2.177 -1.728 -0.194 -8.98 -1.277 -0.7
9 R 1.396 3.536 -1.107 -4.211 -7.498 0.456 -2.99 -0.626 -2.581 1.653 -0.523 -0.309 -0.978 -2.699 -9.374 0.366 -2.267 -8.693 0.588 1.448