#Seq2Logo.py -Z on -y 0.25:2.0 -H ends -f 38081.peps -o QEFFIASGAAVDAIMESSFDYFSIDRATYHVGFT_el -I 2 --format PNG -b 50 -C 0 -l 1
Last position-specific scoring matrix computed, values are in halfbits
A R N D C Q E G H I L K M F P S T W Y V
1 F -8.637 -9.318 -9.644 -10.126 -7.841 -9.634 -9.958 -9.92 -6.881 3.161 0.444 -9.434 -0.893 5.809 -10.655 -9.712 -8.682 3.029 6.172 -0.108
2 E 0.585 2.002 -0.473 -1.84 -7.728 0.366 1.929 -4.039 -0.837 0.655 -0.756 1.847 -4.114 -0.978 -9.288 -2.167 -0.617 -4.62 0.456 1.764
3 A 1.986 -0.565 -2.179 -1.37 -4.78 -1.642 -0.469 -1.561 -2.613 1.871 0.172 -0.699 1.168 0.133 -1.575 -0.457 -1.251 -4.564 1.431 1.463
4 L 1.014 -5.248 -3.145 -2.392 -7.098 0.176 -1.171 -8.932 -2.712 3.028 2.226 -2.88 2.601 0.144 -9.69 -2.753 -0.981 -8.765 -4.897 2.963
5 K 0.091 0.625 0.18 0.627 -7.842 0.59 1.143 -0.716 0.23 -0.479 -2.378 2.203 -1.043 -2.182 0.236 0.18 0.101 -9.084 -1.869 -0.146
6 K -5.747 5.911 -4.045 -6.652 -8.888 -3.092 -4.993 -8.532 -0.493 -7.464 -8.981 5.992 -8.085 -7.145 -9.016 -5.674 -3.958 -9.27 -8.535 -5.855
7 L 1.681 -0.539 0.358 -2.792 -7.522 0.214 0.325 -0.726 0.213 1.257 1.519 0.517 0.298 -0.78 -1.987 -1.245 -2.092 -0.113 -1.003 -0.85
8 L 1.014 1.002 -1.698 -3.094 -7.618 1.329 0.096 -0.443 -0.024 1.2 1.115 1.425 -1.295 -1.602 -0.1 -3.569 -1.74 -4.669 -1.544 0.716
9 D -1.832 -5.617 -3.413 5.58 -8.745 1.028 4.959 -1.995 -3.117 -2.881 -4.958 -6.984 -5.88 -9.098 -7.21 -2.834 -5.341 -4.798 -2.684 -4.024