#Seq2Logo.py -Z on -y 0.25:2.0 -H ends -f 38081.peps -o QEFFIASGAAVDAIMESGFDYYAFDRLTYHVGFT_el -I 2 --format PNG -b 50 -C 0 -l 1
Last position-specific scoring matrix computed, values are in halfbits
A R N D C Q E G H I L K M F P S T W Y V
1 F -8.796 -9.297 -9.558 -10.112 -8.098 -9.644 -9.907 -9.858 -6.532 2.146 -1.477 -9.454 -3.177 6.405 -10.739 -9.704 -8.871 3.955 6.735 -1.875
2 V 0.528 2.051 -0.626 -3.704 -7.623 -0.604 1.552 -5.248 0.823 1.558 -1.403 1.891 -4.083 -2.114 -9.332 -2.176 -0.613 -0.616 -1.01 2.58
3 A 2.354 -1.463 -1.716 -1.545 -7.264 -0.84 -1.407 -2.0 -1.614 1.968 -0.11 -1.814 1.714 -0.275 -0.34 -0.453 -1.108 -8.48 1.53 1.515
4 L 0.643 -0.396 -5.83 -7.266 -7.231 -1.415 -4.639 -8.892 -8.301 2.709 1.965 2.985 1.353 -1.337 -9.528 -3.632 -1.256 -8.945 -8.07 2.984
5 K 0.025 0.184 1.206 0.28 -7.806 0.369 0.51 -1.821 -0.004 -1.09 -2.818 2.941 -2.771 -3.228 0.532 0.513 0.819 -9.293 -5.101 0.251
6 K -0.616 4.08 -2.896 -6.561 -8.256 -0.219 -1.274 -5.676 0.243 -2.565 -7.652 5.408 -5.607 -5.79 -1.542 -1.217 -0.395 -9.302 -8.46 -1.626
7 A 2.355 -0.297 0.467 -3.709 -7.469 0.672 0.478 0.167 0.428 0.994 -0.154 0.034 -0.694 -2.761 0.019 -1.006 -1.892 -2.0 -3.031 0.51
8 L 0.916 1.149 -1.482 -3.391 -7.671 0.977 0.099 -0.346 0.21 0.333 0.682 1.691 -1.704 -3.131 1.723 -2.505 -1.571 -4.715 -2.593 0.699
9 D 1.346 -6.664 -2.515 4.772 -5.038 1.343 2.996 0.72 -1.575 -0.988 -3.2 -7.388 -5.666 -6.825 -3.352 -1.7 -2.742 -9.44 -3.674 -0.167