#Seq2Logo.py -Z on -y 0.25:2.0 -H ends -f 38081.peps -o QEFFIASGAAVDAIMEVHFDYFDLQRETYHVVFT_el -I 2 --format PNG -b 50 -C 0 -l 1
Last position-specific scoring matrix computed, values are in halfbits
A R N D C Q E G H I L K M F P S T W Y V
1 I -8.17 -9.577 -9.984 -10.144 -7.132 -9.795 -10.238 -10.164 -8.661 6.072 1.783 -9.464 -1.438 2.197 -10.419 -9.78 -8.09 -8.033 2.011 2.649
2 V 0.704 2.348 -2.693 -4.625 -7.562 0.357 0.262 -5.783 0.636 1.664 -1.401 2.326 -5.184 -3.488 -9.285 -1.478 0.188 -4.639 0.305 2.445
3 A 1.916 -2.034 0.923 -4.203 -2.526 -0.673 -3.045 -1.69 -2.071 2.361 -0.437 -1.497 -1.3 -0.941 0.013 0.17 0.017 -1.958 1.213 1.61
4 I 2.02 -8.836 -5.959 -4.882 -6.922 -1.964 -2.467 -7.472 -5.778 3.824 1.226 -8.573 2.207 0.918 -9.662 -1.915 -0.179 -4.628 -4.071 3.252
5 D 0.477 0.86 0.603 1.827 -7.816 0.589 1.205 -2.694 -0.84 -0.603 -3.331 1.384 -5.546 -3.226 1.04 0.575 0.818 -4.76 -3.607 -0.238
6 T -1.893 -7.988 4.396 4.067 -7.545 -7.834 -5.75 -7.74 -7.377 -3.844 -8.62 -7.61 -8.057 -8.825 -5.277 1.569 4.596 -9.596 -8.914 0.172
7 A 1.761 -2.014 2.82 -2.501 -7.501 0.658 -0.882 -1.678 -2.053 0.077 0.943 -2.339 -1.323 -1.616 2.227 -1.011 -1.551 -1.234 -2.199 0.504
8 P 0.917 1.609 -1.896 -4.57 -7.787 0.984 0.49 -1.053 0.636 -0.939 0.755 1.892 -4.159 -2.159 2.703 -0.54 -3.261 -9.094 -2.202 -1.281
9 D 2.395 -7.665 -3.928 3.69 -7.828 3.707 1.738 2.395 -0.245 -7.328 -8.078 -7.148 -5.8 -9.221 -7.147 1.718 -5.155 -9.44 -6.499 -4.703