#Seq2Logo.py -Z on -y 0.25:2.0 -H ends -f 38081.peps -o QEFFIASGAAVDAIMKDFYHGYVFRRETVHVGFT_el -I 2 --format PNG -b 50 -C 0 -l 1
Last position-specific scoring matrix computed, values are in halfbits
A R N D C Q E G H I L K M F P S T W Y V
1 F -8.701 -9.325 -9.604 -10.119 -7.943 -9.674 -9.948 -9.897 -6.734 2.57 -0.292 -9.465 -2.524 6.314 -10.692 -9.705 -8.765 2.146 6.386 -0.401
2 A 1.069 2.098 -0.461 -0.488 -7.613 -0.02 0.344 -3.421 1.751 1.745 -1.517 1.087 -0.422 -2.74 -9.257 0.03 -0.18 -1.984 -1.014 0.776
3 A 2.092 -0.307 -1.11 -3.101 -4.865 0.865 -1.668 -0.422 1.479 0.313 -0.846 -0.679 -1.736 -0.147 1.902 0.028 -2.494 -4.552 2.234 -0.115
4 A 5.442 -8.161 -7.585 -8.045 -6.53 -8.016 -8.036 -1.657 -2.645 -5.172 -8.349 -7.639 -7.772 -4.823 -8.505 4.093 0.257 -9.307 -8.545 -1.239
5 K -0.509 0.454 -0.301 -0.461 -7.784 0.591 0.965 -0.422 1.478 -0.957 -2.972 2.286 -2.768 -4.141 0.134 0.806 1.501 -9.113 -1.871 0.177
6 A 3.432 -7.911 -2.088 -4.968 -7.193 1.721 1.405 1.094 -3.272 -2.965 -6.855 -7.393 -7.868 -8.865 1.272 2.177 1.728 -9.416 -8.728 -0.317
7 E 1.118 -0.165 1.951 -2.214 -7.769 1.256 1.657 -0.611 2.132 -1.073 -0.796 0.138 -3.379 -1.862 -1.039 -0.19 -1.399 -3.008 0.457 0.105
8 P 0.919 1.218 -1.093 -1.014 -7.728 -0.305 0.697 -1.292 -1.214 0.131 -0.79 1.644 -3.382 -4.144 3.073 -1.716 0.269 -9.346 -4.275 0.038
9 V -0.292 -7.269 -9.03 -0.563 -7.082 -3.719 -0.724 -3.863 -8.618 4.069 1.986 -8.724 -0.051 0.033 -7.631 -3.712 -3.255 -8.686 -1.245 3.872