#Seq2Logo.py -Z on -y 0.25:2.0 -H ends -f 38081.peps -o QEFFIASGAAVDAIMESSFDYFDLRRETYHVVFT_el -I 2 --format PNG -b 50 -C 0 -l 1
Last position-specific scoring matrix computed, values are in halfbits
A R N D C Q E G H I L K M F P S T W Y V
1 I -8.03 -9.623 -10.08 -10.145 -6.95 -9.789 -10.295 -10.217 -9.494 6.498 2.034 -9.444 0.434 -4.144 -10.349 -9.78 -7.926 -8.957 -8.072 3.228
2 V 0.283 1.786 -0.336 -1.314 -7.66 -0.01 1.655 -6.443 0.22 1.556 -2.155 2.244 -4.108 -2.754 -9.281 -2.018 -0.728 -4.688 -1.549 2.677
3 A 1.842 -0.829 -0.501 -3.792 -7.326 -0.497 -0.897 -2.168 -0.871 1.341 -0.572 -1.061 1.309 -0.442 0.787 -0.206 -1.391 -4.608 0.863 2.231
4 A 2.981 -8.469 -0.502 -2.336 -6.875 -2.484 -1.419 -7.028 -3.387 2.347 0.243 -8.11 -0.366 -3.473 -9.229 1.218 1.036 -9.113 -6.237 3.038
5 A 1.263 0.535 1.207 0.946 -7.789 -0.007 1.311 -1.143 0.648 -1.111 -3.342 1.749 -3.46 -6.718 0.623 0.121 0.362 -4.749 -2.232 -0.426
6 R -7.083 6.406 -6.067 -8.007 -8.995 -5.279 -7.003 -8.599 -2.47 -9.252 -9.03 5.879 -8.121 -9.505 -9.06 -7.028 -6.902 -9.275 -8.626 -8.971
7 L 1.115 -1.987 1.259 -2.044 -7.619 1.242 1.179 -0.83 -0.845 0.493 0.593 -0.564 -1.321 0.105 0.33 -1.019 -1.118 -8.676 0.313 0.216
8 L 0.41 1.22 -0.334 -0.746 -7.726 0.463 0.103 0.828 -1.206 0.153 0.981 1.79 -0.414 -4.63 -0.466 -1.605 -1.57 -3.043 -1.878 -0.033
9 V 0.918 -0.861 -5.055 -3.923 -7.171 0.935 -5.18 -0.862 -4.27 2.984 1.525 -4.429 0.719 0.615 -6.316 -0.857 -2.278 -8.487 0.324 2.896