#Seq2Logo.py -Z on -y 0.25:2.0 -H ends -f 38081.peps -o QEFFIASGAAVDAIMESSFDYFDFDRATYQVGFT_el -I 2 --format PNG -b 50 -C 0 -l 1
Last position-specific scoring matrix computed, values are in halfbits
A R N D C Q E G H I L K M F P S T W Y V
1 F -8.701 -9.363 -9.659 -10.138 -7.887 -9.729 -9.999 -9.911 -6.943 2.998 0.291 -9.5 -2.007 6.282 -10.717 -9.742 -8.742 3.03 5.927 -0.679
2 K 0.966 1.488 -0.47 -1.007 -7.67 -0.011 1.607 -5.202 0.226 1.067 -0.273 2.028 -3.29 -2.113 -9.257 -1.237 -0.853 -1.977 -0.374 1.338
3 A 1.804 -0.191 -0.781 -1.881 -4.817 0.333 0.09 -0.337 -0.862 0.81 -0.136 -0.254 1.002 -1.585 -1.209 -0.363 -1.249 -8.713 0.452 1.495
4 L 1.682 -6.992 -5.115 -5.432 -4.635 0.049 -0.707 -7.499 -5.72 2.755 2.648 -4.929 3.328 -2.008 -9.618 -3.14 0.273 -8.852 -6.122 2.59
5 K 1.266 0.276 0.959 -0.712 -7.675 0.249 0.505 -1.81 0.835 -1.227 -1.893 2.667 -0.202 -3.18 -2.187 0.919 0.603 -9.048 -1.866 -0.607
6 K -8.017 6.07 -7.24 -7.966 -8.989 -4.545 -6.952 -8.563 -1.513 -9.235 -9.047 6.168 -8.121 -9.518 -7.192 -6.28 -8.139 -9.29 -8.601 -8.976
7 A 1.877 1.282 -0.342 -3.371 -7.557 0.782 0.41 -0.823 0.434 0.067 0.19 0.682 0.658 -1.618 -0.598 -0.715 -1.557 -1.222 -1.843 0.287
8 L 0.412 0.928 -1.474 -1.697 -7.633 0.674 -0.869 0.299 0.428 0.257 1.442 1.637 0.079 -3.501 0.014 -0.461 -2.733 -8.933 -1.282 0.29
9 G 2.913 -5.648 -2.883 -2.026 -4.855 4.046 -0.943 4.033 -0.262 -5.55 -6.543 -5.617 -5.729 -9.136 -2.997 1.879 -1.696 -9.318 -8.788 -5.07