#Seq2Logo.py -Z on -y 0.25:2.0 -H ends -f 38081.peps -o QEFFIASGAAVDAIMEVHFDYYDLQRETHHVVFT_el -I 2 --format PNG -b 50 -C 0 -l 1
Last position-specific scoring matrix computed, values are in halfbits
A R N D C Q E G H I L K M F P S T W Y V
1 I -8.13 -9.562 -9.995 -10.15 -7.094 -9.779 -10.231 -10.157 -8.807 5.946 2.022 -9.457 -0.491 2.0 -10.409 -9.766 -8.061 -8.171 1.243 2.987
2 V 0.968 2.105 -1.476 -4.142 -7.56 0.79 0.34 -5.763 1.001 1.714 -1.31 2.117 -4.071 -3.081 -9.284 -1.602 -0.183 -8.788 -0.014 2.301
3 A 2.13 -1.459 1.01 -4.662 -2.522 -1.025 -3.041 -1.407 -3.287 2.142 -0.445 -1.809 -0.975 -1.569 0.331 0.564 0.368 -1.967 0.855 1.205
4 I 2.479 -8.798 -5.904 -3.223 -6.842 -2.535 -3.124 -7.356 -8.648 3.822 1.026 -8.495 2.097 -1.539 -9.527 -1.146 0.527 -8.966 -8.087 3.279
5 D 0.537 0.525 0.603 1.828 -7.803 0.692 1.314 -1.975 -0.534 -0.723 -3.334 0.83 -5.554 -2.508 1.191 0.515 1.085 -4.755 -3.599 -0.422
6 T -2.178 -7.996 4.21 4.375 -7.565 -7.831 -7.306 -7.732 -7.387 -5.808 -8.699 -7.608 -8.108 -8.865 -6.066 1.815 4.539 -9.617 -8.942 0.166
7 A 1.912 -4.073 3.16 -1.645 -7.505 0.863 -0.653 -2.13 -2.586 -0.125 0.534 -3.021 -2.166 -1.879 2.568 -0.611 -0.97 -2.011 -3.045 0.208
8 P 1.306 1.151 -1.276 -4.088 -7.735 0.579 0.827 -0.72 0.434 -1.216 0.52 1.542 -5.356 -2.466 2.79 -0.36 -2.087 -9.153 -2.597 -1.284
9 A 2.718 -7.717 -3.125 3.662 -7.762 3.142 1.959 2.253 -0.247 -7.358 -9.265 -7.18 -8.376 -9.255 -7.126 1.954 -5.134 -9.479 -8.857 -5.678