#Seq2Logo.py -Z on -y 0.25:2.0 -H ends -f 38081.peps -o QEFFIASGAAVDAIMESGFDYYALRRATYHVVFT_el -I 2 --format PNG -b 50 -C 0 -l 1
Last position-specific scoring matrix computed, values are in halfbits
A R N D C Q E G H I L K M F P S T W Y V
1 I -8.053 -9.68 -10.102 -10.143 -6.954 -9.848 -10.34 -10.247 -9.545 6.759 1.799 -9.47 -1.4 -6.661 -10.354 -9.813 -7.927 -9.007 -8.138 2.955
2 V 0.011 1.782 0.04 -1.152 -7.681 -0.29 1.884 -7.326 1.002 2.052 -1.6 1.796 -5.218 -3.532 -9.312 -1.484 -1.252 -4.69 -1.549 2.409
3 V 1.071 -0.441 -0.963 -3.458 -7.375 0.314 -2.196 -1.863 -0.567 2.366 -0.706 -1.064 0.491 -0.147 1.181 -0.379 -1.249 -4.615 0.603 2.2
4 L 0.863 -6.984 -2.234 -2.89 -7.086 -0.689 -0.704 -8.878 -2.712 2.959 2.643 -3.731 1.758 -0.262 -9.654 -0.955 -0.496 -8.793 -4.919 2.587
5 E 0.594 0.267 0.789 1.163 -7.899 0.805 1.855 -1.4 0.65 -0.859 -5.053 1.942 -2.807 -4.826 1.041 -0.101 0.52 -9.267 -2.621 -0.628
6 K -1.555 4.958 -1.593 -7.754 -8.581 -1.414 -2.564 -4.715 0.469 -8.964 -9.001 5.8 -8.102 -9.392 -2.695 -2.467 -1.575 -9.321 -8.527 -5.798
7 E 0.81 -2.419 2.009 -0.114 -7.771 1.867 1.842 -0.616 -0.517 0.04 0.224 -1.023 -4.169 -1.381 -0.336 -0.711 -0.982 -8.719 0.853 -0.908
8 L -0.056 0.607 -0.761 -0.487 -7.766 0.68 0.558 0.766 -0.02 0.916 0.287 1.482 -1.002 -4.663 0.954 -1.358 -0.862 -3.053 -2.22 -0.202
9 V -0.46 -9.071 -9.355 -4.008 -7.085 -1.994 -3.447 -3.592 -4.35 4.025 2.213 -8.916 0.18 1.555 -7.696 -5.555 -3.58 -8.213 1.448 3.742