#Seq2Logo.py -Z on -y 0.25:2.0 -H ends -f 38081.peps -o QEFFIASGAAVDAIMWPRFDHFDLQAATYHVVFT_el -I 2 --format PNG -b 50 -C 0 -l 1
Last position-specific scoring matrix computed, values are in halfbits
A R N D C Q E G H I L K M F P S T W Y V
1 I -7.954 -9.568 -10.06 -10.149 -6.917 -9.736 -10.237 -10.182 -9.499 6.102 2.249 -9.419 0.621 -4.777 -10.328 -9.728 -7.891 -8.968 -8.085 3.929
2 R 0.012 3.426 -1.873 -2.502 -7.827 0.135 1.194 -4.381 0.231 0.484 -1.089 2.608 -5.301 -2.765 -9.241 -0.819 -0.614 -1.984 -1.022 1.273
3 A 1.61 -0.423 -0.778 -2.544 -7.416 0.33 -0.879 -1.837 -0.274 1.948 -1.227 -0.064 -0.416 -2.092 1.035 0.622 -0.275 -8.763 0.726 0.968
4 Y -0.245 -5.334 -7.143 -9.259 -7.667 -1.265 -0.951 -7.772 -1.126 1.934 0.363 -5.596 0.515 4.105 -10.106 -6.758 -3.664 3.44 5.687 1.367
5 K 0.534 1.56 -0.439 0.706 -7.931 0.251 0.717 -0.713 0.441 -0.62 -4.194 2.777 -4.34 -3.256 1.963 -0.608 0.006 -9.377 -6.336 -0.839
6 E 0.707 -7.468 2.146 1.18 -8.398 -4.047 6.022 0.248 -6.853 -9.203 -9.466 -6.782 -8.621 -9.356 -2.688 -0.326 -3.249 -9.458 -8.948 -5.796
7 E -0.218 0.708 2.127 -1.439 -8.038 1.587 1.756 -1.843 1.343 -0.075 -0.873 1.75 -2.737 -0.333 0.429 -1.727 -2.511 -1.214 -0.179 -1.426
8 K -0.051 0.94 -0.745 -2.475 -7.913 0.363 1.191 0.71 2.126 -1.554 -1.132 1.984 -1.388 -1.652 1.664 -0.117 -0.397 -8.944 -0.79 -1.728
9 L 1.304 -8.969 -6.029 -7.515 -6.896 -4.274 -4.064 -1.908 -4.44 3.233 3.232 -8.78 -0.03 -3.286 -9.797 -2.092 -1.555 -8.856 -3.534 3.529