#Seq2Logo.py -Z on -y 0.25:2.0 -H ends -f 38081.peps -o QEFFIASGAAVDAIMESSFDYYDLQRATYHVGFT_el -I 2 --format PNG -b 50 -C 0 -l 1
Last position-specific scoring matrix computed, values are in halfbits
A R N D C Q E G H I L K M F P S T W Y V
1 F -8.736 -9.385 -9.649 -10.124 -7.927 -9.738 -10.007 -9.916 -6.881 3.588 -0.69 -9.501 -2.515 6.252 -10.722 -9.75 -8.757 3.323 6.075 -1.941
2 V 0.811 0.93 -1.119 -3.721 -7.511 0.106 1.549 -5.801 -1.212 2.064 -0.372 1.788 -5.106 -1.166 -9.341 -2.34 -0.391 -4.654 -1.013 2.555
3 I 1.764 -0.211 -0.651 -2.857 -7.254 -0.841 -2.596 -2.54 -2.083 2.825 -0.345 -1.202 1.459 -1.545 -0.894 -0.211 -0.97 -4.606 0.981 2.014
4 D 1.008 -8.332 0.87 4.34 -4.863 -0.339 0.432 -8.38 -7.835 1.918 0.88 -7.908 1.71 -6.361 -9.393 -2.172 -1.402 -9.352 -8.637 1.506
5 K 0.82 -1.043 1.771 0.552 -7.773 -0.011 1.085 -1.027 -2.023 -1.245 -3.15 2.157 -0.752 -3.666 1.539 0.326 0.6 -9.315 -3.621 -0.52
6 K -2.241 5.14 -0.156 -6.556 -8.576 -4.058 -6.211 -7.14 -0.499 -8.931 -8.982 5.884 -8.096 -9.383 -4.647 -2.294 -0.51 -9.324 -8.574 -5.79
7 A 1.985 -2.715 2.44 -2.034 -7.476 0.77 0.618 -2.14 -1.597 1.126 0.247 -2.134 -0.167 -1.4 1.186 -0.707 -0.844 -2.003 -3.553 0.15
8 L 0.862 1.224 -0.936 -3.072 -7.732 0.575 0.019 -0.63 0.433 -0.66 0.937 2.112 -1.708 -1.62 1.598 -2.503 -1.418 -8.923 -1.023 -0.039
9 A 2.933 -2.224 -1.072 -1.164 -4.784 2.423 -0.637 2.46 -2.044 -0.366 -2.649 -4.649 -1.384 -6.53 -4.163 1.459 -1.09 -8.967 -0.405 -0.043