#Seq2Logo.py -Z on -y 0.25:2.0 -H ends -f 38081.peps -o QEFFIASGAAVDAIMWLFLECYDLDRATYHAVFT_el -I 2 --format PNG -b 50 -C 0 -l 1
Last position-specific scoring matrix computed, values are in halfbits
A R N D C Q E G H I L K M F P S T W Y V
1 I -8.044 -9.466 -10.033 -10.186 -6.996 -9.686 -10.191 -10.146 -9.175 5.332 3.182 -9.412 1.272 0.552 -10.38 -9.741 -8.011 -4.591 -2.121 3.559
2 R 1.21 2.736 -0.332 -3.667 -7.673 0.801 1.75 -4.743 1.477 0.415 -0.839 1.1 -5.265 -1.009 -9.244 -1.464 -0.186 -8.945 -3.513 1.531
3 A 2.74 -0.656 -2.7 -5.23 -4.787 1.324 -2.528 -2.305 0.823 0.926 -1.328 1.007 0.993 -2.095 0.708 0.855 -2.464 -1.967 0.859 0.373
4 L 1.001 -8.7 -9.43 -9.363 -7.039 -0.239 -0.957 -7.763 -8.638 2.174 4.92 -8.603 2.726 -4.149 -9.933 -5.067 -5.995 -8.743 -8.053 -0.044
5 K -0.199 2.311 -2.324 -0.595 -5.018 1.27 0.512 -1.287 1.886 -1.564 -3.16 2.747 -1.792 -4.804 1.404 -0.11 0.667 -9.163 -2.212 -0.955
6 A 5.47 -8.533 -1.899 -8.214 -6.883 -8.373 -6.309 4.023 -8.07 -8.325 -8.838 -7.905 -8.285 -9.03 0.448 0.369 -5.729 -9.446 -9.038 -4.102
7 A 1.433 1.674 0.581 -3.662 -7.792 1.806 1.02 -0.933 2.457 -0.572 -0.367 1.753 -3.348 -4.641 -2.727 -2.307 -1.264 -1.219 -0.373 0.032
8 K 0.152 1.789 -1.667 -4.563 -4.995 -0.015 0.559 0.576 1.001 -0.7 0.165 2.595 -1.36 -4.088 2.016 -2.015 -1.273 -3.048 -1.564 -1.163
9 A 3.613 -8.837 -4.478 -9.098 -4.521 -4.881 -9.057 0.008 -3.47 2.022 1.682 -8.505 -2.494 -7.507 -5.39 -0.54 -2.923 -9.143 -8.377 3.792