#Seq2Logo.py -Z on -y 0.25:2.0 -H ends -f 38081.peps -o QEFFIASGAAVDAIMWLFLECYDLQRATVHVGFT_el -I 2 --format PNG -b 50 -C 0 -l 1
Last position-specific scoring matrix computed, values are in halfbits
A R N D C Q E G H I L K M F P S T W Y V
1 F -8.733 -9.263 -9.529 -10.101 -8.067 -9.589 -9.868 -9.866 -6.439 1.722 -1.296 -9.414 -5.008 6.273 -10.681 -9.666 -8.83 2.725 6.969 -0.432
2 V 0.281 2.152 -0.468 -1.666 -7.685 0.794 1.014 -4.381 1.882 0.872 -0.605 1.383 -1.322 -1.851 -9.311 -1.129 -0.089 -3.015 -0.777 1.676
3 A 2.196 -0.303 -0.779 -3.421 -4.791 0.081 -2.352 -2.502 0.999 1.369 -0.08 -0.066 0.837 -2.069 0.232 1.163 -1.236 -1.96 1.101 -0.084
4 L 1.598 -8.522 -7.071 -4.822 -4.654 0.3 0.134 -6.619 -8.433 2.023 3.91 -8.308 2.615 -4.29 -9.667 -3.161 -0.62 -8.864 -8.152 1.408
5 K -0.352 1.167 -0.581 -0.021 -7.879 0.699 0.647 -0.822 1.007 -2.271 -2.403 2.486 -0.747 -4.8 1.848 0.114 1.082 -9.228 -2.614 -0.63
6 A 5.047 -8.459 -2.662 -4.158 -6.906 -8.314 -8.334 3.403 -8.056 -6.961 -8.797 -7.851 -8.23 -9.009 1.611 1.696 -0.467 -9.492 -8.998 -3.778
7 A 1.8 -1.072 1.887 -2.001 -4.91 1.94 1.888 -3.658 1.337 0.548 -1.019 -0.329 -5.353 -3.118 -0.593 -0.997 -0.496 -1.983 -0.016 0.127
8 L 0.283 1.946 -1.462 -2.761 -7.856 -0.298 0.95 0.228 1.0 -1.213 0.521 1.798 -3.358 -3.589 2.33 -1.731 -0.867 -9.101 -1.872 -0.929
9 V 2.979 -8.872 -4.492 -9.15 -1.219 -3.721 -6.619 -0.169 -8.754 2.684 1.877 -8.568 -0.585 -6.043 -9.501 -0.931 -1.234 -9.098 -8.359 3.685