#Seq2Logo.py -Z on -y 0.25:2.0 -H ends -f 38081.peps -o QEFFIASGAAVDAIMWPRFDYFEIQAATYHVGFT_el -I 2 --format PNG -b 50 -C 0 -l 1
Last position-specific scoring matrix computed, values are in halfbits
A R N D C Q E G H I L K M F P S T W Y V
1 F -8.613 -9.377 -9.68 -10.131 -7.785 -9.727 -10.011 -9.922 -7.093 3.227 0.248 -9.495 -0.595 6.172 -10.68 -9.722 -8.65 2.128 5.63 0.575
2 R -0.898 3.15 -0.616 -2.776 -4.952 -0.013 0.825 -4.408 -0.259 0.937 -0.981 1.656 -1.325 -0.171 -9.383 -0.827 -0.09 0.314 -0.556 1.628
3 S 0.473 0.126 -0.217 -2.547 -7.586 0.209 -0.769 -2.176 -0.257 1.428 -0.201 -0.255 0.279 -0.428 1.183 0.84 -2.271 -0.588 2.154 0.445
4 Y -3.504 -6.127 -9.067 -9.687 -8.232 -2.895 -4.416 -9.582 0.151 -1.296 -3.097 -8.875 -3.294 4.771 -10.357 -6.191 -5.001 3.485 7.972 -0.692
5 K -0.606 0.717 0.691 0.273 -5.008 0.48 0.045 -0.716 0.444 -0.844 -3.514 2.908 -1.404 -4.172 1.963 -0.036 0.1 -9.247 -2.228 -0.158
6 S 1.552 -8.016 3.82 1.895 -7.476 -4.585 -2.482 2.333 -5.253 -7.148 -9.179 -7.553 -8.415 -9.062 -1.356 3.62 0.706 -9.576 -9.001 -2.66
7 N -0.913 0.933 2.34 -4.515 -7.976 1.249 0.02 -2.956 2.25 -0.356 -0.05 1.141 -3.337 1.177 0.61 -1.364 -1.419 -0.088 2.002 -1.158
8 K 0.223 0.774 -0.757 -2.268 -7.817 -0.162 0.558 0.157 2.123 -0.472 -0.645 1.484 -1.37 -1.404 2.016 0.026 -1.261 -3.023 -0.186 -0.71
9 L 1.84 -2.83 -3.525 -3.55 -4.633 -2.868 -2.886 -1.323 -5.733 2.857 2.473 -6.198 -0.572 -2.287 -6.294 -1.511 -0.496 -8.801 -1.545 3.019