#Seq2Logo.py -Z on -y 0.25:2.0 -H ends -f 38081.peps -o QEFFIASGAAVDAIMESSFEYYVLQRATYHVGFT_el -I 2 --format PNG -b 50 -C 0 -l 1
Last position-specific scoring matrix computed, values are in halfbits
A R N D C Q E G H I L K M F P S T W Y V
1 I -8.552 -9.569 -9.811 -10.132 -7.59 -9.93 -10.192 -10.026 -7.67 5.126 -0.23 -9.59 -3.0 6.004 -10.653 -9.802 -8.498 -2.651 4.273 0.144
2 V 0.078 2.686 -1.934 -4.687 -7.498 -0.036 0.002 -7.478 0.811 2.932 -1.348 1.018 -2.083 -1.589 -9.498 -3.128 -0.732 -1.982 -1.828 3.058
3 I 0.588 -0.1 -1.333 -5.362 -7.365 -1.666 -3.328 -2.383 -0.892 3.643 -0.334 0.003 0.31 -0.429 1.179 -0.657 -2.278 -2.997 0.463 1.855
4 N -1.005 -8.026 4.844 3.805 -7.775 -1.616 -0.825 -6.926 -2.537 1.581 -1.366 -5.232 -1.762 -5.518 -9.323 0.186 0.114 -9.505 -8.685 0.883
5 K -0.202 0.709 1.505 0.87 -8.001 -1.787 0.779 -0.923 1.756 -1.928 -3.999 2.445 -3.504 -4.847 2.749 -0.184 0.187 -4.776 -3.068 -1.21
6 A 3.107 0.354 2.605 -5.584 -7.44 -0.158 -2.486 0.81 0.231 -5.397 -7.766 1.597 -8.07 -5.732 0.143 1.767 0.762 -9.377 -6.385 -2.231
7 N 0.405 -1.757 3.32 -1.443 -7.766 1.248 0.63 -1.041 1.483 0.705 -0.111 0.373 -4.168 -4.049 0.331 -1.342 -1.4 -3.047 -1.281 0.422
8 P -0.059 1.427 -0.93 -5.773 -7.902 -0.019 0.488 -0.732 0.637 -0.588 -0.31 2.481 -5.413 -1.653 3.329 -2.165 -0.512 -9.082 -1.281 -0.93
9 V -1.814 -9.239 -9.604 -7.714 -7.061 -5.861 -4.492 -7.998 -8.249 4.46 0.891 -7.526 0.175 1.415 -10.143 -5.615 -4.739 -7.879 3.277 4.508