#Seq2Logo.py -Z on -y 0.25:2.0 -H ends -f 38081.peps -o QEFFIASGAAVDAIMWPRFDYFVIQAATYHVGFT_el -I 2 --format PNG -b 50 -C 0 -l 1
Last position-specific scoring matrix computed, values are in halfbits
A R N D C Q E G H I L K M F P S T W Y V
1 F -8.609 -9.405 -9.691 -10.128 -7.766 -9.756 -10.035 -9.936 -7.141 3.598 0.034 -9.508 -0.884 6.187 -10.675 -9.731 -8.634 1.414 5.532 0.447
2 R -0.536 3.009 -0.078 -3.348 -4.974 0.366 1.131 -4.048 0.001 0.644 -1.074 1.901 -1.717 -0.172 -9.358 -0.925 -0.735 0.684 -0.172 1.276
3 I 0.706 0.221 0.028 -3.098 -7.539 -0.49 -1.259 -1.561 0.225 1.596 -0.455 -0.463 0.279 0.001 0.7 0.841 -1.714 -0.588 1.992 0.652
4 Y -3.468 -7.198 -9.029 -5.632 -7.961 -2.904 -4.836 -9.526 0.534 -0.368 -1.633 -8.909 -3.231 4.906 -10.293 -3.764 -3.7 2.354 7.236 1.535
5 K -0.355 0.463 0.962 0.543 -7.954 0.247 0.047 -0.328 1.008 -0.738 -3.745 2.973 -3.472 -4.197 2.019 0.04 0.009 -9.314 -3.07 -0.844
6 S 2.079 -8.019 3.623 1.998 -7.445 -3.993 -1.618 2.224 -7.376 -5.495 -9.123 -7.543 -8.382 -9.052 -1.946 3.402 0.776 -9.561 -9.004 -3.088
7 N -1.113 0.338 2.956 -3.008 -7.93 1.412 -0.068 -2.01 0.85 0.138 -0.354 0.53 -3.337 1.086 0.423 -1.74 -1.126 -0.092 1.912 -0.131
8 P -0.439 0.691 -1.088 -2.269 -7.88 -0.308 0.759 0.706 1.17 -0.705 -0.509 1.483 -2.212 -1.402 2.658 -0.205 -1.414 -3.022 0.303 -0.824
9 V 0.404 -7.319 -9.327 -3.614 -6.984 -4.944 -2.71 -3.308 -8.688 3.91 2.657 -8.883 -0.529 -0.225 -7.651 -3.465 -3.897 -8.563 -0.172 3.852