#Seq2Logo.py -Z on -y 0.25:2.0 -H ends -f 38081.peps -o QEFFIASGAAVDAIMESGLEHYVFDRATYHAVFT_el -I 2 --format PNG -b 50 -C 0 -l 1
Last position-specific scoring matrix computed, values are in halfbits
A R N D C Q E G H I L K M F P S T W Y V
1 I -7.985 -9.575 -10.073 -10.158 -6.928 -9.752 -10.255 -10.197 -9.498 6.157 2.453 -9.428 0.236 -4.766 -10.338 -9.752 -7.913 -8.958 -8.084 3.69
2 R 0.809 2.937 -1.454 -2.494 -7.778 0.999 1.462 -2.955 1.005 1.054 -1.738 2.255 -3.331 -2.165 -9.236 -2.008 -0.734 -1.997 -4.176 1.278
3 A 1.309 0.045 -1.472 -2.542 -4.86 0.454 -1.233 -1.839 0.82 1.186 -1.945 1.583 -0.705 -2.121 1.663 0.102 -0.384 -4.666 0.148 1.178
4 L -2.285 -9.004 -9.831 -10.006 -7.011 -2.281 -5.446 -9.857 -9.018 2.751 5.369 -9.061 2.165 -4.041 -10.24 -6.268 -3.972 -8.686 -7.985 0.898
5 K -0.7 2.318 -0.888 -0.987 -8.119 0.712 0.85 -1.047 1.332 -2.548 -5.477 3.4 -3.502 -4.913 2.834 -1.217 0.268 -9.429 -6.34 -1.22
6 A 3.247 -3.972 2.015 -2.68 -7.495 1.796 0.834 1.775 -0.535 -2.774 -4.516 -0.542 -5.658 -8.913 1.12 0.534 -0.833 -9.419 -6.439 -1.884
7 K 0.007 1.426 1.272 -1.822 -8.002 1.083 1.247 0.644 2.13 -1.377 -0.252 1.75 -4.226 -1.412 0.125 -2.673 -2.108 -1.982 -0.57 -0.727
8 K -0.056 2.157 -0.91 -1.493 -7.96 -0.449 -0.332 1.377 1.326 -0.179 -0.886 2.522 -7.595 -3.602 1.785 -1.598 -1.421 -4.704 -0.806 -1.302
9 Y -1.588 -9.077 -6.097 -9.732 -7.411 -4.959 -4.469 -4.234 -1.991 3.122 0.903 -9.033 1.055 3.256 -10.207 -7.823 -6.945 -6.845 5.705 3.156