#Seq2Logo.py -Z on -y 0.25:2.0 -H ends -f 38081.peps -o QEFFIASGAAVDAIMESSFDYFSLRRATYHVVFT_el -I 2 --format PNG -b 50 -C 0 -l 1
Last position-specific scoring matrix computed, values are in halfbits
A R N D C Q E G H I L K M F P S T W Y V
1 I -8.068 -9.64 -10.101 -10.155 -6.96 -9.817 -10.324 -10.241 -9.51 6.603 2.279 -9.458 -0.464 -5.542 -10.36 -9.815 -7.95 -8.97 -8.108 2.831
2 V 0.531 1.728 -0.616 -2.03 -7.663 0.249 2.258 -5.767 0.223 1.709 -1.926 1.847 -3.3 -4.041 -9.253 -1.476 -0.977 -4.692 -1.555 2.334
3 V 1.12 0.012 -1.708 -2.84 -7.421 0.198 -1.266 -0.841 -0.866 1.77 -0.644 -1.19 0.843 -0.004 0.519 -0.293 -0.978 -4.575 1.431 1.912
4 L 0.145 -8.66 -2.52 -2.384 -4.69 -1.688 0.131 -9.081 -2.152 2.966 2.579 -7.121 2.781 0.279 -9.777 -1.942 -1.725 -8.679 -2.951 3.05
5 E 0.649 0.541 1.362 1.3 -7.909 0.377 2.111 -2.138 1.015 -0.612 -4.446 1.897 -3.466 -6.753 0.135 -0.18 0.103 -9.268 -2.621 -0.244
6 R -6.355 6.406 -6.071 -8.0 -8.991 -5.276 -6.171 -8.593 -3.918 -9.253 -9.03 5.891 -8.122 -9.516 -9.056 -7.027 -8.154 -9.281 -8.653 -8.968
7 L 1.255 -1.587 0.94 -0.236 -7.695 0.978 1.838 -0.936 -0.532 0.399 0.98 -0.149 -2.145 -0.622 -0.739 -0.815 -2.089 -8.713 0.307 -1.244
8 L 0.28 0.773 -0.476 -0.748 -7.72 0.976 0.338 0.573 -0.553 1.367 0.947 1.638 -0.677 -5.343 -0.743 -2.694 -1.575 -3.04 -1.568 -0.015
9 I -0.144 -5.995 -4.941 1.509 -7.473 -0.07 1.332 -2.227 -3.304 2.799 1.111 -6.077 -0.112 1.606 -6.31 -2.57 -2.75 -8.329 1.337 2.323