#Seq2Logo.py -Z on -y 0.25:2.0 -H ends -f 38081.peps -o QEFFIASGAAVDAIMESSFEYYDLDRLTYHVGFT_el -I 2 --format PNG -b 50 -C 0 -l 1
Last position-specific scoring matrix computed, values are in halfbits
A R N D C Q E G H I L K M F P S T W Y V
1 F -8.772 -9.366 -9.601 -10.115 -8.015 -9.733 -9.973 -9.896 -6.695 3.022 -1.454 -9.502 -6.593 6.516 -10.731 -9.729 -8.819 2.539 6.425 -1.828
2 V 0.079 2.097 -2.435 -3.419 -7.542 -0.622 0.749 -7.457 0.207 2.29 -0.172 1.837 -3.985 -1.361 -9.447 -2.719 -0.985 -1.215 -1.005 2.846
3 A 2.447 -0.101 -0.508 -3.832 -4.747 -1.429 -2.599 -1.29 -2.063 1.725 0.004 -1.341 1.012 -1.11 -0.745 -0.632 -2.072 -8.417 2.069 1.918
4 L 1.983 -1.96 0.237 -3.141 -7.24 -0.339 -3.269 -8.455 -2.66 2.213 1.406 2.221 1.606 -0.96 -9.387 -2.34 -0.975 -8.952 -6.122 2.055
5 K 0.539 0.464 1.355 -0.466 -7.731 -0.597 -0.317 -1.974 0.443 -0.361 -2.946 3.097 -0.734 -3.626 -0.205 0.632 0.366 -4.732 -2.603 0.407
6 K -0.21 4.551 -1.606 -7.903 -8.272 -3.634 -7.199 -5.134 0.457 -3.089 -8.714 5.596 -5.644 -9.197 -1.541 -1.699 0.094 -9.331 -8.515 -3.108
7 A 2.159 0.235 0.846 -3.361 -7.489 1.243 0.18 -1.828 0.82 0.418 0.243 -0.051 -1.706 -2.142 0.791 -0.907 -1.889 -3.05 -3.544 0.951
8 K 0.645 1.364 -0.773 -3.732 -7.765 0.788 -0.336 -0.436 0.432 -0.038 0.809 2.629 -0.993 -3.565 1.598 -1.739 -2.741 -4.716 -2.595 -0.299
9 A 2.88 0.769 -0.898 -1.661 -7.456 3.091 -1.33 1.896 -1.187 -0.969 -3.712 -0.869 -3.43 -6.689 -3.342 1.228 -1.693 -9.106 -1.893 -0.141