#Seq2Logo.py -Z on -y 0.25:2.0 -H ends -f 38081.peps -o QEFFIASGAAVDAIMESSFDYYDLQKQNYHVGFT_el -I 2 --format PNG -b 50 -C 0 -l 1
Last position-specific scoring matrix computed, values are in halfbits
A R N D C Q E G H I L K M F P S T W Y V
1 F -8.731 -9.427 -9.704 -10.145 -7.871 -9.81 -10.061 -9.923 -7.117 3.696 -0.03 -9.549 -2.001 6.354 -10.755 -9.783 -8.738 3.707 5.485 -1.769
2 V 0.219 1.596 -0.788 -3.412 -7.468 -0.319 0.248 -4.815 -0.277 1.978 -0.641 1.135 -4.011 -1.571 -9.408 -1.883 0.669 -2.996 0.459 2.905
3 I 0.921 -0.202 0.35 -4.217 -7.355 -1.649 -2.594 -2.181 -1.621 2.602 -0.557 -0.08 1.454 -0.946 0.519 0.159 -0.969 -3.0 0.458 1.923
4 D -8.509 -7.982 5.683 6.88 -8.969 -7.588 -2.627 -7.654 -6.821 -6.605 -10.139 -7.493 -9.288 -9.558 -9.258 -3.435 -4.284 -10.157 -9.498 -9.486
5 K 0.654 0.354 1.121 -0.342 -7.806 -0.444 0.836 -0.416 -0.258 -1.396 -2.402 1.982 -0.75 -5.585 2.232 0.253 0.191 -3.072 -2.234 -0.834
6 K 0.593 3.829 1.509 -4.486 -8.002 -1.493 -4.706 -2.679 1.891 -3.64 -6.969 4.405 -7.939 -9.022 -1.953 0.123 0.673 -9.329 -8.42 -1.348
7 A 1.437 -3.287 2.339 -1.646 -4.858 1.565 0.483 -1.28 0.436 1.001 0.448 -1.459 -1.322 -3.537 0.429 -0.529 -1.246 -3.052 -2.59 0.773
8 R 0.348 1.944 -0.611 -3.044 -7.76 0.234 0.487 -1.174 1.169 -0.683 0.117 1.325 -2.701 -1.405 1.599 -0.623 0.269 -8.906 -0.789 -0.401
9 V 1.221 1.055 -1.917 -2.333 -7.305 0.553 -1.393 -0.531 -3.294 1.678 -0.237 -1.173 0.85 -2.361 -6.214 0.673 -0.715 -8.74 0.145 2.522