#Seq2Logo.py -Z on -y 0.25:2.0 -H ends -f 38081.peps -o QEFFIASGAAVDAIMESSYDYFDLRRETYHVVFT_el -I 2 --format PNG -b 50 -C 0 -l 1
Last position-specific scoring matrix computed, values are in halfbits
A R N D C Q E G H I L K M F P S T W Y V
1 I -8.079 -9.636 -10.099 -10.154 -6.966 -9.811 -10.325 -10.24 -9.494 6.612 2.28 -9.456 0.022 -4.75 -10.363 -9.817 -7.958 -8.954 -8.088 2.706
2 V 0.529 1.893 -0.773 -1.488 -7.609 -0.444 1.604 -5.786 0.43 1.869 -1.909 2.028 -4.087 -2.431 -9.303 -2.335 -0.729 -4.702 -3.019 2.745
3 A 1.769 -1.124 -0.357 -3.106 -7.318 -0.831 -1.137 -1.84 -1.615 1.448 -0.8 -1.195 1.003 -0.778 1.109 0.618 -0.964 -3.002 0.597 1.952
4 A 2.745 -8.247 0.586 1.977 -7.123 -2.75 0.759 -6.119 -4.203 1.556 -1.609 -7.789 -2.676 -6.498 -9.066 1.871 0.766 -9.343 -8.567 2.232
5 A 1.398 -0.264 0.6 1.421 -7.786 -0.436 1.57 -1.026 0.445 -0.981 -5.804 1.796 -2.814 -6.764 1.337 -0.023 0.443 -9.299 -2.24 -0.243
6 K -6.336 6.242 -6.064 -7.984 -8.958 -5.28 -6.986 -8.564 -3.108 -9.227 -9.031 6.005 -8.118 -9.511 -9.029 -5.689 -6.017 -9.286 -8.639 -8.948
7 L 0.756 -3.295 1.623 -0.851 -7.648 0.973 1.789 -0.83 -1.188 0.789 0.902 -1.612 -1.32 -0.792 0.229 -0.627 -1.116 -8.779 -0.016 -0.278
8 L 0.812 1.546 -0.617 -1.672 -7.689 0.887 0.559 -0.084 -1.202 0.242 0.772 1.746 0.278 -4.043 -0.464 -1.355 -1.565 -9.029 -2.217 0.053
9 I 1.115 -0.592 -4.452 -4.345 -7.201 0.296 -3.095 -1.891 -4.235 3.111 1.279 -4.035 1.346 1.024 -5.463 -1.064 -3.248 -8.316 1.336 2.679