#Seq2Logo.py -Z on -y 0.25:2.0 -H ends -f 38081.peps -o QEFFIASGAAVDAIMESSFEYFDIDEATYHVVFT_el -I 2 --format PNG -b 50 -C 0 -l 1
Last position-specific scoring matrix computed, values are in halfbits
A R N D C Q E G H I L K M F P S T W Y V
1 I -8.055 -9.582 -10.099 -10.178 -6.956 -9.784 -10.291 -10.224 -9.482 6.221 2.886 -9.448 -0.734 -3.615 -10.363 -9.804 -7.967 -8.916 -8.042 3.113
2 V 1.014 2.34 -0.948 -4.618 -7.522 -0.305 0.88 -8.607 0.212 1.823 0.271 1.434 -1.285 -1.835 -9.369 -2.693 -0.289 -4.66 -1.536 2.078
3 A 1.117 1.269 -0.638 -3.435 -7.489 0.206 -1.392 -2.014 -0.857 1.813 -0.128 -0.154 -1.304 -0.286 -0.102 0.016 -2.076 -1.194 1.327 1.502
4 K -0.741 2.302 -1.914 -8.53 -7.968 -3.055 -2.551 -7.486 4.707 0.076 0.413 2.8 0.077 2.571 -9.625 -4.55 -3.639 1.042 2.346 0.204
5 K -0.128 2.018 1.041 -2.014 -7.998 1.516 0.511 -0.716 1.889 -0.611 -2.832 3.012 -5.517 -5.606 0.434 -0.354 -1.557 -2.011 -3.043 -0.248
6 R -2.766 6.065 -3.217 -7.921 -8.757 -4.025 -3.857 -8.472 0.03 -7.46 -7.907 5.527 -8.087 -9.388 -4.671 -3.069 -3.601 -9.276 -8.537 -6.525
7 K -0.462 2.98 -0.465 -4.604 -7.991 0.995 -0.962 -1.574 3.183 -0.928 0.806 2.947 -1.709 -0.979 -2.742 -2.895 -2.115 -2.991 0.17 -0.923
8 K 0.011 1.728 -0.609 -1.03 -7.776 0.352 -0.971 -0.837 1.878 -0.129 0.896 2.283 -0.989 -3.117 0.428 -1.027 -1.265 -8.974 -1.548 -0.122
9 R -0.817 5.78 -4.208 -8.458 -8.158 0.708 -5.353 -0.964 -2.494 -1.374 -2.107 1.798 -2.201 -0.317 -4.759 -2.198 -4.791 -8.396 1.811 0.319