#Seq2Logo.py -Z on -y 0.25:2.0 -H ends -f 38081.peps -o QEFFIASGAAVDAIMESSFDYFDLQKATYHVGFT_el -I 2 --format PNG -b 50 -C 0 -l 1
Last position-specific scoring matrix computed, values are in halfbits
A R N D C Q E G H I L K M F P S T W Y V
1 F -8.672 -9.432 -9.707 -10.137 -7.818 -9.798 -10.059 -9.932 -7.157 3.875 -0.268 -9.536 -1.997 6.218 -10.721 -9.766 -8.679 3.315 5.458 -0.543
2 V 0.703 1.213 -1.125 -5.168 -7.463 -0.032 1.23 -3.474 -2.071 2.16 -0.712 1.369 -4.011 -1.367 -9.385 -2.515 -0.184 -3.015 -0.785 2.936
3 I 1.723 0.008 -0.108 -1.723 -7.332 -2.165 -2.026 -2.353 -2.632 2.563 -0.109 -0.699 0.677 -1.558 0.424 -1.03 -0.849 -1.209 0.595 1.751
4 D -1.133 -8.09 1.996 6.221 -8.303 -0.96 1.93 -7.023 -5.244 -0.398 -2.181 -7.525 -1.089 -6.857 -9.211 -2.14 -2.097 -9.739 -9.079 -0.748
5 K 0.654 0.067 1.429 -0.224 -7.823 -0.01 1.023 -0.235 0.445 -1.246 -3.521 2.159 -1.407 -4.178 1.603 0.116 0.012 -4.755 -3.069 -0.157
6 K -1.957 5.518 -0.564 -5.743 -8.611 -3.144 -6.239 -5.707 0.026 -7.31 -8.909 5.64 -8.061 -9.341 -5.287 -3.769 -1.579 -9.302 -8.543 -3.427
7 L 1.302 -2.427 2.175 -1.653 -7.568 1.716 0.26 -1.413 0.222 1.191 0.688 -0.352 -0.407 -2.736 0.229 -0.912 -1.717 -4.698 -1.858 0.3
8 K 0.703 1.727 -0.614 -3.37 -7.752 1.165 -0.24 -0.432 0.224 -1.341 0.575 1.892 -3.327 -1.195 1.186 -1.122 -0.192 -8.881 -0.791 -0.598
9 A 1.771 2.286 -2.124 -3.4 -7.527 1.862 -0.983 1.281 -4.046 -0.038 -1.173 -1.264 -0.432 -2.69 -7.327 0.852 -1.71 -4.573 1.892 0.694