#Seq2Logo.py -Z on -y 0.25:2.0 -H ends -f 38081.peps -o QEFFIASGAAVDAIMEVHFDYYDIQRETYHVVFT_el -I 2 --format PNG -b 50 -C 0 -l 1
Last position-specific scoring matrix computed, values are in halfbits
A R N D C Q E G H I L K M F P S T W Y V
1 I -8.156 -9.572 -9.995 -10.149 -7.112 -9.792 -10.241 -10.164 -8.765 6.027 1.964 -9.464 -0.773 2.131 -10.417 -9.779 -8.078 -8.125 1.455 2.746
2 V 0.969 2.301 -1.681 -4.618 -7.56 0.581 0.103 -5.224 0.825 1.554 -1.052 2.203 -4.071 -3.078 -9.28 -1.475 0.008 -8.765 0.15 2.187
3 A 2.163 -1.833 1.091 -4.2 -2.523 -0.847 -3.889 -1.28 -2.616 2.143 -0.311 -1.99 -0.971 -0.947 0.329 0.5 -0.273 -1.962 0.981 1.311
4 I 2.418 -8.827 -5.921 -3.563 -6.864 -2.239 -3.681 -7.375 -8.634 3.747 0.945 -8.54 1.87 0.494 -9.572 -1.151 0.197 -8.838 -7.85 3.33
5 A 0.654 0.615 0.789 1.542 -7.763 0.895 1.147 -2.308 -0.532 -1.237 -3.328 1.089 -5.535 -1.932 0.437 0.696 1.212 -4.743 -3.586 0.017
6 T -2.858 -7.986 4.345 4.353 -7.588 -7.826 -7.307 -7.736 -7.362 -4.681 -8.703 -7.602 -8.113 -8.863 -6.07 1.815 4.539 -9.619 -8.943 0.007
7 A 1.837 -3.332 3.276 -1.649 -7.486 0.657 -0.88 -1.817 -2.589 0.416 0.9 -3.597 -2.663 -1.398 1.958 -0.616 -1.545 -2.006 -3.034 0.365
8 P 1.166 1.079 -1.1 -3.706 -7.735 0.683 0.558 -1.049 -0.014 -1.208 0.663 1.54 -5.332 -2.152 2.79 -0.363 -2.286 -4.707 -1.283 -1.036
9 A 2.905 -7.713 -3.499 3.83 -7.743 3.187 1.917 1.944 -0.524 -7.339 -9.241 -7.173 -8.361 -9.256 -7.118 1.84 -5.133 -9.491 -8.864 -5.663