#Seq2Logo.py -Z on -y 0.25:2.0 -H ends -f 38081.peps -o QEFFIASGAAVDAIMWPRFDYYELDRATYHVGFT_el -I 2 --format PNG -b 50 -C 0 -l 1
Last position-specific scoring matrix computed, values are in halfbits
A R N D C Q E G H I L K M F P S T W Y V
1 F -8.837 -9.249 -9.469 -10.08 -8.217 -9.584 -9.844 -9.847 -6.229 1.262 -3.508 -9.416 -4.01 6.644 -10.706 -9.655 -8.943 1.2 7.285 -2.849
2 V -0.995 2.892 -0.769 -2.064 -7.713 0.24 1.128 -6.503 0.441 1.019 -0.525 1.331 -2.641 -0.796 -9.386 -0.831 -0.5 -4.633 -0.365 2.294
3 A 1.565 -1.274 0.137 -4.185 -4.805 -1.01 -1.266 -2.726 0.437 1.956 -0.125 -0.475 0.669 -1.114 0.521 0.555 -1.244 -4.554 2.153 0.855
4 L -0.146 -7.141 -9.086 -4.894 -4.717 -0.707 -0.95 -9.252 -5.589 2.417 2.484 -8.607 2.213 2.745 -9.922 -3.209 -0.996 -1.892 1.562 3.017
5 K -0.438 1.501 0.877 0.087 -7.992 -1.323 0.435 -0.712 2.127 -2.114 -3.56 2.911 -2.815 -3.237 1.906 -0.03 0.812 -9.249 -3.048 -1.607
6 S 2.677 -8.014 3.554 0.649 -7.278 -5.335 -4.44 2.512 -7.394 -8.697 -9.201 -7.548 -8.393 -9.047 -3.683 4.051 0.408 -9.514 -8.975 -6.212
7 N 0.341 0.041 2.177 -4.479 -4.966 0.783 1.008 -2.34 1.889 -0.05 -0.564 0.129 -5.356 0.227 1.398 -1.347 -0.093 -1.201 0.871 -0.217
8 K -0.283 1.611 -1.657 -1.317 -7.922 0.893 0.896 -0.086 0.641 -0.948 -0.186 2.075 -2.731 -4.092 2.428 -1.356 -1.417 -9.063 -0.808 -0.418
9 L 1.765 -7.245 -7.15 -6.352 -2.446 -4.265 -3.724 -1.334 -8.823 3.198 2.847 -8.706 -0.544 -3.325 -7.547 -1.528 -1.713 -8.943 -5.022 3.575