#Seq2Logo.py -Z on -y 0.25:2.0 -H ends -f 38081.peps -o QEFFIASGAAVDAIMESSFDYYDLQRATYHVVFT_el -I 2 --format PNG -b 50 -C 0 -l 1
Last position-specific scoring matrix computed, values are in halfbits
A R N D C Q E G H I L K M F P S T W Y V
1 I -8.062 -9.676 -10.102 -10.144 -6.959 -9.844 -10.34 -10.247 -9.532 6.75 1.86 -9.469 -1.055 -5.557 -10.357 -9.816 -7.935 -8.991 -8.117 2.865
2 V 0.346 1.417 -1.696 -3.362 -7.562 0.789 1.879 -5.281 -0.556 2.155 -0.871 1.431 -4.027 -1.847 -9.363 -2.893 -0.501 -3.028 -1.843 2.782
3 V 1.526 -0.696 -0.102 -2.571 -7.293 -0.203 -1.695 -1.175 -2.633 2.449 -0.633 -1.064 0.492 -1.575 -0.469 -0.206 -0.381 -4.647 -0.017 2.241
4 L 1.111 -8.377 -0.494 2.066 -7.318 -0.832 1.284 -8.643 -5.56 2.386 1.836 -5.376 2.585 -1.567 -9.519 -1.631 -2.72 -9.035 -8.2 2.136
5 K 1.219 -1.045 1.359 0.469 -7.846 -0.143 1.518 0.021 1.177 -1.744 -4.493 1.982 -4.376 -6.757 1.729 0.259 -0.384 -9.255 -1.583 -0.849
6 K -4.486 5.365 -1.805 -7.825 -8.832 -4.583 -4.984 -7.235 0.029 -9.095 -9.036 6.259 -8.119 -9.463 -5.272 -6.921 -2.318 -9.311 -8.546 -7.481
7 A 1.258 -2.004 1.412 -0.597 -7.567 1.24 1.181 -1.415 -1.591 1.124 0.447 -2.32 -2.662 -1.18 0.873 -0.531 -0.388 -4.68 -1.025 0.146
8 L 0.811 0.931 -0.618 -1.503 -7.687 1.07 -0.065 0.302 -0.018 0.325 1.103 1.691 -0.982 -4.025 0.23 -1.604 -1.569 -8.997 -1.565 -0.287
9 A 2.719 -2.469 -2.376 -2.077 -7.311 2.421 -1.107 2.387 -1.211 0.056 -1.359 -4.262 -0.712 -3.134 -4.179 1.316 -1.869 -8.915 -0.809 0.824