#Seq2Logo.py -Z on -y 0.25:2.0 -H ends -f 38081.peps -o QEFFIASGAAVDAIMQDYFHDYDIQAATYHAVFT_el -I 2 --format PNG -b 50 -C 0 -l 1
Last position-specific scoring matrix computed, values are in halfbits
A R N D C Q E G H I L K M F P S T W Y V
1 I -7.966 -9.559 -10.066 -10.161 -6.923 -9.741 -10.238 -10.186 -9.475 6.011 2.524 -9.424 0.019 -4.142 -10.334 -9.739 -7.907 -8.929 -6.127 3.886
2 V 0.756 2.733 -2.146 -3.075 -7.59 0.356 0.947 -6.461 -0.012 0.446 -0.596 1.271 -3.268 -1.166 -9.338 -2.171 0.354 -1.207 -0.006 2.474
3 A 1.35 0.401 -0.951 -1.72 -7.461 -0.836 -2.378 -0.943 -1.213 2.047 -0.881 -0.692 -1.316 1.088 0.326 0.161 -1.112 0.324 1.114 1.14
4 F 1.83 -6.879 -2.209 -5.338 -7.522 0.748 -0.381 -4.794 1.022 0.599 -0.636 -4.042 -0.663 3.882 -9.661 -1.156 -2.11 2.083 4.174 1.078
5 K 0.35 0.941 0.396 0.184 -7.925 0.897 1.143 -0.33 1.887 -0.507 -2.156 1.751 -5.537 -3.196 1.471 -0.433 0.354 -9.095 -1.286 -2.037
6 A 3.928 -8.158 2.405 -0.84 -7.147 -5.372 -1.51 2.036 -5.385 -4.838 -8.811 -7.634 -5.749 -8.969 0.97 2.54 0.77 -9.524 -8.913 -2.583
7 A 0.964 0.927 0.853 -3.364 -7.702 2.0 -0.243 -1.846 2.353 0.401 0.133 0.219 -1.326 -0.293 -2.215 -1.018 -0.397 -2.962 1.538 -0.38
8 K 0.865 1.664 -1.092 -1.673 -7.801 0.577 0.341 0.708 -0.009 -0.254 0.057 1.594 -2.714 -3.126 1.467 -1.473 -1.913 -4.674 -0.027 -0.701
9 R -4.918 7.382 -6.136 -8.23 -8.922 -4.036 -5.687 -7.451 -6.91 -7.447 -5.967 3.814 -8.019 -7.045 -9.318 -4.838 -8.2 -9.128 -4.295 -4.408