#Seq2Logo.py -Z on -y 0.25:2.0 -H ends -f 38081.peps -o QEFFIASGAAVDAIMESSFEYYDLRRETYHVVFT_el -I 2 --format PNG -b 50 -C 0 -l 1
Last position-specific scoring matrix computed, values are in halfbits
A R N D C Q E G H I L K M F P S T W Y V
1 I -8.055 -9.603 -10.096 -10.165 -6.955 -9.789 -10.3 -10.228 -9.492 6.388 2.598 -9.447 -0.208 -4.747 -10.358 -9.802 -7.954 -8.946 -8.083 3.033
2 V 0.344 2.054 -0.084 -1.665 -7.657 -0.292 1.35 -6.457 0.822 2.145 -1.8 2.285 -5.203 -3.122 -9.324 -2.342 -1.895 -4.702 -2.576 2.616
3 A 2.022 -0.311 -0.361 -4.19 -7.369 0.077 -0.891 -2.164 -0.559 1.446 -0.31 -0.466 1.308 -0.611 0.872 -0.63 -1.55 -4.627 0.312 1.599
4 A 3.224 -8.292 1.815 -2.288 -6.947 -2.164 -1.266 -5.007 -1.64 1.518 -0.247 -7.928 -1.297 -4.61 -9.126 1.546 0.973 -9.208 -8.359 2.458
5 A 1.442 0.707 0.873 0.371 -7.769 -0.437 0.904 -0.805 1.009 -1.558 -4.193 2.118 -2.803 -5.602 1.041 0.05 0.521 -4.742 -1.883 -0.429
6 K -5.269 6.03 -6.064 -7.971 -8.901 -5.298 -6.99 -8.535 -1.516 -9.166 -7.936 6.059 -8.102 -9.479 -6.085 -5.674 -3.959 -9.289 -8.601 -8.897
7 A 1.165 -1.419 1.755 -2.028 -7.619 0.569 1.398 -1.548 -0.003 0.156 0.291 -0.671 -1.715 -0.625 0.331 -0.277 -1.111 -4.634 0.309 0.429
8 L 0.219 1.546 -0.472 -1.503 -7.749 0.349 -0.067 0.887 -1.594 -0.128 0.897 1.979 0.062 -5.357 -0.098 -1.737 -1.268 -3.034 -0.81 -0.121
9 V 1.069 -3.109 -3.149 -6.277 -7.079 0.404 -6.529 -0.864 -2.704 3.42 1.73 -4.952 0.898 -0.254 -7.55 -1.174 -2.275 -8.606 -0.359 3.134