#Seq2Logo.py -Z on -y 0.25:2.0 -H ends -f 38081.peps -o QEFFIASGAAVDAIMELSFEHYDIQKQNYHVGFT_el -I 2 --format PNG -b 50 -C 0 -l 1
Last position-specific scoring matrix computed, values are in halfbits
A R N D C Q E G H I L K M F P S T W Y V
1 F -8.595 -9.329 -9.698 -10.15 -7.759 -9.658 -9.987 -9.929 -7.097 3.104 1.259 -9.45 -0.875 5.642 -10.66 -9.732 -8.637 3.704 5.721 0.508
2 V 0.083 1.204 -1.7 -2.11 -7.459 0.665 -0.456 -4.073 -0.277 1.833 0.063 0.286 -1.652 0.483 -9.464 -1.036 0.516 -4.579 0.611 2.522
3 I 1.117 -0.19 0.454 -5.971 -0.835 -0.828 -2.381 -2.541 -0.871 2.478 0.06 0.797 1.167 -1.14 0.611 -0.212 -1.551 -3.001 0.457 0.924
4 N -5.955 -7.391 8.466 0.529 -8.684 -7.453 -6.528 -7.113 -6.047 -9.495 -9.991 -7.233 -9.031 -9.278 -9.435 -3.563 -5.627 -9.878 -9.005 -6.777
5 A 0.871 0.142 0.772 0.067 -7.65 -0.798 -0.637 -0.927 0.998 0.134 -1.987 1.074 -0.728 -2.796 2.072 0.038 0.52 -3.061 -2.208 0.486
6 A 3.516 -8.194 2.962 -3.642 -7.118 -3.149 -4.555 1.413 -3.282 -1.698 -5.787 -7.734 -4.354 -8.734 1.476 2.037 1.678 -9.497 -8.789 -0.047
7 A 0.915 -1.802 1.88 -1.848 -7.597 0.558 0.328 -1.168 1.613 1.309 0.084 -1.619 -0.417 -1.386 1.531 -1.018 -0.613 -3.033 -1.263 0.442
8 K 0.469 1.415 0.669 -2.058 -7.734 -0.461 0.259 -0.833 -0.539 0.477 -0.223 1.375 -0.18 -1.856 1.467 -1.236 -0.291 -8.845 0.143 -0.204
9 V 1.733 -8.286 2.39 -0.879 -3.417 -0.507 -1.541 0.387 -1.624 1.672 -0.19 -5.985 -0.402 -3.995 -6.197 0.628 0.453 -9.078 -2.607 2.308