#Seq2Logo.py -Z on -y 0.25:2.0 -H ends -f 38081.peps -o QEFFIASGAAVDAIMQLSFEHYDLQKQNYHVGFT_el -I 2 --format PNG -b 50 -C 0 -l 1
Last position-specific scoring matrix computed, values are in halfbits
A R N D C Q E G H I L K M F P S T W Y V
1 F -8.578 -9.312 -9.687 -10.147 -7.755 -9.633 -9.969 -9.927 -7.056 2.942 1.294 -9.434 -0.876 5.566 -10.645 -9.719 -8.628 3.581 5.834 0.767
2 V -0.21 1.593 -1.113 -1.198 -7.52 0.562 -0.259 -4.074 -0.276 1.624 -0.056 0.372 -0.953 0.363 -9.465 -1.492 0.592 -2.984 0.168 2.45
3 I 1.304 0.022 0.454 -5.968 -0.833 -0.829 -2.381 -2.952 -0.563 2.438 -0.176 0.434 1.311 -0.956 1.03 -0.133 -1.713 -4.638 0.154 0.982
4 N -5.003 -7.427 8.33 1.641 -8.673 -7.461 -5.768 -7.14 -6.098 -9.482 -9.986 -7.248 -9.035 -9.29 -9.413 -3.102 -5.638 -9.889 -9.029 -6.771
5 P 0.765 -0.402 1.035 0.446 -7.671 -0.626 -0.429 -0.712 0.432 0.038 -1.886 1.195 -1.382 -4.742 2.282 0.181 0.443 -3.073 -2.615 0.341
6 A 3.777 -8.218 2.787 -3.304 -7.1 -4.073 -4.554 1.741 -5.424 -2.716 -6.88 -7.732 -5.661 -8.825 1.671 2.11 1.348 -9.524 -8.856 -0.409
7 A 1.069 -2.714 1.689 -1.479 -7.585 0.559 0.55 -1.164 1.612 1.306 -0.278 -1.619 -1.0 -1.863 1.901 -0.623 -0.61 -4.702 -1.544 0.508
8 K 0.53 1.417 0.266 -2.058 -7.728 -0.618 0.337 -0.832 -0.013 0.314 -0.105 1.591 -1.008 -1.626 1.534 -0.914 -0.395 -8.94 -0.796 -0.121
9 V 1.734 -6.885 2.059 -1.03 -2.505 -1.029 -1.855 0.241 -3.326 1.732 -0.12 -5.364 0.292 -3.985 -7.361 0.685 0.609 -9.088 -3.059 2.591