#Seq2Logo.py -Z on -y 0.25:2.0 -H ends -f 38081.peps -o QEFFIASGAAVDAIMEVHFDYYDLDRLTYHVVFT_el -I 2 --format PNG -b 50 -C 0 -l 1
Last position-specific scoring matrix computed, values are in halfbits
A R N D C Q E G H I L K M F P S T W Y V
1 I -8.025 -9.577 -10.057 -10.158 -6.97 -9.767 -10.255 -10.19 -9.318 6.122 2.376 -9.44 -0.218 -1.22 -10.358 -9.761 -7.952 -8.744 -2.534 3.5
2 V 1.163 2.484 -1.685 -8.103 -7.579 0.115 0.555 -5.771 1.474 1.386 -1.502 2.246 -5.205 -2.715 -9.281 -3.536 0.435 -8.728 0.309 2.336
3 A 2.163 -0.969 0.56 -5.24 -7.301 -0.502 -3.866 -1.678 -2.59 1.546 -0.386 -0.812 -0.408 -0.284 0.429 0.959 -0.272 -2.97 1.721 0.789
4 L 1.757 -8.851 -5.212 -6.39 -6.956 -1.727 -4.83 -7.58 -5.794 3.57 2.417 -5.051 2.516 1.457 -9.819 -3.418 -2.086 -2.982 -3.415 3.061
5 K 0.538 1.427 -0.437 1.145 -7.779 0.691 -0.407 -0.925 0.64 -0.593 -3.31 2.075 -2.237 -3.218 0.96 0.384 0.521 -9.248 -3.593 0.178
6 T 1.133 -8.058 4.061 3.159 -7.323 -7.938 -7.61 -5.404 -7.51 -2.426 -8.382 -7.673 -7.891 -8.715 -3.328 1.527 4.339 -9.539 -8.837 0.746
7 A 1.949 1.134 1.684 -5.86 -7.526 1.057 -2.35 -0.714 -0.267 -0.534 0.941 -0.664 -2.14 -1.381 1.328 -0.624 -2.968 -1.219 -0.573 0.357
8 K 1.022 1.551 -1.089 -3.341 -7.779 1.171 0.702 -1.047 0.225 -1.216 0.051 1.987 -3.365 -4.094 2.179 -0.12 -2.494 -4.714 -1.29 -0.608
9 A 3.623 -7.776 -1.812 -2.234 -7.353 3.663 -1.192 3.853 -1.581 -8.794 -9.118 -7.299 -8.225 -9.166 -7.109 2.684 -4.147 -9.334 -8.835 -7.016