#Seq2Logo.py -Z on -y 0.25:2.0 -H ends -f 38081.peps -o QEFFIASGAAVDAIMESSFDYYSIDEATYHVVFT_el -I 2 --format PNG -b 50 -C 0 -l 1
Last position-specific scoring matrix computed, values are in halfbits
A R N D C Q E G H I L K M F P S T W Y V
1 I -8.045 -9.588 -10.087 -10.161 -6.951 -9.765 -10.286 -10.221 -9.467 6.358 2.575 -9.433 0.44 -6.613 -10.352 -9.79 -7.948 -8.942 -6.154 3.089
2 V 0.53 2.152 -1.91 -3.058 -7.571 -0.446 1.552 -6.475 -0.274 1.565 -0.88 1.891 -1.683 -2.406 -9.326 -1.612 -0.978 -3.028 -1.544 2.713
3 I 0.76 0.825 -0.949 -2.104 -7.5 -0.493 -0.779 -1.305 -2.049 2.094 -0.517 -1.179 -2.129 -0.431 0.7 0.295 -1.11 -1.943 1.901 1.353
4 K 0.272 -0.525 0.025 -2.553 -4.905 -1.851 -0.083 -8.625 2.745 1.33 0.054 1.87 0.083 2.152 -9.504 -1.5 -1.127 0.702 1.023 1.347
5 K -0.276 1.117 0.878 -0.448 -8.053 0.713 1.095 -1.036 1.183 -2.118 -4.235 3.559 -3.485 -6.798 1.266 0.042 -0.61 -9.232 -1.885 -1.09
6 K -5.272 6.095 -4.576 -7.95 -8.929 -5.287 -6.157 -8.531 -1.954 -9.189 -9.029 6.049 -8.116 -9.496 -9.014 -5.197 -6.873 -9.289 -8.614 -7.528
7 K 0.21 0.867 1.268 -2.73 -7.886 0.796 1.133 -1.425 2.558 0.133 0.719 2.115 -0.995 -1.175 -1.569 -1.478 -2.299 -4.634 -0.176 -1.674
8 K -0.134 1.085 -0.338 -1.682 -7.737 1.072 -0.337 -0.634 -0.016 0.792 0.64 2.197 -0.409 -1.86 0.33 -1.742 -0.99 -8.943 -1.551 0.362
9 E -0.818 -0.674 -4.023 4.238 -8.268 0.495 4.164 -1.57 -1.98 -0.379 -2.537 -5.001 -5.569 -1.006 -6.17 -2.874 -5.328 -8.795 0.969 0.388