#Seq2Logo.py -Z on -y 0.25:2.0 -H ends -f 38081.peps -o QEFFIASGAAVDAIMELSFEHYDLQKQNYHVVFT_el -I 2 --format PNG -b 50 -C 0 -l 1
Last position-specific scoring matrix computed, values are in halfbits
A R N D C Q E G H I L K M F P S T W Y V
1 I -8.032 -9.517 -10.058 -10.178 -6.969 -9.72 -10.228 -10.182 -9.289 5.792 2.987 -9.42 0.439 -1.424 -10.36 -9.76 -7.976 -8.719 -2.534 3.47
2 V 0.216 1.408 -0.09 -2.539 -7.544 -0.037 0.327 -3.747 0.827 1.82 -0.797 0.451 -0.969 -0.596 -9.414 -1.608 0.811 -2.97 1.328 2.115
3 I 1.481 -1.112 0.454 -3.119 -7.368 -1.211 -2.381 -2.347 -1.221 2.32 0.168 0.428 0.295 -1.801 0.952 -0.132 -1.884 -4.632 0.728 1.561
4 N -6.585 -7.404 8.376 1.644 -8.732 -5.153 -5.756 -7.137 -6.069 -9.586 -10.047 -7.229 -9.069 -9.313 -9.426 -3.571 -7.4 -9.897 -9.034 -9.437
5 A 0.923 -1.233 1.424 0.702 -7.65 -0.975 -0.058 -1.035 0.431 0.22 -2.114 1.252 -1.771 -4.762 2.073 -0.107 0.746 -3.082 -4.261 0.554
6 A 3.814 -8.238 2.874 -3.002 -7.09 -4.076 -3.531 1.414 -7.753 -2.451 -6.811 -7.755 -7.922 -8.778 1.67 1.478 1.624 -9.525 -8.846 0.483
7 I 0.645 -1.602 2.003 -1.845 -7.633 0.771 0.012 -1.693 1.617 1.641 -0.276 -0.679 -2.156 -1.381 1.597 -0.365 -1.111 -8.878 -0.186 0.37
8 K 0.533 1.147 1.025 -3.349 -7.666 -0.029 0.015 -0.163 0.22 0.236 -0.044 1.317 -1.004 -3.127 0.79 -0.908 0.355 -4.695 -1.284 0.354
9 A 2.544 -3.727 2.002 -1.18 -4.694 0.064 -3.269 0.394 -2.094 1.22 -0.387 -5.941 -0.978 -6.405 -4.715 0.634 0.534 -9.21 -5.119 2.414