#Seq2Logo.py -Z on -y 0.25:2.0 -H ends -f 38081.peps -o QEFFIASGAAVDAIMQDYFHGYDFDRATYHVGFT_el -I 2 --format PNG -b 50 -C 0 -l 1
Last position-specific scoring matrix computed, values are in halfbits
A R N D C Q E G H I L K M F P S T W Y V
1 F -8.832 -9.284 -9.522 -10.103 -8.159 -9.643 -9.89 -9.856 -6.402 1.554 -1.79 -9.455 -5.038 6.642 -10.737 -9.69 -8.923 2.553 6.957 -2.615
2 V 0.753 2.247 -1.906 -1.343 -7.614 -0.022 0.886 -4.402 0.999 0.529 -0.522 1.488 -0.676 -2.386 -9.375 -3.319 -0.506 0.68 -0.366 2.576
3 A 1.801 0.214 -4.352 -4.759 -7.384 -0.349 -2.804 -3.443 -0.268 1.556 0.219 -0.582 -0.391 1.017 0.519 0.159 -1.113 -1.908 2.673 1.031
4 L 1.339 -6.021 -9.148 -7.422 -4.678 -1.062 -1.607 -9.06 -4.335 2.896 2.913 -1.883 2.321 1.837 -9.812 -4.601 -2.301 -4.55 -1.203 2.454
5 K 0.654 1.022 -0.313 -0.471 -7.731 0.695 0.504 -2.509 -0.261 -0.696 -2.509 2.484 -2.753 -3.63 1.191 -0.03 1.147 -4.732 -2.219 0.407
6 A 4.319 -8.081 2.133 -2.003 -7.028 -4.006 -0.542 1.424 -5.379 -8.009 -8.691 -6.54 -5.697 -8.9 -0.709 2.633 0.845 -9.455 -8.831 -1.296
7 L 1.158 1.779 0.472 -5.144 -7.768 0.349 -0.16 -0.167 3.18 0.055 0.677 1.376 -2.149 -1.831 -1.574 -3.085 -1.921 -0.605 0.321 -0.389
8 R 0.646 2.343 -2.99 -2.08 -7.806 -0.16 -0.066 0.372 0.436 -0.936 0.169 1.846 -1.355 -3.128 1.844 -1.869 -0.744 -4.676 -0.201 -0.602
9 R 0.585 5.478 -3.264 -6.746 -3.658 -0.232 -4.297 -0.247 -3.993 -3.665 -3.779 4.473 -5.593 -8.968 -7.243 -1.72 -6.769 -9.175 -3.635 -1.938