#Seq2Logo.py -Z on -y 0.25:2.0 -H ends -f 38081.peps -o QEFFIASGAAVDAIMESSFDYFDIDKATYHVGFT_el -I 2 --format PNG -b 50 -C 0 -l 1
Last position-specific scoring matrix computed, values are in halfbits
A R N D C Q E G H I L K M F P S T W Y V
1 F -8.822 -9.39 -9.613 -10.127 -8.056 -9.802 -9.999 -9.867 -6.783 2.444 -1.652 -9.559 -3.155 6.892 -10.802 -9.745 -8.874 3.188 6.102 -2.017
2 V 0.409 1.666 -0.63 -4.12 -7.564 -0.612 1.179 -4.4 -0.554 1.721 -0.584 2.068 -4.046 -1.379 -9.339 -1.741 -0.185 -1.981 -1.262 2.482
3 A 2.193 -0.099 -0.647 -1.912 -7.303 -1.422 -1.548 -1.555 -1.623 1.773 0.168 -1.196 1.011 -0.95 0.227 -0.821 -1.249 -4.625 0.456 1.698
4 D 1.207 -6.731 1.498 3.383 -4.864 0.454 1.663 -7.13 -4.14 1.206 0.146 -4.723 0.661 -3.555 -9.288 -1.341 -0.18 -9.262 -6.342 1.638
5 K 0.417 1.021 1.64 -0.013 -7.813 -0.287 0.574 -0.236 -0.531 -0.487 -2.811 2.484 -0.743 -3.646 -0.206 0.254 0.279 -9.202 -3.07 -0.418
6 K -6.333 6.094 -3.211 -7.942 -8.921 -5.301 -7.001 -8.539 -0.793 -9.168 -9.021 5.97 -8.113 -9.469 -9.027 -6.256 -3.615 -9.28 -8.575 -7.518
7 A 1.72 -0.068 1.178 -2.768 -7.572 1.243 0.481 -1.84 -0.549 0.65 0.95 0.291 0.074 -0.472 0.228 -1.599 -2.285 -1.222 -2.553 -0.098
8 L 1.115 1.604 -0.48 -2.792 -7.656 0.226 -0.25 -0.833 0.431 -0.121 1.063 1.642 -1.699 -1.863 0.954 -1.477 -1.263 -8.969 -1.854 -0.03
9 A 2.332 1.148 -1.229 -1.147 -7.658 3.27 -0.041 2.458 -1.996 -1.44 -3.764 -0.98 -4.335 -6.589 -5.302 1.178 -1.388 -4.659 0.574 -3.026