#Seq2Logo.py -Z on -y 0.25:2.0 -H ends -f 38081.peps -o QEFFIASGAAVDAIMWPRFDYFDIQAATYHVGFT_el -I 2 --format PNG -b 50 -C 0 -l 1
Last position-specific scoring matrix computed, values are in halfbits
A R N D C Q E G H I L K M F P S T W Y V
1 F -8.617 -9.37 -9.663 -10.126 -7.804 -9.717 -9.999 -9.927 -7.005 3.226 0.137 -9.485 -1.58 6.158 -10.667 -9.716 -8.659 1.422 5.86 0.505
2 R -1.103 3.042 -0.617 -2.071 -4.953 -0.446 0.759 -4.817 0.828 1.199 -0.527 1.653 -1.696 -0.031 -9.413 -1.254 -0.191 -0.607 -0.764 1.631
3 L 0.649 0.222 -0.222 -3.415 -7.553 -0.335 -0.776 -2.177 -1.189 1.374 0.151 -0.358 0.665 -0.423 1.255 0.839 -2.712 -0.094 2.154 0.447
4 Y -3.271 -5.347 -9.057 -9.631 -8.207 -2.549 -3.716 -9.564 -0.096 -1.014 -2.625 -6.381 -2.138 4.743 -10.332 -6.185 -5.573 3.347 7.863 -0.688
5 K -0.788 0.802 0.499 0.539 -5.015 0.248 -0.038 -1.161 0.646 -0.842 -3.146 3.16 -1.791 -2.83 1.537 0.178 -0.182 -9.174 -1.874 -0.158
6 S 1.553 -7.989 4.034 1.733 -7.471 -3.995 -2.689 2.44 -7.311 -8.568 -9.209 -7.536 -8.423 -9.062 -2.991 3.783 0.148 -9.563 -9.008 -2.467
7 N -0.721 0.93 2.12 -5.078 -7.927 0.88 -0.343 -2.956 2.358 -0.249 -0.107 1.077 -3.335 1.267 0.786 -0.926 -1.128 -0.578 2.167 -1.034
8 P 0.158 0.774 -1.083 -2.271 -7.812 -0.025 0.415 0.305 2.236 -0.701 -0.646 1.429 -1.029 -1.63 2.071 0.169 -1.119 -3.024 -0.187 -0.712
9 L 2.231 -2.086 -3.491 -5.428 -4.627 -2.218 -3.661 0.149 -5.709 2.477 1.957 -6.128 -0.891 -3.392 -6.254 -0.294 -0.176 -8.902 -2.203 2.895