#Seq2Logo.py -Z on -y 0.25:2.0 -H ends -f 38081.peps -o QEFFIASGAAVDAIMESSFDYFDFDEATYHVVFT_el -I 2 --format PNG -b 50 -C 0 -l 1
Last position-specific scoring matrix computed, values are in halfbits
A R N D C Q E G H I L K M F P S T W Y V
1 I -8.037 -9.589 -10.092 -10.17 -6.949 -9.781 -10.286 -10.219 -9.492 6.264 2.689 -9.445 -0.461 -4.131 -10.356 -9.792 -7.949 -8.936 -8.063 3.25
2 V 0.405 2.053 -1.111 -2.295 -7.612 -1.809 1.065 -5.267 0.994 1.773 -0.187 2.402 -2.109 -2.403 -9.365 -2.705 -1.563 -3.032 -2.18 2.482
3 A 1.305 1.062 0.256 -2.084 -7.536 0.333 -0.451 -0.831 -1.197 1.135 -0.463 -0.149 -0.989 -1.155 0.014 -0.453 -1.719 -2.994 0.98 1.442
4 K 0.906 1.736 -1.916 -6.925 -7.712 -2.076 -1.239 -5.252 3.176 0.944 0.416 3.33 -0.147 1.172 -9.407 -3.855 -2.309 -0.595 -0.518 0.956
5 K 0.594 2.07 0.07 -0.714 -7.981 1.096 0.442 -0.418 1.628 -1.926 -4.22 3.076 -3.474 -6.71 0.623 -0.264 -0.391 -4.714 -0.808 -1.205
6 K -7.06 6.083 -6.057 -7.957 -8.983 -5.271 -6.142 -8.561 -1.13 -9.23 -9.044 6.136 -8.122 -9.507 -9.013 -7.011 -6.894 -9.285 -8.588 -8.968
7 K 1.064 2.532 -0.468 -5.789 -7.841 0.992 0.192 -0.725 2.127 -0.811 0.28 2.411 -1.725 -0.643 -1.567 -1.475 -2.996 -4.64 -0.772 -0.92
8 K -0.286 1.427 -0.469 -1.506 -7.774 0.232 -0.639 0.072 1.0 0.326 0.77 2.516 -0.414 -3.527 -0.215 -1.484 -1.126 -8.935 -1.029 0.128
9 A 2.459 1.476 -3.685 -4.125 -7.528 3.09 -2.696 2.592 -0.255 -1.72 -3.723 -0.867 -3.438 -2.797 -3.015 1.585 -2.691 -8.826 0.136 -0.424