#Seq2Logo.py -Z on -y 0.25:2.0 -H ends -f 38081.peps -o QEFFIASGAAVDAIMWLFLECYDLQRATYHAVFT_el -I 2 --format PNG -b 50 -C 0 -l 1
Last position-specific scoring matrix computed, values are in halfbits
A R N D C Q E G H I L K M F P S T W Y V
1 I -7.971 -9.513 -10.079 -10.19 -6.919 -9.723 -10.224 -10.185 -9.487 5.641 3.202 -9.421 -0.733 -4.13 -10.341 -9.749 -7.932 -8.921 -8.053 3.923
2 E 1.02 1.998 -1.088 -3.014 -7.661 0.589 1.928 -2.172 1.751 0.721 -1.432 1.092 -3.32 -0.49 -9.246 -0.812 -0.39 -8.9 -2.983 1.626
3 A 2.874 -0.659 -3.031 -4.671 -3.444 1.486 -2.147 -2.9 0.432 0.796 -1.611 0.876 0.655 -1.836 0.708 0.314 -2.256 -1.969 0.731 1.13
4 L 1.379 -8.482 -9.187 -8.894 -7.123 0.845 0.971 -7.672 -8.392 1.784 4.664 -8.302 2.535 -4.857 -9.797 -6.004 -6.848 -8.79 -8.113 -0.329
5 A 1.027 1.492 -1.415 -0.019 -7.797 1.808 0.91 -0.708 1.481 -2.283 -3.962 1.554 -3.459 -6.74 1.192 0.258 0.953 -9.184 -1.88 -0.34
6 A 5.12 -8.611 -3.349 -8.252 -6.999 -8.46 -8.551 4.661 -8.129 -8.513 -8.985 -7.97 -8.41 -9.101 0.804 0.229 -4.222 -9.451 -9.136 -5.434
7 A 1.392 0.054 1.628 -3.624 -7.709 2.493 1.461 -1.281 0.841 -0.245 -0.3 0.228 -4.167 -3.533 -1.203 -1.332 -0.185 -1.978 0.146 -0.042
8 K 0.347 1.292 -1.095 -2.521 -4.966 0.466 0.104 0.51 0.434 -0.57 0.48 2.113 -1.348 -2.77 1.902 -1.87 -0.995 -4.699 -1.285 -0.807
9 V 3.125 -8.994 -6.013 -9.388 -3.279 -6.97 -9.32 -0.636 -8.923 2.509 2.352 -8.716 -1.945 -7.283 -7.479 -2.537 -2.696 -9.093 -8.337 4.15