#Seq2Logo.py -Z on -y 0.25:2.0 -H ends -f 38081.peps -o QEFFIASGAAVDAIMESSFDYFDFDRATYHAVFT_el -I 2 --format PNG -b 50 -C 0 -l 1
Last position-specific scoring matrix computed, values are in halfbits
A R N D C Q E G H I L K M F P S T W Y V
1 I -8.018 -9.547 -10.072 -10.169 -6.948 -9.734 -10.249 -10.2 -9.388 6.055 2.799 -9.421 0.239 -4.726 -10.346 -9.766 -7.947 -8.857 -3.524 3.451
2 K 1.21 1.732 -1.101 -1.675 -7.607 0.361 0.892 -4.367 -0.855 0.811 -0.329 2.557 -1.315 -2.415 -9.259 -2.014 -1.255 -3.027 -1.274 1.983
3 A 1.803 0.228 0.664 -1.336 -7.483 -0.182 -0.352 -0.158 -0.858 0.869 -0.335 0.118 0.06 -3.078 -0.214 -0.622 -1.397 -8.83 0.296 1.235
4 L 1.434 -8.69 -4.524 -6.278 -3.343 -2.527 -1.61 -6.618 -8.59 2.797 3.156 -4.998 3.403 -1.284 -9.714 -1.528 -0.978 -8.818 -7.988 2.594
5 K 1.168 1.032 0.87 -0.467 -7.848 0.251 -0.04 -0.81 1.013 -2.278 -2.27 3.101 0.019 -4.757 0.797 -0.345 -0.61 -9.084 -1.041 -1.189
6 K -8.042 6.17 -7.243 -7.981 -9.008 -5.267 -6.964 -8.582 -1.13 -9.244 -9.044 6.115 -8.122 -9.51 -9.026 -8.019 -8.16 -9.281 -8.588 -8.984
7 A 2.09 0.769 -0.482 -4.138 -7.508 0.878 -0.072 -0.822 0.823 0.644 0.776 0.949 -0.678 -1.604 -1.041 -0.81 -1.255 -8.82 -0.786 -0.364
8 L 0.216 1.224 -1.283 -2.787 -4.938 0.786 0.337 0.223 -0.27 0.068 1.438 2.112 -0.155 -5.323 0.229 -1.882 -1.574 -8.926 -0.806 -0.475
9 G 2.438 -6.505 -2.861 -0.994 -7.499 3.808 -1.6 3.785 0.641 -4.928 -8.971 -5.06 -5.719 -9.048 -3.706 2.62 -0.948 -9.299 -6.44 -2.644