#Seq2Logo.py -Z on -y 0.25:2.0 -H ends -f 38081.peps -o QEFFIASGAAVDAIMEVHFDYYDIQAATYHVVFT_el -I 2 --format PNG -b 50 -C 0 -l 1
Last position-specific scoring matrix computed, values are in halfbits
A R N D C Q E G H I L K M F P S T W Y V
1 I -8.021 -9.617 -10.082 -10.154 -6.948 -9.798 -10.289 -10.212 -9.494 6.368 2.224 -9.452 -0.469 -2.821 -10.353 -9.778 -7.93 -8.929 -8.018 3.407
2 V 0.014 2.859 -1.894 -4.155 -7.653 0.117 -0.152 -4.796 1.326 1.082 -1.412 2.524 -4.092 -3.083 -9.303 -1.737 0.356 -8.745 0.307 2.439
3 I 1.399 -0.199 0.843 -4.173 -7.405 -0.06 -3.017 -1.547 -1.595 2.347 -1.491 -0.804 -0.164 -0.013 0.427 1.16 -0.714 -1.198 1.104 0.665
4 F 1.052 -8.734 -4.506 -3.958 -7.388 -0.103 -3.388 -6.643 -0.857 2.506 0.326 -6.297 1.608 4.18 -9.953 -2.982 -3.024 2.658 3.509 2.057
5 K 0.353 1.295 0.6 1.414 -7.864 -0.011 0.437 -1.675 0.445 -0.978 -2.989 1.894 -1.798 -3.655 1.666 0.51 0.103 -4.751 -2.615 -0.728
6 T -0.187 -7.993 4.472 4.092 -7.557 -6.318 -7.358 -5.395 -7.339 -3.886 -8.726 -7.598 -8.139 -8.884 -2.998 1.853 3.964 -9.637 -8.941 -0.249
7 N 1.346 0.139 3.04 -3.658 -7.627 1.49 -0.644 -2.911 0.002 -0.227 0.488 -0.549 -2.676 -1.178 0.789 -0.528 -1.394 -1.982 -0.373 0.204
8 K 0.648 1.013 -0.075 -2.758 -7.823 1.076 -0.058 -0.247 1.004 -0.827 0.161 2.027 -4.204 -2.787 2.429 -0.447 -1.904 -4.71 -1.283 -1.421
9 A 3.819 -7.8 -2.59 -3.011 -7.257 3.625 -1.763 3.494 -1.589 -6.16 -7.079 -7.333 -5.689 -9.047 -5.243 2.565 -2.423 -9.32 -8.776 -3.293