#Seq2Logo.py -Z on -y 0.25:2.0 -H ends -f 38081.peps -o QEFFIASGAAVDAIMWPRFDYYDLDRATYHVGFT_el -I 2 --format PNG -b 50 -C 0 -l 1
Last position-specific scoring matrix computed, values are in halfbits
A R N D C Q E G H I L K M F P S T W Y V
1 F -8.87 -9.229 -9.452 -10.081 -8.276 -9.567 -9.824 -9.831 -6.166 0.58 -3.733 -9.409 -4.032 6.685 -10.724 -9.653 -8.988 2.179 7.379 -3.641
2 V -0.996 2.772 -1.105 -2.782 -7.679 0.111 1.181 -5.846 0.639 1.505 -0.317 1.028 -3.247 -0.787 -9.425 -0.936 -0.732 -4.621 -0.004 2.372
3 A 1.765 -1.276 0.02 -4.196 -4.79 -1.417 -1.545 -2.938 0.433 2.052 -0.309 -0.373 0.288 -0.928 0.427 0.494 -1.242 -4.562 1.988 1.201
4 L 0.136 -7.13 -9.054 -3.944 -4.725 -1.065 -0.722 -9.216 -4.257 2.451 2.739 -8.585 2.512 2.477 -9.905 -3.438 -0.999 -1.15 1.656 2.447
5 K -0.437 1.172 0.789 0.182 -7.975 -1.124 0.127 -0.419 2.24 -2.526 -3.188 2.975 -1.813 -4.189 1.906 -0.03 0.881 -9.242 -2.603 -1.607
6 S 2.704 -8.028 3.689 0.481 -7.276 -7.882 -4.878 2.546 -7.395 -8.688 -9.197 -7.565 -8.399 -9.043 -3.31 3.978 0.564 -9.517 -8.979 -6.208
7 N 0.583 -0.067 2.287 -4.495 -4.955 1.068 0.484 -2.522 2.014 -0.147 -0.496 -0.24 -5.353 -0.026 1.597 -1.23 -0.092 -1.954 1.33 -0.307
8 K -0.362 1.73 -1.453 -1.662 -7.916 0.691 0.702 -0.004 0.64 -0.822 -0.005 2.246 -2.196 -2.793 2.229 -0.92 -1.736 -9.078 -1.564 -0.715
9 L 2.196 -6.154 -7.075 -7.426 -1.773 -4.252 -4.823 -0.645 -8.749 2.865 2.777 -8.613 -0.057 -4.352 -7.502 -0.751 -1.103 -8.97 -5.046 3.218