#Seq2Logo.py -Z on -y 0.25:2.0 -H ends -f 38081.peps -o QEFFIASGAAVDAIMELSFEHYDLQKRNYHVGFT_el -I 2 --format PNG -b 50 -C 0 -l 1
Last position-specific scoring matrix computed, values are in halfbits
A R N D C Q E G H I L K M F P S T W Y V
1 F -8.637 -9.328 -9.668 -10.144 -7.835 -9.666 -9.971 -9.911 -6.967 2.902 0.768 -9.458 -1.999 5.843 -10.683 -9.728 -8.688 3.942 5.967 0.283
2 V 0.216 1.823 -2.164 -2.573 -7.468 0.56 -0.457 -3.763 -0.864 1.829 0.225 0.125 -1.278 -0.141 -9.453 -1.615 1.079 -2.973 0.868 2.197
3 I 1.393 0.222 0.014 -5.283 -0.831 -1.208 -3.036 -2.54 -0.033 2.595 -0.171 0.584 1.586 -0.959 0.951 -0.461 -1.716 -8.803 -0.37 1.044
4 N -6.602 -7.567 7.849 4.311 -8.812 -7.495 -5.04 -7.269 -6.261 -9.586 -10.099 -7.312 -9.154 -9.389 -9.383 -4.169 -6.486 -9.98 -9.17 -9.481
5 P 0.416 0.149 1.424 0.361 -7.749 -1.161 -0.235 -1.279 1.0 -0.695 -2.009 1.482 -1.39 -4.767 2.704 -0.036 0.103 -4.767 -3.066 0.542
6 A 3.737 -8.211 2.875 -2.242 -7.097 -3.151 -4.989 1.314 -4.161 -2.247 -6.807 -7.741 -4.361 -8.762 1.477 1.85 1.462 -9.513 -8.81 0.267
7 A 0.916 -2.984 2.176 -1.468 -7.634 0.773 0.755 -1.164 1.749 1.476 -0.28 -1.315 -0.7 -3.545 1.901 -1.015 -1.113 -4.719 -1.858 0.367
8 K 0.81 1.779 0.153 -2.063 -7.722 0.105 0.183 -1.173 -0.266 0.631 0.18 1.541 -2.686 -2.428 1.399 -1.237 -0.858 -8.965 -0.8 -0.202
9 V 1.447 -2.243 2.12 -0.613 -4.76 -0.658 -1.53 -0.069 -2.612 1.217 -0.965 -2.159 0.477 -2.725 -6.189 0.962 0.117 -8.973 -1.288 2.446