#Seq2Logo.py -Z on -y 0.25:2.0 -H ends -f 38081.peps -o QEFFIASGAAVDAIMESSFEYYDIQAATYHVGFT_el -I 2 --format PNG -b 50 -C 0 -l 1
Last position-specific scoring matrix computed, values are in halfbits
A R N D C Q E G H I L K M F P S T W Y V
1 F -8.654 -9.509 -9.731 -10.129 -7.763 -9.9 -10.123 -9.967 -7.286 4.347 -0.807 -9.589 -4.792 6.467 -10.709 -9.78 -8.64 -0.405 5.136 -0.422
2 V 0.279 2.043 -3.075 -6.005 -7.437 -0.04 0.082 -5.888 -0.574 3.163 -0.279 1.585 -4.992 -3.927 -9.486 -3.875 -0.615 -1.221 -1.269 3.034
3 I 2.019 0.202 -0.983 -5.383 -7.249 -2.483 -3.933 -3.456 -1.23 3.368 -0.826 -0.949 0.859 -0.914 0.008 -1.377 -2.077 -1.944 1.723 2.141
4 N 0.575 -3.608 4.382 1.721 -7.809 0.093 -0.733 -6.985 2.137 0.313 -1.451 -0.68 -0.718 0.882 -9.382 -1.109 -1.248 -4.617 0.327 0.486
5 K 0.089 0.807 1.769 -0.846 -7.906 0.126 -0.31 -2.141 1.011 -1.102 -3.517 3.337 -2.247 -4.174 1.728 0.039 -0.845 -4.752 -2.607 0.168
6 K 0.219 4.125 1.779 -5.634 -8.163 -3.243 -3.925 -2.892 1.491 -4.053 -8.821 4.893 -8.043 -9.144 -2.427 -0.421 0.275 -9.34 -8.472 -2.884
7 A 1.559 0.042 2.957 -3.305 -7.646 1.493 -0.153 -2.5 1.757 0.633 0.234 -0.141 -3.314 -1.401 0.23 -1.223 -1.554 -8.976 -1.839 -0.113
8 K -0.446 2.353 -0.467 -4.09 -7.928 0.245 0.271 -0.63 0.441 -0.472 -0.182 2.743 -1.749 -4.716 2.281 -1.356 -1.266 -9.117 -1.571 -0.712
9 R 1.992 3.177 -2.686 -5.241 -7.448 1.328 -2.153 0.519 -2.582 0.867 -1.333 -0.742 -2.156 -3.09 -7.337 0.68 -2.699 -8.743 0.444 1.723