#Seq2Logo.py -Z on -y 0.25:2.0 -H ends -f 38081.peps -o QEFFIASGAAVDAIMEASFDYYDLQKATYHVGFT_el -I 2 --format PNG -b 50 -C 0 -l 1
Last position-specific scoring matrix computed, values are in halfbits
A R N D C Q E G H I L K M F P S T W Y V
1 F -8.769 -9.371 -9.616 -10.116 -8.004 -9.728 -9.979 -9.888 -6.764 3.242 -1.75 -9.501 -2.543 6.416 -10.744 -9.736 -8.805 3.716 6.275 -1.975
2 V 0.221 1.416 -0.945 -4.631 -7.47 -0.975 0.326 -4.061 -0.281 1.781 -0.949 1.928 -4.029 -0.97 -9.356 -1.876 1.017 -4.642 -0.566 2.903
3 I 1.726 -0.094 -0.232 -4.23 -7.314 -1.651 -3.044 -2.533 -1.222 2.92 -0.78 -0.271 0.293 -1.79 0.612 0.162 -1.102 -2.992 1.211 1.473
4 D -0.841 -8.133 3.042 6.68 -8.401 -1.167 -0.311 -6.896 -7.275 -2.134 -3.633 -7.583 -1.117 -9.068 -9.203 -2.628 -2.096 -9.902 -9.266 -1.119
5 P 0.418 0.16 1.499 0.087 -7.807 -0.775 0.57 -0.813 0.226 -1.883 -2.408 1.889 -2.253 -4.17 2.431 0.186 0.672 -4.759 -2.621 -0.337
6 K 0.476 2.639 2.609 -2.7 -7.886 -2.93 -3.652 -3.62 2.013 -3.594 -6.924 4.196 -5.622 -8.937 -1.543 -0.324 2.144 -9.356 -8.418 -0.747
7 A 1.723 -1.8 2.639 -1.31 -7.488 0.768 -0.255 -1.536 -0.549 0.999 0.592 -1.778 -1.323 -2.75 0.954 -0.708 -0.605 -9.11 -2.597 0.372
8 K 0.863 1.357 -0.336 -3.707 -7.763 0.232 0.413 -0.527 1.167 -0.569 0.481 1.841 -2.171 -1.408 1.724 -1.726 -0.4 -4.687 -1.545 -1.027
9 A 2.724 -2.202 -0.891 -1.312 -7.328 2.699 -1.083 2.358 -2.043 -1.09 -3.134 -2.72 -1.045 -6.651 -9.009 2.336 -0.943 -9.112 -2.242 0.031