#Seq2Logo.py -Z on -y 0.25:2.0 -H ends -f 38081.peps -o QEFFIASGAAVDAIMESGFDYYALRRETYHVMFT_el -I 2 --format PNG -b 50 -C 0 -l 1
Last position-specific scoring matrix computed, values are in halfbits
A R N D C Q E G H I L K M F P S T W Y V
1 I -8.059 -9.594 -10.095 -10.169 -6.959 -9.786 -10.296 -10.224 -9.479 6.326 2.69 -9.447 -0.207 -3.618 -10.362 -9.803 -7.962 -8.921 -8.044 3.031
2 V 0.968 1.669 -0.204 -0.874 -7.591 -0.447 0.953 -7.238 0.822 1.763 -1.921 2.2 -4.105 -2.755 -9.264 -1.239 -0.974 -3.041 -2.189 2.408
3 V 1.44 -0.823 -0.099 -3.432 -7.391 -0.06 -1.845 -1.558 -0.275 1.333 -0.799 -0.581 1.158 -0.289 0.787 -0.052 -0.723 -2.981 1.217 1.908
4 V 2.549 -8.452 -1.502 -3.459 -6.841 -3.199 -2.612 -7.058 -3.402 2.224 0.296 -5.414 -0.925 -2.699 -9.218 1.865 1.83 -9.104 -8.232 3.205
5 E 0.653 0.26 0.602 1.421 -7.845 0.367 1.571 -1.532 0.234 -1.256 -3.539 1.598 -4.334 -4.784 1.117 0.258 0.885 -4.735 -1.301 -0.626
6 K -2.403 5.343 -1.811 -7.852 -8.592 -2.15 -4.196 -8.392 0.468 -8.758 -8.896 5.715 -8.04 -9.336 -3.333 -2.846 -1.272 -9.303 -8.506 -2.933
7 E 1.119 -3.277 2.065 -1.129 -7.665 0.88 1.745 -0.241 -0.835 0.228 0.228 -1.035 -3.338 -1.852 0.43 0.033 -1.889 -8.833 0.298 -0.121
8 L -0.058 0.15 -0.765 -0.737 -7.796 0.784 0.889 0.441 -0.551 0.312 0.337 1.535 0.052 -3.141 1.784 -1.604 -0.992 -2.002 -2.214 -0.487
9 I -1.693 -9.296 -9.73 -5.71 -7.002 -4.354 -7.999 -6.179 -8.806 4.521 2.67 -9.203 0.599 1.399 -10.206 -7.899 -5.285 -8.346 0.34 4.028