#Seq2Logo.py -Z on -y 0.25:2.0 -H ends -f 38081.peps -o QEFFIASGAAVDAIMWLFLECYDIQAATYHVGFT_el -I 2 --format PNG -b 50 -C 0 -l 1
Last position-specific scoring matrix computed, values are in halfbits
A R N D C Q E G H I L K M F P S T W Y V
1 F -8.731 -9.321 -9.606 -10.127 -7.98 -9.675 -9.944 -9.89 -6.706 2.489 -0.173 -9.468 -4.92 6.27 -10.712 -9.718 -8.796 3.329 6.441 -0.811
2 V 0.01 2.247 -1.472 -2.523 -7.659 0.581 1.068 -3.749 1.472 1.385 -0.453 1.324 -2.123 -0.316 -9.37 -1.486 -0.189 -4.64 -1.245 1.945
3 A 1.726 0.756 -1.488 -3.803 -4.825 -0.487 -2.563 -1.997 1.168 1.487 -0.196 0.2 0.665 -0.934 -0.098 0.674 -1.549 -1.186 1.905 0.382
4 L 0.905 -6.885 -5.921 -5.372 -4.735 1.7 0.919 -4.908 -3.371 1.617 3.772 -6.07 3.188 -0.551 -9.744 -4.249 -3.935 -4.612 -3.479 1.018
5 K -0.611 2.015 -0.177 -0.24 -7.974 0.596 -0.039 -0.935 1.621 -2.27 -2.031 2.978 -1.396 -4.798 1.727 -0.707 0.354 -9.214 -2.606 -0.437
6 A 4.997 -8.478 -1.654 -4.612 -6.961 -8.328 -8.372 4.022 -8.018 -8.472 -8.948 -7.867 -8.34 -9.062 0.806 1.736 -2.032 -9.467 -9.057 -6.004
7 A 1.06 1.489 1.343 -3.661 -4.985 1.874 0.897 -3.42 2.661 0.384 -0.782 1.384 -4.173 -1.831 -1.568 -2.159 -1.735 -0.598 1.433 -0.397
8 K 0.083 2.442 -1.26 -2.063 -7.912 -1.138 -0.147 0.077 1.169 -0.832 -0.378 2.741 -3.389 -2.796 1.96 -1.726 -0.298 -9.046 -1.286 -1.171
9 V 2.847 -7.255 -5.17 -9.316 -0.762 -6.948 -6.685 -0.639 -8.87 2.87 2.249 -8.683 -0.305 -5.97 -9.588 -2.049 -1.705 -9.073 -8.323 3.822