#Seq2Logo.py -Z on -y 0.25:2.0 -H ends -f 38081.peps -o QEFFIASGAAVDAIMEVHFDYYAIDEATYHVVFT_el -I 2 --format PNG -b 50 -C 0 -l 1
Last position-specific scoring matrix computed, values are in halfbits
A R N D C Q E G H I L K M F P S T W Y V
1 I -8.043 -9.65 -10.1 -10.153 -6.95 -9.827 -10.321 -10.237 -9.532 6.585 2.145 -9.463 -1.396 -5.555 -10.353 -9.804 -7.932 -8.985 -8.113 3.122
2 V 0.7 2.856 -1.284 -4.149 -7.627 0.115 0.262 -5.242 1.004 1.326 -0.818 2.077 -4.076 -3.968 -9.318 -2.173 -0.187 -4.634 0.453 2.184
3 I 1.214 0.114 0.458 -4.212 -7.444 -0.066 -3.873 -1.055 -0.554 2.392 -1.21 -1.059 -1.317 -0.007 0.869 0.092 -0.608 0.69 1.329 1.199
4 F 0.387 -3.357 -4.415 -7.313 -7.664 -2.204 -4.308 -6.599 3.337 1.917 -1.956 0.319 -0.959 4.329 -9.881 -2.58 -1.015 4.787 3.418 1.354
5 K -0.526 1.913 0.788 0.627 -8.019 1.001 -0.028 -2.324 1.012 -1.414 -3.353 3.166 -3.462 -4.844 1.603 -0.432 0.357 -9.314 -3.601 -0.849
6 T -0.031 -7.976 4.419 3.33 -7.429 -6.323 -6.542 -5.965 -7.378 -3.211 -8.572 -7.598 -8.009 -8.794 -3.327 2.252 4.192 -9.573 -8.866 0.176
7 N -0.817 2.344 3.084 -7.709 -7.953 2.258 -0.739 -3.179 2.564 0.133 0.335 0.239 -2.679 -0.467 -0.747 -1.36 -2.293 -0.606 0.007 -0.699
8 P -0.204 0.531 -0.466 -3.027 -7.873 0.888 0.699 -0.083 1.616 -0.066 0.109 1.934 -3.366 -3.156 2.659 -0.452 -1.732 -9.078 -1.283 -1.415
9 A 2.422 -7.781 -2.883 2.792 -7.656 3.14 2.426 1.079 -2.024 -1.242 -2.542 -6.337 -2.781 -5.623 -4.67 0.456 -2.703 -9.262 -3.638 -0.064