#Seq2Logo.py -Z on -y 0.25:2.0 -H ends -f 38081.peps -o QEFFIASGAAVDAIMWLFFELYDLQRATYHVGFT_el -I 2 --format PNG -b 50 -C 0 -l 1
Last position-specific scoring matrix computed, values are in halfbits
A R N D C Q E G H I L K M F P S T W Y V
1 Y -8.823 -9.219 -9.468 -10.089 -8.224 -9.544 -9.818 -9.835 -6.21 0.588 -2.41 -9.393 -5.1 6.453 -10.706 -9.651 -8.943 3.058 7.338 -1.935
2 V -0.063 2.198 -0.617 -1.865 -7.693 0.687 0.888 -4.403 2.005 1.013 -0.201 1.086 -2.126 -0.789 -9.385 -1.366 -0.504 -2.996 0.002 1.856
3 A 2.419 -0.554 -0.488 -3.108 -4.778 -1.007 -1.839 -1.98 0.634 1.649 -0.018 -0.364 0.071 -1.794 -0.336 0.795 -1.386 -1.952 1.528 0.242
4 L 1.72 -8.465 -4.468 -3.862 -4.67 0.306 0.588 -4.852 -5.672 1.823 3.334 -8.215 2.695 -2.008 -9.6 -3.138 -0.19 -8.835 -6.132 1.82
5 K -0.12 1.024 0.07 0.273 -7.85 0.697 0.129 -0.926 0.832 -2.485 -2.686 2.523 -1.402 -4.799 1.667 0.255 1.269 -9.218 -2.226 -0.531
6 A 4.843 -8.41 -1.443 -4.13 -6.942 -8.264 -8.293 3.547 -7.982 -8.397 -8.9 -7.816 -8.283 -9.033 1.126 2.32 -0.462 -9.48 -9.01 -5.395
7 A 1.761 -0.792 2.006 -2.232 -4.899 1.796 1.188 -3.388 1.178 0.912 -1.451 -0.656 -3.354 -1.86 0.128 -0.898 -0.387 -0.615 -0.011 0.209
8 K 0.348 2.438 -1.661 -2.511 -7.852 -0.014 0.491 -0.254 0.637 -1.079 0.161 2.078 -4.202 -4.727 2.281 -1.35 -0.622 -9.159 -2.222 -0.712
9 A 3.005 -8.791 -1.547 -8.905 -0.375 -4.227 -5.846 0.448 -8.595 2.481 1.617 -8.468 -0.606 -6.118 -9.435 -0.285 -0.71 -9.126 -8.416 3.236