#Seq2Logo.py -Z on -y 0.25:2.0 -H ends -f 38081.peps -o QEFFIASGAAVDAIMEVHFDYYDLQKATYHVGFT_el -I 2 --format PNG -b 50 -C 0 -l 1
Last position-specific scoring matrix computed, values are in halfbits
A R N D C Q E G H I L K M F P S T W Y V
1 F -8.763 -9.286 -9.545 -10.102 -8.067 -9.62 -9.896 -9.873 -6.493 2.236 -1.379 -9.434 -3.169 6.347 -10.699 -9.686 -8.841 2.723 6.846 -1.432
2 V -0.053 1.773 0.146 -3.402 -7.481 -1.38 -0.356 -4.394 0.43 1.345 -0.953 1.196 -1.68 -0.302 -9.386 -0.288 0.598 -4.619 -0.001 2.808
3 I 1.121 0.209 0.657 -1.895 -7.367 -1.017 -1.85 -1.558 -4.168 2.477 -0.37 -1.965 0.671 -1.354 0.328 0.432 0.195 -1.974 0.148 1.152
4 D 1.341 -8.103 -2.859 4.785 -7.69 1.645 1.484 -8.244 -7.66 2.029 -1.249 -7.602 1.14 -3.602 -9.203 -1.221 0.186 -4.775 -8.629 -0.452
5 P 0.421 -0.17 1.205 1.219 -7.754 -0.968 0.034 0.015 0.638 -0.715 -3.325 1.077 -2.254 -2.836 2.018 0.691 0.523 -9.288 -3.066 0.017
6 T -0.407 -7.998 3.975 3.056 -7.351 -7.877 -6.594 -4.936 -7.483 -4.611 -8.514 -7.62 -7.953 -8.767 -2.692 2.254 4.727 -9.534 -8.845 0.402
7 A 1.48 -3.315 2.825 -0.85 -7.566 0.665 0.258 -1.817 -2.585 0.629 0.065 -2.762 -2.18 -1.891 2.614 -0.035 -0.49 -4.749 -3.587 -0.475
8 A 1.069 1.29 0.047 -2.488 -7.734 0.358 1.014 -1.287 1.616 -1.35 0.324 1.436 -3.349 -2.785 1.332 -0.71 -0.09 -3.049 -2.58 -0.601
9 A 3.624 -7.827 -2.042 -0.998 -7.252 3.176 -2.675 3.397 -2.045 -6.182 -7.867 -5.67 -4.418 -9.048 -6.02 3.014 -1.659 -9.347 -8.813 -3.865