#Seq2Logo.py -Z on -y 0.25:2.0 -H ends -f 38081.peps -o QEFFIASGAAVDAIMEVHFDYYDFDRLTYHVGFT_el -I 2 --format PNG -b 50 -C 0 -l 1
Last position-specific scoring matrix computed, values are in halfbits
A R N D C Q E G H I L K M F P S T W Y V
1 F -8.824 -9.254 -9.481 -10.087 -8.2 -9.597 -9.849 -9.841 -6.278 1.014 -3.144 -9.426 -4.005 6.657 -10.717 -9.658 -8.933 1.957 7.189 -1.923
2 V 0.757 2.389 -1.282 -1.887 -7.554 -0.025 -0.342 -5.232 1.0 1.15 -0.735 1.697 -0.975 -2.704 -9.33 -1.478 0.187 -3.006 0.153 2.299
3 A 1.611 0.318 -0.485 -3.418 -7.441 -0.651 -2.002 -0.333 -0.553 1.428 -1.323 0.025 0.057 -1.363 1.11 0.792 -1.543 -1.966 0.979 1.13
4 V 2.158 -8.703 -4.517 -7.406 -6.892 -1.07 -4.371 -7.455 -5.788 3.456 2.038 -4.528 2.105 -0.26 -9.63 -2.924 0.52 -8.797 -4.923 3.115
5 K 0.095 1.301 0.06 -0.604 -7.731 0.892 -0.953 -1.161 0.826 -0.051 -2.235 2.558 -2.739 -4.759 0.795 0.38 0.444 -9.213 -3.057 0.869
6 T 1.86 -8.093 3.216 0.868 -7.085 -6.414 -6.047 -3.282 -7.698 -1.638 -8.147 -7.704 -7.696 -8.591 -1.537 2.254 4.502 -9.444 -8.733 1.171
7 A 2.416 0.759 1.185 -2.764 -4.858 0.339 -0.161 -0.81 1.748 0.138 0.229 -0.66 -3.333 -2.145 0.956 -0.612 -1.399 -1.998 -2.57 -0.678
8 A 1.121 1.779 -1.27 -4.565 -7.723 -0.304 0.261 0.449 1.612 -0.816 -0.439 1.489 -2.731 -3.176 2.178 -0.62 -0.735 -9.136 -2.594 -0.226
9 A 3.701 -7.963 -0.037 0.706 -4.774 2.48 -1.614 3.565 -5.348 -4.93 -7.919 -7.458 -8.222 -9.091 -6.038 2.472 -3.454 -9.41 -8.952 -3.578