#Seq2Logo.py -Z on -y 0.25:2.0 -H ends -f 38081.peps -o QEFFIASGAAVDAIMEVHFDYYDLQRLTYHVGFT_el -I 2 --format PNG -b 50 -C 0 -l 1
Last position-specific scoring matrix computed, values are in halfbits
A R N D C Q E G H I L K M F P S T W Y V
1 F -8.8 -9.307 -9.531 -10.1 -8.119 -9.673 -9.907 -9.858 -6.471 1.717 -2.369 -9.473 -3.965 6.733 -10.733 -9.685 -8.888 1.714 6.817 -1.453
2 V 0.814 1.775 -0.625 -2.795 -7.486 -0.462 0.255 -5.76 0.824 1.452 -1.126 1.259 -1.688 -2.371 -9.32 -0.722 0.361 -4.623 0.597 2.549
3 I 1.445 0.111 -0.631 -2.822 -7.333 -1.419 -1.85 -0.722 -1.222 2.311 -1.488 -1.628 -0.412 -1.581 0.614 0.849 0.526 -3.007 0.593 1.41
4 I 2.535 -8.659 -4.46 -2.394 -6.977 -0.232 -1.895 -7.338 -8.387 3.607 1.018 -8.361 2.199 1.005 -9.54 -2.351 0.52 -3.005 -4.869 2.35
5 S 0.603 -0.167 0.286 0.533 -7.612 -0.167 -0.424 -0.417 0.215 0.041 -2.787 1.314 -2.754 -2.82 1.19 1.02 1.089 -9.241 -3.592 0.748
6 T 0.498 -8.029 3.913 2.871 -7.306 -7.911 -6.63 -4.929 -7.515 -3.458 -8.426 -7.646 -7.901 -8.729 -2.422 2.185 4.482 -9.53 -8.827 0.742
7 A 2.681 -3.67 2.779 -1.831 -4.821 0.963 -0.543 -2.869 0.218 0.136 -0.362 -3.899 -2.716 -1.653 2.524 -0.101 -0.837 -3.071 -5.043 -0.477
8 A 1.44 1.286 -0.465 -2.749 -7.685 0.983 0.764 -0.242 0.638 -1.357 -0.247 0.895 -4.209 -3.594 1.664 -0.191 -0.612 -2.002 -1.867 -0.227
9 A 3.819 -7.885 -0.42 0.177 -4.725 2.748 -3.688 2.946 -4.106 -7.098 -8.939 -7.403 -5.726 -9.062 -4.111 3.191 -2.191 -9.405 -8.862 -3.564