#Seq2Logo.py -Z on -y 0.25:2.0 -H ends -f 38081.peps -o QEFFIASGAAVDAIMESSFDYYALRRETYHAVFT_el -I 2 --format PNG -b 50 -C 0 -l 1
Last position-specific scoring matrix computed, values are in halfbits
A R N D C Q E G H I L K M F P S T W Y V
1 I -8.065 -9.559 -10.09 -10.174 -6.96 -9.749 -10.279 -10.217 -9.452 6.21 2.908 -9.43 0.806 -4.119 -10.362 -9.798 -7.973 -8.909 -8.053 2.941
2 V 1.019 1.73 -0.076 -1.011 -7.63 -0.148 1.075 -4.741 1.001 1.138 -1.519 2.326 -3.308 -3.134 -9.236 -1.235 -1.109 -4.699 -2.193 2.218
3 A 1.842 0.016 0.024 -2.813 -7.377 -0.825 -1.01 -1.288 -0.558 1.145 -0.59 -0.923 0.477 -0.784 0.703 -0.046 -0.604 -4.63 0.457 1.686
4 V 2.369 -8.362 0.848 -1.878 -6.914 -3.598 -1.548 -6.177 -3.361 2.032 -1.02 -7.994 -1.667 -4.598 -9.14 2.332 1.882 -9.22 -8.38 3.059
5 E 1.023 0.856 0.597 1.087 -7.809 -0.944 1.566 -0.921 1.009 -0.725 -2.831 1.267 -3.452 -4.759 0.88 -0.103 0.67 -4.727 -1.297 -0.721
6 R -4.869 6.3 -6.077 -8.002 -8.888 -4.0 -5.553 -8.575 -1.132 -9.136 -8.99 5.684 -8.101 -9.455 -4.675 -6.265 -3.309 -9.276 -8.588 -6.564
7 E 0.919 -2.674 2.007 -1.448 -7.712 1.416 1.654 -0.928 -0.522 -0.245 0.005 -0.665 -2.18 -0.47 0.616 0.244 -1.715 -8.723 0.595 -0.493
8 L 0.154 0.692 -0.613 -1.167 -7.735 0.883 0.627 0.577 -0.858 0.233 0.585 1.373 0.271 -4.045 0.79 -1.022 -0.737 -1.998 -1.874 -0.387
9 V -1.011 -9.233 -7.433 -6.544 -6.983 -3.8 -6.861 -6.92 -8.814 4.235 2.866 -9.139 0.41 1.313 -10.155 -6.895 -4.303 -8.4 -0.15 4.025