#Seq2Logo.py -Z on -y 0.25:2.0 -H ends -f 38081.peps -o QEFFIASGAAVDAIMESSFDYFDIDEATYHVVFT_el -I 2 --format PNG -b 50 -C 0 -l 1
Last position-specific scoring matrix computed, values are in halfbits
A R N D C Q E G H I L K M F P S T W Y V
1 I -8.056 -9.591 -10.101 -10.175 -6.954 -9.788 -10.297 -10.229 -9.494 6.295 2.822 -9.448 -0.734 -4.741 -10.361 -9.807 -7.962 -8.939 -8.08 3.059
2 V 1.162 1.891 -0.945 -3.723 -7.552 -0.019 1.345 -6.446 0.215 1.87 -0.444 1.794 -2.111 -2.109 -9.333 -2.51 -1.403 -3.025 -1.539 2.305
3 V 1.438 1.052 -0.357 -3.106 -7.434 0.203 -0.669 -1.299 -2.061 1.663 -0.252 -1.611 -1.685 -0.152 0.121 -0.132 -1.889 -2.99 0.735 1.867
4 K 0.197 1.61 -1.692 -8.382 -7.862 -1.59 -0.996 -7.416 4.407 0.934 -0.194 2.585 -1.308 2.619 -9.546 -3.885 -2.543 0.346 1.765 0.504
5 K 0.223 1.628 1.574 -0.575 -7.998 1.184 0.514 -0.325 1.338 -1.74 -4.219 3.011 -4.346 -6.795 0.711 -0.43 -0.728 -4.75 -2.616 -0.445
6 K -4.494 6.168 -4.576 -7.941 -8.866 -5.312 -4.568 -8.519 -1.514 -9.174 -9.019 5.794 -8.117 -9.465 -6.093 -3.54 -4.795 -9.285 -8.603 -7.506
7 K -0.07 2.353 -0.205 -5.822 -7.907 1.082 -0.06 -1.863 2.656 -0.238 0.979 2.485 -2.653 -0.459 -1.573 -2.032 -2.309 -2.984 0.472 -1.023
8 L 0.346 0.859 -0.333 -0.885 -7.716 0.573 -0.433 -0.169 0.997 0.41 0.899 2.153 -1.7 -2.425 -0.097 -1.244 -1.411 -9.003 -2.197 0.209
9 R 0.642 5.252 -5.458 -6.944 -7.97 1.587 -4.069 0.508 -1.534 -1.38 -2.497 0.604 -1.761 -0.982 -5.388 -0.925 -3.925 -8.415 1.897 0.093