#Seq2Logo.py -Z on -y 0.25:2.0 -H ends -f 38081.peps -o QEFFIASGAAVDAIMESSFEYYDLQKATYHVGFT_el -I 2 --format PNG -b 50 -C 0 -l 1
Last position-specific scoring matrix computed, values are in halfbits
A R N D C Q E G H I L K M F P S T W Y V
1 F -8.633 -9.459 -9.72 -10.128 -7.757 -9.818 -10.082 -9.958 -7.233 4.221 -0.387 -9.54 -1.985 6.186 -10.688 -9.763 -8.627 1.667 5.326 -0.242
2 V 0.408 1.883 -1.31 -5.944 -7.441 -0.176 0.245 -5.846 -0.874 2.685 -0.422 1.255 -5.046 -2.678 -9.432 -2.704 0.437 -1.974 -0.188 2.821
3 I 1.839 0.009 -0.81 -4.76 -7.281 -2.175 -4.261 -2.543 -0.882 3.057 -0.478 -0.179 1.018 -1.12 0.224 -0.734 -1.109 -1.956 1.102 1.715
4 D -0.931 -7.903 5.044 5.47 -8.276 -0.456 0.479 -6.815 -5.082 -1.43 -2.893 -7.464 -0.787 -8.896 -9.248 -1.818 -2.27 -9.752 -9.041 -0.986
5 K 0.653 0.073 1.77 -0.114 -7.875 -0.145 0.644 -0.808 0.231 -1.569 -3.352 2.482 -1.069 -4.839 2.479 0.186 -0.493 -9.373 -3.618 -1.074
6 K 0.284 4.175 1.438 -6.477 -8.162 -1.694 -3.318 -4.273 1.344 -4.911 -7.774 4.959 -7.995 -9.139 -2.995 -0.689 0.358 -9.325 -8.46 -2.282
7 A 1.563 -2.976 2.78 -1.303 -7.526 0.967 -0.071 -1.675 0.825 1.061 0.495 -1.044 -1.706 -2.751 0.524 -0.525 -0.844 -9.095 -2.587 0.297
8 K 0.082 2.056 -0.077 -4.1 -7.851 0.791 -0.06 -0.628 0.641 -0.814 0.057 2.205 -2.184 -1.642 1.902 -1.726 -0.096 -8.978 -1.276 -0.813
9 A 1.958 2.558 -1.465 -4.639 -7.431 1.065 -1.815 0.778 -2.037 0.645 -1.34 -0.639 -0.7 -4.567 -7.315 1.064 -1.537 -8.716 0.846 1.335