#Seq2Logo.py -Z on -y 0.25:2.0 -H ends -f 38081.peps -o QEFFIASGAAVDAIMESSFEYYSIDRLTYHVGFT_el -I 2 --format PNG -b 50 -C 0 -l 1
Last position-specific scoring matrix computed, values are in halfbits
A R N D C Q E G H I L K M F P S T W Y V
1 F -8.756 -9.329 -9.58 -10.109 -8.023 -9.678 -9.94 -9.885 -6.63 2.712 -1.366 -9.469 -3.153 6.418 -10.714 -9.708 -8.816 2.717 6.566 -1.411
2 V -0.289 2.203 -1.113 -4.122 -7.671 -0.016 1.398 -5.842 -0.851 1.669 -0.803 2.201 -5.151 -0.458 -9.388 -2.525 -0.985 -4.618 0.159 2.582
3 A 2.125 -0.838 -2.461 -2.138 -7.267 -2.795 -1.709 -2.177 -3.278 2.112 0.128 -0.595 1.839 -0.255 -1.215 -0.638 -1.111 -8.287 2.384 1.706
4 V 1.013 -2.21 -0.822 -3.878 -7.235 -0.209 -4.25 -8.766 -0.909 2.555 1.623 1.612 1.202 1.0 -9.579 -3.368 -0.854 -8.747 -4.852 2.832
5 K -0.522 0.958 0.491 -0.721 -7.852 0.9 0.36 -2.336 0.444 -0.15 -1.993 3.161 -1.371 -2.813 0.529 -0.041 -0.386 -9.139 -2.596 0.678
6 K -2.091 4.937 -3.238 -7.935 -8.491 -3.169 -4.226 -6.378 0.463 -2.828 -5.486 5.762 -5.613 -4.922 -2.702 -2.316 -1.917 -9.196 -4.247 -2.891
7 A 2.123 -0.071 1.015 -4.573 -7.473 0.454 0.403 -1.546 1.163 1.315 0.826 0.206 -0.151 -2.107 -1.043 -1.232 -1.721 -3.029 -1.842 0.079
8 K 1.064 1.61 -1.912 -3.415 -7.691 1.161 -0.862 -0.734 0.631 0.721 0.776 2.322 -0.406 -3.109 0.954 -3.561 -2.302 -4.689 -1.553 0.291
9 D -0.544 -4.985 -0.99 4.836 -8.34 1.362 4.19 -1.286 -1.983 -1.008 -3.802 -4.116 -5.708 -6.809 -4.686 -2.14 -3.003 -4.769 -1.918 -0.653