#Seq2Logo.py -Z on -y 0.25:2.0 -H ends -f 38081.peps -o QEFFIASGAAVDAIMELSFEHYALQKQNYHVGFT_el -I 2 --format PNG -b 50 -C 0 -l 1
Last position-specific scoring matrix computed, values are in halfbits
A R N D C Q E G H I L K M F P S T W Y V
1 F -8.614 -9.353 -9.699 -10.147 -7.783 -9.691 -9.999 -9.919 -7.117 3.227 0.818 -9.473 -0.882 5.806 -10.685 -9.738 -8.65 4.048 5.628 0.438
2 V 0.346 1.769 -1.69 -2.101 -7.504 0.671 -0.258 -3.215 0.632 1.723 -0.573 0.376 -0.961 0.115 -9.419 -1.485 0.74 -8.583 0.321 2.306
3 I 1.213 0.016 0.017 -5.277 -1.858 -0.662 -3.036 -2.353 0.425 2.397 -0.058 -0.267 1.01 -1.557 1.107 -0.21 -0.609 -2.993 0.983 0.923
4 N -5.927 -7.5 8.038 3.104 -8.672 -6.102 -5.131 -7.218 -6.206 -7.637 -9.938 -7.283 -9.018 -9.301 -9.384 -2.196 -5.064 -9.912 -9.075 -5.416
5 P 0.475 -0.063 1.35 0.449 -7.758 -1.371 0.026 -0.714 1.473 -0.063 -1.892 1.074 -1.777 -2.474 2.381 -0.113 0.1 -4.738 -2.208 0.028
6 A 3.998 -8.233 2.069 -3.663 -7.062 -4.067 -2.769 1.264 -3.3 -2.704 -6.853 -7.724 -7.964 -8.818 2.185 1.927 1.347 -9.532 -8.81 -0.222
7 A 0.916 -2.708 1.555 -0.861 -7.626 0.969 1.006 -1.42 2.12 1.424 -0.338 -1.778 -0.421 -1.859 1.257 -1.018 -1.115 -3.038 -1.537 0.708
8 A 0.811 1.35 -0.083 -1.672 -7.691 0.102 0.337 -1.173 -0.547 0.849 0.129 1.261 -1.338 -2.752 1.662 -1.236 -0.395 -8.983 -0.803 -0.286
9 V 0.473 -8.628 1.167 0.586 -4.717 -2.503 -1.159 -2.033 -4.273 3.145 0.655 -8.321 1.036 -2.045 -7.494 -0.842 -0.84 -8.914 -1.551 3.365