#Seq2Logo.py -Z on -y 0.25:2.0 -H ends -f 38081.peps -o QEFFIASGAAVDAIMESCLEHFVFDRATYHAVFT_el -I 2 --format PNG -b 50 -C 0 -l 1
Last position-specific scoring matrix computed, values are in halfbits
A R N D C Q E G H I L K M F P S T W Y V
1 I -8.026 -9.62 -10.088 -10.152 -6.944 -9.793 -10.296 -10.222 -9.513 6.459 2.225 -9.447 -0.213 -5.556 -10.348 -9.785 -7.926 -8.976 -8.108 3.281
2 R 0.699 3.642 -1.657 -3.345 -7.816 0.81 1.139 -4.028 1.007 0.782 -1.745 2.537 -4.159 -3.606 -9.229 -2.161 -0.857 -3.049 -4.198 1.378
3 A 1.442 -0.068 -1.286 -3.099 -4.83 0.448 -2.155 -2.334 1.159 1.431 -1.512 1.068 -0.421 -2.117 1.662 0.498 -0.719 -3.029 -0.375 1.444
4 L -1.24 -8.785 -6.157 -9.71 -7.061 0.275 -4.066 -9.651 -8.779 2.882 5.046 -6.372 2.155 -3.163 -10.128 -5.628 -4.808 -8.692 -6.082 0.829
5 K -1.197 2.323 -0.297 -0.225 -8.249 0.717 0.856 -1.286 1.625 -2.161 -5.519 3.741 -3.519 -5.777 2.792 -1.003 -0.738 -9.458 -6.347 -2.876
6 A 2.326 0.287 0.288 -2.683 -7.854 2.019 1.523 1.08 0.837 -2.803 -4.821 2.847 -5.66 -9.027 1.043 -1.306 -1.722 -9.38 -6.387 -2.432
7 K 0.002 1.848 1.198 -0.583 -8.08 0.702 1.516 -0.625 2.461 -2.062 -0.014 2.249 -4.226 -1.63 -0.464 -2.675 -3.01 -4.646 0.154 -1.317
8 K -0.362 2.256 -1.652 -1.679 -7.968 -0.299 -0.854 1.424 1.323 0.363 -0.446 2.739 -7.518 -3.611 1.902 -1.604 -1.58 -4.721 -1.874 -2.016
9 Y 0.265 -5.381 -4.531 -7.494 -7.391 -2.891 -2.917 -1.489 -0.244 2.554 0.619 -8.725 1.041 2.672 -7.674 -6.708 -4.363 -7.105 5.248 2.92