#Seq2Logo.py -Z on -y 0.25:2.0 -H ends -f 38081.peps -o QEFFIASGAAVDAIMEVHFDYYDLQRETYHVGFT_el -I 2 --format PNG -b 50 -C 0 -l 1
Last position-specific scoring matrix computed, values are in halfbits
A R N D C Q E G H I L K M F P S T W Y V
1 F -8.83 -9.296 -9.521 -10.1 -8.164 -9.662 -9.895 -9.847 -6.422 1.499 -2.655 -9.469 -3.982 6.746 -10.748 -9.687 -8.922 2.553 6.896 -2.067
2 V 0.707 1.774 -0.085 -2.793 -7.468 -0.313 -0.075 -4.759 0.638 0.756 -0.59 0.886 -1.308 -3.042 -9.319 -0.049 0.28 -4.618 0.857 2.613
3 I 1.443 -0.441 0.143 -2.557 -7.352 -1.211 -2.015 -0.721 -1.218 2.311 -1.041 -1.332 0.068 -1.816 0.614 0.793 0.018 -3.005 0.726 1.201
4 A 3.129 -8.559 -4.348 -1.741 -6.813 -1.932 -3.604 -8.154 -8.389 3.288 -0.894 -8.183 0.693 -1.828 -9.207 0.969 2.197 -9.071 -8.212 2.552
5 S 0.606 -0.644 -0.174 0.703 -7.61 0.106 0.199 -0.508 0.218 -0.257 -3.123 1.373 -4.272 -2.492 0.711 1.41 1.393 -9.222 -3.588 0.48
6 T -0.664 -7.992 4.12 2.796 -7.32 -7.887 -6.631 -7.722 -7.489 -4.132 -8.402 -7.632 -7.872 -8.706 -3.701 2.116 4.851 -9.51 -8.808 0.927
7 A 1.916 -3.325 2.64 -2.033 -4.841 0.554 -0.35 -1.664 -0.551 0.477 -0.049 -3.578 -1.736 -2.158 2.703 0.383 -0.716 -4.748 -3.578 -0.287
8 A 0.92 1.415 -0.921 -2.265 -7.731 0.468 1.012 -0.622 0.824 -1.066 0.056 0.827 -2.189 -3.583 2.125 -0.531 -0.394 -2.003 -1.866 -0.313
9 A 3.321 -7.817 -2.004 2.751 -7.479 2.904 0.304 2.636 -2.563 -7.24 -9.109 -7.298 -5.781 -9.172 -6.023 2.564 -2.654 -9.453 -8.904 -5.069