#Seq2Logo.py -Z on -y 0.25:2.0 -H ends -f 38081.peps -o QEFFIASGAAVDAIMWPRFDHFDIQAATYHVVFT_el -I 2 --format PNG -b 50 -C 0 -l 1
Last position-specific scoring matrix computed, values are in halfbits
A R N D C Q E G H I L K M F P S T W Y V
1 I -7.952 -9.564 -10.063 -10.153 -6.914 -9.735 -10.236 -10.184 -9.506 6.068 2.352 -9.419 0.434 -5.572 -10.327 -9.729 -7.891 -8.976 -8.103 3.95
2 R 0.282 3.226 -1.656 -2.499 -7.794 0.256 1.303 -4.376 0.446 0.563 -1.351 2.417 -5.305 -2.762 -9.235 -1.018 -0.288 -1.982 -0.79 1.378
3 A 1.768 0.03 -0.48 -2.796 -7.445 0.56 -0.762 -1.411 -0.016 1.593 -1.234 0.204 -0.995 -1.166 0.43 0.562 -0.968 -8.732 0.595 1.019
4 Y -0.759 -5.366 -9.189 -9.485 -7.788 -2.552 -1.938 -7.84 -2.4 1.729 -0.39 -5.649 0.101 4.533 -10.217 -7.742 -4.918 3.317 6.485 0.978
5 K 0.475 1.677 0.066 0.54 -7.899 -0.005 0.713 -0.613 0.442 -0.282 -3.719 2.599 -4.316 -3.671 1.404 -0.521 -0.088 -9.284 -3.604 -0.331
6 E 0.477 -7.487 2.147 1.437 -8.378 -3.147 5.892 0.461 -6.876 -7.503 -9.437 -6.812 -8.6 -9.339 -2.988 -0.089 -2.493 -9.461 -8.954 -5.234
7 K -0.143 1.013 1.824 -1.636 -7.958 0.988 1.191 -2.006 1.763 0.461 -0.496 1.646 -2.712 -0.318 0.229 -2.016 -1.738 -1.964 0.605 -0.915
8 K -0.127 1.083 -0.32 -2.252 -7.904 -0.017 0.953 0.646 2.125 -1.388 -0.804 1.696 -1.039 -1.206 1.663 -0.278 -0.507 -3.026 -0.571 -1.576
9 L 1.523 -8.926 -5.176 -7.485 -6.897 -3.737 -4.845 -1.468 -4.424 3.073 3.134 -8.728 0.182 -3.296 -9.748 -1.659 -1.11 -8.843 -3.013 3.379