#Seq2Logo.py -Z on -y 0.25:2.0 -H ends -f 38081.peps -o QEFFIASGAAVDAIMESSFDYFDLDRATYHVVFT_el -I 2 --format PNG -b 50 -C 0 -l 1
Last position-specific scoring matrix computed, values are in halfbits
A R N D C Q E G H I L K M F P S T W Y V
1 I -8.05 -9.585 -10.086 -10.167 -6.959 -9.772 -10.283 -10.221 -9.42 6.295 2.667 -9.439 -0.208 -4.729 -10.356 -9.794 -7.958 -8.882 -4.163 3.115
2 V 1.017 1.486 -0.937 -2.064 -7.588 0.357 1.295 -4.775 0.217 1.334 -1.22 2.07 -2.647 -1.611 -9.308 -2.505 -1.255 -1.983 -1.262 2.613
3 A 1.842 -0.558 0.252 -2.301 -7.407 -0.191 -0.086 -0.427 -2.06 1.323 -0.388 -1.05 0.067 -1.158 0.124 -0.362 -0.846 -4.634 0.452 1.449
4 L 1.11 -8.713 -3.578 -6.24 -4.644 -2.858 -0.134 -9.085 -5.779 3.133 3.079 -5.001 2.873 -0.553 -9.783 -4.251 -1.409 -8.791 -7.906 2.882
5 K 1.168 0.283 1.432 -0.011 -7.881 0.596 0.512 -0.806 1.486 -1.914 -3.966 2.942 -1.413 -4.785 0.712 -0.339 -0.182 -9.115 -1.04 -1.196
6 K -7.052 5.954 -7.24 -7.956 -8.982 -6.228 -6.942 -8.55 -1.515 -9.217 -9.046 6.292 -8.121 -9.521 -8.988 -7.992 -6.893 -9.294 -8.602 -8.964
7 A 1.875 0.135 -0.945 -4.135 -7.509 1.327 0.687 -1.293 0.217 1.252 1.073 -0.055 -1.3 -1.365 -0.337 -1.019 -1.118 -4.637 -0.186 -0.542
8 L 0.588 0.527 -1.098 -1.026 -7.697 1.416 0.265 0.575 -0.863 0.331 1.22 1.837 -0.157 -5.378 -0.097 -2.022 -1.912 -9.051 -2.222 -0.026
9 G 2.14 0.141 -3.247 -0.865 -7.612 3.18 -0.724 3.073 0.229 -2.117 -5.09 -1.56 -2.811 -3.651 -3.011 1.545 -1.386 -8.998 -1.048 -1.322