#Seq2Logo.py -Z on -y 0.25:2.0 -H ends -f 38081.peps -o QEFFIASGAAVDAIMESSFDYYSIDRATYHVGFT_el -I 2 --format PNG -b 50 -C 0 -l 1
Last position-specific scoring matrix computed, values are in halfbits
A R N D C Q E G H I L K M F P S T W Y V
1 F -8.592 -9.314 -9.68 -10.138 -7.769 -9.62 -9.968 -9.931 -7.022 3.317 1.026 -9.423 -0.325 5.468 -10.641 -9.72 -8.631 3.706 5.921 0.298
2 V 0.701 2.154 -0.333 -1.474 -7.711 0.247 1.885 -3.444 -0.839 0.341 -1.16 1.702 -2.681 -1.183 -9.269 -1.729 -0.614 -4.643 -0.189 1.934
3 A 1.685 0.011 -1.931 -1.366 -4.8 -2.149 -0.37 -1.43 -1.609 1.718 0.113 -0.694 0.847 0.374 -1.049 -0.373 -1.113 -8.451 1.432 1.458
4 L 1.211 -6.973 -2.226 -1.938 -4.665 0.053 -0.389 -7.465 -8.335 2.99 1.972 -4.908 2.596 -1.118 -9.584 -1.634 0.277 -8.913 -8.048 2.842
5 K -0.356 0.538 0.288 0.625 -7.857 0.694 0.965 -0.335 -0.256 -0.068 -2.509 2.243 -1.775 -2.176 0.235 -0.19 0.594 -9.047 -1.289 -0.057
6 K -5.729 5.8 -2.87 -6.641 -8.813 -3.105 -5.533 -8.505 -0.221 -7.413 -8.961 5.91 -8.075 -9.414 -6.086 -4.402 -2.316 -9.288 -8.546 -4.805
7 L 1.561 -0.546 0.462 -2.526 -7.505 -0.182 0.613 -0.939 -0.023 1.432 1.233 -0.16 0.675 -1.366 -0.468 -0.632 -1.899 -0.616 -1.536 -0.439
8 L 0.864 0.687 -2.155 -2.304 -7.591 1.067 0.551 -0.443 -0.025 1.078 0.996 1.254 -0.665 -2.398 -0.468 -2.181 -1.413 -4.676 -1.55 1.075
9 D -2.277 -6.49 -4.24 6.107 -8.924 -0.526 5.124 -3.409 -3.121 -4.615 -6.234 -6.982 -8.792 -9.437 -7.191 -3.49 -6.895 -9.719 -6.648 -5.898