#Seq2Logo.py -Z on -y 0.25:2.0 -H ends -f 38081.peps -o QEFFIASGAAVDAIMEVHFDYYDLQRATYHVGFT_el -I 2 --format PNG -b 50 -C 0 -l 1
Last position-specific scoring matrix computed, values are in halfbits
A R N D C Q E G H I L K M F P S T W Y V
1 F -8.777 -9.314 -9.545 -10.099 -8.073 -9.67 -9.918 -9.874 -6.519 2.192 -1.991 -9.467 -3.172 6.627 -10.714 -9.688 -8.853 1.178 6.752 -1.434
2 V 0.473 1.538 -0.089 -2.79 -7.482 -0.169 0.405 -4.781 0.215 1.513 -0.876 1.076 -1.68 -1.589 -9.354 -0.822 0.278 -4.64 -0.184 2.747
3 I 1.027 0.11 -0.095 -3.424 -7.339 -1.646 -1.699 -0.941 -2.079 2.477 -0.507 -1.631 -0.152 -1.575 0.427 0.901 0.526 -3.009 0.304 1.26
4 I 1.76 -8.497 -4.396 0.124 -7.098 0.846 -0.475 -8.685 -8.276 3.495 1.356 -8.179 2.591 -0.592 -9.527 -1.896 0.276 -8.918 -8.03 2.157
5 S 0.234 -0.165 0.181 0.934 -7.705 -0.025 0.118 -0.326 0.435 -0.477 -3.131 1.259 -2.239 -2.197 1.665 1.02 1.022 -9.247 -3.588 0.181
6 T -0.408 -7.981 4.094 3.296 -7.379 -7.852 -6.551 -5.981 -7.439 -4.205 -8.556 -7.602 -7.983 -8.782 -4.131 2.386 4.598 -9.544 -8.855 0.178
7 A 1.724 -3.315 2.913 -1.298 -4.86 0.867 -0.072 -2.489 -0.268 0.399 0.231 -3.278 -3.334 -1.206 2.28 -0.187 -0.278 -3.063 -4.2 -0.288
8 A 1.168 1.664 -1.27 -3.348 -7.694 0.79 0.828 -1.166 1.003 -1.06 0.113 1.088 -3.347 -4.061 1.725 -0.276 -0.613 -4.695 -0.8 -0.049
9 A 3.584 -7.877 -1.804 -0.129 -4.746 2.994 -3.136 3.348 -4.111 -7.158 -8.996 -7.39 -5.739 -9.096 -3.685 3.238 -2.196 -9.392 -8.885 -4.21