#Seq2Logo.py -Z on -y 0.25:2.0 -H ends -f 38081.peps -o QEFFIASGAAVDAIMESGFDYYALQKRNYHVVFT_el -I 2 --format PNG -b 50 -C 0 -l 1
Last position-specific scoring matrix computed, values are in halfbits
A R N D C Q E G H I L K M F P S T W Y V
1 I -7.952 -9.577 -10.054 -10.148 -6.926 -9.749 -10.235 -10.176 -9.452 6.079 2.113 -9.428 0.013 -3.202 -10.332 -9.725 -7.893 -4.674 -4.964 4.011
2 V -0.063 2.04 0.663 -1.183 -7.552 -1.172 0.172 -5.265 1.32 1.972 -0.796 0.531 -3.245 -1.366 -9.442 -2.343 0.437 -3.012 -0.563 2.717
3 I 0.869 -0.207 -0.497 -1.546 -7.375 -0.507 -4.217 -1.434 -1.234 2.675 -0.707 -0.586 0.847 -1.355 1.181 -0.135 -0.606 -1.979 -0.188 1.88
4 D -8.565 -8.368 -0.521 8.054 -9.177 -7.656 -1.484 -7.996 -7.341 -7.723 -10.274 -7.643 -9.478 -9.75 -9.173 -4.049 -6.938 -10.34 -9.825 -7.94
5 P -0.354 -0.385 0.29 1.019 -7.953 -0.598 1.848 0.086 -0.84 -0.399 -4.459 1.842 -3.488 -4.168 2.571 -0.11 0.187 -9.227 -1.056 -0.84
6 K 1.354 1.97 0.689 -2.463 -7.794 0.709 0.288 -1.029 0.231 -0.604 -4.704 3.48 -5.531 -8.788 -0.724 -0.423 0.193 -9.331 -6.357 0.098
7 N 0.281 -1.987 2.342 -0.592 -7.698 1.154 0.758 -0.164 1.174 0.414 0.239 -0.914 -1.333 -1.841 -0.34 -1.352 -0.984 -4.651 0.15 0.943
8 K 0.35 1.671 -0.608 -2.508 -7.755 1.168 0.27 -0.625 -0.845 -0.347 -0.051 2.074 -2.173 -1.63 0.431 -0.81 0.353 -8.88 -0.582 -0.304
9 V -0.815 -0.121 -3.12 -1.405 -7.449 -0.859 -0.701 -2.615 -2.583 2.308 1.195 -5.409 0.122 2.12 -9.835 -1.947 -3.282 -4.365 3.538 2.793