#Seq2Logo.py -Z on -y 0.25:2.0 -H ends -f 38081.peps -o QEFFIASGAAVDAIMESSFDSYSIDKATYHVGFT_el -I 2 --format PNG -b 50 -C 0 -l 1
Last position-specific scoring matrix computed, values are in halfbits
A R N D C Q E G H I L K M F P S T W Y V
1 F -8.674 -9.314 -9.643 -10.134 -7.881 -9.649 -9.957 -9.904 -6.872 2.794 0.537 -9.45 -0.896 5.981 -10.688 -9.721 -8.725 3.587 6.134 -0.389
2 V 0.08 2.104 -0.083 -2.044 -7.708 0.364 1.794 -4.4 -0.841 0.813 -1.415 1.799 -2.665 -1.381 -9.322 -2.877 -0.289 -4.634 0.151 2.472
3 A 1.646 0.211 -3.05 -1.064 -7.385 -2.158 -1.405 -1.059 -2.07 1.448 0.052 -0.583 0.29 0.488 0.012 -0.29 -0.729 -4.562 1.533 1.552
4 D 0.643 -6.77 1.958 3.596 -4.865 -0.642 0.962 -5.663 -5.406 1.495 0.146 -4.318 0.66 -2.762 -9.306 -0.195 0.106 -9.287 -8.496 1.397
5 K -0.436 0.623 0.955 0.086 -7.881 0.796 1.024 -0.244 -2.029 -0.713 -2.666 2.117 -1.787 -2.504 1.787 -0.189 0.275 -4.752 -3.604 0.016
6 K -3.885 5.842 -5.23 -5.792 -8.786 -3.527 -5.544 -6.423 -0.223 -7.403 -7.877 5.875 -5.686 -9.394 -6.088 -5.657 -2.32 -9.278 -8.547 -5.264
7 L 1.303 -0.804 1.18 -3.026 -7.54 0.456 1.178 -2.338 -0.017 1.253 0.823 -0.249 -0.675 -1.607 0.523 -0.363 -0.976 -4.685 -1.849 0.074
8 L 0.81 1.289 -1.284 -2.787 -7.698 1.163 0.185 -1.565 0.221 -0.221 0.769 1.694 -1.323 -2.731 1.399 -1.479 -1.263 -4.666 -0.195 0.281
9 D -1.703 -4.468 -1.939 5.622 -8.614 -0.105 4.618 -2.935 -5.112 -1.632 -4.327 -6.206 -4.487 -5.692 -7.234 -2.649 -3.604 -4.775 -1.337 -2.484