#Seq2Logo.py -Z on -y 0.25:2.0 -H ends -f 38081.peps -o QEFFIASGAAVDAIMQDYFHGYDFDTATYHVGFT_el -I 2 --format PNG -b 50 -C 0 -l 1
Last position-specific scoring matrix computed, values are in halfbits
A R N D C Q E G H I L K M F P S T W Y V
1 F -8.755 -9.338 -9.579 -10.112 -8.025 -9.703 -9.945 -9.882 -6.638 2.446 -1.368 -9.487 -4.966 6.558 -10.722 -9.706 -8.822 2.152 6.532 -0.929
2 V 0.078 2.773 -1.902 -1.516 -7.653 -0.302 0.483 -3.758 1.321 1.025 -0.737 1.545 -2.127 -2.716 -9.404 -3.325 0.001 0.678 -0.778 2.611
3 A 1.725 -0.321 -2.453 -7.064 -7.39 -0.507 -3.301 -2.537 -0.014 2.05 0.11 -0.817 -0.393 0.921 1.03 0.668 -2.273 -1.913 2.604 0.536
4 L 1.243 -1.277 -6.95 -7.313 -7.479 -1.035 -2.625 -7.513 -0.012 1.884 1.033 0.976 1.034 3.389 -9.744 -3.925 -2.322 1.85 3.239 1.212
5 K 0.817 1.438 -0.18 -1.302 -7.81 1.089 0.285 -1.981 1.481 -0.842 -3.507 2.743 -2.774 -5.56 1.117 -0.261 0.884 -4.72 -1.289 -0.327
6 A 4.104 -6.745 2.189 -1.624 -7.088 -3.529 -1.107 1.517 -4.135 -6.819 -8.715 -6.552 -5.711 -8.925 0.721 2.601 0.55 -9.499 -8.843 -1.176
7 K 0.694 2.301 0.158 -5.149 -7.851 -0.02 -0.641 -0.73 3.558 0.134 -0.229 2.073 -3.331 -0.312 -1.985 -2.682 -0.871 -1.198 0.478 -0.397
8 K 0.531 2.299 -2.121 -2.075 -7.83 -0.452 -0.244 0.706 0.438 -0.47 -0.179 2.161 -1.023 -6.44 1.785 -1.599 -0.994 -8.94 0.133 -0.812
9 R 0.753 5.689 -4.112 -6.755 -3.659 -0.695 -4.297 -0.521 -5.166 -4.039 -4.515 4.398 -7.898 -6.96 -7.238 -1.587 -5.281 -9.19 -4.3 -2.282