#Seq2Logo.py -Z on -y 0.25:2.0 -H ends -f 38081.peps -o QEFFIASGAAVDAIMESSFDYFDFDRLTYHVVFT_el -I 2 --format PNG -b 50 -C 0 -l 1
Last position-specific scoring matrix computed, values are in halfbits
A R N D C Q E G H I L K M F P S T W Y V
1 I -8.027 -9.561 -10.071 -10.164 -6.955 -9.747 -10.258 -10.2 -9.397 6.134 2.643 -9.428 0.438 -3.181 -10.352 -9.769 -7.949 -8.852 -4.148 3.377
2 V 1.256 1.728 -0.935 -1.866 -7.573 -0.017 0.951 -5.213 0.216 1.27 -0.738 2.283 -1.693 -2.124 -9.28 -2.328 -0.98 -3.031 -1.846 2.261
3 A 1.951 0.123 0.361 -1.518 -7.41 -0.19 -1.002 -0.426 -0.863 1.382 -0.197 -0.461 0.281 -2.372 -0.6 -0.625 -1.249 -8.749 0.589 1.4
4 L 1.252 -1.834 -5.95 -9.124 -7.1 -3.209 -2.257 -6.633 -4.348 2.413 2.846 0.481 2.782 0.721 -9.703 -3.406 -1.906 -8.675 -4.866 2.683
5 K 1.307 1.03 0.869 -0.59 -7.787 0.369 0.126 -0.918 0.648 -2.064 -1.906 2.975 -0.209 -4.761 0.026 -0.426 0.101 -4.722 -1.876 -0.831
6 K -4.505 5.952 -5.223 -7.94 -8.923 -3.979 -5.508 -8.523 -0.218 -7.525 -9.023 6.092 -8.108 -9.474 -9.004 -6.991 -6.018 -9.28 -8.547 -8.906
7 A 2.192 1.143 -1.484 -5.162 -7.53 0.344 0.478 -0.335 0.43 0.925 0.546 1.077 -2.137 -0.636 -0.738 -1.232 -1.728 -4.659 -1.535 -0.363
8 L 0.014 0.858 -1.101 -1.875 -4.93 0.782 0.017 0.701 -0.277 0.497 1.222 2.152 -0.404 -5.358 -0.099 -1.884 -1.913 -9.022 -1.876 0.361
9 G 2.836 -6.565 -1.82 -1.651 -7.415 3.508 -2.285 3.849 -0.855 -3.988 -6.429 -4.619 -3.51 -6.897 -4.657 2.206 -0.952 -9.257 -5.197 -1.602