#Seq2Logo.py -Z on -y 0.25:2.0 -H ends -f 38081.peps -o QEFFIASGAAVDAIMKDFYHGYVLRRETVHVGFT_el -I 2 --format PNG -b 50 -C 0 -l 1
Last position-specific scoring matrix computed, values are in halfbits
A R N D C Q E G H I L K M F P S T W Y V
1 F -8.724 -9.342 -9.601 -10.117 -7.963 -9.709 -9.961 -9.894 -6.737 2.451 -0.558 -9.49 -2.528 6.543 -10.71 -9.708 -8.788 1.162 6.332 -0.601
2 R 0.532 2.564 -1.26 -0.616 -7.633 -0.156 0.342 -4.359 1.171 1.48 -1.613 0.899 -0.171 -1.603 -9.279 0.306 0.36 -1.97 -0.008 0.955
3 A 1.916 -0.959 -1.907 -3.108 -7.533 0.959 -2.165 -0.157 1.479 0.313 -0.554 -0.684 -3.338 -0.139 1.723 0.559 -1.72 -1.929 2.53 -0.291
4 A 4.766 -8.147 -6.218 -6.702 -6.606 -8.012 -6.922 -1.988 -1.636 -3.164 -7.357 -7.662 -7.663 -4.168 -8.576 4.298 1.65 -9.278 -8.475 0.059
5 K -0.601 -0.04 -0.17 0.789 -7.821 0.696 1.311 -0.931 1.884 -0.703 -2.966 1.795 -1.781 -5.527 0.338 0.509 1.084 -9.107 -1.289 0.471
6 A 3.683 -7.928 -1.845 -4.027 -7.065 1.41 0.345 0.282 -2.609 -3.522 -7.527 -7.429 -7.833 -8.821 0.891 2.856 1.834 -9.413 -8.683 -0.135
7 E 0.41 -0.396 2.127 -2.197 -7.82 1.506 2.221 -2.514 1.767 -0.808 -0.644 -0.325 -3.366 -1.385 -0.596 0.175 -1.552 -2.998 0.862 0.26
8 P 0.592 1.151 -1.462 -1.317 -7.751 0.109 0.953 -1.294 -1.605 0.039 -0.948 1.696 -4.227 -4.769 3.149 -1.342 0.354 -9.342 -3.62 0.193
9 I -1.568 -7.345 -9.292 -1.126 -7.124 -5.79 -1.485 -6.891 -8.541 4.248 2.19 -8.938 0.577 1.703 -7.713 -5.589 -4.758 -8.327 0.626 3.788