#Seq2Logo.py -Z on -y 0.25:2.0 -H ends -f 38081.peps -o QEFFIASGAAVDAIMESSFEYYDIDEATYHVVFT_el -I 2 --format PNG -b 50 -C 0 -l 1
Last position-specific scoring matrix computed, values are in halfbits
A R N D C Q E G H I L K M F P S T W Y V
1 I -8.07 -9.619 -10.106 -10.169 -6.96 -9.811 -10.317 -10.239 -9.503 6.458 2.622 -9.458 -1.043 -4.744 -10.364 -9.818 -7.962 -8.949 -8.085 2.888
2 V 0.807 2.389 -2.166 -4.641 -7.547 -0.962 0.752 -8.67 0.627 2.196 -0.057 2.114 -1.66 -1.837 -9.385 -2.707 -1.259 -3.023 -1.835 2.309
3 A 1.348 1.128 0.018 -4.674 -7.464 -0.192 -1.136 -1.707 -1.597 1.766 0.048 -0.354 -1.678 -0.285 -0.102 -0.376 -2.276 -1.194 1.326 1.645
4 K 0.06 1.155 0.468 -6.886 -7.846 -1.595 -1.988 -6.489 4.933 0.867 0.261 2.353 0.077 2.152 -9.553 -3.875 -2.323 -0.572 1.153 0.29
5 K -0.613 1.972 1.044 -1.804 -8.12 1.441 0.787 -0.615 1.629 -1.429 -3.766 3.455 -5.593 -8.675 1.191 -0.706 -1.258 -3.065 -1.878 -0.971
6 K -2.251 5.813 -2.294 -7.896 -8.692 -4.622 -5.031 -8.405 -1.52 -7.429 -8.968 5.755 -8.092 -9.415 -4.66 -2.662 -3.007 -9.304 -8.604 -5.815
7 K 0.143 2.537 0.676 -6.665 -7.933 1.176 -0.733 -1.299 2.932 -1.207 0.431 2.812 -1.34 -1.184 -1.569 -2.17 -1.742 -8.72 -0.174 -0.927
8 K 0.011 1.361 -0.201 -1.178 -7.767 0.351 -0.972 -0.731 1.613 0.636 0.588 2.361 -0.167 -3.542 0.615 -1.027 -1.411 -4.699 -1.856 -0.291
9 R 0.915 5.06 -4.202 -6.936 -7.9 1.263 -4.868 0.373 -1.99 -1.226 -2.11 1.251 -1.757 -1.183 -5.378 -0.632 -3.572 -8.519 1.422 0.176