#Seq2Logo.py -Z on -y 0.25:2.0 -H ends -f 38081.peps -o QEFFIASGAAVDAIMESSFEYYDFDRLTYHVGFT_el -I 2 --format PNG -b 50 -C 0 -l 1
Last position-specific scoring matrix computed, values are in halfbits
A R N D C Q E G H I L K M F P S T W Y V
1 F -8.771 -9.348 -9.609 -10.124 -8.003 -9.724 -9.97 -9.88 -6.759 2.487 -0.702 -9.505 -1.614 6.597 -10.749 -9.726 -8.826 2.88 6.238 -1.55
2 V 0.278 2.15 -1.688 -2.788 -7.628 -0.157 1.181 -6.499 0.999 1.716 0.156 1.696 -5.121 -2.087 -9.376 -2.346 -0.19 -1.21 -0.181 1.991
3 A 2.092 0.315 -0.644 -4.69 -4.784 -0.194 -1.267 -0.623 -0.556 1.092 0.472 -0.466 1.012 -1.555 -1.388 -0.632 -2.274 -8.568 1.212 1.736
4 L 2.288 -2.427 -3.486 -5.39 -4.691 -0.2 -2.807 -7.306 -4.288 1.856 2.263 1.863 2.402 -1.795 -9.409 -3.103 -0.39 -8.914 -6.144 1.979
5 K 0.596 0.879 1.202 -0.854 -7.738 -0.144 -0.316 -2.14 1.008 -1.214 -1.678 3.005 -1.376 -2.808 -0.588 0.511 0.524 -9.089 -2.204 0.182
6 K -2.399 5.138 -2.882 -7.939 -8.515 -2.46 -7.112 -5.722 1.188 -4.467 -7.758 5.739 -5.643 -9.233 -3.335 -2.658 -0.996 -9.288 -8.449 -2.304
7 A 2.225 1.539 -0.21 -3.062 -7.571 0.882 0.101 -0.421 0.821 -0.662 0.39 0.823 -0.695 -2.145 -0.212 -1.343 -2.498 -0.126 -3.536 0.279
8 L 0.968 1.357 -0.621 -3.076 -7.701 0.573 -0.643 -0.001 1.163 -0.438 1.178 1.979 -0.163 -2.755 1.033 -1.026 -3.264 -4.701 -2.582 -0.583
9 A 3.453 -4.994 -0.728 -3.02 -4.78 3.509 -2.684 3.344 -0.266 -3.633 -4.525 -3.217 -5.632 -8.9 -4.136 1.882 -0.951 -9.283 -6.434 -2.401