#Seq2Logo.py -Z on -y 0.25:2.0 -H ends -f 38081.peps -o QEFFIASGAAVDAIMESSFDYFSIDKATYHVGFT_el -I 2 --format PNG -b 50 -C 0 -l 1
Last position-specific scoring matrix computed, values are in halfbits
A R N D C Q E G H I L K M F P S T W Y V
1 F -8.644 -9.338 -9.671 -10.136 -7.825 -9.666 -9.983 -9.916 -6.999 3.254 0.544 -9.457 -0.333 5.86 -10.681 -9.729 -8.68 3.708 5.881 -0.191
2 V 0.081 2.252 -0.475 -1.847 -7.719 0.479 1.702 -4.053 -1.185 0.741 -1.147 1.941 -2.663 -1.605 -9.322 -2.176 -1.117 -4.637 0.15 2.436
3 A 1.841 0.209 -3.056 -1.544 -7.326 -2.156 -0.901 -1.428 -2.072 1.564 0.168 -1.061 0.491 -0.135 -0.603 -0.288 -0.496 -8.474 1.53 1.786
4 D 1.114 -8.144 0.48 2.894 -7.433 0.664 1.074 -6.376 -3.307 1.877 0.573 -3.62 1.315 -2.408 -9.361 -1.24 -0.386 -9.181 -8.348 2.04
5 K -0.519 0.452 0.78 0.183 -7.857 0.796 1.024 0.084 -1.186 -0.065 -2.649 2.325 -1.387 -2.823 0.528 -0.27 0.358 -9.169 -2.615 0.258
6 K -5.271 6.043 -5.226 -6.682 -8.895 -4.571 -6.99 -8.538 -1.957 -9.132 -7.927 6.026 -8.094 -9.474 -7.194 -6.254 -3.614 -9.289 -8.613 -7.498
7 L 1.52 -0.54 1.015 -3.36 -7.51 0.337 0.75 -1.421 -0.021 1.136 1.304 0.029 -0.664 -1.378 -0.098 -0.918 -1.403 -4.679 -2.184 0.078
8 L 0.756 1.217 -1.691 -3.083 -7.644 1.413 0.18 -0.841 -1.205 0.171 1.109 1.317 -0.971 -1.843 0.788 -1.743 -1.413 -4.661 -0.579 0.639
9 D -1.335 -4.984 -3.059 5.518 -8.623 0.728 4.67 -1.688 -5.087 -3.127 -4.361 -6.166 -4.508 -8.856 -7.215 -1.843 -3.944 -4.767 -0.848 -3.696