#Seq2Logo.py -Z on -y 0.25:2.0 -H ends -f 38081.peps -o QEFFIASGAAVDAIMESSFDYYDIQAATYHVVFT_el -I 2 --format PNG -b 50 -C 0 -l 1
Last position-specific scoring matrix computed, values are in halfbits
A R N D C Q E G H I L K M F P S T W Y V
1 I -8.045 -9.702 -10.102 -10.137 -6.953 -9.867 -10.348 -10.248 -9.558 6.821 1.508 -9.479 -2.251 -5.573 -10.352 -9.811 -7.917 -9.012 -8.125 3.043
2 V 0.861 2.198 -1.701 -2.79 -7.535 -0.022 1.397 -6.497 -1.613 2.448 -0.944 1.696 -2.613 -2.731 -9.367 -3.836 -0.983 -3.038 -2.58 2.689
3 I 1.524 0.659 -0.229 -3.12 -7.345 -0.662 -1.408 -0.945 -3.289 2.522 -0.789 -1.627 -0.967 -1.344 -0.342 -0.455 -0.281 -4.614 0.978 1.963
4 A 1.201 -5.164 -0.497 0.755 -7.535 -0.062 0.678 -6.477 0.228 1.873 0.068 -2.19 0.68 2.463 -9.572 -2.049 -2.3 -1.887 2.682 1.46
5 K 1.025 -0.022 1.574 -0.213 -7.942 0.131 1.367 -0.229 1.335 -2.548 -5.133 2.705 -4.396 -5.698 1.965 -0.025 -0.725 -3.083 -3.607 -1.342
6 K -3.385 5.67 -1.032 -7.831 -8.772 -3.532 -4.185 -7.236 0.03 -7.434 -8.986 5.839 -8.099 -9.409 -5.287 -5.633 -2.115 -9.296 -8.542 -5.828
7 L 0.863 -0.414 1.757 -2.035 -7.648 1.492 0.887 -1.841 1.329 0.923 0.728 -1.026 -2.137 -0.98 -0.098 -0.362 -0.852 -4.657 -0.779 -0.465
8 K 0.407 1.229 -0.469 -1.019 -7.792 0.984 0.27 -0.085 -0.267 -0.039 0.809 2.363 -0.692 -2.764 0.23 -1.736 -1.911 -4.701 -2.207 -0.487
9 A 2.906 0.407 -3.737 -1.881 -7.306 2.121 -1.366 1.974 -2.595 -0.233 -1.754 -3.845 -0.715 -3.128 -4.693 1.363 -2.246 -8.859 -0.207 0.943