#Seq2Logo.py -Z on -y 0.25:2.0 -H ends -f 38081.peps -o QEFFIASGAAVMAIMQHGLDHFSFRRETVHVVFT_el -I 2 --format PNG -b 50 -C 0 -l 1
Last position-specific scoring matrix computed, values are in halfbits
A R N D C Q E G H I L K M F P S T W Y V
1 I -8.104 -9.663 -10.072 -10.142 -7.012 -9.849 -10.324 -10.223 -9.306 6.62 1.702 -9.479 -0.757 -0.204 -10.384 -9.812 -7.983 -8.705 -2.519 2.703
2 V 0.216 3.152 -2.411 -4.625 -7.599 -0.443 0.624 -8.697 1.16 2.195 -2.006 2.249 -2.634 -5.376 -9.344 -3.1 -0.287 -9.026 -2.581 2.872
3 A 2.685 -2.053 -2.455 -7.087 -7.137 -0.363 -5.659 -2.15 -0.566 2.278 -1.462 -3.655 0.67 -0.425 0.703 0.681 0.111 -1.942 1.815 1.706
4 V 2.876 -8.758 -3.136 -5.434 -6.767 -5.662 -3.383 -8.409 -8.618 3.395 0.622 -7.117 -0.332 -2.652 -9.399 0.166 0.83 -9.047 -6.195 3.689
5 K 0.819 0.952 0.191 0.946 -7.905 0.257 1.263 -1.267 1.178 -1.936 -5.468 2.563 -5.646 -3.689 1.194 0.261 0.952 -9.248 -2.613 -1.748
6 A 2.657 1.501 1.358 -2.416 -7.627 -0.572 1.714 -2.847 -0.248 -4.344 -6.943 2.454 -5.644 -8.95 -0.194 0.41 1.393 -9.368 -6.387 -1.319
7 A 1.913 -1.234 0.479 -1.29 -7.734 1.253 1.93 -0.152 1.328 -0.706 -0.377 0.217 -4.229 -1.654 1.787 -1.004 -2.98 -4.713 -2.196 -1.04
8 P 0.645 1.365 -2.131 -3.361 -7.859 0.583 0.421 -0.834 0.998 -0.363 -0.65 2.631 -5.419 -4.132 3.185 -2.863 -0.994 -9.225 -2.218 -0.228
9 D 1.599 -8.441 -2.667 3.404 -7.466 -0.498 1.07 -2.014 -1.62 2.526 -0.57 -8.001 0.288 -1.81 -7.41 -2.187 -4.278 -8.807 0.447 2.349