#Seq2Logo.py -Z on -y 0.25:2.0 -H ends -f 38081.peps -o QEFFIASGAAVDAIMESGFDYYSFDRATYHVGFT_el -I 2 --format PNG -b 50 -C 0 -l 1
Last position-specific scoring matrix computed, values are in halfbits
A R N D C Q E G H I L K M F P S T W Y V
1 F -8.669 -9.304 -9.604 -10.114 -7.924 -9.618 -9.925 -9.892 -6.733 2.861 -0.49 -9.428 -1.239 5.95 -10.673 -9.695 -8.729 3.591 6.439 -0.125
2 K 0.585 2.529 0.155 -2.04 -7.738 -0.005 1.655 -4.032 -1.574 0.654 -1.073 2.166 -3.311 -1.189 -9.281 -2.166 -0.983 -4.658 -0.789 1.893
3 A 1.986 -0.091 -1.497 -1.904 -7.376 -1.878 -0.673 -1.171 -1.208 1.711 0.422 -0.366 0.846 -1.12 -0.742 -0.367 -0.728 -8.462 1.81 0.667
4 L 0.965 -6.911 -5.133 -5.468 -4.651 -0.225 -1.447 -9.002 -8.497 2.797 2.806 -1.249 3.109 -1.514 -9.686 -3.396 -0.287 -8.855 -8.013 2.966
5 K -0.053 0.798 0.595 0.456 -7.873 0.801 0.715 -1.282 -0.003 -0.27 -2.252 2.809 -1.775 -2.497 0.435 -0.267 0.439 -9.195 -3.586 -0.416
6 K -3.142 4.957 -2.044 -5.719 -8.576 -2.155 -2.572 -6.377 0.465 -4.963 -6.452 5.799 -7.984 -7.067 -2.999 -3.053 -0.997 -9.298 -8.486 -2.917
7 A 2.021 -0.538 0.935 -2.509 -7.523 -0.321 0.404 0.01 0.82 0.989 0.448 0.367 0.275 -1.859 -0.095 -0.712 -1.557 -4.685 -1.852 -0.763
8 L 0.809 1.218 -1.289 -2.545 -7.666 0.879 -0.251 -0.007 0.818 0.422 0.864 1.69 -0.157 -2.409 0.228 -2.513 -2.1 -3.03 -1.547 0.767
9 D -1.229 -6.533 -3.365 6.043 -8.739 0.4 4.535 -0.925 -3.144 -4.168 -6.211 -7.077 -8.736 -9.436 -6.092 -2.456 -4.799 -9.74 -9.199 -5.296