#Seq2Logo.py -Z on -y 0.25:2.0 -H ends -f 38081.peps -o QEFFIASGAAVDAIMKDFYHGYDFRRETVHVGFT_el -I 2 --format PNG -b 50 -C 0 -l 1
Last position-specific scoring matrix computed, values are in halfbits
A R N D C Q E G H I L K M F P S T W Y V
1 F -8.869 -9.247 -9.47 -10.09 -8.26 -9.601 -9.842 -9.827 -6.236 0.346 -3.336 -9.434 -4.024 6.774 -10.745 -9.663 -8.985 2.562 7.232 -2.886
2 V 0.811 2.522 -1.9 -2.32 -7.565 -0.027 -0.868 -4.776 1.75 1.268 -1.397 1.489 0.282 -2.083 -9.351 -1.132 0.098 -0.603 0.604 2.108
3 A 2.656 -0.436 -1.916 -4.194 -4.785 -0.057 -1.681 -0.92 0.223 0.641 -0.991 -1.622 -1.002 -0.142 0.956 0.854 -0.968 -4.545 2.233 0.297
4 A 5.451 -8.229 -6.384 -8.155 -6.533 -8.087 -6.153 -2.496 -2.107 -2.211 -6.628 -7.719 -5.481 -3.646 -8.575 3.478 0.791 -9.259 -8.454 -0.177
5 K 0.6 0.356 -1.063 -0.728 -7.703 1.34 0.2 -0.156 1.17 -0.82 -2.128 1.937 -2.752 -5.517 0.796 0.253 1.209 -4.715 -1.291 0.26
6 A 3.759 -8.031 -0.316 -5.702 -7.043 -0.185 -0.648 0.207 0.421 -3.49 -6.794 -5.778 -7.814 -8.745 1.48 2.215 2.45 -9.415 -8.58 0.194
7 A 2.125 -0.404 0.856 -1.835 -7.621 1.162 1.013 -0.708 1.884 -0.353 -0.363 0.13 -2.184 -0.814 -0.333 -0.522 -1.401 -3.016 -0.564 -0.589
8 A 1.563 1.547 -0.767 -2.509 -7.708 -0.02 0.417 -1.687 -0.266 -0.061 -0.369 1.938 -2.723 -4.691 2.43 -1.457 -0.189 -9.079 -0.811 -1.143
9 A 2.574 -0.675 -0.196 -0.609 -7.302 1.488 -0.152 -0.14 -1.213 1.062 -1.341 -1.597 -2.166 -2.453 -5.321 1.497 -1.083 -9.112 -4.228 1.237