#Seq2Logo.py -Z on -y 0.25:2.0 -H ends -f 38081.peps -o QEFFIASGAAVDAIMESGFDYYSIDRLTYHVVFT_el -I 2 --format PNG -b 50 -C 0 -l 1
Last position-specific scoring matrix computed, values are in halfbits
A R N D C Q E G H I L K M F P S T W Y V
1 I -8.042 -9.604 -10.073 -10.15 -6.963 -9.777 -10.284 -10.214 -9.393 6.408 2.225 -9.439 0.234 -3.613 -10.353 -9.781 -7.945 -8.859 -3.518 3.172
2 E 0.915 2.153 -1.105 -4.511 -7.662 0.249 2.294 -4.784 0.44 1.708 -1.601 1.652 -1.704 -3.104 -9.282 -2.682 -1.117 -4.665 -0.791 2.108
3 V 1.483 -0.977 -0.104 -3.427 -7.336 -0.201 -0.786 -1.426 -4.151 2.015 -0.431 -1.639 0.673 -0.141 0.012 0.093 -0.721 -8.552 1.214 1.917
4 L 0.203 -2.747 -8.998 -5.508 -7.246 -4.162 -1.909 -9.168 -5.661 3.058 2.254 1.386 1.757 2.464 -9.808 -5.463 -2.306 -2.946 -0.719 2.716
5 K 0.225 -0.133 1.204 0.286 -7.84 -0.001 1.519 -1.827 0.448 -0.266 -2.256 2.703 -3.418 -4.758 0.025 0.041 0.192 -9.165 -1.88 0.103
6 K -1.811 4.762 -0.718 -5.709 -8.484 -1.427 -2.791 -8.359 -0.23 -2.825 -7.72 5.75 -7.933 -9.19 -4.144 -2.846 -1.737 -9.295 -6.355 -1.949
7 A 1.838 -1.985 0.254 -3.047 -7.544 0.217 1.118 -0.161 -0.017 0.929 0.989 0.281 -0.406 -1.37 0.229 -0.722 -3.555 -1.976 -0.374 -0.456
8 L 0.346 0.434 -1.48 -2.533 -7.648 0.976 0.41 -1.308 0.43 1.701 0.826 1.687 -1.68 -2.106 0.33 -1.032 -1.262 -4.671 -1.02 0.232
9 D -0.383 -7.811 -3.89 5.377 -8.445 0.394 4.582 -2.334 -2.512 -2.134 -3.238 -7.16 -4.444 -4.871 -5.309 -2.841 -5.32 -9.418 -2.668 -0.879