#Seq2Logo.py -Z on -y 0.25:2.0 -H ends -f 38081.peps -o QEFFIASGAAVMAIMETKFNYYDIRAATYHVGFT_el -I 2 --format PNG -b 50 -C 0 -l 1
Last position-specific scoring matrix computed, values are in halfbits
A R N D C Q E G H I L K M F P S T W Y V
1 F -8.793 -9.449 -9.635 -10.123 -7.99 -9.885 -10.05 -9.896 -6.897 2.925 -1.955 -9.603 -6.558 7.068 -10.788 -9.753 -8.83 -0.352 5.847 -1.399
2 V -0.29 2.767 -1.934 -4.714 -7.505 -1.176 -0.668 -6.587 1.464 2.651 -0.926 1.2 -2.588 -3.427 -9.517 -3.604 -0.091 -1.208 0.313 3.167
3 A 2.225 0.097 -1.74 -7.182 -7.233 -3.201 -5.733 -2.538 -0.874 2.821 0.023 -2.598 1.72 0.276 0.324 0.292 -3.229 -1.925 2.158 1.222
4 A 2.317 -3.633 2.547 0.525 -7.566 -0.818 -2.524 -6.982 3.561 0.482 -2.579 -0.269 -0.437 1.354 -9.332 -0.802 -0.851 -0.084 2.172 0.499
5 K 0.093 -0.354 1.205 -0.119 -7.861 0.899 0.289 -1.821 1.01 -1.549 -3.731 2.907 -2.792 -4.806 1.849 0.117 0.746 -4.75 -2.222 -0.074
6 S 2.174 -0.054 3.649 -3.241 -7.354 -2.692 -4.439 -1.752 1.01 -2.968 -7.586 0.612 -7.9 -8.774 -1.018 2.475 2.569 -9.41 -8.524 -0.237
7 A 2.221 -0.673 3.239 -3.315 -7.546 0.871 -0.446 -1.968 1.332 0.239 0.441 -1.604 -2.155 -1.383 -0.097 -1.843 -1.399 -1.982 -0.568 -0.026
8 K 0.756 2.441 -2.124 -4.1 -7.858 1.173 0.496 -1.295 0.639 -1.088 0.053 2.125 -0.716 -3.617 2.615 -1.35 -1.414 -9.174 -3.05 -1.702
9 A 3.677 0.402 -3.013 -4.212 -4.647 1.396 -6.152 0.856 -2.648 0.736 -1.718 -3.26 -1.715 -4.081 -7.233 1.458 -1.214 -9.146 -5.102 1.991