#Seq2Logo.py -Z on -y 0.25:2.0 -H ends -f 38081.peps -o QEFFIASGAAVDAIMQDYFHDYDIQAATYHVGFT_el -I 2 --format PNG -b 50 -C 0 -l 1
Last position-specific scoring matrix computed, values are in halfbits
A R N D C Q E G H I L K M F P S T W Y V
1 F -8.654 -9.387 -9.677 -10.135 -7.84 -9.74 -10.011 -9.921 -7.015 3.457 -0.036 -9.5 -3.835 6.078 -10.699 -9.742 -8.686 3.454 5.838 0.063
2 V 0.7 2.689 -2.685 -2.083 -7.622 0.353 0.758 -3.741 1.75 0.593 -0.601 0.692 -3.279 -2.096 -9.363 -2.02 0.352 0.683 -0.002 2.218
3 A 1.353 -0.696 -2.442 -5.312 -7.352 0.065 -2.803 -2.954 -0.021 1.817 -0.121 -1.34 -0.664 0.712 0.7 0.786 -0.081 -0.091 1.912 1.358
4 A 1.796 -5.853 -2.426 0.044 -7.519 0.957 0.681 -4.37 0.454 1.38 -1.478 -3.341 0.282 2.577 -9.466 -0.827 -0.738 0.361 3.39 0.907
5 K 0.358 0.065 -0.584 0.083 -7.768 1.083 1.026 -1.157 0.442 -0.379 -2.818 1.892 -3.431 -5.564 1.667 0.188 1.555 -9.18 -1.577 -0.609
6 A 4.221 -8.143 2.506 -0.579 -7.074 -5.369 -1.807 1.324 -7.633 -5.338 -8.747 -7.623 -8.145 -8.94 0.721 2.541 0.701 -9.527 -8.888 -1.865
7 L 0.859 0.15 1.34 -3.692 -7.73 2.001 0.106 -1.698 2.352 0.777 0.341 0.679 -3.297 -1.361 -0.889 -1.863 -0.095 -1.199 0.99 -0.778
8 K 0.812 2.252 -1.663 -2.276 -7.796 -0.772 0.762 -0.252 -0.536 -0.159 0.223 2.076 -1.739 -4.62 1.112 -0.813 -0.738 -8.853 0.44 -1.832
9 R -3.416 7.002 -6.182 -8.255 -8.748 -3.58 -6.405 -5.296 -7.003 -3.112 -5.115 4.168 -7.889 -4.92 -9.292 -5.752 -5.367 -9.093 -3.62 -2.696