#Seq2Logo.py -Z on -y 0.25:2.0 -H ends -f 38081.peps -o QEFFIASGAAVDAIMEVHFDYYDLQRANYHVVFT_el -I 2 --format PNG -b 50 -C 0 -l 1
Last position-specific scoring matrix computed, values are in halfbits
A R N D C Q E G H I L K M F P S T W Y V
1 I -8.046 -9.614 -10.071 -10.152 -6.973 -9.8 -10.287 -10.206 -9.389 6.357 2.143 -9.455 -0.218 -1.225 -10.364 -9.781 -7.953 -8.808 -4.118 3.251
2 V 0.346 2.342 -2.154 -5.197 -7.536 0.683 0.48 -5.277 1.32 1.623 -0.875 1.489 -3.239 -2.705 -9.37 -2.694 0.355 -8.771 -0.185 2.871
3 I 1.727 -0.449 0.24 -5.996 -7.249 -1.659 -2.214 -2.733 -2.633 3.056 -0.486 -1.646 -0.139 -1.133 0.226 0.233 -0.077 -2.999 0.597 1.622
4 I 1.341 -8.361 -1.128 1.578 -4.788 0.322 1.783 -6.494 -5.532 3.034 1.192 -7.979 2.582 -0.294 -9.513 -2.535 -2.498 -8.937 -6.127 1.63
5 D 0.712 -0.28 0.505 2.035 -7.77 -0.3 0.78 -0.916 -0.85 -1.113 -3.169 1.019 -2.804 -3.679 2.128 0.917 0.675 -9.399 -4.29 -0.727
6 T 0.672 -7.984 4.093 3.196 -7.351 -7.856 -7.528 -4.13 -7.428 -5.184 -8.626 -7.595 -8.03 -8.816 -4.127 2.482 4.341 -9.548 -8.865 -0.151
7 A 1.648 -3.001 2.59 -2.484 -7.46 1.147 -0.075 -2.693 -3.252 0.075 0.725 -3.009 -2.147 -2.426 2.124 0.443 -0.963 -3.056 -2.211 0.638
8 P 0.706 1.353 -0.767 -3.703 -7.75 1.251 0.342 -0.249 -0.267 -0.938 0.618 1.266 -3.342 -2.78 2.476 -0.123 -1.726 -9.074 -1.565 -1.035
9 A 4.241 -7.912 -2.322 -3.345 -4.694 3.038 -4.846 3.399 -0.553 -5.436 -7.047 -7.443 -5.684 -8.984 -5.235 2.743 -3.757 -9.326 -8.736 -3.271