#Seq2Logo.py -Z on -y 0.25:2.0 -H ends -f 38081.peps -o QEFFIASGAAVDAIMESSFDYFDFDKATYHVGFT_el -I 2 --format PNG -b 50 -C 0 -l 1
Last position-specific scoring matrix computed, values are in halfbits
A R N D C Q E G H I L K M F P S T W Y V
1 F -8.742 -9.348 -9.637 -10.136 -7.955 -9.721 -9.98 -9.886 -6.857 2.569 -0.046 -9.502 -1.602 6.429 -10.745 -9.737 -8.794 3.59 6.056 -1.03
2 V 0.409 1.668 -0.617 -1.492 -7.637 -0.017 1.071 -4.381 0.436 1.264 -0.601 2.026 -5.207 -2.113 -9.299 -1.13 -0.185 -0.615 -0.783 2.025
3 A 2.024 -0.082 -1.49 -1.893 -4.801 0.33 -0.356 -0.523 -1.606 0.596 0.041 -0.159 1.003 -2.689 -0.337 -0.718 -1.11 -8.724 0.723 1.684
4 A 1.986 -6.794 -0.952 0.34 -4.725 0.96 1.23 -7.235 -5.529 2.166 1.257 -4.78 2.078 -3.466 -9.342 -1.235 0.599 -9.06 -6.247 1.889
5 K 0.977 0.715 1.204 -0.231 -7.721 0.366 0.283 -0.916 -0.254 -1.09 -2.381 2.596 -0.737 -3.199 -1.193 0.694 0.447 -9.135 -2.608 -0.233
6 K -8.038 6.194 -6.057 -7.979 -8.99 -6.247 -6.981 -8.579 -0.793 -9.236 -9.04 6.049 -8.122 -9.495 -9.032 -7.018 -6.028 -9.277 -8.576 -8.972
7 A 1.838 0.766 0.366 -2.508 -7.599 0.781 0.821 -0.519 -0.547 -0.032 0.395 0.457 0.273 -0.813 0.017 -1.014 -2.284 -1.223 -2.181 -0.113
8 L 0.759 1.291 -0.927 -1.69 -7.679 0.462 -1.1 -0.001 0.632 -0.03 1.178 2.154 -1.32 -4.032 0.615 -0.542 -2.288 -9.028 -1.868 -0.293
9 G 2.887 -5.641 -1.401 -2.019 -7.472 3.809 -0.718 3.72 -1.58 -4.459 -5.566 -4.571 -4.408 -9.033 -3.704 2.103 -0.705 -9.295 -6.481 -4.595