#Seq2Logo.py -Z on -y 0.25:2.0 -H ends -f 38081.peps -o QEFFIASGAAVDAIMESSFDYFVIDEATYHVGFT_el -I 2 --format PNG -b 50 -C 0 -l 1
Last position-specific scoring matrix computed, values are in halfbits
A R N D C Q E G H I L K M F P S T W Y V
1 I -8.517 -9.519 -9.811 -10.134 -7.554 -9.845 -10.161 -10.036 -7.644 5.111 0.532 -9.536 -1.522 5.557 -10.613 -9.79 -8.468 -1.021 4.489 0.225
2 V -0.065 2.607 -0.949 -3.087 -7.608 -0.163 0.752 -7.437 -0.276 2.603 -1.191 1.646 -3.232 -0.973 -9.45 -2.717 -1.406 -1.978 -1.256 2.656
3 I 1.435 -0.696 -0.966 -4.248 -7.373 -0.507 -2.812 -2.748 0.625 2.71 -0.107 -0.704 0.299 0.258 0.698 -0.296 -1.252 -1.192 1.225 1.266
4 N -0.54 -2.384 3.995 1.093 -7.841 -1.362 -0.73 -7.028 4.409 0.915 -2.619 1.069 -2.735 -1.631 -9.321 -0.192 -0.721 -3.038 -1.804 1.268
5 K -0.056 1.446 1.838 -0.116 -8.084 -0.749 -0.212 -1.033 2.131 -0.647 -7.671 3.45 -5.677 -5.666 2.181 -0.518 -0.613 -9.283 -1.879 -2.073
6 K 0.705 4.362 1.052 -5.651 -8.155 -1.474 -2.619 -1.142 0.661 -6.281 -8.919 4.58 -8.107 -7.043 -1.543 -0.255 -0.284 -9.336 -8.538 -3.969
7 L -0.298 1.364 2.498 -3.654 -7.918 2.136 -0.324 -2.731 3.265 0.471 0.434 1.545 -7.178 -2.404 -1.212 -1.872 -1.909 -3.01 -0.001 -0.492
8 K -0.992 1.614 -0.078 -3.034 -7.905 0.892 0.493 -1.064 -0.008 0.386 -0.175 2.406 -3.354 -4.682 2.476 -1.359 -0.99 -9.076 -0.809 -0.219
9 V -2.419 -3.173 -9.527 -9.739 -7.207 -2.275 -3.761 -6.948 -7.892 3.932 1.274 -8.909 -0.839 2.384 -10.187 -6.915 -8.03 -7.561 4.04 4.174