#Seq2Logo.py -Z on -y 0.25:2.0 -H ends -f 38081.peps -o QEFFIASGAAVDAIMEACNIYYDLRRENYYVVFT_el -I 2 --format PNG -b 50 -C 0 -l 1
Last position-specific scoring matrix computed, values are in halfbits
A R N D C Q E G H I L K M F P S T W Y V
1 I -7.086 -9.512 -10.063 -10.174 -6.969 -9.717 -10.239 -10.176 -9.374 5.878 3.166 -9.415 0.972 -1.656 -10.36 -9.759 -6.794 -8.806 -6.054 3.078
2 R 0.755 3.116 -0.925 -2.076 -7.663 -0.443 0.186 -3.445 -0.009 -0.202 -0.273 1.945 -0.687 -1.18 -9.295 -1.598 0.185 -8.77 -0.571 1.578
3 V 1.068 1.53 -0.101 -3.434 -7.488 0.867 -1.677 -1.182 -7.673 1.665 -0.008 0.291 -0.149 -1.36 0.011 -1.251 -1.557 -1.211 0.149 1.867
4 Q -0.291 -7.099 0.083 2.103 -5.084 5.946 2.978 -3.691 -1.942 -0.283 -1.687 -5.92 -0.442 -5.658 -9.141 -2.137 -2.978 -9.216 -6.313 -1.056
5 A 1.349 0.609 -1.434 1.53 -7.735 0.984 1.025 -1.161 0.639 -1.343 -1.113 1.083 -2.206 -1.898 0.433 -1.221 -0.289 -9.047 -1.558 0.678
6 I 0.528 -6.155 -0.142 -3.927 -7.015 -8.965 -7.653 -5.36 -2.761 3.897 2.199 -6.3 -0.304 -5.955 1.023 -2.947 0.67 -9.16 -8.286 3.143
7 D -4.618 -4.569 0.504 7.337 -8.911 -0.451 0.993 -6.222 -7.263 -5.622 -2.99 -5.72 -5.989 -9.314 -3.746 -5.139 -5.366 -4.891 -5.387 -4.098
8 K 0.646 1.221 -0.328 -0.253 -7.754 -0.16 0.419 -0.939 0.825 -0.138 0.282 1.743 -1.007 -4.048 1.186 -0.721 -1.563 -4.701 -1.034 -0.042
9 A 3.514 -4.061 -1.255 -2.067 -7.187 2.183 -2.137 2.101 -0.28 -1.072 -1.672 -3.885 -0.198 -6.617 -2.703 1.636 -0.474 -9.161 -3.615 -0.296