#Seq2Logo.py -Z on -y 0.25:2.0 -H ends -f 38081.peps -o QEFFIASGAAVDAIMELSFEYYVLQKRNYHVGFT_el -I 2 --format PNG -b 50 -C 0 -l 1
Last position-specific scoring matrix computed, values are in halfbits
A R N D C Q E G H I L K M F P S T W Y V
1 F -8.571 -9.389 -9.719 -10.143 -7.714 -9.735 -10.033 -9.938 -7.255 3.465 0.782 -9.496 -0.583 5.942 -10.668 -9.735 -8.599 2.691 5.298 0.902
2 V 0.344 2.142 -1.685 -1.526 -7.541 0.34 -0.351 -3.216 1.163 1.668 -0.649 0.533 -0.966 -0.156 -9.416 -2.177 0.879 -8.619 0.165 2.191
3 I 1.067 0.219 0.246 -4.201 -4.836 -1.011 -2.017 -1.567 0.425 2.701 -0.179 0.018 1.163 -1.35 1.464 -0.549 -1.402 -8.74 0.456 0.404
4 N -5.924 -7.718 7.063 5.525 -8.781 -5.191 -3.767 -7.41 -6.498 -9.478 -10.06 -7.372 -9.147 -9.433 -9.301 -1.649 -5.754 -10.025 -9.269 -6.797
5 P 0.533 0.931 0.953 0.079 -7.848 -0.78 0.566 -0.422 1.618 -0.842 -2.144 1.433 -3.441 -2.186 2.179 -0.522 0.271 -2.008 -2.202 -0.62
6 A 3.981 -8.277 1.95 -5.069 -4.661 -3.162 -5.55 2.032 -3.308 -2.069 -8.464 -7.773 -7.978 -8.818 1.911 2.073 0.907 -9.517 -8.831 -0.134
7 A 0.757 -1.788 2.12 -2.033 -7.633 0.874 0.755 -1.289 2.123 1.424 -0.541 -1.04 -1.335 -1.851 0.522 -0.718 -0.978 -1.986 -0.78 0.893
8 A 0.865 1.219 0.265 -2.505 -7.717 0.23 0.414 -1.051 0.437 0.309 -0.23 1.432 -1.012 -2.767 1.903 -1.12 -0.394 -9.014 -1.032 -0.298
9 V -0.058 -8.988 -4.026 -4.414 -6.972 -3.292 -3.434 -4.953 -4.379 3.837 1.488 -8.796 1.997 -0.091 -9.885 -2.428 -1.396 -8.534 0.169 4.252