#Seq2Logo.py -Z on -y 0.25:2.0 -H ends -f 38081.peps -o QEFFIASGAAVDAIMESSFDYFDLDRLTYHVGFT_el -I 2 --format PNG -b 50 -C 0 -l 1
Last position-specific scoring matrix computed, values are in halfbits
A R N D C Q E G H I L K M F P S T W Y V
1 F -8.803 -9.341 -9.578 -10.116 -8.078 -9.717 -9.947 -9.869 -6.617 2.361 -1.665 -9.5 -4.991 6.639 -10.756 -9.72 -8.869 3.192 6.533 -1.864
2 V 0.215 1.607 -1.291 -2.775 -7.607 -0.299 1.501 -6.491 -0.272 1.821 -0.446 2.069 -5.138 -1.167 -9.352 -2.03 -0.501 -1.976 -0.779 2.412
3 A 2.127 -0.328 -1.134 -2.348 -4.757 -0.84 -1.859 -1.054 -2.069 1.401 0.169 -1.98 1.012 -1.119 -0.341 -0.455 -1.395 -8.494 1.718 2.079
4 L 1.52 -4.532 -2.491 -3.503 -7.139 -0.509 -1.563 -8.717 -2.697 2.359 1.964 0.978 1.62 0.129 -9.519 -2.538 -0.285 -8.829 -6.03 2.803
5 K 0.293 0.462 1.898 -0.12 -7.77 0.365 -0.219 -1.817 0.45 -0.704 -2.957 2.773 -0.737 -3.616 -1.031 0.692 0.526 -4.715 -1.565 0.18
6 K -4.152 5.567 -4.574 -7.905 -8.725 -3.529 -5.01 -7.249 -0.225 -7.391 -8.937 5.99 -5.688 -9.397 -5.277 -3.282 -1.582 -9.29 -8.545 -5.255
7 A 1.875 1.209 0.562 -4.143 -7.518 0.565 -0.351 -1.551 0.212 0.8 0.736 0.53 -0.675 -0.809 0.229 -0.918 -3.245 -1.992 -3.519 0.646
8 K 0.863 1.228 -0.768 -2.293 -7.745 0.981 -0.532 -0.253 1.166 -0.039 0.765 2.322 -1.33 -3.123 0.955 -1.478 -2.509 -8.977 -1.279 -0.391
9 A 2.487 0.244 -1.842 -0.478 -4.884 3.268 -0.41 2.559 -1.569 -1.412 -3.351 -0.752 -4.315 -8.427 -3.726 0.812 -1.881 -4.694 -0.406 -0.943