#Seq2Logo.py -Z on -y 0.25:2.0 -H ends -f 38081.peps -o QEFFIASGAAVDAIMWPRFDYFDFQAATYHVGFT_el -I 2 --format PNG -b 50 -C 0 -l 1
Last position-specific scoring matrix computed, values are in halfbits
A R N D C Q E G H I L K M F P S T W Y V
1 F -8.692 -9.328 -9.593 -10.112 -7.951 -9.678 -9.942 -9.886 -6.723 2.413 -0.853 -9.47 -2.037 6.417 -10.695 -9.692 -8.762 1.93 6.387 0.03
2 R -1.434 3.253 -0.93 -2.294 -7.778 -0.95 0.822 -4.434 1.326 0.743 -0.595 1.705 -1.315 -0.17 -9.439 -1.756 -0.62 -1.209 -0.993 2.291
3 A 1.022 -0.424 -0.096 -3.779 -7.502 -0.054 -1.836 -2.945 -0.261 1.701 -0.321 0.109 0.479 -0.275 1.183 0.949 -2.068 -0.587 2.156 0.453
4 Y -1.379 -4.735 -9.049 -9.485 -7.932 -1.966 -2.684 -9.412 0.089 0.018 -0.545 -5.056 -0.385 4.752 -10.226 -5.571 -4.466 3.034 6.916 0.512
5 K -0.79 1.503 0.069 0.452 -7.992 -0.589 0.129 -0.617 1.173 -1.116 -3.34 3.222 -2.256 -3.226 1.788 -0.114 -0.088 -9.233 -2.608 -0.534
6 S 1.94 -8.029 3.849 1.035 -7.464 -4.002 -1.948 2.856 -7.359 -7.202 -9.219 -7.557 -8.447 -9.085 -1.356 3.556 -0.236 -9.557 -9.027 -3.109
7 K -0.46 1.481 1.689 -4.551 -7.933 0.573 -0.07 -1.858 1.764 -0.148 -0.108 1.318 -4.163 0.991 1.03 -1.613 -1.577 -0.093 1.734 -0.702
8 K -0.126 1.55 -1.869 -2.266 -7.905 -0.294 0.699 0.156 2.125 -0.715 -1.207 2.073 -0.456 -2.774 2.23 -0.048 -1.567 -4.677 -0.019 -1.055
9 A 3.005 -4.219 -3.476 -5.4 -1.782 -2.217 -3.967 0.895 -8.443 1.95 1.64 -5.461 -1.241 -4.498 -5.384 0.027 -0.484 -9.069 -5.093 2.735