#Seq2Logo.py -Z on -y 0.25:2.0 -H ends -f 38081.peps -o QEFFIASGAAVDAIMESSFDYFDFQKQTYHVGFT_el -I 2 --format PNG -b 50 -C 0 -l 1
Last position-specific scoring matrix computed, values are in halfbits
A R N D C Q E G H I L K M F P S T W Y V
1 F -8.799 -9.355 -9.606 -10.122 -8.041 -9.731 -9.971 -9.87 -6.74 2.637 -1.362 -9.511 -1.623 6.611 -10.771 -9.734 -8.849 3.718 6.258 -2.176
2 V 0.59 1.082 -1.106 -3.048 -7.568 -0.02 1.451 -3.735 -0.272 1.665 -1.13 2.023 -3.268 -0.802 -9.3 -1.478 -0.086 -4.652 -1.01 2.374
3 A 1.988 -0.316 -0.959 -3.124 -4.785 -0.061 -1.543 -0.624 -3.298 2.055 -0.505 -0.367 0.843 -0.78 0.521 -0.631 -1.551 -4.632 0.306 1.557
4 D 1.725 -8.035 3.182 4.28 -7.593 -0.631 0.223 -5.474 -5.291 0.038 -2.806 -6.549 -1.399 -8.581 -9.088 0.872 0.684 -9.545 -8.826 0.684
5 K 0.416 0.537 1.278 0.082 -7.783 -0.014 0.5 -0.419 -0.259 -0.365 -2.505 2.242 -0.459 -2.82 0.62 0.04 0.012 -4.736 -3.057 0.183
6 K -7.046 6.029 -3.208 -7.943 -8.898 -5.32 -7.02 -8.542 0.858 -9.108 -9.006 5.888 -8.102 -9.419 -7.208 -5.193 -3.305 -9.268 -8.486 -5.869
7 A 1.645 -1.257 1.621 -1.478 -7.518 1.064 0.821 -1.543 -1.596 0.499 0.498 -0.909 -0.164 -2.747 0.615 -0.443 -1.549 -0.628 -2.589 0.77
8 L 0.589 1.664 -0.619 -3.069 -7.708 0.573 -0.342 -0.435 0.633 -0.229 0.766 1.644 -2.151 -1.874 1.399 -1.022 -0.86 -4.698 -2.194 -0.037
9 A 2.635 -3.275 -0.447 -1.304 -7.442 2.852 0.194 2.626 -2.033 -0.839 -2.973 -2.499 -1.049 -6.613 -5.302 1.276 -0.712 -9.026 -1.057 -0.504