#Seq2Logo.py -Z on -y 0.25:2.0 -H ends -f 38081.peps -o QEFFIASGAAVDAIMESGFDYYIIDRLTYHVGFT_el -I 2 --format PNG -b 50 -C 0 -l 1
Last position-specific scoring matrix computed, values are in halfbits
A R N D C Q E G H I L K M F P S T W Y V
1 F -8.723 -9.449 -9.665 -10.111 -7.875 -9.813 -10.061 -9.951 -6.972 4.193 -1.509 -9.538 -3.096 6.442 -10.703 -9.76 -8.717 -0.375 5.884 -2.413
2 V -0.538 2.85 -1.695 -3.102 -7.645 0.465 0.332 -6.563 1.746 2.111 -1.109 1.267 -1.671 -1.366 -9.494 -2.725 -1.73 -0.611 -0.767 2.902
3 I 1.481 -0.983 -2.203 -5.366 -7.31 -0.678 -4.259 -2.969 -0.878 2.891 -0.486 -0.71 -0.655 -0.743 1.658 -0.218 -1.396 -1.945 1.903 1.97
4 V 0.531 -2.244 -0.813 -2.373 -7.176 -2.814 -3.327 -8.758 -0.059 2.951 1.082 0.636 -0.096 0.128 -9.553 -1.266 0.745 -3.015 -3.469 3.153
5 K -0.05 1.105 0.962 -0.456 -7.931 0.131 0.58 -1.037 1.757 -1.567 -4.47 3.04 -5.598 -5.656 1.604 -0.426 1.081 -9.29 -3.062 -0.438
6 A 3.227 -0.64 2.508 -3.27 -7.344 0.23 -2.29 0.209 -0.842 -5.332 -8.683 0.957 -5.669 -6.899 0.349 2.108 1.103 -9.41 -6.411 -1.314
7 N 1.064 -0.926 3.164 -2.458 -7.739 1.647 0.187 -0.611 1.486 0.552 -0.052 0.295 -7.281 -2.41 -0.741 -1.715 -1.559 -3.018 0.149 0.044
8 P -0.057 1.298 -2.386 -4.084 -7.929 0.241 0.954 -0.346 1.0 -0.074 -1.041 2.558 -4.255 -4.753 3.433 -2.323 -0.626 -9.211 -1.573 -0.82
9 V -0.299 -5.446 -5.246 -2.984 -7.106 -4.296 -3.45 -5.0 -5.631 3.735 1.811 -8.923 0.376 1.487 -7.704 -7.724 -6.775 -7.981 2.807 4.116