#Seq2Logo.py -Z on -y 0.25:2.0 -H ends -f 38081.peps -o QEFFIASGAAVDAIMELSFEHYDLQKQNYHVGFT_el -I 2 --format PNG -b 50 -C 0 -l 1
Last position-specific scoring matrix computed, values are in halfbits
A R N D C Q E G H I L K M F P S T W Y V
1 F -8.574 -9.32 -9.698 -10.15 -7.739 -9.641 -9.981 -9.932 -7.107 3.074 1.369 -9.439 -0.582 5.546 -10.646 -9.725 -8.619 3.579 5.72 0.708
2 V 0.082 1.468 -1.49 -1.711 -7.485 0.56 -0.454 -4.07 -0.276 1.677 0.115 0.289 -1.656 0.481 -9.461 -1.143 0.592 -2.976 0.472 2.38
3 I 1.259 0.023 0.454 -5.968 -0.834 -1.01 -2.381 -2.952 -0.562 2.477 -0.115 0.585 1.165 -0.953 0.87 -0.057 -1.713 -4.633 0.31 0.924
4 N -5.443 -7.395 8.44 0.773 -8.686 -7.448 -5.8 -7.116 -6.054 -9.526 -10.004 -7.231 -9.04 -9.286 -9.428 -3.563 -5.631 -9.88 -9.011 -7.797
5 P 0.818 -0.172 1.195 0.168 -7.668 -0.628 -0.743 -0.925 0.822 -0.051 -1.994 1.135 -1.038 -4.115 2.381 0.038 0.192 -3.069 -2.218 0.618
6 A 3.578 -8.202 2.832 -2.723 -7.124 -3.149 -4.547 1.462 -3.284 -2.063 -6.279 -7.731 -5.633 -8.778 1.671 2.001 1.625 -9.515 -8.808 -0.135
7 A 1.068 -2.222 1.754 -1.48 -7.578 0.559 0.478 -1.048 1.47 1.308 -0.213 -1.619 -0.695 -1.623 1.723 -0.911 -0.39 -4.707 -2.186 0.578
8 K 0.645 1.416 0.573 -2.053 -7.726 -0.617 0.624 -0.832 -0.542 0.23 0.014 1.431 -0.429 -1.866 1.33 -1.234 -0.396 -8.92 -0.584 -0.206
9 V 1.849 -6.871 2.338 -1.023 -2.512 -0.843 -1.85 0.526 -2.634 1.565 -0.317 -5.989 -0.404 -4.0 -5.368 0.802 0.454 -9.089 -2.611 2.344