#Seq2Logo.py -Z on -y 0.25:2.0 -H ends -f 38081.peps -o QEFFIASGAAVDAIMWPRFDYYDLQRATYHVGFT_el -I 2 --format PNG -b 50 -C 0 -l 1
Last position-specific scoring matrix computed, values are in halfbits
A R N D C Q E G H I L K M F P S T W Y V
1 F -8.825 -9.262 -9.49 -10.088 -8.187 -9.601 -9.859 -9.852 -6.295 1.496 -2.815 -9.426 -5.073 6.59 -10.712 -9.667 -8.924 1.956 7.175 -2.428
2 V -0.801 2.73 -0.779 -2.788 -7.649 0.233 1.005 -6.528 0.437 1.51 -0.581 0.897 -2.623 -0.617 -9.444 -1.041 -1.115 -2.999 -0.176 2.68
3 A 1.685 -0.831 0.015 -4.209 -4.789 -1.213 -1.41 -3.432 -0.552 2.399 0.329 -0.939 0.087 -0.267 0.012 0.363 -1.548 -2.958 1.905 0.866
4 L 0.267 -8.68 -7.014 -1.582 -7.316 -0.87 0.132 -9.116 -4.191 2.188 2.22 -8.483 1.87 3.039 -9.852 -3.192 -1.136 -1.134 2.41 2.18
5 K -0.523 0.791 1.207 0.711 -7.982 -1.334 0.645 -0.329 1.48 -2.099 -3.552 2.558 -2.272 -2.85 2.232 -0.347 0.592 -9.258 -2.608 -0.854
6 S 2.529 -8.009 4.148 1.498 -7.372 -7.857 -4.843 2.41 -7.315 -8.751 -9.263 -7.555 -8.458 -9.073 -4.63 3.746 0.237 -9.549 -9.007 -6.253
7 N 0.009 -1.414 2.735 -4.001 -4.964 0.975 1.238 -2.722 1.182 0.044 -0.784 -0.903 -5.377 -0.168 2.069 -0.91 -0.187 -1.205 1.105 0.115
8 P -0.362 1.226 -1.264 -1.659 -7.909 0.891 0.895 -0.256 1.475 -0.945 0.052 1.938 -2.196 -3.588 2.569 -1.024 -1.737 -9.086 -1.286 -0.513
9 L 2.162 -7.235 -9.04 -5.561 -2.439 -4.267 -6.673 -1.082 -8.811 2.938 2.888 -8.691 0.172 -3.787 -9.664 -1.059 -1.546 -8.947 -5.031 3.402