#Seq2Logo.py -Z on -y 0.25:2.0 -H ends -f 38081.peps -o QEFFIASGAAVDAIMEVHFDYYALQKATYHVGFT_el -I 2 --format PNG -b 50 -C 0 -l 1
Last position-specific scoring matrix computed, values are in halfbits
A R N D C Q E G H I L K M F P S T W Y V
1 F -8.754 -9.315 -9.553 -10.096 -8.059 -9.643 -9.911 -9.879 -6.519 2.816 -2.631 -9.444 -5.008 6.302 -10.698 -9.691 -8.819 3.045 6.815 -1.284
2 V 0.701 2.096 -0.779 -2.09 -7.562 -0.623 0.094 -3.739 1.001 0.963 -0.809 1.429 -3.265 -0.779 -9.382 -1.743 -0.501 -4.598 0.865 2.678
3 I 0.815 -0.703 0.246 -2.109 -7.37 -0.841 -1.7 -2.015 -1.224 2.638 -0.234 -1.984 -0.39 -0.287 0.424 0.296 -0.383 -1.962 0.602 1.749
4 D 0.402 -8.272 -1.806 4.805 -7.667 -0.476 1.72 -6.358 -7.787 2.263 -0.903 -7.757 0.053 -4.693 -9.272 -1.015 0.273 -9.421 -8.702 1.19
5 E 0.224 -1.389 0.288 1.152 -7.785 -0.453 1.195 -0.821 1.166 -0.07 -2.133 1.37 -4.28 -2.189 1.787 -0.264 1.326 -2.014 -3.571 -0.41
6 T 0.112 -8.016 4.121 3.195 -7.381 -6.346 -6.58 -4.928 -7.453 -2.668 -8.458 -7.632 -5.633 -8.743 -2.696 2.318 4.148 -9.557 -8.847 0.61
7 N 0.967 -4.538 3.04 0.085 -7.63 0.331 0.691 -2.703 -1.197 0.784 0.18 -3.017 -1.73 -3.14 2.613 -0.53 -1.548 -3.07 -2.609 0.43
8 L 1.115 0.688 -1.474 -1.678 -7.672 -0.03 0.757 -1.427 1.469 0.064 0.812 1.256 -3.297 -1.394 1.533 -1.602 -0.862 -3.033 -1.538 0.051
9 D 0.917 -7.917 -3.075 5.373 -8.11 0.901 3.178 -0.142 -3.196 -1.956 -5.199 -7.303 -4.464 -5.754 -7.199 0.576 -3.242 -9.555 -5.261 -1.355