#Seq2Logo.py -Z on -y 0.25:2.0 -H ends -f 38081.peps -o QEFFIASGAAVDAIMEVHFDYYDIQRATYHVVFT_el -I 2 --format PNG -b 50 -C 0 -l 1
Last position-specific scoring matrix computed, values are in halfbits
A R N D C Q E G H I L K M F P S T W Y V
1 I -8.042 -9.59 -10.083 -10.164 -6.958 -9.782 -10.283 -10.21 -9.462 6.253 2.55 -9.447 0.022 -2.183 -10.361 -9.786 -7.954 -8.888 -7.974 3.249
2 V 0.813 1.945 -3.017 -5.186 -7.518 0.684 0.482 -4.395 1.47 1.82 -1.124 1.695 -2.63 -2.101 -9.311 -1.604 0.438 -8.772 -0.368 2.377
3 A 1.688 -0.828 1.253 -3.764 -7.327 -1.015 -1.851 -1.992 -2.594 2.053 -0.374 -1.061 0.288 -0.763 -0.602 0.56 -0.173 -4.592 1.321 1.308
4 L 1.06 -8.812 -6.02 -3.964 -7.027 -0.711 -2.096 -7.655 -8.55 3.315 2.657 -8.632 3.403 1.537 -9.86 -3.432 -2.29 -4.595 -4.802 2.883
5 D 0.537 0.698 0.404 2.085 -7.855 0.794 0.72 -1.271 -0.256 -1.405 -3.74 1.269 -2.263 -3.229 1.666 0.387 0.521 -9.281 -2.623 -0.629
6 T -1.517 -7.971 4.622 4.399 -7.637 -7.81 -7.282 -6.709 -7.295 -3.913 -8.799 -7.583 -8.191 -8.911 -5.278 1.611 4.297 -9.644 -8.968 -0.846
7 L 1.258 -2.218 2.954 -3.019 -7.557 1.056 -0.763 -1.98 -1.189 -0.22 0.939 -1.951 -1.327 -1.603 1.958 -0.041 -1.105 -1.987 -0.38 -0.029
8 L 0.592 0.611 -0.618 -3.706 -7.718 1.334 0.415 -0.251 -0.851 -0.241 0.717 1.484 -2.68 -1.864 1.662 -0.049 -1.56 -3.028 -0.582 -0.796
9 A 3.643 -7.721 -3.607 -1.641 -7.35 3.981 -1.594 3.541 -0.007 -7.234 -7.948 -7.262 -8.14 -9.123 -5.244 2.654 -4.147 -9.321 -8.725 -5.554