#Seq2Logo.py -Z on -y 0.25:2.0 -H ends -f 38081.peps -o QEFFIASGAAVDAIMESSYDYFDFDRATYHVGFT_el -I 2 --format PNG -b 50 -C 0 -l 1
Last position-specific scoring matrix computed, values are in halfbits
A R N D C Q E G H I L K M F P S T W Y V
1 F -8.721 -9.34 -9.625 -10.131 -7.955 -9.702 -9.963 -9.887 -6.803 2.569 -0.231 -9.487 -3.124 6.328 -10.727 -9.725 -8.78 3.591 6.216 -0.499
2 V 0.407 1.548 -0.619 -1.665 -7.648 0.474 1.404 -6.439 0.438 1.266 -0.461 1.89 -5.192 -2.398 -9.308 -1.479 -0.287 -0.116 -0.569 2.066
3 A 2.024 -0.432 -1.12 -1.706 -4.784 -0.054 -0.666 -0.621 -2.611 0.821 0.046 -0.575 1.16 -1.814 -0.466 -0.536 -0.846 -8.696 0.725 1.822
4 L 1.683 -6.931 -3.482 -1.068 -4.676 0.427 0.527 -8.72 -5.644 2.557 2.323 -6.905 3.099 -3.85 -9.515 -2.357 0.358 -8.958 -6.203 2.227
5 K 0.82 0.456 1.283 0.37 -7.74 -0.144 0.506 -1.146 0.445 -1.09 -2.516 2.482 -0.208 -3.206 -0.727 0.751 0.282 -9.193 -3.588 -0.147
6 K -7.994 5.926 -5.216 -7.93 -8.952 -5.277 -6.137 -8.538 -1.132 -9.205 -9.046 6.199 -8.121 -9.504 -7.183 -5.679 -4.807 -9.294 -8.59 -8.948
7 A 1.685 0.683 0.033 -2.766 -7.563 0.78 0.82 -0.72 -0.86 0.41 0.448 0.378 0.064 -1.397 0.126 -0.623 -1.557 -1.227 -2.573 0.138
8 L 0.647 0.934 -1.281 -1.881 -7.68 0.346 -0.44 0.301 0.429 -0.021 1.367 2.152 -0.404 -3.52 0.33 -0.927 -3.264 -8.974 -1.56 -0.029
9 G 2.807 -5.627 -2.573 -0.987 -4.862 3.88 -0.037 3.674 -0.26 -4.472 -6.01 -4.152 -5.71 -9.097 -2.996 1.917 -1.531 -9.328 -8.764 -4.235