#Seq2Logo.py -Z on -y 0.25:2.0 -H ends -f 38081.peps -o QEFFIASGAAVDAIMWLFLECYDLQRANYHVGFT_el -I 2 --format PNG -b 50 -C 0 -l 1
Last position-specific scoring matrix computed, values are in halfbits
A R N D C Q E G H I L K M F P S T W Y V
1 F -8.715 -9.286 -9.56 -10.106 -8.012 -9.61 -9.897 -9.882 -6.549 2.366 -0.945 -9.424 -3.921 6.164 -10.678 -9.683 -8.793 2.885 6.782 -0.51
2 V -0.211 1.94 -1.91 -3.387 -7.617 0.576 1.122 -4.076 1.164 1.769 0.052 1.019 -0.958 -0.023 -9.417 -1.493 -0.092 -4.62 -0.763 1.867
3 A 1.767 -0.193 -0.787 -3.796 -2.54 -0.34 -2.369 -1.995 -0.021 1.909 -0.066 0.107 0.487 -1.135 -0.889 0.9 -1.239 -1.955 1.102 0.975
4 L 0.201 -8.212 -4.455 -3.102 -4.784 1.482 2.606 -5.979 -8.044 0.745 4.188 -7.948 3.113 -4.312 -9.686 -4.587 -4.336 -8.837 -8.166 -0.023
5 K -0.358 1.43 -0.053 0.453 -7.927 0.366 0.645 -0.618 1.478 -1.392 -2.14 2.247 0.02 -4.78 1.727 -0.353 0.271 -4.742 -2.607 -0.73
6 A 4.959 -8.538 -3.735 -5.201 -6.974 -8.386 -8.44 4.232 -8.094 -8.404 -8.924 -7.913 -8.34 -9.063 1.124 1.436 -2.236 -9.469 -9.081 -4.14
7 A 1.602 -0.284 1.339 -2.241 -4.901 2.257 1.458 -3.407 0.649 1.18 -0.689 -0.331 -2.679 -1.849 -1.38 -1.116 -1.112 -0.612 -0.01 0.437
8 K 0.918 1.946 -0.926 -3.053 -4.94 -0.78 0.412 -0.081 0.432 -0.567 0.575 1.983 -2.697 -4.081 1.663 -1.348 -0.62 -9.106 -2.217 -0.696
9 V 2.479 -9.014 -5.192 -9.396 -1.222 -5.78 -6.72 -0.272 -8.926 3.008 2.6 -8.762 -0.293 -7.2 -9.672 -3.15 -1.887 -9.057 -8.326 3.824