#Seq2Logo.py -Z on -y 0.25:2.0 -H ends -f 38081.peps -o QEFFIASGAAVDAIMESSYDYFDIDEATYHVVFT_el -I 2 --format PNG -b 50 -C 0 -l 1
Last position-specific scoring matrix computed, values are in halfbits
A R N D C Q E G H I L K M F P S T W Y V
1 I -8.069 -9.614 -10.108 -10.173 -6.959 -9.811 -10.315 -10.239 -9.505 6.418 2.713 -9.459 -1.385 -4.742 -10.364 -9.82 -7.965 -8.947 -8.084 2.917
2 V 0.809 1.996 -1.491 -4.155 -7.542 0.105 0.818 -4.409 0.214 1.968 -0.246 1.693 -2.612 -2.697 -9.37 -2.89 -0.394 -3.01 -0.188 2.343
3 A 1.348 0.746 0.247 -2.813 -7.473 -0.193 -0.463 -2.175 -2.595 1.812 -0.07 -1.316 -1.686 -0.011 0.7 -0.291 -1.718 -1.199 0.986 1.403
4 H 0.518 0.248 0.574 -2.054 -7.795 0.232 1.127 -5.767 4.189 0.931 -0.397 1.134 -0.985 1.262 -9.425 -2.184 -1.742 -1.184 0.639 0.765
5 K 0.089 1.04 0.876 -0.572 -8.065 1.67 1.036 0.168 1.338 -1.758 -4.788 3.225 -4.365 -6.827 1.117 -0.519 -1.404 -3.071 -2.616 -0.974
6 K -3.881 6.003 -3.6 -7.906 -8.804 -4.59 -4.182 -8.483 -1.957 -9.105 -9.001 5.817 -8.105 -9.453 -6.085 -3.29 -3.293 -9.293 -8.615 -6.547
7 L -0.218 2.11 0.157 -3.051 -7.857 1.505 0.193 -3.2 2.011 -0.663 1.141 2.205 -0.977 -0.619 -2.466 -1.611 -1.128 -4.604 0.321 -0.689
8 K 0.152 1.085 -0.471 -1.68 -7.729 1.163 -0.432 -0.256 0.635 0.786 0.771 2.112 -1.32 -4.024 0.23 -1.026 -1.41 -8.982 -1.284 -0.026
9 R -0.002 5.765 -6.393 -6.988 -8.16 1.093 -4.065 -0.643 -1.507 -0.975 -4.103 0.83 -2.219 -0.154 -6.243 -2.04 -5.335 -8.141 2.92 -0.248