#Seq2Logo.py -Z on -y 0.25:2.0 -H ends -f 38081.peps -o QEFFIASGAAVDAVMECSLVYFDFQKETVHIFFL_el -I 2 --format PNG -b 50 -C 0 -l 1
Last position-specific scoring matrix computed, values are in halfbits
A R N D C Q E G H I L K M F P S T W Y V
1 I -8.04 -9.686 -10.094 -10.142 -6.959 -9.861 -10.332 -10.232 -9.527 6.687 1.606 -9.48 -2.255 -2.827 -10.359 -9.801 -7.924 -4.686 -8.019 3.205
2 V 0.756 2.889 -2.724 -5.236 -7.484 -0.307 0.328 -6.518 0.422 2.163 -1.986 1.648 -3.237 -3.508 -9.396 -4.133 -0.391 -3.033 -1.848 3.374
3 A 1.916 0.665 -0.648 -6.009 -7.299 -0.061 -2.195 -2.006 -2.615 2.406 -1.369 -0.573 -0.397 -1.342 -0.1 -0.541 -0.721 -8.621 1.21 2.314
4 I 2.127 -6.681 0.924 -1.889 -7.163 1.705 -1.124 -8.308 -4.211 2.964 0.545 -1.341 1.183 -2.697 -9.337 0.028 -0.269 -4.704 -5.029 1.853
5 K 1.023 0.097 0.501 0.46 -7.901 0.376 0.655 -1.395 1.482 -1.411 -3.749 3.475 -5.58 -4.192 0.799 -0.181 -0.608 -9.238 -2.608 -0.633
6 K 0.47 2.762 0.96 -2.259 -7.876 -2.005 -2.874 -5.639 2.453 -0.38 -4.409 4.319 -7.658 -8.741 -1.19 -2.437 2.004 -9.309 -8.322 -0.146
7 A 1.345 0.514 1.198 1.347 -7.772 1.162 0.571 -1.156 2.007 0.211 0.274 -0.331 -2.71 -3.14 0.232 -0.53 -2.728 -4.706 -1.553 -1.536
8 K 0.215 2.666 -0.756 -2.283 -7.937 0.699 -0.838 -0.434 0.226 -0.951 0.108 3.312 -1.745 -8.345 1.469 -2.325 -1.914 -9.163 -2.228 -0.933
9 G 2.697 0.045 -0.878 -3.669 -7.509 3.432 -3.139 3.341 -0.837 -3.067 -7.024 -1.124 -5.666 -5.67 -4.147 2.434 -4.17 -9.111 -1.901 -2.244