#Seq2Logo.py -Z on -y 0.25:2.0 -H ends -f 38081.peps -o QEFFIASGAAVDAIMESSFEYFDLQRATYHVGFT_el -I 2 --format PNG -b 50 -C 0 -l 1
Last position-specific scoring matrix computed, values are in halfbits
A R N D C Q E G H I L K M F P S T W Y V
1 F -8.716 -9.402 -9.656 -10.122 -7.893 -9.762 -10.023 -9.927 -6.929 3.669 -0.683 -9.514 -2.506 6.341 -10.71 -9.748 -8.734 2.137 5.97 -1.487
2 V -0.134 1.942 -1.502 -5.204 -7.522 0.101 0.814 -5.864 -0.873 2.535 -0.703 1.789 -3.206 -2.091 -9.447 -2.364 -1.254 -1.219 -1.263 3.082
3 V 1.838 -0.45 -1.529 -3.168 -7.26 -3.178 -2.044 -2.97 -1.624 2.378 0.243 -0.829 1.462 -0.736 0.118 -0.939 -2.964 -8.45 1.813 2.463
4 L 0.637 -8.31 2.223 1.199 -7.337 0.541 -0.267 -7.326 -2.642 2.385 1.895 -6.861 2.191 -1.564 -9.575 -2.194 -1.111 -9.008 -6.169 2.055
5 K 0.158 0.877 2.192 0.093 -7.884 -0.282 0.362 -0.919 0.649 -1.55 -3.156 2.809 -1.06 -4.189 0.622 -0.028 0.278 -9.295 -4.259 -0.248
6 K -1.682 5.259 -0.287 -7.781 -8.559 -3.15 -4.207 -5.681 0.668 -7.359 -8.958 5.613 -8.088 -9.338 -3.71 -2.14 -1.268 -9.309 -8.511 -4.769
7 A 1.643 -1.265 1.683 -2.27 -7.485 1.059 0.685 -2.335 -1.206 1.321 0.995 -1.46 -1.3 -1.171 0.427 -1.018 -1.398 -8.927 -1.546 0.59
8 K 0.468 1.896 -0.617 -2.074 -7.804 0.232 -0.434 0.228 -0.548 -0.046 0.579 2.404 -1.725 -3.562 1.533 -2.17 -1.574 -9.034 -1.293 -0.59
9 R 1.524 4.073 -3.325 -4.172 -7.748 1.801 -1.951 0.893 -1.549 0.119 -1.879 0.425 -3.375 -4.571 -6.181 -0.045 -2.497 -4.587 1.802 -0.134