#Seq2Logo.py -Z on -y 0.25:2.0 -H ends -f 38081.peps -o QEFFIASGAAVDAIMESSFDYFDLDRATYHAVFT_el -I 2 --format PNG -b 50 -C 0 -l 1
Last position-specific scoring matrix computed, values are in halfbits
A R N D C Q E G H I L K M F P S T W Y V
1 I -8.037 -9.597 -10.082 -10.159 -6.955 -9.777 -10.284 -10.218 -9.429 6.347 2.454 -9.44 -0.212 -4.738 -10.351 -9.786 -7.944 -8.894 -4.164 3.225
2 V 0.756 1.785 -1.107 -2.521 -7.596 0.473 1.128 -5.243 0.432 1.667 -1.044 2.2 -1.687 -2.735 -9.318 -2.339 -1.402 -3.03 -1.543 2.548
3 A 1.566 0.668 0.026 -2.316 -7.44 -0.053 -1.129 -0.164 -2.062 1.549 -0.321 -0.678 0.281 -1.585 0.123 -0.538 -0.849 -4.636 0.45 1.349
4 L 1.111 -8.707 -3.563 -4.834 -4.645 -2.852 0.041 -9.035 -5.768 3.035 3.136 -6.242 2.611 -0.897 -9.745 -2.964 -0.984 -8.817 -7.954 2.725
5 K 0.972 0.808 1.432 -0.223 -7.933 0.6 0.514 -0.915 1.338 -2.756 -4.22 3.193 -1.418 -6.743 1.041 -0.511 -0.284 -9.173 -1.298 -1.084
6 K -8.027 6.133 -7.248 -7.976 -8.99 -6.231 -6.961 -8.574 -3.11 -9.225 -9.037 6.179 -8.12 -9.527 -9.01 -8.002 -6.025 -9.292 -8.64 -8.962
7 A 1.683 0.685 -0.347 -3.375 -7.549 1.158 0.621 -1.422 -0.014 1.064 0.991 0.531 -1.304 -1.593 -0.888 -1.126 -1.118 -4.645 -0.374 -0.265
8 L 0.53 1.154 -0.928 -1.507 -7.712 1.333 -0.337 0.641 -0.02 0.066 1.33 1.933 -0.157 -5.385 -0.098 -1.74 -2.098 -9.058 -2.607 -0.29
9 G 1.852 1.28 -4.122 -1.167 -7.638 3.136 -1.074 2.35 0.236 -1.259 -3.716 -1.551 -1.788 -1.64 -3.737 1.54 -1.879 -8.704 0.722 -1.059