#Seq2Logo.py -Z on -y 0.25:2.0 -H ends -f 38081.peps -o QEFFIASGAAVDAIMESSFDYYDLRRATYHVVFT_el -I 2 --format PNG -b 50 -C 0 -l 1
Last position-specific scoring matrix computed, values are in halfbits
A R N D C Q E G H I L K M F P S T W Y V
1 I -8.066 -9.671 -10.107 -10.152 -6.959 -9.848 -10.341 -10.25 -9.536 6.705 2.063 -9.472 -1.787 -5.552 -10.36 -9.822 -7.942 -8.987 -8.116 2.864
2 V 0.282 1.725 -0.934 -2.052 -7.636 0.475 1.747 -5.8 -0.013 2.009 -1.591 1.844 -3.274 -3.509 -9.317 -2.025 -0.852 -3.024 -0.579 2.515
3 V 1.352 -0.443 -0.801 -3.451 -7.319 0.432 -1.547 -1.434 -0.883 2.203 -0.631 -1.637 0.85 -1.574 0.699 -0.732 -0.973 -4.648 -0.014 2.593
4 L 1.603 -8.438 0.009 0.044 -7.169 -1.22 0.864 -7.324 -4.263 2.471 1.748 -8.111 2.587 -1.134 -9.498 -0.934 -0.844 -8.946 -6.144 2.33
5 K 1.266 -0.498 1.129 0.874 -7.778 -0.435 1.519 -0.408 0.833 -1.404 -4.208 1.983 -4.35 -8.692 0.882 0.393 0.364 -9.329 -3.085 -0.247
6 K -6.331 6.056 -4.572 -7.946 -8.94 -5.289 -6.158 -8.544 -0.794 -9.205 -9.037 6.048 -8.12 -9.487 -7.195 -6.261 -4.355 -9.284 -8.577 -8.936
7 A 1.52 -2.216 1.337 -1.148 -7.583 1.49 1.451 -1.285 -1.583 1.182 0.296 -2.122 -1.708 -0.318 0.429 -0.713 -0.729 -4.654 -0.572 -0.458
8 L 0.408 1.08 -0.617 -1.024 -7.74 0.682 0.414 0.575 -0.859 -0.029 1.179 1.838 -0.411 -4.022 -0.216 -2.173 -1.27 -3.038 -1.566 -0.292
9 A 2.331 -4.168 -4.938 -4.277 -7.084 1.383 -4.645 1.226 -2.669 2.25 0.536 -6.024 0.505 -2.669 -4.743 0.79 -1.38 -8.805 -0.583 2.392