#Seq2Logo.py -Z on -y 0.25:2.0 -H ends -f 38081.peps -o QEFFIASGAAVDAIMESSFDYFDIDEANYHVVFT_el -I 2 --format PNG -b 50 -C 0 -l 1
Last position-specific scoring matrix computed, values are in halfbits
A R N D C Q E G H I L K M F P S T W Y V
1 I -8.087 -9.608 -10.114 -10.179 -6.965 -9.811 -10.32 -10.244 -9.497 6.408 2.866 -9.46 -1.38 -4.734 -10.37 -9.831 -7.98 -8.937 -8.081 2.732
2 V 0.585 2.197 -3.042 -4.174 -7.542 -0.027 0.816 -5.286 0.427 2.24 -0.177 1.591 -2.599 -1.157 -9.403 -2.706 -0.395 -4.636 -0.564 2.31
3 I 0.864 0.979 -0.364 -3.801 -7.46 -0.197 -1.017 -2.554 -1.605 2.193 0.223 -1.049 -0.956 0.373 0.118 -0.14 -2.078 -1.193 1.109 1.652
4 H -0.154 1.361 2.126 -3.016 -7.995 -0.771 0.489 -5.75 5.065 0.393 -0.844 1.743 -1.344 1.083 -9.445 -3.323 -2.314 -2.952 1.023 0.115
5 K -0.127 1.629 0.96 -0.84 -8.034 1.437 0.849 -0.072 1.486 -1.413 -3.175 3.011 -3.458 -5.617 0.621 -0.524 -1.404 -3.062 -2.218 -0.539
6 R -2.585 6.153 -2.881 -7.926 -8.717 -4.625 -3.559 -8.474 -2.481 -6.405 -8.935 5.419 -8.082 -9.399 -4.158 -2.861 -3.012 -9.292 -8.628 -5.253
7 L -0.297 2.572 0.152 -5.166 -7.837 1.339 -0.638 -1.718 1.756 -0.54 1.259 2.032 -0.672 -0.306 -2.22 -2.186 -1.273 -2.989 0.003 -0.389
8 L 0.01 1.841 -0.614 -2.077 -7.773 1.075 -0.635 -0.84 1.168 0.238 0.981 2.159 -1.319 -3.522 0.33 -1.247 -1.265 -8.913 -0.795 -0.293
9 R -0.637 6.074 -6.41 -8.515 -8.155 0.136 -4.452 -1.081 -3.132 -0.83 -2.353 0.905 -2.731 -0.627 -5.415 -2.201 -4.795 -8.372 1.984 0.322