#Seq2Logo.py -Z on -y 0.25:2.0 -H ends -f 38081.peps -o QEFFIASGAAVDAIMESSFDYFDFQAATYHVGFT_el -I 2 --format PNG -b 50 -C 0 -l 1
Last position-specific scoring matrix computed, values are in halfbits
A R N D C Q E G H I L K M F P S T W Y V
1 F -8.707 -9.406 -9.677 -10.135 -7.873 -9.781 -10.034 -9.925 -7.011 3.482 -0.092 -9.529 -3.089 6.355 -10.724 -9.758 -8.73 2.702 5.772 -0.99
2 V 0.527 1.839 -1.684 -2.065 -7.632 -0.295 1.503 -5.801 -0.269 1.815 -0.59 2.158 -5.169 -2.392 -9.322 -2.34 -0.503 -1.215 -0.374 2.15
3 A 1.839 0.31 -0.961 -3.451 -4.794 -0.198 -1.269 -0.836 -1.213 1.509 0.056 -0.806 1.011 -0.938 -0.342 -1.137 -1.721 -8.53 1.426 1.913
4 A 1.835 -5.13 -0.96 0.038 -7.3 0.654 -0.087 -7.29 -0.568 1.839 1.027 -1.354 1.965 1.094 -9.465 -2.03 -0.613 -8.547 -0.345 1.926
5 K 0.71 0.553 1.503 0.186 -7.804 0.127 0.363 -1.667 -0.25 -0.969 -3.505 2.941 -0.746 -4.158 0.027 0.452 0.281 -4.736 -2.225 -0.329
6 K -6.308 5.83 -5.212 -7.912 -8.921 -5.285 -5.501 -8.51 -0.219 -9.201 -9.051 6.188 -8.122 -9.486 -7.178 -4.414 -5.34 -9.29 -8.552 -8.94
7 A 1.835 1.07 0.935 -3.349 -7.651 0.977 0.624 -1.413 1.17 0.477 0.129 0.134 -0.999 -0.477 0.615 -1.468 -2.289 -1.218 -1.253 -0.574
8 K 0.588 1.013 0.042 -1.87 -7.746 0.681 -1.096 -0.082 1.323 -0.04 0.808 2.28 -1.332 -3.125 1.034 -1.023 -2.093 -9.008 -1.555 -0.487
9 A 3.205 -2.962 -2.61 -1.846 -7.394 3.549 -1.333 3.212 -1.584 -1.749 -3.981 -3.212 -3.466 -8.611 -5.282 1.552 -1.091 -4.718 -1.903 -2.028