#Seq2Logo.py -Z on -y 0.25:2.0 -H ends -f 38081.peps -o QEFFIASGAAVDAIMESSFEYYDLQKRNYHVVFT_el -I 2 --format PNG -b 50 -C 0 -l 1
Last position-specific scoring matrix computed, values are in halfbits
A R N D C Q E G H I L K M F P S T W Y V
1 I -8.027 -9.557 -10.074 -10.167 -6.952 -9.745 -10.258 -10.199 -9.431 6.1 2.711 -9.428 0.626 -2.81 -10.354 -9.77 -7.951 -8.876 -6.096 3.376
2 V 0.078 1.935 0.249 -3.403 -7.528 0.093 0.399 -4.075 -0.024 2.37 -0.172 0.604 -2.594 -0.304 -9.48 -2.526 -0.289 -4.642 -1.25 2.524
3 A 1.724 0.977 -0.235 -3.466 -4.787 -0.837 -3.883 -1.852 -5.496 2.148 -0.176 -0.575 1.164 -1.362 1.326 -1.134 -0.497 0.306 -0.787 1.56
4 D -2.465 -7.936 5.194 6.582 -8.746 -5.162 0.291 -7.668 -6.88 -6.539 -9.943 -7.416 -9.113 -9.493 -9.17 -1.419 -3.545 -10.049 -9.399 -6.718
5 K 0.224 0.258 0.056 0.078 -7.839 -0.018 0.834 0.084 -0.543 0.284 -2.249 2.113 -1.047 -2.82 2.126 -0.525 0.097 -9.195 -2.226 -0.925
6 K 0.585 4.045 -0.179 -5.749 -8.076 -1.272 -2.24 -3.404 1.013 -1.419 -3.535 4.738 -5.535 -8.901 -1.027 -2.64 -0.292 -9.31 -8.455 -0.96
7 L 0.47 -0.293 1.411 -1.852 -7.591 1.065 0.408 -0.834 0.433 0.659 1.031 0.121 -0.672 -2.405 -0.468 -1.237 0.005 -8.96 -1.855 0.773
8 K 0.811 2.054 -0.766 -2.521 -7.705 0.356 0.106 -1.559 -0.542 -0.037 0.537 2.074 -1.331 -2.13 0.333 -0.914 -0.29 -8.897 -0.797 -0.386
9 R -0.456 5.617 -3.749 -4.233 -7.921 -2.32 -3.212 -2.034 -3.171 -0.043 -0.691 0.679 -0.176 -2.379 -9.46 -0.382 -2.742 -8.492 1.619 0.553