#Seq2Logo.py -Z on -y 0.25:2.0 -H ends -f 38081.peps -o QEFFIASGAAVDAIMELSFDYFDFDRATYHVGFT_el -I 2 --format PNG -b 50 -C 0 -l 1
Last position-specific scoring matrix computed, values are in halfbits
A R N D C Q E G H I L K M F P S T W Y V
1 Y -8.889 -9.186 -9.419 -10.075 -8.342 -9.501 -9.779 -9.823 -6.024 0.161 -3.99 -9.366 -6.991 6.498 -10.706 -9.639 -9.021 2.91 7.652 -5.172
2 V 0.148 2.479 -1.11 -2.802 -7.591 -0.304 0.408 -7.377 0.214 1.563 -0.378 1.843 -2.62 -1.167 -9.386 -2.03 0.005 -1.214 -1.005 2.446
3 A 2.057 0.982 -1.716 -4.246 -3.446 -1.639 -2.586 -1.848 -1.218 1.868 -0.001 0.11 0.847 -2.048 0.227 -0.455 -1.396 -4.597 1.423 1.51
4 L 1.76 -3.619 -0.122 -7.071 -7.163 -0.347 -2.596 -8.591 -2.126 2.391 2.29 1.665 1.982 -2.653 -9.456 -2.9 -0.183 -8.973 -8.122 1.983
5 K 0.16 1.38 0.956 -1.47 -7.815 0.482 -0.831 -1.156 0.443 -0.827 -2.387 3.337 -4.266 -4.17 0.71 -0.107 0.672 -9.239 -3.594 0.254
6 A 2.17 0.877 2.248 -4.457 -7.449 -0.946 -3.704 -2.257 1.478 -3.531 -8.446 2.704 -5.584 -8.817 -1.18 1.337 2.784 -9.353 -8.451 -0.065
7 A 2.192 1.207 0.663 -3.723 -7.527 -0.175 -0.077 -0.421 1.32 0.407 0.442 0.041 -2.153 -2.752 0.616 -1.011 -2.082 -1.996 -2.192 0.213
8 R 0.53 2.297 -0.931 -5.153 -4.958 0.231 -0.248 -0.085 1.47 -0.56 0.28 1.749 -1.731 -3.159 2.228 -1.606 -2.098 -4.725 -3.035 0.191
9 A 3.74 -7.981 -0.174 -1.477 -2.52 2.746 -2.708 3.541 -2.599 -3.029 -5.499 -7.511 -8.0 -8.927 -6.054 2.175 -2.223 -9.352 -8.835 -1.58