#Seq2Logo.py -Z on -y 0.25:2.0 -H ends -f 38081.peps -o QEFFIASGAAVDAIMWLFLECYDLQRETYHVGFT_el -I 2 --format PNG -b 50 -C 0 -l 1
Last position-specific scoring matrix computed, values are in halfbits
A R N D C Q E G H I L K M F P S T W Y V
1 F -8.789 -9.254 -9.52 -10.106 -8.132 -9.599 -9.864 -9.848 -6.401 1.023 -1.215 -9.428 -3.966 6.464 -10.718 -9.675 -8.894 3.199 6.986 -1.21
2 V 0.588 2.1 -0.768 -2.517 -7.622 0.79 0.889 -3.727 1.473 1.011 -0.201 1.267 -0.976 -1.178 -9.323 -0.92 -0.391 -4.656 -1.527 1.68
3 A 2.326 -0.077 -1.109 -3.103 -2.544 -0.484 -1.828 -2.143 1.164 1.309 0.199 0.282 0.069 -1.815 0.019 1.011 -1.703 -4.618 0.86 -0.259
4 L 2.052 -8.433 -8.808 -5.358 -4.659 0.308 0.916 -5.302 -8.323 1.562 3.784 -8.173 2.322 -5.0 -9.561 -1.91 -0.985 -8.898 -8.206 1.078
5 K -0.121 1.234 -0.178 -0.128 -7.855 0.246 0.431 -0.424 0.642 -1.389 -2.142 2.485 -1.051 -4.161 1.666 0.04 0.813 -9.213 -2.614 -0.623
6 A 5.034 -8.484 -2.981 -4.63 -6.935 -8.335 -8.359 3.616 -8.064 -8.336 -8.865 -7.863 -8.287 -9.049 1.913 1.695 -1.676 -9.511 -9.029 -4.12
7 E 1.258 -0.396 1.561 -1.997 -4.932 1.942 2.142 -2.325 0.841 0.547 -0.939 -0.129 -5.354 -3.537 -1.037 -0.612 -0.496 -1.981 0.145 0.124
8 K 0.153 1.84 -1.264 -1.491 -7.855 -0.449 0.343 0.444 0.218 -1.082 0.321 2.244 -1.363 -4.72 2.23 -1.35 -0.51 -9.16 -2.227 -1.421
9 V 2.656 -9.011 -7.172 -9.378 -1.216 -9.045 -5.948 -1.076 -8.937 2.977 2.253 -8.742 -0.299 -5.942 -9.622 -2.058 -1.704 -9.068 -8.3 4.074