#Seq2Logo.py -Z on -y 0.25:2.0 -H ends -f 38081.peps -o QEFFIASGAAVDAIMESSFDYFDFDRATYHVVFT_el -I 2 --format PNG -b 50 -C 0 -l 1
Last position-specific scoring matrix computed, values are in halfbits
A R N D C Q E G H I L K M F P S T W Y V
1 I -8.028 -9.529 -10.073 -10.176 -6.951 -9.721 -10.244 -10.198 -9.389 5.962 2.988 -9.416 0.629 -4.11 -10.351 -9.769 -7.96 -8.852 -4.155 3.374
2 V 1.018 1.228 -1.278 -1.32 -7.618 0.693 1.508 -4.761 -0.853 0.879 -0.529 2.242 -1.317 -1.615 -9.256 -1.731 -0.852 -3.023 -1.269 1.983
3 A 1.647 0.128 0.26 -1.335 -7.493 0.45 0.01 -0.246 -1.199 1.132 -0.533 -0.35 0.061 -2.703 -0.465 -0.446 -1.109 -4.637 0.722 1.183
4 L 1.682 -8.711 -5.176 -9.117 -4.611 -2.527 -1.198 -6.615 -8.602 2.691 3.175 -5.561 3.188 -0.896 -9.714 -2.077 -1.253 -8.799 -7.949 2.756
5 K 1.121 0.463 1.123 -0.231 -7.849 0.249 0.434 -0.148 1.015 -2.276 -2.147 2.875 0.019 -4.73 0.134 -0.263 -0.85 -9.006 -0.393 -1.068
6 K -8.038 6.121 -7.24 -7.976 -9.006 -6.233 -6.962 -8.576 -0.793 -9.241 -9.047 6.158 -8.124 -9.507 -9.019 -8.017 -8.159 -9.281 -8.576 -8.985
7 A 1.913 0.685 -0.629 -4.132 -7.523 0.569 0.478 -0.428 -0.02 1.062 0.865 0.882 -0.675 -1.85 -0.598 -1.123 -1.406 -4.672 -1.547 -0.358
8 L 0.346 0.856 -1.101 -2.293 -7.716 0.883 0.336 0.638 0.433 0.071 1.258 1.837 -0.157 -4.585 -0.098 -2.026 -1.74 -8.912 -0.802 0.053
9 G 2.673 -7.815 -2.567 -1.145 -7.465 3.625 -1.61 3.973 -0.266 -5.483 -8.97 -6.394 -5.729 -9.059 -3.33 2.373 -0.704 -9.311 -6.476 -2.444