#Seq2Logo.py -Z on -y 0.25:2.0 -H ends -f 38081.peps -o QEFFIASGAAVDAIMWLFLECYDLQRATYHVGFT_el -I 2 --format PNG -b 50 -C 0 -l 1
Last position-specific scoring matrix computed, values are in halfbits
A R N D C Q E G H I L K M F P S T W Y V
1 F -8.662 -9.298 -9.591 -10.115 -7.931 -9.621 -9.916 -9.899 -6.665 2.571 -0.234 -9.427 -4.914 6.001 -10.658 -9.688 -8.735 2.713 6.598 0.192
2 E 0.756 1.889 -1.277 -2.502 -7.64 0.69 1.7 -4.379 1.003 0.872 -0.204 0.961 -1.694 -0.036 -9.307 -0.918 -0.187 -3.008 -1.516 1.39
3 A 1.954 0.029 -0.778 -3.413 -4.799 0.21 -1.522 -2.326 0.998 1.753 -0.738 0.201 0.068 -1.577 -0.738 0.795 -0.6 -2.993 0.861 0.787
4 L -0.31 -8.424 -9.104 -5.391 -4.734 0.85 1.573 -7.81 -8.328 0.983 4.821 -8.262 3.276 -4.834 -9.87 -5.514 -4.81 -8.758 -8.099 -0.252
5 K -0.276 1.555 -0.44 0.176 -7.882 0.366 0.505 -0.617 1.62 -1.709 -2.022 2.206 -0.211 -4.764 1.403 0.039 0.741 -9.146 -1.874 -0.729
6 A 4.908 -8.55 -3.328 -5.198 -6.997 -8.399 -8.463 4.394 -8.095 -8.444 -8.952 -7.926 -8.364 -9.073 0.888 1.251 -1.863 -9.459 -9.1 -4.515
7 A 1.761 -0.281 1.487 -2.459 -4.905 2.071 1.751 -2.707 0.452 0.847 -0.772 -0.132 -3.333 -2.413 -1.377 -1.334 -0.728 -1.977 0.149 0.211
8 K 0.533 1.606 -1.09 -2.278 -4.952 -0.783 0.413 0.304 0.433 -0.936 0.273 1.889 -2.714 -3.15 1.96 -1.122 -0.193 -9.047 -1.29 -0.601
9 V 2.685 -8.953 -5.975 -9.301 -1.76 -4.917 -6.676 -0.265 -8.873 2.73 2.377 -8.68 -1.174 -7.282 -9.591 -1.765 -1.387 -9.08 -8.346 3.885