#Seq2Logo.py -Z on -y 0.25:2.0 -H ends -f 38081.peps -o QEFFIASGAAVDAIMESSFDYYSIDRATYHAVFT_el -I 2 --format PNG -b 50 -C 0 -l 1
Last position-specific scoring matrix computed, values are in halfbits
A R N D C Q E G H I L K M F P S T W Y V
1 I -8.044 -9.55 -10.073 -10.166 -6.959 -9.732 -10.259 -10.204 -9.386 6.155 2.756 -9.42 0.969 -4.112 -10.353 -9.776 -7.961 -8.857 -4.156 3.167
2 E 0.148 1.951 -1.096 -2.04 -7.747 0.483 2.057 -4.052 0.442 1.008 -0.674 2.076 -1.322 -1.613 -9.3 -2.023 -1.26 -4.653 -0.784 1.854
3 A 1.261 -0.312 -0.097 -2.31 -7.432 -0.488 -0.176 -1.561 -1.598 1.446 -0.187 -0.575 0.669 -0.439 -0.218 -0.053 -0.846 -4.591 1.214 1.644
4 L 0.699 -8.579 -1.992 -2.159 -3.375 -1.688 -0.602 -6.621 -5.721 3.028 2.553 -4.097 2.602 -0.912 -9.68 -1.922 0.008 -8.852 -6.094 2.783
5 K 0.156 0.631 1.04 -0.342 -7.858 0.125 1.025 -1.159 1.177 -0.168 -2.376 2.595 -0.736 -4.118 0.435 -0.189 0.009 -9.082 -1.289 -0.321
6 K -5.263 5.844 -4.577 -7.932 -8.899 -4.564 -6.146 -8.514 -1.134 -7.475 -9.0 6.177 -8.097 -9.475 -7.183 -5.194 -6.865 -9.297 -8.586 -5.863
7 L 1.114 -1.592 1.018 -1.483 -7.607 -0.471 1.287 -0.625 -0.017 0.797 1.226 0.517 -0.402 -0.974 -0.339 -1.131 -1.904 -1.981 -1.264 -0.098
8 L 0.343 0.432 -0.487 -3.076 -7.646 1.157 0.257 -1.717 -0.017 1.545 0.872 1.478 -0.666 -1.368 0.328 -1.885 -0.861 -4.648 -0.373 0.38
9 D -1.571 -7.76 -3.839 5.609 -8.651 -0.098 4.896 -2.159 -3.134 -2.608 -7.236 -7.077 -5.877 -4.269 -6.101 -2.14 -5.984 -9.462 -2.675 -1.665