#Seq2Logo.py -Z on -y 0.25:2.0 -H ends -f 38081.peps -o QEFFIASGAAVDAIMESSFDYFDLDRATYHVGFT_el -I 2 --format PNG -b 50 -C 0 -l 1
Last position-specific scoring matrix computed, values are in halfbits
A R N D C Q E G H I L K M F P S T W Y V
1 F -8.795 -9.349 -9.603 -10.125 -8.037 -9.726 -9.967 -9.881 -6.703 2.6 -0.859 -9.504 -3.909 6.557 -10.755 -9.735 -8.849 3.331 6.37 -2.176
2 V 0.407 1.727 -0.622 -2.273 -7.651 0.585 1.403 -6.449 -0.263 1.498 -0.391 2.028 -5.176 -2.103 -9.314 -1.483 -0.853 -1.975 -0.187 2.028
3 A 1.953 0.013 -1.123 -2.107 -4.782 -0.194 -0.778 -0.829 -2.607 0.961 -0.376 -1.185 1.447 -1.141 -0.339 -0.366 -1.106 -8.614 1.097 2.032
4 L 1.301 -6.998 -2.806 -1.948 -4.663 -0.222 -0.492 -8.854 -5.694 2.716 2.528 -5.472 3.18 -1.306 -9.634 -2.38 -0.184 -8.856 -6.107 2.653
5 K 0.766 -0.03 1.574 0.71 -7.727 -0.146 0.207 -1.665 0.647 -0.589 -2.652 2.519 -0.46 -3.194 -1.367 0.863 0.448 -9.149 -2.603 -0.142
6 K -7.012 5.704 -4.568 -7.906 -8.907 -4.555 -6.937 -8.5 -1.958 -9.167 -9.041 6.322 -8.114 -9.513 -7.165 -5.179 -3.608 -9.307 -8.615 -8.911
7 A 1.724 0.596 0.754 -3.715 -7.533 1.065 0.331 -0.825 -0.553 0.499 0.452 -0.051 0.068 -0.994 0.33 -0.914 -2.08 -1.992 -3.009 0.707
8 L 0.758 0.779 -0.774 -2.303 -7.672 0.78 -0.864 0.154 0.43 -0.022 1.219 2.152 -0.979 -4.015 0.789 -1.029 -3.261 -8.986 -1.285 0.208
9 G 2.46 -2.401 -2.313 -0.719 -4.893 3.811 0.049 3.074 -0.833 -2.344 -4.014 -1.562 -4.36 -8.599 -3.005 1.324 -1.541 -4.704 -0.825 -3.046