#Seq2Logo.py -Z on -y 0.25:2.0 -H ends -f 38081.peps -o QEFFIASGAAVDAIMESSFDYYSLDKATYHVGFT_el -I 2 --format PNG -b 50 -C 0 -l 1
Last position-specific scoring matrix computed, values are in halfbits
A R N D C Q E G H I L K M F P S T W Y V
1 F -8.572 -9.329 -9.701 -10.145 -7.729 -9.647 -9.988 -9.934 -7.135 3.26 1.224 -9.441 -0.077 5.565 -10.645 -9.725 -8.609 3.449 5.649 0.647
2 V 0.469 1.946 0.039 -1.651 -7.678 0.119 1.883 -2.548 -1.578 0.807 -1.421 1.545 -2.155 -2.12 -9.292 -2.493 -0.089 -4.653 -0.195 2.255
3 A 1.878 0.216 -2.171 -1.368 -7.384 -1.638 -0.894 -1.173 -3.277 1.556 -0.067 -0.265 0.075 -0.436 0.228 -0.454 -0.978 -8.526 1.527 1.455
4 D 0.808 -6.774 0.593 3.71 -4.865 0.45 1.466 -5.699 -7.741 1.608 0.15 -5.248 0.663 -3.13 -9.305 -1.013 0.191 -9.282 -8.517 1.595
5 K -0.352 0.448 0.392 -0.018 -7.853 0.795 0.963 0.381 -1.582 -0.596 -2.522 2.159 -1.784 -2.5 1.333 -0.188 0.669 -3.067 -3.599 -0.149
6 K -5.263 5.773 -4.578 -6.67 -8.848 -3.999 -6.989 -8.523 -0.496 -7.427 -7.891 6.102 -5.689 -9.426 -6.081 -6.97 -2.771 -9.288 -8.557 -5.837
7 A 1.523 -0.946 0.934 -3.338 -7.507 0.22 1.12 -1.549 0.213 1.128 0.865 -0.153 -0.676 -1.858 0.43 -0.277 -0.608 -4.7 -3.021 -0.091
8 L 1.019 1.287 -0.623 -2.782 -7.631 1.071 0.183 -0.942 -1.595 -0.021 0.681 1.486 -1.322 -2.744 0.79 -1.237 -0.733 -4.684 -1.033 0.568
9 D -1.017 -6.51 -2.701 5.861 -8.681 0.037 4.755 -2.146 -3.955 -4.144 -6.711 -7.043 -5.938 -9.282 -9.003 -1.976 -3.599 -9.626 -4.403 -4.043