#Seq2Logo.py -Z on -y 0.25:2.0 -H ends -f 38081.peps -o QEFFIASGAAVDAIMESSFDYYALRRETYHVVFT_el -I 2 --format PNG -b 50 -C 0 -l 1
Last position-specific scoring matrix computed, values are in halfbits
A R N D C Q E G H I L K M F P S T W Y V
1 I -8.046 -9.533 -10.091 -10.186 -6.949 -9.734 -10.261 -10.21 -9.459 5.998 3.167 -9.424 0.446 -4.731 -10.358 -9.789 -7.971 -8.912 -8.068 3.192
2 V 1.117 1.294 0.379 -0.355 -7.645 -0.012 1.356 -3.998 0.827 1.067 -1.629 2.028 -4.145 -3.136 -9.216 -0.811 -1.107 -3.041 -1.855 1.937
3 A 1.727 -0.09 -0.491 -2.81 -7.425 -0.49 -0.461 -1.168 -0.276 0.878 -0.668 -1.049 0.064 -0.454 1.184 -0.202 -0.725 -2.996 0.734 1.636
4 V 2.58 -8.409 -0.218 -3.102 -6.857 -3.182 -1.863 -5.069 -4.29 2.037 -0.489 -8.042 -1.653 -4.578 -9.146 2.298 1.833 -9.192 -8.367 3.146
5 E 0.923 0.251 0.694 1.226 -7.786 -0.6 1.615 -0.607 0.446 -0.492 -3.328 1.206 -3.453 -4.753 0.531 0.188 0.745 -4.723 -1.046 -0.419
6 R -5.769 6.324 -5.223 -7.99 -8.938 -3.99 -6.188 -8.578 -0.217 -9.218 -9.021 5.734 -8.112 -9.458 -7.221 -6.272 -3.966 -9.262 -8.548 -8.931
7 A 1.307 -3.609 2.007 -1.446 -7.662 1.161 1.747 -0.238 -2.01 -0.348 -0.3 -0.668 -2.189 -0.989 0.526 0.179 -1.549 -8.788 0.448 -0.129
8 L 0.155 0.148 -0.467 -0.483 -7.726 0.882 0.826 0.578 -1.205 0.317 0.538 1.257 0.27 -3.554 0.524 -0.817 -0.618 -1.999 -2.216 -0.386
9 V -1.443 -9.251 -9.732 -7.78 -6.957 -3.347 -7.985 -6.17 -8.947 4.424 2.952 -9.157 0.416 0.541 -10.168 -6.918 -4.298 -8.533 -0.979 4.108