#Seq2Logo.py -Z on -y 0.25:2.0 -H ends -f 38081.peps -o QEFFIASGAAVDAIMESSFDYFSFDRATYHVGFT_el -I 2 --format PNG -b 50 -C 0 -l 1
Last position-specific scoring matrix computed, values are in halfbits
A R N D C Q E G H I L K M F P S T W Y V
1 F -8.625 -9.312 -9.671 -10.14 -7.808 -9.629 -9.965 -9.922 -6.974 3.132 0.983 -9.432 -0.593 5.625 -10.66 -9.725 -8.668 3.826 5.987 -0.022
2 E 0.7 1.898 -0.333 -1.832 -7.747 0.25 2.016 -3.442 -0.836 0.72 -1.249 2.163 -2.684 -1.183 -9.247 -1.865 -0.733 -4.638 -0.014 1.531
3 A 1.839 0.409 -1.698 -1.36 -3.47 -0.818 -0.459 -1.295 -1.204 1.264 0.318 -0.258 1.449 -0.592 -1.211 -0.286 -1.401 -8.483 1.528 0.724
4 L 1.208 -5.969 -3.985 -6.212 -4.66 0.299 -0.817 -8.96 -4.347 2.723 2.694 -2.647 2.95 -0.409 -9.697 -3.167 -1.256 -8.802 -7.891 2.964
5 K 0.155 0.629 0.286 0.274 -7.858 0.799 1.026 -0.824 1.008 -0.585 -1.574 2.483 -1.034 -1.907 -0.208 -0.614 0.097 -9.057 -2.2 -0.143
6 K -7.052 6.018 -6.062 -7.949 -8.958 -3.974 -5.505 -8.561 -1.131 -9.161 -9.022 6.114 -8.107 -9.494 -7.194 -7.008 -6.02 -9.287 -8.586 -6.591
7 A 1.8 -0.066 0.03 -3.372 -7.55 0.456 0.618 -0.078 0.632 0.862 0.991 0.877 0.074 -0.98 -1.982 -1.126 -2.089 -0.616 -2.17 -0.456
8 L 1.209 0.93 -1.293 -3.091 -7.602 1.158 -0.16 -0.347 0.429 1.136 0.869 1.688 -0.668 -2.718 -0.89 -2.692 -1.911 -3.023 -1.022 0.777
9 D -0.633 -6.451 -2.724 5.443 -8.627 1.686 4.688 -0.419 -2.492 -4.158 -5.72 -6.985 -5.907 -9.379 -6.084 -1.974 -3.942 -9.637 -9.075 -5.817