#Seq2Logo.py -Z on -y 0.25:2.0 -H ends -f 38081.peps -o QEFFIASGAAVDAIMQDYFHGYDIQAATYHAVFT_el -I 2 --format PNG -b 50 -C 0 -l 1
Last position-specific scoring matrix computed, values are in halfbits
A R N D C Q E G H I L K M F P S T W Y V
1 I -7.96 -9.548 -10.059 -10.162 -6.925 -9.732 -10.227 -10.176 -9.456 5.905 2.548 -9.422 0.234 -2.821 -10.336 -9.73 -7.909 -8.897 -6.098 3.968
2 R 0.584 3.082 -0.617 -2.515 -7.722 0.59 0.954 -5.771 -0.004 0.175 -0.99 1.901 -4.115 -1.182 -9.311 -2.498 -0.29 -1.973 -0.369 2.097
3 I 0.758 0.214 -1.307 -1.718 -7.477 -0.5 -1.139 -1.573 -3.27 2.439 -0.242 -0.473 -2.108 0.809 -0.345 0.155 -1.4 0.327 1.538 1.361
4 F -0.416 -6.092 -9.058 -9.463 -7.895 -1.723 -2.909 -6.771 0.286 0.104 -0.404 -3.82 -0.382 5.525 -10.245 -5.554 -4.47 3.708 6.111 -0.361
5 K 0.763 0.939 0.181 0.368 -7.869 0.694 0.965 0.012 1.177 -1.565 -2.688 1.7 -2.252 -2.483 1.115 -0.031 0.187 -3.045 -1.033 -1.316
6 A 3.662 -8.141 2.793 -1.443 -7.179 -4.039 -2.535 2.51 -5.369 -6.974 -8.887 -7.639 -5.766 -8.988 0.54 2.717 0.91 -9.51 -8.93 -2.405
7 L 0.808 0.69 0.369 -5.152 -7.702 1.245 -0.442 -1.298 2.458 0.403 0.395 0.882 -1.704 -0.937 -1.573 -0.92 -0.399 -0.091 2.078 -0.474
8 K 0.814 1.836 -1.463 -2.069 -4.957 0.576 0.021 0.708 -0.266 -0.357 0.057 1.697 -2.715 -3.563 1.785 -1.126 -1.91 -8.974 -0.394 -0.6
9 R -0.824 6.677 -5.344 -6.86 -8.461 -2.83 -4.328 -3.465 -3.952 -3.068 -3.015 3.52 -5.553 -5.668 -9.28 -2.512 -5.328 -9.006 -1.889 -2.104