#Seq2Logo.py -Z on -y 0.25:2.0 -H ends -f 38081.peps -o QEFFIASGAAVDAIMWPRFDYFDIQAANYHVVFT_el -I 2 --format PNG -b 50 -C 0 -l 1
Last position-specific scoring matrix computed, values are in halfbits
A R N D C Q E G H I L K M F P S T W Y V
1 I -8.011 -9.547 -10.062 -10.169 -6.956 -9.747 -10.241 -10.181 -9.386 5.903 2.709 -9.433 0.235 -1.028 -10.358 -9.754 -7.952 -8.795 -4.914 3.639
2 R 0.215 2.817 -2.386 -0.886 -4.924 0.117 0.699 -5.786 0.222 1.008 -1.144 1.989 -0.988 -0.807 -9.319 -1.361 -0.188 -1.976 -1.007 1.855
3 I 0.349 0.498 -1.295 -2.808 -7.588 0.082 0.001 -1.861 -0.268 1.9 -0.663 -0.567 -1.319 0.995 0.611 0.549 -1.113 1.019 1.116 0.719
4 Y -5.09 -8.871 -9.16 -9.852 -8.377 -3.747 -6.726 -9.685 -0.613 -1.177 -4.914 -6.464 -3.312 5.18 -10.472 -7.94 -8.922 3.621 8.208 -2.736
5 K 0.355 1.296 0.788 0.784 -7.903 -0.15 -0.131 0.78 1.479 -1.574 -2.701 2.118 -2.803 -3.658 1.038 0.114 0.187 -3.065 -2.608 -1.457
6 G 1.86 -8.111 4.23 1.785 -7.565 -5.372 -3.746 3.218 -7.369 -6.25 -9.248 -7.645 -8.519 -9.114 -1.025 2.741 0.04 -9.592 -9.098 -2.886
7 K -0.217 0.934 1.823 -2.496 -7.868 1.334 -0.15 -2.006 2.014 -0.143 0.012 1.318 -2.165 0.689 -0.892 -0.921 -0.99 -0.098 1.117 -0.594
8 K -0.055 1.083 -0.327 -2.278 -7.822 -0.162 -0.337 -0.252 2.235 -0.58 -0.24 1.979 -1.022 -1.638 2.124 -0.448 -0.292 -3.037 -1.265 -0.925
9 L 2.059 -1.876 -4.454 -7.314 -3.345 -1.258 -4.758 -0.849 -3.438 2.747 2.421 -5.466 -0.073 -3.847 -5.428 -0.938 0.104 -8.972 -5.036 2.778