#Seq2Logo.py -Z on -y 0.25:2.0 -H ends -f 38081.peps -o QEFFIASGAAVDAIMKDFYHGYSFRRETVHVGFT_el -I 2 --format PNG -b 50 -C 0 -l 1
Last position-specific scoring matrix computed, values are in halfbits
A R N D C Q E G H I L K M F P S T W Y V
1 F -8.866 -9.286 -9.503 -10.099 -8.225 -9.654 -9.88 -9.836 -6.343 1.201 -3.319 -9.467 -6.849 6.785 -10.763 -9.687 -8.965 3.055 7.033 -2.854
2 R 0.807 2.733 -1.281 -3.076 -7.674 0.581 0.412 -4.384 1.175 1.254 -0.896 1.212 -0.412 -0.96 -9.356 -1.36 -0.395 -0.597 0.99 1.182
3 A 2.51 0.017 -3.027 -3.123 -7.396 -0.494 -2.179 -0.924 -0.257 0.636 -0.992 -0.801 -1.341 0.494 0.705 0.683 -0.385 -4.492 2.862 -0.274
4 A 5.098 -8.248 -7.76 -8.187 -6.586 -6.481 -5.533 -1.997 -2.663 -1.981 -7.156 -6.674 -3.399 -1.669 -8.653 3.497 0.994 -9.182 -8.325 0.901
5 K -0.196 0.707 -1.24 -0.134 -7.745 1.582 0.432 -1.289 0.441 0.038 -1.283 2.073 -2.724 -3.168 0.236 0.249 1.328 -9.049 -1.563 -0.046
6 A 3.227 -7.879 -1.074 -5.598 -7.267 1.495 1.702 0.117 0.631 -1.867 -6.782 -5.105 -7.796 -8.78 1.853 1.514 1.566 -9.416 -8.556 0.411
7 A 1.799 0.247 1.029 -2.463 -7.739 1.169 1.703 -1.155 2.558 -0.471 -0.239 0.223 -1.742 -0.812 -0.736 -0.616 -2.498 -1.973 -0.36 -1.275
8 P 0.469 1.891 -2.129 -1.666 -7.783 -0.775 1.186 -2.743 0.823 0.392 -0.052 1.748 -4.171 -4.67 2.429 -1.354 -0.398 -9.083 -1.037 -0.039
9 D 0.273 -4.572 -1.603 4.348 -7.865 -1.149 3.274 -2.739 -2.591 1.187 -0.771 -5.181 -2.19 -1.421 -7.34 -2.018 -3.266 -9.227 -4.257 1.529