#Seq2Logo.py -Z on -y 0.25:2.0 -H ends -f 38081.peps -o QEFFIASGAAVDAIMWPRFDYFDIDEATYHVVFT_el -I 2 --format PNG -b 50 -C 0 -l 1
Last position-specific scoring matrix computed, values are in halfbits
A R N D C Q E G H I L K M F P S T W Y V
1 I -8.007 -9.551 -10.067 -10.172 -6.951 -9.753 -10.244 -10.186 -9.404 5.915 2.754 -9.436 -0.212 -1.435 -10.356 -9.757 -7.948 -8.817 -4.927 3.662
2 R -0.062 2.973 -0.924 -2.279 -4.942 0.481 0.894 -6.452 -0.007 1.068 -0.827 2.252 -2.661 -1.188 -9.303 -1.479 -0.09 -3.019 -1.262 1.583
3 I 0.349 0.989 -1.489 -4.177 -7.602 -0.812 -0.266 -1.862 0.221 1.851 -0.969 0.521 -0.414 0.368 0.786 0.294 -1.114 0.325 1.538 0.842
4 Y -5.073 -1.32 -8.922 -9.675 -8.356 -5.678 -9.175 -9.56 2.19 -1.176 -2.37 -1.416 -2.666 4.912 -10.376 -7.874 -7.333 4.561 7.575 -2.346
5 K -0.356 2.311 0.189 -0.125 -8.047 0.704 -0.122 0.313 2.456 -2.125 -3.565 2.815 -2.812 -3.679 1.039 0.039 -0.289 -4.739 -3.041 -1.761
6 S 2.043 -7.992 4.202 0.818 -7.524 -4.569 -0.74 2.795 -7.302 -8.669 -9.244 -6.509 -8.478 -9.109 -1.185 3.04 0.136 -9.559 -9.031 -3.365
7 K -1.221 2.663 0.947 -5.803 -8.07 1.427 -1.479 -1.861 3.633 -0.946 -0.113 2.6 -2.173 0.58 -2.219 -1.748 -2.112 -1.935 1.343 -1.052
8 K 0.222 1.356 -0.759 -2.521 -7.801 -1.159 -0.539 0.156 2.12 -0.361 -0.305 2.068 -1.752 -2.774 2.28 -0.449 -0.619 -3.042 -1.024 -0.706
9 L 1.687 -0.121 -5.076 -7.343 -3.368 -1.055 -5.23 -0.271 -4.348 2.404 2.612 -3.694 0.357 -3.83 -6.293 -1.054 -1.553 -8.896 -3.03 2.836