#Seq2Logo.py -Z on -y 0.25:2.0 -H ends -f 38081.peps -o QEFFIASGAAVDAIMQDYFHGYDFQAATYHAVFT_el -I 2 --format PNG -b 50 -C 0 -l 1
Last position-specific scoring matrix computed, values are in halfbits
A R N D C Q E G H I L K M F P S T W Y V
1 I -7.959 -9.573 -10.069 -10.161 -6.92 -9.758 -10.245 -10.189 -9.492 6.045 2.451 -9.432 -0.747 -4.146 -10.333 -9.74 -7.901 -8.94 -6.129 3.949
2 R 0.913 3.153 -2.141 -2.532 -7.674 0.479 0.828 -6.448 -0.541 0.666 -1.232 2.125 -2.142 -1.613 -9.313 -2.88 -0.985 -1.976 -0.571 2.329
3 I 1.165 0.009 -1.508 -2.353 -7.442 -1.025 -2.39 -1.435 -2.606 2.055 -0.243 -0.479 -1.678 1.099 0.517 0.012 -1.721 0.698 1.823 1.555
4 F 0.835 -6.067 -7.104 -9.351 -7.725 -1.485 -2.675 -6.686 0.269 0.37 0.245 -3.483 -0.643 5.143 -10.093 -5.036 -4.032 3.445 5.598 0.08
5 K 0.706 1.432 -0.053 0.365 -7.906 0.367 0.647 -0.816 0.835 -1.414 -2.846 2.409 -4.328 -3.641 1.789 -0.265 0.098 -4.723 -1.041 -1.318
6 A 4.121 -8.174 2.699 -2.009 -7.128 -4.642 -2.542 2.643 -5.383 -7.002 -8.883 -7.66 -5.769 -8.994 0.35 2.286 0.696 -9.495 -8.934 -3.268
7 A 0.962 1.604 0.37 -5.171 -7.76 0.977 -1.106 -0.943 2.751 0.141 0.34 1.318 -2.152 -0.946 -1.212 -1.735 -0.867 -0.094 1.821 -0.79
8 K 0.758 1.897 -1.265 -2.28 -4.993 0.237 -0.059 0.771 1.327 -0.835 -0.583 2.327 -2.215 -4.698 2.125 -1.864 -1.916 -9.012 -0.392 -1.052
9 R 0.401 6.093 -4.13 -6.825 -5.121 -1.707 -4.349 -0.434 -3.998 -2.56 -3.015 3.563 -7.773 -5.699 -9.212 -1.598 -4.764 -9.117 -3.624 -1.77