#Seq2Logo.py -Z on -y 0.25:2.0 -H ends -f 38081.peps -o QEFFIASGAAVDAIMESSFEYYDIDRLTYHVGFT_el -I 2 --format PNG -b 50 -C 0 -l 1
Last position-specific scoring matrix computed, values are in halfbits
A R N D C Q E G H I L K M F P S T W Y V
1 F -8.812 -9.372 -9.588 -10.115 -8.064 -9.762 -9.977 -9.882 -6.663 2.673 -1.868 -9.526 -6.639 6.769 -10.761 -9.731 -8.866 2.153 6.427 -2.358
2 V 0.078 2.245 -2.175 -5.239 -7.531 -0.794 0.399 -7.46 0.424 2.532 -0.049 1.885 -3.973 -1.356 -9.459 -2.366 -1.118 -1.973 -0.774 2.692
3 A 2.386 -0.1 -0.972 -4.264 -7.23 -1.902 -2.822 -2.169 -1.216 2.023 0.232 -0.943 0.855 -1.302 -1.215 -0.546 -2.268 -8.39 2.151 2.126
4 K 1.76 -1.222 -0.37 -4.253 -7.287 -0.335 -3.847 -8.517 -0.895 1.988 1.297 2.612 1.605 -0.019 -9.406 -2.701 -1.252 -8.879 -6.042 2.208
5 K 0.091 0.882 1.499 -0.854 -7.784 -0.286 -0.615 -2.702 0.832 -0.359 -2.499 3.249 -0.731 -3.196 0.338 0.25 0.363 -9.179 -3.045 0.406
6 K -0.448 4.569 -0.295 -7.853 -8.232 -2.842 -5.679 -4.694 0.844 -2.579 -8.657 5.252 -5.631 -6.999 -1.741 -1.325 0.435 -9.309 -8.465 -2.455
7 A 2.123 0.509 1.097 -4.599 -7.477 0.969 -0.549 -2.153 1.469 0.505 0.689 -0.055 -1.69 -1.613 0.428 -1.592 -1.557 -1.992 -2.556 0.956
8 K 0.346 1.673 -0.931 -3.075 -7.761 0.578 -0.638 -0.837 0.434 0.321 0.679 2.593 -0.689 -3.123 1.258 -1.136 -2.506 -4.697 -1.557 -0.118
9 A 2.852 1.212 -1.072 -1.672 -7.449 2.853 -1.623 1.935 -1.58 -0.825 -2.962 -0.996 -3.411 -6.595 -4.682 0.866 -2.056 -9.003 -0.819 0.41