#Seq2Logo.py -Z on -y 0.25:2.0 -H ends -f 38081.peps -o QEFFIASGAAVDAIMEVHFDYYDIDEATYHVGFT_el -I 2 --format PNG -b 50 -C 0 -l 1
Last position-specific scoring matrix computed, values are in halfbits
A R N D C Q E G H I L K M F P S T W Y V
1 F -8.719 -9.331 -9.583 -10.107 -7.977 -9.675 -9.943 -9.901 -6.648 2.787 -1.013 -9.463 -3.899 6.374 -10.685 -9.699 -8.781 1.166 6.565 -0.803
2 V -0.058 2.148 -0.216 -3.762 -4.87 -0.463 -0.351 -4.799 0.823 1.34 -0.445 1.59 -1.3 -2.075 -9.403 -0.929 -0.086 -0.605 0.461 2.548
3 A 1.525 0.753 -0.093 -3.785 -7.478 -1.409 -3.016 -0.933 -0.267 1.796 -0.745 0.114 -0.169 -0.948 1.329 0.9 -2.067 -2.978 1.719 0.155
4 A 1.429 -2.177 -1.495 -4.705 -7.562 -0.051 -1.835 -5.755 3.177 1.857 -1.115 1.819 -0.4 2.395 -9.47 -1.615 -0.097 3.123 1.035 0.724
5 K -0.196 1.376 0.959 -0.855 -7.87 1.086 -0.827 -0.611 0.645 -1.103 -3.151 3.008 -2.779 -4.187 1.335 0.183 0.442 -9.269 -3.598 -0.072
6 T 0.057 -7.916 4.34 1.731 -7.263 -7.827 -6.672 -5.359 -7.395 -3.215 -8.527 -7.557 -7.929 -8.738 -4.121 3.099 4.6 -9.486 -8.786 -0.411
7 R 0.459 2.891 2.397 -3.025 -7.903 1.87 -1.344 -2.721 3.104 -0.942 -0.238 -0.015 -2.182 -0.486 0.013 -2.007 -1.125 -1.979 -1.237 -0.51
8 K 0.811 1.953 -0.331 -5.084 -7.854 0.796 0.347 -0.828 1.754 -1.521 -0.184 2.289 -1.365 -4.09 2.178 -1.123 -2.506 -9.04 -1.03 -0.614
9 A 3.894 -7.767 -2.057 -2.489 -4.729 3.807 -4.364 3.14 -2.039 -4.886 -8.839 -6.36 -8.034 -9.015 -3.686 2.961 -5.594 -9.326 -6.462 -2.604