#Seq2Logo.py -Z on -y 0.25:2.0 -H ends -f 38081.peps -o QEFFIASGAAVMAIMECRLDYFDFQRATYHVGFT_el -I 2 --format PNG -b 50 -C 0 -l 1
Last position-specific scoring matrix computed, values are in halfbits
A R N D C Q E G H I L K M F P S T W Y V
1 F -8.956 -9.307 -9.491 -10.104 -8.311 -9.733 -9.904 -9.815 -6.336 -0.634 -3.714 -9.529 -4.025 7.315 -10.83 -9.698 -9.068 1.478 6.916 -5.726
2 V 0.081 2.891 -1.285 -2.084 -7.6 -0.156 0.484 -8.658 0.433 1.28 -1.04 1.6 -0.673 -2.72 -9.371 -2.18 0.006 -3.02 -0.786 2.743
3 A 1.881 0.005 -1.507 -3.141 -7.259 -2.463 -2.03 -1.847 -2.078 2.24 -0.175 -1.34 -0.39 -1.123 -0.1 0.73 -1.384 -2.98 1.426 2.004
4 L 1.007 -8.597 -3.562 -3.535 -7.102 0.047 -0.037 -9.083 -8.417 3.093 3.432 -7.093 3.474 -0.55 -9.789 -4.981 -1.739 -8.75 -7.904 1.565
5 K -0.123 0.718 0.961 0.182 -7.898 0.591 0.129 -1.277 1.175 -1.396 -3.16 2.808 -3.451 -2.505 1.538 0.114 0.519 -9.2 -2.599 -0.339
6 T 1.928 -4.009 3.212 -0.697 -7.3 -0.472 -1.219 -1.925 -1.589 -1.499 -7.369 -1.302 -5.541 -8.677 0.139 1.646 3.153 -9.449 -8.645 1.161
7 A 1.836 -1.438 1.753 -0.366 -7.538 0.557 0.175 -1.042 -0.272 1.061 0.86 -1.618 -2.138 -1.85 1.032 -1.466 -1.404 -3.037 -1.277 -0.182
8 L 0.288 1.782 -1.887 -3.366 -7.764 1.076 0.343 -0.169 1.165 -0.919 0.527 1.699 -5.304 -4.082 1.844 -0.63 -1.261 -9.104 -2.209 0.339
9 A 3.581 -6.56 -0.879 -0.355 -2.522 3.041 -2.276 2.823 -3.253 -3.019 -5.122 -3.518 -7.929 -8.917 -5.252 2.563 -1.836 -9.364 -8.794 -1.439