#Seq2Logo.py -Z on -y 0.25:2.0 -H ends -f 38081.peps -o QEFFIASGAAVDAIMESSFDYFDIDRATYHVGFT_el -I 2 --format PNG -b 50 -C 0 -l 1
Last position-specific scoring matrix computed, values are in halfbits
A R N D C Q E G H I L K M F P S T W Y V
1 F -8.835 -9.349 -9.586 -10.125 -8.102 -9.746 -9.96 -9.86 -6.645 2.057 -1.375 -9.524 -4.991 6.782 -10.788 -9.733 -8.903 3.469 6.428 -2.391
2 V 0.468 1.726 -0.775 -2.06 -7.643 0.358 1.349 -5.782 -1.193 1.384 -0.2 1.982 -5.171 -1.165 -9.319 -1.482 -0.501 -1.969 -0.01 1.861
3 A 2.023 0.113 -1.129 -2.578 -4.773 -0.66 -1.269 -0.94 -2.065 1.158 -0.182 -1.33 1.163 -1.129 -0.34 -0.54 -1.108 -8.534 1.526 2.075
4 L 1.301 -6.969 -1.991 -2.626 -4.664 -0.222 -0.812 -8.837 -4.326 2.605 2.48 -4.072 3.325 -0.916 -9.638 -2.379 -0.285 -8.832 -6.081 2.684
5 K 0.292 0.271 1.773 0.71 -7.762 0.12 0.126 -1.818 0.232 -0.365 -2.506 2.481 -0.457 -3.19 -1.196 0.692 0.525 -4.728 -2.603 0.026
6 K -7.956 5.746 -4.041 -7.911 -8.89 -4.566 -6.959 -8.51 -1.517 -9.11 -9.02 6.229 -8.105 -9.489 -6.073 -4.768 -3.299 -9.305 -8.602 -6.57
7 A 1.761 1.137 1.097 -4.583 -7.543 0.672 0.092 -1.288 -0.017 0.499 0.644 -0.239 0.07 -0.804 0.228 -1.126 -2.281 -1.222 -2.174 0.509
8 L 0.588 0.782 -0.932 -2.297 -7.711 0.883 -0.338 -0.17 0.821 0.244 1.023 2.279 -0.982 -4.021 0.873 -1.248 -3.264 -8.989 -1.283 0.208
9 G 2.27 -1.236 -2.066 -0.238 -4.904 3.513 0.208 2.872 -1.172 -1.757 -3.372 -1.723 -3.47 -8.398 -3.011 1.128 -1.882 -4.68 0.124 -2.221