#Seq2Logo.py -Z on -y 0.25:2.0 -H ends -f 38081.peps -o QEFFIASGAAVDAIMWLFLECYDLQAATYHVGFT_el -I 2 --format PNG -b 50 -C 0 -l 1
Last position-specific scoring matrix computed, values are in halfbits
A R N D C Q E G H I L K M F P S T W Y V
1 F -8.722 -9.306 -9.598 -10.124 -7.98 -9.649 -9.93 -9.888 -6.678 2.45 -0.174 -9.451 -3.891 6.178 -10.702 -9.71 -8.79 3.465 6.512 -0.706
2 V 0.148 2.433 -1.279 -2.519 -7.663 0.112 1.183 -3.746 1.472 1.325 -0.665 1.326 -2.129 -0.176 -9.361 -1.61 -0.091 -4.648 -1.817 1.944
3 A 1.804 0.502 -1.485 -3.436 -3.471 -0.487 -2.175 -1.69 1.167 1.313 -0.259 0.026 1.001 -0.939 -0.215 0.79 -1.392 -1.189 1.725 0.307
4 L 1.007 -8.226 -5.885 -5.298 -4.753 1.918 1.726 -4.489 -3.358 1.388 3.769 -5.362 2.87 -1.743 -9.677 -4.571 -4.324 -4.638 -4.954 0.833
5 K -0.525 2.116 -0.176 0.078 -8.004 0.597 0.211 -1.046 0.834 -2.502 -2.549 2.914 -1.061 -4.82 2.18 -0.706 0.27 -9.258 -2.617 -0.852
6 A 4.984 -8.494 -1.453 -4.615 -6.976 -8.346 -8.392 4.081 -8.027 -8.459 -8.947 -7.881 -8.348 -9.068 0.97 1.482 -2.037 -9.473 -9.068 -5.417
7 A 1.062 1.553 1.192 -2.727 -4.986 2.076 1.022 -3.416 2.461 0.298 -1.022 1.496 -4.186 -2.116 -1.205 -2.002 -1.567 -1.965 0.864 -0.307
8 K -0.131 2.397 -1.259 -1.854 -7.933 -0.945 0.346 0.077 0.827 -1.232 -0.129 2.635 -4.23 -3.171 2.071 -1.351 -0.624 -9.067 -1.29 -1.176
9 V 2.952 -7.238 -5.153 -9.262 -0.762 -5.746 -6.663 -0.349 -8.836 2.726 1.998 -8.64 -0.314 -6.009 -9.55 -1.896 -1.385 -9.088 -8.343 3.863