#Seq2Logo.py -Z on -y 0.25:2.0 -H ends -f 38081.peps -o QEFFIASGAAVDAIMESSFEYYALQRATYHVGFT_el -I 2 --format PNG -b 50 -C 0 -l 1
Last position-specific scoring matrix computed, values are in halfbits
A R N D C Q E G H I L K M F P S T W Y V
1 F -8.662 -9.503 -9.745 -10.132 -7.756 -9.874 -10.124 -9.974 -7.316 4.584 -0.585 -9.571 -3.053 6.231 -10.708 -9.794 -8.633 1.901 5.106 -1.16
2 V 0.404 2.385 -1.501 -4.176 -7.543 -0.167 0.749 -6.54 -0.025 2.644 -0.564 1.485 -5.074 -2.692 -9.45 -3.592 -1.119 -1.216 -0.57 2.755
3 I 1.763 -0.575 -3.103 -3.508 -7.235 -0.679 -3.321 -2.975 -2.097 3.37 -0.026 -0.829 0.51 -1.311 0.009 -0.742 -1.889 -4.591 1.322 2.103
4 D -1.217 -8.167 4.023 3.569 -7.65 -1.201 -0.733 -8.273 -2.045 1.867 0.309 -4.788 0.068 -4.035 -9.462 -0.721 -1.1 -9.366 -8.51 2.029
5 K -0.126 -0.03 1.84 1.362 -7.997 -0.934 1.148 -1.531 1.178 -1.923 -5.103 2.521 -2.286 -5.675 2.334 -0.029 0.01 -4.779 -3.078 -0.75
6 K 0.867 3.835 1.289 -5.652 -8.109 -1.953 -3.608 -1.96 0.66 -7.137 -7.815 4.989 -5.683 -7.009 -1.948 -0.419 -0.283 -9.32 -6.349 -2.675
7 N 1.518 -3.615 2.999 -1.291 -7.618 1.327 0.557 -1.978 1.329 1.36 0.075 -0.792 -2.158 -2.426 0.523 -1.224 -1.552 -4.706 -1.853 -0.102
8 K 0.15 1.551 -1.101 -3.372 -7.832 0.234 0.185 -0.347 -0.548 -0.347 0.33 2.442 -2.177 -3.145 2.614 -2.332 -1.129 -9.056 -1.039 -0.309
9 V 0.213 -4.713 -6.848 0.737 -7.289 -0.523 0.304 -2.415 -4.216 3.271 0.837 -6.149 -0.9 -0.88 -9.716 -2.768 -3.902 -4.528 2.308 3.515