#Seq2Logo.py -Z on -y 0.25:2.0 -H ends -f 38081.peps -o QEFFIASGAAVDAIMESGFDYFDFDRATYHVGFT_el -I 2 --format PNG -b 50 -C 0 -l 1
Last position-specific scoring matrix computed, values are in halfbits
A R N D C Q E G H I L K M F P S T W Y V
1 F -8.742 -9.337 -9.608 -10.124 -7.983 -9.701 -9.958 -9.885 -6.745 2.489 -0.492 -9.487 -2.532 6.445 -10.728 -9.719 -8.803 3.037 6.313 -0.922
2 K 1.114 1.728 -0.471 -1.319 -7.663 -0.292 1.352 -5.73 0.643 1.192 -0.609 2.072 -5.239 -1.843 -9.259 -1.237 -0.853 -1.971 0.154 1.389
3 A 1.916 0.123 -1.121 -3.427 -4.789 0.08 -0.667 -0.623 -1.603 0.82 -0.009 -0.462 1.448 -1.566 -1.045 -0.365 -0.846 -8.602 1.096 1.733
4 L 1.012 -7.049 -9.093 -5.516 -4.639 -0.381 -1.604 -9.093 -5.774 2.904 3.272 -4.115 3.474 -1.277 -9.773 -3.667 -0.735 -8.773 -6.069 2.596
5 K 1.076 0.463 1.126 0.083 -7.707 -0.142 0.044 -1.812 0.647 -1.526 -2.011 2.874 -0.734 -3.19 -1.747 0.695 0.677 -9.1 -2.212 -0.233
6 K -4.474 5.522 -3.597 -7.885 -8.778 -2.737 -5.514 -5.741 -1.138 -9.002 -8.984 6.133 -8.082 -9.449 -7.166 -4.39 -2.114 -9.3 -8.587 -5.274
7 A 1.762 1.829 -0.345 -3.747 -7.575 0.676 -0.348 -0.523 0.431 0.413 0.297 0.753 -0.687 -1.186 -0.338 -1.126 -2.087 -0.619 -2.176 0.571
8 L 0.589 1.222 -1.473 -2.088 -7.694 0.781 -0.752 0.226 0.819 0.412 1.105 2.022 -0.679 -4.019 0.703 -1.249 -2.74 -8.995 -1.56 0.054
9 G 2.64 -4.997 -2.581 -1.145 -4.87 3.844 -0.72 3.889 -0.262 -3.688 -4.566 -4.585 -5.686 -8.933 -3.003 1.678 -1.538 -4.748 -4.321 -3.891