#Seq2Logo.py -Z on -y 0.25:2.0 -H ends -f 38081.peps -o QEFFIASGAAVDAIMESSFDYYDIDEATYHVVFT_el -I 2 --format PNG -b 50 -C 0 -l 1
Last position-specific scoring matrix computed, values are in halfbits
A R N D C Q E G H I L K M F P S T W Y V
1 I -8.056 -9.647 -10.102 -10.157 -6.956 -9.829 -10.324 -10.239 -9.522 6.575 2.252 -9.465 -1.394 -4.757 -10.358 -9.812 -7.943 -8.969 -8.093 3.008
2 V 0.755 2.153 -1.295 -3.727 -7.567 -0.606 1.345 -6.476 0.211 1.874 -0.651 2.158 -2.111 -3.519 -9.34 -2.698 -1.403 -1.994 -2.574 2.684
3 A 1.394 0.744 0.355 -2.555 -7.455 -0.341 -0.781 -0.728 -3.265 1.862 -0.193 -1.618 -2.127 -0.772 0.425 -0.289 -1.717 -1.96 1.098 1.55
4 K 0.852 0.697 0.032 -4.167 -7.753 -1.372 -0.549 -6.437 4.13 1.252 -0.737 2.189 -0.681 2.084 -9.463 -2.706 -1.581 0.335 1.03 0.643
5 K 0.535 1.571 0.877 -0.226 -8.009 1.003 0.371 -0.415 1.486 -2.128 -5.479 3.255 -5.645 -6.812 1.192 -0.602 0.007 -4.745 -1.883 -1.339
6 K -5.736 5.938 -2.868 -7.903 -8.881 -5.303 -6.162 -8.495 -1.514 -9.157 -9.029 6.048 -8.116 -9.477 -8.998 -4.086 -3.949 -9.294 -8.602 -7.51
7 L 0.074 2.056 0.942 -4.09 -7.872 0.988 0.109 -2.351 2.751 -0.677 0.675 1.94 -1.33 -0.173 -0.742 -1.134 -2.098 -4.624 -0.351 -0.699
8 K 0.217 1.014 -0.203 -1.335 -7.749 0.465 -0.533 -0.255 0.635 0.063 0.724 2.4 -0.689 -2.747 0.429 -1.36 -1.412 -4.687 -1.279 0.126
9 R 1.921 3.413 -4.193 -5.202 -7.62 2.315 -2.311 1.529 -0.831 -0.945 -2.781 -0.964 -1.373 -1.617 -4.193 0.853 -2.958 -8.594 1.206 0.477