#Seq2Logo.py -Z on -y 0.25:2.0 -H ends -f 38081.peps -o QEFFIASGAAVDAIMWPRFDYFSIQAATYHVVFT_el -I 2 --format PNG -b 50 -C 0 -l 1
Last position-specific scoring matrix computed, values are in halfbits
A R N D C Q E G H I L K M F P S T W Y V
1 I -8.026 -9.543 -10.068 -10.171 -6.957 -9.741 -10.247 -10.187 -9.405 5.951 2.798 -9.43 0.626 -1.435 -10.36 -9.763 -7.959 -8.824 -6.049 3.473
2 R 0.345 2.778 -0.763 -1.492 -4.929 0.589 0.894 -5.223 -0.845 0.866 -1.067 1.945 -0.992 -0.994 -9.289 -1.238 0.006 -1.98 -1.263 1.486
3 I 0.532 0.672 -0.343 -1.882 -3.522 0.331 -0.553 -1.299 -0.007 1.362 -0.989 -0.454 -1.722 0.119 1.031 0.365 -0.852 1.018 1.633 0.366
4 Y -7.582 -6.186 -9.25 -9.968 -8.409 -9.17 -7.846 -9.761 -2.712 -2.369 -4.912 -7.521 -5.271 5.435 -10.548 -7.992 -8.969 3.747 8.277 -2.175
5 K 0.651 1.672 0.692 0.366 -7.887 0.479 0.433 0.013 1.008 -1.409 -2.411 1.943 -2.251 -3.225 1.334 -0.032 -0.285 -4.748 -3.591 -1.191
6 N 1.702 -8.024 3.973 2.878 -7.622 -3.98 -0.509 1.989 -7.318 -4.453 -9.138 -7.538 -8.437 -9.09 -1.023 2.594 0.543 -9.621 -9.05 -2.458
7 N -0.717 0.931 2.449 -1.826 -7.948 1.075 0.344 -1.697 2.464 -0.467 -0.364 0.822 -3.354 0.893 -1.388 -0.368 -1.567 -1.183 1.641 -0.817
8 P -0.612 0.435 -0.071 -1.489 -7.829 -0.029 -0.065 0.077 2.12 -0.155 0.001 1.639 -1.359 -1.883 2.33 -0.365 -0.191 -4.702 -1.546 -1.035
9 L 1.018 -4.708 -4.404 -0.186 -4.708 -1.239 0.3 -1.459 -4.32 2.883 2.343 -8.262 -0.322 -1.774 -6.29 -1.277 -1.254 -8.891 -3.017 2.646