#Seq2Logo.py -Z on -y 0.25:2.0 -H ends -f 38081.peps -o QEFFIASGAAVDAIMESSYDYYVLQKRNYHVGFT_el -I 2 --format PNG -b 50 -C 0 -l 1
Last position-specific scoring matrix computed, values are in halfbits
A R N D C Q E G H I L K M F P S T W Y V
1 F -8.571 -9.427 -9.738 -10.146 -7.708 -9.783 -10.06 -9.943 -7.326 3.783 0.459 -9.523 -1.976 5.958 -10.681 -9.751 -8.588 3.166 5.132 0.967
2 V 0.346 1.991 0.15 -2.081 -7.563 0.344 -0.074 -2.969 1.324 1.274 -1.047 0.681 -2.128 -0.969 -9.385 -1.873 0.667 -4.622 0.16 2.443
3 I 0.871 -0.687 -1.117 -2.333 -7.429 -0.498 -2.373 -0.945 -0.028 2.14 -0.951 -0.171 1.305 0.114 1.183 0.553 -0.605 -8.665 0.463 1.198
4 D -8.666 -8.477 -3.865 8.288 -9.26 -7.768 -5.86 -8.013 -7.423 -9.623 -10.386 -7.724 -9.589 -9.813 -9.188 -6.9 -8.298 -10.424 -9.932 -9.757
5 P 0.159 0.048 1.123 0.631 -7.853 -0.955 1.357 -0.712 0.445 -1.251 -3.16 1.082 -3.465 -1.44 2.231 0.252 0.743 -3.053 -1.284 -0.626
6 A 2.234 -0.039 2.074 -2.708 -4.864 0.111 -0.626 0.403 -0.262 -1.1 -5.026 2.114 -4.324 -8.753 0.138 0.527 0.961 -9.38 -6.396 0.103
7 N 0.285 -2.96 2.289 -1.301 -4.911 1.064 0.624 -0.162 1.478 1.366 -0.995 -0.158 -1.005 -2.406 -0.216 -0.911 -0.498 -8.865 -0.018 1.065
8 K 0.349 1.604 0.158 -2.507 -7.704 0.106 0.338 -1.055 -0.01 0.478 -0.163 1.488 -2.167 -0.996 0.525 -0.532 0.515 -8.871 -0.789 -0.116
9 V -1.83 -1.348 -7.172 -2.705 -7.302 -2.558 -4.408 -7.882 -5.451 3.065 1.186 -4.557 1.061 3.186 -10.08 -5.088 -2.53 -7.55 3.737 3.66