#Seq2Logo.py -Z on -y 0.25:2.0 -H ends -f 38081.peps -o QEFFIASGAAVMAIMECRFDCFVFERERVHVVFT_el -I 2 --format PNG -b 50 -C 0 -l 1
Last position-specific scoring matrix computed, values are in halfbits
A R N D C Q E G H I L K M F P S T W Y V
1 I -8.148 -9.58 -10.043 -10.157 -7.056 -9.787 -10.277 -10.191 -9.094 6.218 2.351 -9.457 0.794 1.148 -10.407 -9.803 -8.048 -8.468 -0.967 2.456
2 I 0.964 2.523 -0.941 -3.404 -7.554 -0.615 0.096 -7.327 1.997 2.634 -1.379 1.89 -1.301 -3.094 -9.357 -2.513 -0.854 -8.948 -2.177 2.159
3 A 2.71 -1.824 -1.935 -7.032 -7.304 0.429 -5.591 -1.679 1.472 1.134 -1.6 -1.808 0.273 -0.131 1.598 0.173 -0.972 -0.582 2.461 1.079
4 A 4.273 -8.323 -2.393 -5.927 -6.648 -4.711 -5.586 -4.106 -4.277 0.365 -2.418 -7.892 -4.118 -4.682 -8.825 3.015 2.253 -9.235 -8.441 2.199
5 K 0.713 1.959 -1.613 -0.019 -7.828 0.256 0.909 -1.534 0.23 -1.737 -3.542 2.603 -4.327 -3.672 1.119 0.752 1.085 -9.205 -2.615 -1.316
6 A 3.494 -0.923 -0.312 -4.473 -7.202 -0.783 0.27 -1.099 -2.057 -5.811 -7.541 0.754 -5.601 -8.837 1.049 1.888 2.199 -9.399 -6.418 -0.058
7 A 1.643 0.333 1.884 -2.476 -7.646 0.979 1.126 0.239 1.754 -0.66 0.807 -0.237 -2.671 -2.419 -3.378 -1.588 -2.088 -3.028 -1.543 0.349
8 K 0.345 2.158 -1.891 -3.717 -7.933 -0.952 0.187 0.075 0.998 -0.374 -0.878 2.774 -3.405 -2.817 3.148 -3.078 -1.58 -9.189 -2.214 -0.717
9 V 1.643 -9.033 -9.256 -2.216 -6.902 -2.26 -3.422 -4.506 -5.833 4.228 1.521 -8.776 0.567 -3.288 -9.815 -5.005 -6.642 -8.791 -0.787 4.256