#Seq2Logo.py -Z on -y 0.25:2.0 -H ends -f 38081.peps -o QEFFIASGAAVDAIMWPRFDYFDLQAATYHVVFT_el -I 2 --format PNG -b 50 -C 0 -l 1
Last position-specific scoring matrix computed, values are in halfbits
A R N D C Q E G H I L K M F P S T W Y V
1 I -7.967 -9.532 -10.06 -10.168 -6.927 -9.724 -10.222 -10.172 -9.458 5.794 2.731 -9.42 0.437 -2.188 -10.341 -9.731 -7.92 -8.886 -7.969 3.945
2 R 0.409 2.657 -1.455 -1.488 -4.931 0.8 1.077 -4.373 0.225 0.648 -1.246 2.036 -1.335 -1.405 -9.257 -0.915 -0.087 -1.985 -1.841 1.531
3 I 0.286 0.418 -0.48 -2.298 -4.904 0.561 -0.165 -1.564 -0.848 1.692 -1.15 0.288 -1.336 0.474 0.871 0.553 -0.978 1.016 1.11 0.298
4 Y -4.703 -8.92 -9.228 -9.893 -8.316 -4.292 -6.752 -9.699 -1.307 -0.771 -3.078 -6.486 -3.286 5.307 -10.498 -9.443 -8.91 3.74 8.037 -2.324
5 K 0.353 1.731 0.876 0.541 -7.956 -0.439 0.041 0.84 1.885 -1.925 -3.367 2.206 -2.272 -4.181 1.263 -0.346 0.004 -4.739 -2.22 -1.466
6 N 1.626 -8.085 4.339 2.198 -7.61 -5.355 -3.168 3.056 -7.33 -6.266 -9.279 -7.622 -8.538 -9.125 -1.363 2.712 0.217 -9.604 -9.103 -3.123
7 K -0.211 0.858 1.888 -3.02 -7.872 1.417 -0.333 -0.622 1.762 -0.06 -0.496 1.431 -2.71 0.68 -0.339 -0.364 -0.986 -1.953 0.746 -1.035
8 K 0.016 0.7 -0.196 -2.271 -7.859 -0.024 -0.062 0.305 2.345 -0.825 -0.31 2.111 -2.204 -1.643 2.177 -0.719 -0.739 -3.039 -1.266 -0.933
9 L 2.163 -3.442 -5.072 -7.306 -2.461 -1.063 -4.351 -0.178 -3.445 2.886 2.445 -7.061 -0.074 -5.098 -5.426 -0.647 -0.279 -9.016 -6.241 2.618