#Seq2Logo.py -Z on -y 0.25:2.0 -H ends -f 38081.peps -o QEFFIASGAAVDAIMESSFDYFVIDRATYHVVFT_el -I 2 --format PNG -b 50 -C 0 -l 1
Last position-specific scoring matrix computed, values are in halfbits
A R N D C Q E G H I L K M F P S T W Y V
1 I -8.042 -9.66 -10.09 -10.139 -6.952 -9.821 -10.321 -10.234 -9.523 6.687 1.768 -9.458 -0.217 -5.564 -10.35 -9.796 -7.923 -8.991 -8.116 3.068
2 V 0.346 2.253 -0.334 -1.84 -7.706 -0.006 1.75 -5.229 1.003 1.601 -1.613 2.033 -5.248 -2.758 -9.284 -1.244 -1.719 -4.689 -1.849 2.22
3 V 0.87 -0.683 -0.951 -3.112 -7.448 0.439 -1.258 -1.567 -0.022 1.664 -0.8 -0.264 0.481 -0.603 1.256 -0.056 -0.847 -4.606 1.102 1.951
4 L -0.294 -7.155 -4.539 -4.383 -7.042 -1.961 -1.333 -7.753 -3.45 3.29 3.254 -7.236 2.705 -0.383 -9.881 -2.265 -1.26 -8.689 -3.475 2.973
5 K 0.159 1.03 1.047 0.285 -7.921 0.905 1.033 -1.153 1.178 -1.115 -4.732 2.708 -2.8 -5.655 0.881 -0.104 0.36 -9.298 -3.603 -0.161
6 K -1.325 5.343 -1.811 -7.759 -8.63 -1.876 -1.84 -3.693 -1.963 -9.068 -9.028 5.703 -8.13 -9.444 -3.33 -2.841 -2.752 -9.325 -8.638 -7.414
7 L 0.753 -0.93 1.625 -1.647 -7.75 0.977 1.126 -0.339 1.483 0.401 0.767 0.599 -4.11 -0.614 -1.386 -1.24 -2.094 -8.596 0.986 -0.48
8 K -0.058 0.933 -0.92 -0.747 -7.819 0.68 -0.152 1.167 0.822 0.843 0.178 1.977 -1.006 -3.552 0.703 -1.74 -1.741 -3.04 -1.286 -0.484
9 I -0.92 -7.221 -9.077 -2.205 -7.357 -1.277 -1.615 -2.644 -3.274 3.504 1.103 -7.304 0.544 2.91 -7.695 -5.544 -5.344 -7.506 4.042 3.048