#Seq2Logo.py -Z on -y 0.25:2.0 -H ends -f 38081.peps -o QEFFIASGAAVDAIMESGFDYYDFDRATYHVGFT_el -I 2 --format PNG -b 50 -C 0 -l 1
Last position-specific scoring matrix computed, values are in halfbits
A R N D C Q E G H I L K M F P S T W Y V
1 F -8.758 -9.333 -9.597 -10.121 -8.017 -9.694 -9.948 -9.879 -6.686 2.525 -0.861 -9.482 -3.91 6.417 -10.733 -9.719 -8.821 3.466 6.443 -1.16
2 V 0.755 1.357 -0.929 -1.664 -7.635 -0.295 1.555 -7.289 1.474 1.548 -0.459 1.888 -3.273 -2.103 -9.289 -1.603 -0.187 -1.975 -0.368 1.684
3 A 1.988 -0.199 0.023 -2.323 -4.783 -0.057 -1.536 -0.62 -2.066 1.332 -0.125 -0.687 1.448 -1.574 -0.742 -0.363 -0.972 -8.698 0.592 1.599
4 L 1.601 -6.936 -5.925 -3.915 -4.644 -0.371 -1.177 -8.885 -5.735 3.029 2.827 -1.863 3.03 -2.94 -9.636 -2.943 -0.73 -8.889 -6.15 2.491
5 K 1.076 0.456 1.358 0.367 -7.71 -0.147 -0.13 -1.524 0.444 -0.831 -2.382 2.557 -0.738 -3.637 -0.326 0.863 0.198 -9.196 -3.058 -0.322
6 K -3.35 4.786 -2.032 -6.581 -8.558 -2.769 -5.541 -5.698 0.85 -8.814 -8.922 6.053 -5.681 -9.337 -6.048 -2.639 0.429 -9.294 -8.486 -4.759
7 A 1.877 0.135 0.757 -2.764 -7.539 0.566 0.408 -0.928 0.214 0.488 -0.097 0.125 -0.697 -1.632 1.111 -0.619 -1.398 -1.232 -3.018 0.502
8 L 0.647 0.777 -1.278 -2.299 -7.702 0.678 -0.438 0.153 1.32 0.239 1.021 1.976 -1.322 -3.535 1.185 -0.825 -2.737 -9.005 -1.556 -0.203
9 G 3.277 -6.585 -1.823 -1.303 -4.821 3.586 -1.199 3.954 -1.199 -4.457 -7.114 -7.374 -5.726 -9.095 -2.697 1.723 -1.694 -9.345 -8.841 -3.586