#Seq2Logo.py -Z on -y 0.25:2.0 -H ends -f 38081.peps -o QEFFIASGAAVDAIMEVHFDYYDLQRATYHVVFT_el -I 2 --format PNG -b 50 -C 0 -l 1
Last position-specific scoring matrix computed, values are in halfbits
A R N D C Q E G H I L K M F P S T W Y V
1 I -8.007 -9.575 -10.077 -10.164 -6.94 -9.762 -10.263 -10.2 -9.481 6.145 2.573 -9.436 0.021 -3.195 -10.348 -9.765 -7.932 -8.922 -8.027 3.55
2 V 0.814 1.723 -3.012 -4.158 -7.506 0.786 0.336 -4.391 1.611 1.819 -1.212 1.694 -2.632 -2.392 -9.299 -1.476 0.669 -8.785 -0.369 2.377
3 A 1.768 -1.127 1.176 -2.804 -7.318 -1.211 -1.693 -1.544 -2.604 2.005 -0.583 -1.637 0.072 -0.953 0.124 0.681 -0.075 -4.62 0.857 1.306
4 L 0.962 -8.691 -5.961 -2.917 -7.059 -0.378 -0.308 -7.63 -8.489 3.341 2.654 -8.459 3.331 0.277 -9.773 -2.972 -1.902 -8.749 -7.822 2.726
5 D 0.355 0.439 0.606 2.136 -7.884 0.795 0.912 -0.706 -0.255 -1.911 -3.756 1.15 -2.271 -3.239 1.789 0.514 0.442 -9.318 -3.079 -0.849
6 T -1.508 -7.968 4.474 4.331 -7.597 -7.806 -7.291 -5.98 -7.315 -4.293 -8.791 -7.579 -8.174 -8.9 -7.161 2.005 4.298 -9.628 -8.956 -0.738
7 A 1.524 -3.306 2.912 -2.731 -7.52 0.963 -0.447 -1.816 -1.583 -0.434 0.582 -2.33 -1.338 -1.861 2.124 0.38 -0.966 -1.996 -1.029 0.128
8 L 0.706 0.933 -0.472 -3.35 -7.744 1.335 0.489 -0.338 -1.192 -0.687 0.527 1.487 -3.335 -1.628 1.903 -0.123 -1.561 -4.678 -0.584 -0.915
9 A 3.623 -7.749 -3.217 -1.643 -4.781 3.878 -2.26 3.634 -0.262 -7.262 -7.966 -7.29 -8.163 -9.13 -5.244 2.769 -3.775 -9.328 -8.754 -6.982