#Seq2Logo.py -Z on -y 0.25:2.0 -H ends -f 38081.peps -o QEFFIASGAAVDAIMEIHFDYYDLQRETYHVVFT_el -I 2 --format PNG -b 50 -C 0 -l 1
Last position-specific scoring matrix computed, values are in halfbits
A R N D C Q E G H I L K M F P S T W Y V
1 I -8.151 -9.548 -9.978 -10.148 -7.124 -9.765 -10.215 -10.151 -8.657 5.897 1.991 -9.449 -0.777 2.07 -10.414 -9.765 -8.085 -4.45 2.01 2.866
2 V 1.069 1.999 -1.288 -4.621 -7.514 0.467 0.18 -5.764 0.999 1.718 -1.13 1.936 -5.166 -3.071 -9.297 -1.602 0.009 -8.767 0.151 2.482
3 A 2.262 -1.83 0.836 -3.791 -2.52 -1.659 -3.046 -1.28 -2.622 2.274 -0.508 -1.348 -0.401 -1.566 0.124 0.309 -0.076 -1.967 0.855 1.365
4 I 2.683 -8.748 -5.09 -3.216 -6.841 -1.705 -3.374 -7.301 -8.584 3.719 0.634 -8.436 2.2 -1.124 -9.487 -0.929 0.45 -8.959 -8.06 3.25
5 A 0.82 0.435 0.789 1.716 -7.753 0.359 1.029 -1.528 -0.843 -0.606 -3.52 0.895 -4.318 -2.844 1.04 0.696 1.15 -4.757 -3.606 -0.515
6 T -1.751 -7.984 4.154 4.237 -7.529 -7.823 -7.325 -7.703 -7.389 -5.828 -8.709 -7.595 -8.105 -8.864 -6.058 2.079 4.559 -9.604 -8.93 -0.075
7 A 2.057 -4.562 3.037 -2.037 -7.455 0.657 -0.879 -2.127 -3.26 0.241 0.286 -4.303 -2.169 -1.88 2.789 -0.109 -0.966 -2.013 -3.048 0.287
8 P 1.395 1.006 -1.099 -4.086 -7.71 0.685 0.89 -1.046 -0.016 -1.668 0.615 1.434 -4.18 -3.17 2.915 -0.278 -2.495 -9.186 -2.605 -0.814
9 A 3.179 -7.817 -3.138 3.602 -7.641 2.654 1.384 2.399 -0.255 -7.316 -8.064 -7.276 -5.815 -9.203 -7.118 1.993 -5.123 -9.478 -8.866 -6.282