#Seq2Logo.py -Z on -y 0.25:2.0 -H ends -f 38081.peps -o QEFFIASGAAVDAIMESSFDYYSIDRLTYHVGFT_el -I 2 --format PNG -b 50 -C 0 -l 1
Last position-specific scoring matrix computed, values are in halfbits
A R N D C Q E G H I L K M F P S T W Y V
1 F -8.697 -9.316 -9.622 -10.126 -7.924 -9.653 -9.949 -9.893 -6.801 2.719 0.012 -9.454 -0.906 6.129 -10.698 -9.713 -8.752 3.461 6.253 -0.59
2 V 0.407 2.347 -0.206 -2.488 -7.731 0.124 1.885 -4.042 -0.531 0.507 -1.334 1.943 -4.127 -1.608 -9.289 -2.328 -0.616 -4.632 0.306 2.214
3 A 2.226 -0.702 -2.45 -1.916 -7.284 -2.456 -0.681 -1.424 -1.619 2.151 -0.294 -1.204 1.453 0.001 -0.744 -0.543 -1.11 -8.493 1.325 1.611
4 V 1.436 -3.327 -3.115 -3.188 -7.119 -0.213 -2.608 -7.421 -3.395 2.815 1.387 0.779 1.485 0.127 -9.518 -2.362 0.276 -8.83 -4.919 2.986
5 K 0.092 0.712 0.688 0.083 -7.802 0.897 0.712 -1.041 -0.843 0.029 -2.372 2.483 -2.22 -2.828 0.435 0.112 0.442 -9.209 -3.595 0.108
6 K -3.607 5.439 -2.299 -7.889 -8.618 -2.153 -3.864 -7.254 0.253 -3.722 -7.028 5.653 -7.968 -7.063 -3.717 -3.063 -1.423 -9.278 -8.487 -3.149
7 A 2.257 0.13 0.56 -4.136 -7.435 -0.478 0.246 -1.044 -0.278 1.132 1.23 0.117 0.292 -2.099 -0.466 -0.913 -1.896 -1.985 -1.546 -0.441
8 L 1.3 1.281 -2.422 -2.555 -7.602 1.243 -0.161 -0.633 0.21 1.07 0.911 1.138 -0.67 -1.849 0.613 -3.094 -1.573 -4.676 -1.546 0.515
9 D -1.836 -5.665 -2.7 5.966 -8.754 0.034 4.706 -1.989 -3.963 -3.764 -4.674 -7.065 -5.919 -9.277 -5.298 -2.832 -5.341 -9.669 -5.312 -3.729