#Seq2Logo.py -Z on -y 0.25:2.0 -H ends -f 38081.peps -o QEFFIASGAAVDAIMEVHFDYYDLQKRNYHVVFT_el -I 2 --format PNG -b 50 -C 0 -l 1
Last position-specific scoring matrix computed, values are in halfbits
A R N D C Q E G H I L K M F P S T W Y V
1 I -8.006 -9.536 -10.038 -10.165 -6.977 -9.736 -10.215 -10.162 -9.224 5.78 2.544 -9.429 -0.221 -0.5 -10.361 -9.737 -7.959 -2.992 -1.507 3.794
2 V -0.286 1.828 -0.632 -2.091 -7.52 -1.598 0.4 -4.427 0.428 1.52 0.22 1.196 -1.661 -2.355 -9.43 -1.888 0.515 -3.0 0.309 2.717
3 I 1.068 0.4 0.745 -4.208 -7.412 0.068 -2.803 -1.431 -2.067 2.275 -0.301 -1.629 0.846 0.245 0.699 -0.545 -0.183 -4.604 0.604 1.31
4 D -2.646 -8.153 -0.152 7.51 -8.94 -3.007 1.784 -8.003 -7.253 -5.753 -8.541 -7.452 -6.123 -9.608 -9.106 -2.827 -4.806 -10.129 -9.591 -6.731
5 P -0.123 -1.407 0.69 1.93 -7.827 -0.972 0.836 -0.242 -2.042 -0.377 -2.534 0.879 -5.559 -2.187 2.66 0.039 0.742 -4.743 -1.303 -0.237
6 T 0.31 -8.191 3.617 2.789 -7.287 -8.08 -7.788 -3.08 -7.681 -1.435 -6.603 -7.808 -5.507 -8.542 -1.192 1.805 3.641 -9.539 -8.788 2.498
7 N 0.76 -1.624 2.639 -1.473 -4.858 0.866 0.251 -0.719 -1.596 0.659 0.246 -3.906 -1.326 -1.619 0.953 -0.531 -0.179 -4.707 -2.202 1.439
8 R 0.406 2.344 -0.928 -2.518 -7.78 0.356 0.559 -1.707 -0.009 -0.914 0.629 1.651 -0.996 -0.993 1.033 -1.131 -0.861 -4.662 -0.787 -0.215
9 A 3.409 -4.033 -1.417 -0.475 -4.771 3.041 -0.954 2.82 -0.857 -2.734 -5.079 -5.099 -3.475 -6.843 -4.139 1.955 -1.68 -9.297 -6.426 -0.423