#Seq2Logo.py -Z on -y 0.25:2.0 -H ends -f 38081.peps -o QEFFIASGAAVDAIMESSFDYYALRRETYYVVFT_el -I 2 --format PNG -b 50 -C 0 -l 1
Last position-specific scoring matrix computed, values are in halfbits
A R N D C Q E G H I L K M F P S T W Y V
1 I -8.04 -9.549 -10.088 -10.178 -6.948 -9.743 -10.266 -10.211 -9.467 6.089 2.99 -9.427 0.444 -4.738 -10.355 -9.786 -7.961 -8.923 -8.072 3.22
2 V 1.068 1.486 0.268 -0.864 -7.624 -0.293 1.405 -4.011 0.825 1.075 -1.33 1.936 -3.308 -3.126 -9.251 -1.35 -1.11 -3.039 -1.853 2.218
3 A 1.766 -0.692 -0.357 -3.102 -7.371 -0.058 -0.779 -1.292 -1.22 1.329 -0.657 -1.329 0.281 -0.304 1.184 -0.448 -0.18 -3.005 0.156 1.779
4 V 2.666 -8.365 -0.345 -2.312 -6.875 -2.173 -1.548 -5.056 -3.372 1.94 -0.939 -7.987 -2.605 -4.6 -9.118 2.299 1.833 -9.209 -8.373 3.116
5 E 1.023 0.052 0.96 1.091 -7.78 -0.146 1.803 -1.033 0.646 -0.6 -2.827 1.023 -5.537 -4.763 0.622 -0.101 0.815 -4.733 -1.576 -0.235
6 K -5.272 6.055 -5.222 -7.954 -8.898 -3.506 -5.526 -8.543 0.031 -9.136 -9.007 5.912 -8.099 -9.45 -7.202 -5.677 -3.961 -9.272 -8.533 -6.572
7 E 0.97 -4.001 2.238 0.195 -7.712 1.251 2.058 -0.925 -2.006 -0.245 0.114 -1.159 -2.71 -2.127 0.128 0.108 -1.394 -8.882 0.138 -0.305
8 L 0.473 0.047 -0.921 -0.253 -7.709 0.978 0.697 0.23 -1.205 0.147 0.585 1.371 0.058 -3.126 0.704 -0.916 -0.736 -1.997 -1.87 -0.294
9 I -0.46 -9.131 -5.286 -6.492 -6.979 -2.005 -6.021 -5.511 -8.8 4.358 2.734 -9.002 0.772 0.535 -10.075 -6.137 -3.568 -8.546 -0.981 3.837