#Seq2Logo.py -Z on -y 0.25:2.0 -H ends -f 38081.peps -o QEFFIASGAAVDAIMEVHFDYYDLQRLTYHVVFT_el -I 2 --format PNG -b 50 -C 0 -l 1
Last position-specific scoring matrix computed, values are in halfbits
A R N D C Q E G H I L K M F P S T W Y V
1 I -7.982 -9.605 -10.065 -10.146 -6.937 -9.779 -10.264 -10.191 -9.487 6.254 2.002 -9.443 0.013 -2.194 -10.343 -9.747 -7.906 -8.919 -7.983 3.759
2 V 1.118 1.782 -3.377 -5.179 -7.512 0.579 0.624 -4.779 1.612 1.614 -1.217 1.935 -4.061 -2.712 -9.282 -1.733 0.188 -8.761 -0.01 2.481
3 A 2.096 -1.633 0.658 -3.423 -7.279 -0.667 -3.03 -0.925 -2.063 1.76 -0.587 -1.487 -0.159 -0.602 0.016 0.797 0.11 -2.987 1.1 1.144
4 L 1.834 -8.833 -6.005 -4.39 -6.998 -1.272 -2.095 -6.616 -5.75 3.222 2.18 -8.621 2.604 2.099 -9.782 -2.964 -2.498 -8.515 -3.392 3.055
5 D 0.925 0.249 0.969 2.184 -7.778 1.079 0.515 -1.024 -0.003 -1.254 -3.538 0.689 -3.467 -3.673 0.961 0.865 0.525 -9.322 -3.614 -0.526
6 T 0.427 -8.056 3.976 4.014 -7.443 -7.899 -7.427 -5.995 -7.471 -3.192 -8.529 -7.655 -8.004 -8.794 -4.14 1.568 4.255 -9.591 -8.902 0.471
7 A 2.16 -2.224 2.589 -3.337 -7.474 1.145 -0.875 -1.526 -2.044 -0.545 0.582 -2.327 -1.338 -2.133 2.428 -0.268 -1.389 -3.048 -1.285 0.05
8 A 1.071 0.7 -0.469 -3.026 -7.762 1.501 0.767 -0.719 -0.537 -1.218 0.163 1.646 -3.362 -2.154 2.23 -0.119 -2.083 -4.695 -0.801 -1.042
9 A 3.8 -7.813 -1.817 -2.244 -4.753 3.43 -2.094 3.566 -0.851 -7.193 -7.929 -7.344 -8.152 -9.091 -6.022 2.826 -3.44 -9.335 -8.779 -5.02