#Seq2Logo.py -Z on -y 0.25:2.0 -H ends -f 38081.peps -o QEFFIASGAAVDAIMESGLEHYSIDRLTYHVGFT_el -I 2 --format PNG -b 50 -C 0 -l 1
Last position-specific scoring matrix computed, values are in halfbits
A R N D C Q E G H I L K M F P S T W Y V
1 Y -8.796 -9.27 -9.503 -10.085 -8.145 -9.592 -9.866 -9.863 -6.337 2.185 -3.123 -9.415 -3.983 6.408 -10.694 -9.669 -8.882 2.367 7.131 -2.215
2 V -0.625 2.97 -0.346 -4.58 -7.718 -0.946 1.292 -7.437 1.17 1.452 -1.693 2.033 -3.276 -2.708 -9.403 -4.14 -0.619 -3.005 0.31 2.925
3 A 2.388 -0.844 -3.075 -3.493 -7.16 -1.909 -3.315 -3.173 -0.563 2.113 -0.162 -1.995 1.318 -0.731 -1.573 0.168 0.281 -4.531 2.233 1.927
4 L -2.594 -3.749 -6.064 -7.54 -7.18 -0.879 -3.146 -9.577 -8.622 3.011 3.782 0.227 2.436 1.214 -10.03 -6.846 -3.599 -4.6 -7.6 2.758
5 K -0.698 1.252 1.127 0.086 -7.931 0.134 0.134 -2.919 -0.528 -0.723 -2.676 3.583 -2.775 -4.812 0.962 -0.031 0.885 -9.269 -3.074 -0.622
6 K 2.39 0.961 0.389 -4.0 -7.682 0.809 1.028 -1.797 0.233 -1.262 -4.726 3.104 -4.32 -4.203 0.345 0.057 -0.078 -9.233 -3.596 -1.055
7 A 2.222 -0.415 0.564 -3.043 -7.578 0.567 1.004 -1.413 2.118 1.243 0.242 -0.057 -2.67 -1.621 1.399 -3.064 -2.507 -8.985 -1.84 -0.098
8 K 0.965 1.895 -2.407 -5.145 -7.779 1.421 0.63 -1.063 1.323 -0.908 0.532 1.893 -3.316 -3.565 2.07 -4.105 -1.919 -4.704 -1.554 0.62
9 D 0.066 -2.993 -1.345 5.26 -8.264 -0.133 3.691 -2.517 -1.16 -0.617 -3.191 -5.63 -4.389 -3.633 -9.172 -2.311 -5.955 -9.182 -0.411 -0.002