#Seq2Logo.py -Z on -y 0.25:2.0 -H ends -f 38081.peps -o QEFFIASGAAVDAIMKDFYHGYVFDRETVHVGFT_el -I 2 --format PNG -b 50 -C 0 -l 1
Last position-specific scoring matrix computed, values are in halfbits
A R N D C Q E G H I L K M F P S T W Y V
1 F -8.812 -9.237 -9.48 -10.089 -8.192 -9.571 -9.837 -9.842 -6.266 0.881 -2.398 -9.409 -3.999 6.536 -10.706 -9.655 -8.925 2.372 7.23 -1.769
2 R 1.068 2.774 -0.921 -2.289 -7.626 0.583 0.188 -4.354 1.619 0.933 -1.617 1.156 -0.421 -2.402 -9.28 -0.447 -0.183 -1.211 -0.008 1.486
3 A 1.952 0.225 -2.398 -1.896 -4.86 -0.188 -1.823 -0.422 1.881 0.312 -0.696 -0.157 -1.011 -0.294 1.399 0.5 -1.253 -4.562 1.991 -0.477
4 A 5.109 -8.294 -7.828 -8.257 -6.554 -8.172 -6.207 -2.948 -2.675 -1.605 -7.076 -7.812 -4.22 -2.481 -8.664 3.048 2.033 -9.205 -8.369 1.401
5 K -0.784 0.876 -0.584 -0.133 -7.798 1.261 0.044 -1.417 0.83 -0.577 -1.677 2.704 -2.739 -4.741 0.435 0.111 1.443 -9.122 -1.874 0.334
6 A 3.872 -7.958 -0.592 -3.299 -7.094 1.242 0.418 0.493 -2.608 -3.233 -8.448 -7.453 -5.604 -8.846 1.126 2.111 1.974 -9.426 -8.707 -0.499
7 A 1.256 1.292 1.349 -2.713 -7.854 0.991 1.192 -0.515 3.264 -1.095 -1.039 1.09 -2.212 -1.41 -0.595 -0.805 -2.09 -3.018 -0.559 -0.826
8 P 0.759 2.001 -2.382 -1.859 -7.79 -0.607 0.491 -1.294 0.215 0.12 -0.506 2.162 -3.382 -8.366 2.915 -1.344 0.001 -9.255 -2.233 -0.915
9 V 0.585 -6.899 -3.357 2.698 -7.522 -0.191 2.051 -1.723 -3.299 2.642 -0.173 -5.963 -0.663 -0.153 -7.427 -1.5 -2.731 -8.765 -0.188 2.313