#Seq2Logo.py -Z on -y 0.25:2.0 -H ends -f 38081.peps -o QEFFIASGAAVDAIMESSFDYFDIDEATYHAVFT_el -I 2 --format PNG -b 50 -C 0 -l 1
Last position-specific scoring matrix computed, values are in halfbits
A R N D C Q E G H I L K M F P S T W Y V
1 I -8.049 -9.61 -10.096 -10.164 -6.953 -9.795 -10.302 -10.228 -9.5 6.409 2.528 -9.45 -0.462 -4.751 -10.357 -9.801 -7.949 -8.952 -8.085 3.09
2 V 0.861 2.433 -1.294 -3.393 -7.567 -0.453 0.882 -4.799 0.63 2.012 -0.124 1.697 -1.671 -2.398 -9.367 -2.697 -0.856 -4.673 -1.844 2.116
3 A 1.437 0.981 -0.358 -3.432 -7.453 -0.493 -1.136 -0.944 -1.214 1.608 0.044 -0.68 -1.685 -0.152 0.52 -0.373 -1.719 -1.961 0.602 1.549
4 K -0.155 1.781 -0.348 -6.919 -7.829 -1.594 -1.383 -7.419 4.458 1.134 0.317 2.192 -0.147 2.215 -9.565 -3.367 -2.121 -1.162 1.367 0.44
5 K -0.279 1.859 1.504 -0.837 -8.062 1.271 0.514 -0.154 1.487 -1.579 -3.985 3.106 -5.6 -5.656 0.795 -0.35 -1.402 -2.016 -3.057 -0.545
6 R -3.163 6.167 -3.606 -7.951 -8.778 -4.604 -5.033 -8.485 -2.479 -7.472 -8.975 5.632 -8.096 -9.436 -5.295 -3.07 -3.599 -9.29 -8.627 -6.531
7 K -0.0 2.862 -0.202 -5.151 -7.935 1.174 -0.526 -2.187 3.018 -0.922 0.894 2.489 -1.705 -1.168 -1.573 -2.699 -2.311 -2.991 0.323 -0.701
8 L 0.08 1.549 -0.472 -1.178 -7.74 0.981 -0.43 -0.949 0.431 0.329 1.143 2.157 -1.314 -3.13 0.523 -1.482 -1.124 -9.09 -3.568 -0.029
9 R 0.071 5.511 -6.44 -8.531 -8.037 1.086 -4.895 -0.449 -1.141 -1.216 -2.344 0.457 -1.75 0.24 -5.414 -1.626 -5.321 -8.186 2.598 0.536