#Seq2Logo.py -Z on -y 0.25:2.0 -H ends -f 38081.peps -o QEFFIASGAAVDAIMWPKFDYYDLDRATYHVGFT_el -I 2 --format PNG -b 50 -C 0 -l 1
Last position-specific scoring matrix computed, values are in halfbits
A R N D C Q E G H I L K M F P S T W Y V
1 F -8.873 -9.237 -9.456 -10.081 -8.27 -9.579 -9.832 -9.835 -6.179 0.729 -3.727 -9.416 -4.027 6.724 -10.724 -9.656 -8.986 1.733 7.353 -3.936
2 V -1.098 2.69 -1.107 -2.791 -7.645 0.108 0.945 -7.44 0.999 1.723 -0.125 1.025 -3.231 -0.968 -9.439 -0.938 -0.613 -4.635 -0.561 2.481
3 A 1.687 -1.277 -0.229 -4.679 -4.789 -1.643 -1.548 -2.943 0.43 2.23 -0.121 -0.273 0.079 -1.12 0.871 0.492 -1.39 -8.503 1.813 1.15
4 L 0.334 -7.091 -4.509 -3.922 -4.726 -0.873 -0.507 -9.13 -3.348 2.409 2.48 -7.16 2.412 2.239 -9.853 -3.193 -0.995 -1.156 1.557 2.615
5 K -0.522 1.373 1.047 -0.016 -7.976 -1.327 0.126 -0.713 2.24 -2.306 -3.362 2.877 -1.811 -3.668 2.019 -0.031 0.812 -9.236 -2.6 -1.333
6 S 2.62 -8.026 3.655 0.207 -7.277 -6.344 -4.884 2.611 -7.401 -8.666 -9.186 -7.564 -8.389 -9.04 -2.979 3.997 0.64 -9.512 -8.976 -5.578
7 N 0.641 -0.063 2.178 -4.494 -4.958 1.247 0.486 -2.334 2.132 -0.353 -0.567 0.042 -5.361 0.103 1.398 -1.228 0.002 -1.954 1.223 -0.402
8 K -0.529 1.731 -1.452 -1.846 -7.942 0.694 0.896 -0.257 1.004 -0.951 -0.006 2.328 -1.751 -3.172 2.38 -1.024 -1.737 -9.111 -1.869 -0.825
9 L 2.229 -6.151 -7.079 -7.434 -1.772 -4.254 -5.314 -0.747 -8.75 2.899 2.666 -7.227 -0.058 -3.349 -7.502 -0.751 -1.242 -8.956 -5.033 3.297