#Seq2Logo.py -Z on -y 0.25:2.0 -H ends -f 38081.peps -o QEFFIASGAAVDAIMESSFDYFDFDRATYHIGFT_el -I 2 --format PNG -b 50 -C 0 -l 1
Last position-specific scoring matrix computed, values are in halfbits
A R N D C Q E G H I L K M F P S T W Y V
1 F -8.698 -9.362 -9.656 -10.135 -7.888 -9.722 -9.996 -9.911 -6.928 3.063 0.185 -9.495 -2.009 6.251 -10.712 -9.739 -8.738 3.03 5.97 -0.678
2 K 0.754 1.488 -0.204 -1.156 -7.687 -0.011 1.607 -5.746 0.442 1.194 -0.272 2.028 -3.287 -2.11 -9.274 -1.355 -0.731 -1.215 -0.372 1.339
3 A 1.766 -0.083 -0.944 -2.089 -4.813 0.331 0.004 -0.43 -0.861 0.743 -0.074 -0.459 1.158 -1.577 -1.209 -0.365 -1.249 -8.668 0.727 1.638
4 L 1.682 -6.98 -5.114 -5.428 -4.639 0.05 -0.6 -8.85 -5.716 2.607 2.737 -4.468 3.106 -1.518 -9.616 -3.14 0.273 -8.834 -6.103 2.589
5 K 1.265 0.37 1.126 -0.122 -7.69 0.367 0.207 -1.662 0.448 -1.231 -2.009 2.703 -0.204 -3.188 -2.187 0.81 0.603 -9.086 -2.212 -0.712
6 K -8.006 5.966 -7.235 -7.954 -8.978 -4.545 -6.943 -8.552 -1.132 -9.223 -9.049 6.231 -8.12 -9.515 -7.185 -6.274 -6.887 -9.292 -8.588 -8.968
7 A 1.839 1.348 -0.086 -3.369 -7.571 0.68 0.41 -0.824 0.635 0.243 0.19 0.753 0.473 -1.621 -0.598 -1.014 -1.559 -1.224 -2.181 0.288
8 L 0.412 1.005 -1.281 -1.888 -7.641 0.457 -1.109 0.441 0.818 0.338 1.406 1.834 -0.151 -3.99 -0.217 -0.461 -2.733 -8.938 -1.282 0.215
9 G 2.886 -5.652 -2.302 -1.824 -4.858 3.981 -0.611 3.952 -0.262 -4.07 -6.518 -5.621 -5.717 -9.107 -2.998 1.721 -1.535 -9.319 -8.781 -4.613