#Seq2Logo.py -Z on -y 0.25:2.0 -H ends -f 38081.peps -o QEFFIASGAAVDAIMWLFLECYDLQKATYHVGFT_el -I 2 --format PNG -b 50 -C 0 -l 1
Last position-specific scoring matrix computed, values are in halfbits
A R N D C Q E G H I L K M F P S T W Y V
1 Y -8.733 -9.25 -9.547 -10.109 -8.045 -9.563 -9.869 -9.873 -6.477 2.015 -0.509 -9.397 -3.16 6.021 -10.677 -9.679 -8.82 3.599 6.922 -0.941
2 V -0.058 2.099 -1.891 -2.065 -7.653 0.985 1.185 -3.743 1.324 1.204 -0.262 1.087 -2.638 -0.471 -9.347 -0.635 -0.186 -3.012 -1.519 1.815
3 A 2.06 0.321 -1.486 -3.428 -2.549 -0.819 -1.679 -1.544 0.43 1.54 -0.391 0.282 0.279 -1.148 0.126 0.793 -1.389 -1.96 0.984 0.383
4 L 0.577 -8.074 -5.784 -2.518 -4.811 1.93 3.172 -5.364 -7.895 0.576 3.748 -7.751 2.865 -5.069 -9.56 -4.205 -3.287 -8.898 -8.236 0.042
5 K -0.2 1.676 -0.176 0.084 -7.92 0.251 1.086 -0.718 0.831 -2.718 -1.92 2.25 -0.47 -5.63 1.963 -0.348 0.74 -4.762 -4.264 -0.845
6 A 4.748 -8.556 -3.327 -5.195 -7.043 -8.406 -8.464 4.393 -8.097 -8.502 -8.998 -7.926 -8.403 -9.106 1.672 1.343 -1.864 -9.494 -9.121 -4.957
7 E 1.302 -0.391 1.344 -1.616 -4.937 2.263 2.184 -3.678 0.84 0.626 -0.855 0.143 -3.344 -2.757 -0.735 -0.804 -1.398 -3.026 -0.379 0.279
8 K 0.411 2.156 -1.084 -1.484 -7.83 -0.769 0.766 -0.527 0.219 -0.817 0.217 2.288 -3.364 -4.733 1.904 -0.912 -0.737 -9.202 -3.066 -0.708
9 V 2.74 -8.984 -9.112 -9.38 -0.762 -5.764 -6.695 -0.544 -8.91 2.768 2.225 -8.715 0.557 -5.959 -9.608 -2.543 -1.388 -9.061 -8.312 3.97