#Seq2Logo.py -Z on -y 0.25:2.0 -H ends -f 38081.peps -o QEFFIASGAAVDAIMERSFEHYVLQKRNYHVGFT_el -I 2 --format PNG -b 50 -C 0 -l 1
Last position-specific scoring matrix computed, values are in halfbits
A R N D C Q E G H I L K M F P S T W Y V
1 F -8.633 -9.363 -9.648 -10.123 -7.864 -9.696 -9.973 -9.898 -6.928 3.252 -0.843 -9.475 -2.518 6.013 -10.69 -9.713 -8.679 3.943 6.032 0.634
2 V 0.527 2.516 -0.771 -1.517 -7.582 0.46 -0.346 -2.972 1.751 1.269 -1.31 0.225 -1.697 -1.157 -9.384 -2.677 1.141 -4.607 0.604 2.185
3 I 0.709 -0.313 -2.427 -3.446 -4.813 -0.658 -1.692 -1.181 0.423 2.667 -0.94 -0.076 1.449 -0.292 0.701 0.67 -0.493 -8.64 0.603 0.983
4 D -6.591 -8.13 3.94 7.45 -9.036 -4.503 -1.257 -7.821 -7.06 -7.704 -10.174 -7.531 -9.339 -9.644 -9.201 -3.232 -5.309 -10.217 -9.624 -7.88
5 P 0.222 1.482 1.121 0.366 -5.001 -1.145 0.637 -0.715 0.646 -1.72 -2.842 1.437 -5.582 -2.185 2.477 -0.35 0.272 -3.053 -0.804 -0.435
6 A 3.617 -6.705 2.13 -2.007 -4.745 -0.183 0.099 1.906 -2.597 -1.901 -6.314 -5.175 -5.647 -8.842 0.716 1.338 0.76 -9.459 -8.798 -0.71
7 N 0.28 -1.758 2.396 -1.451 -7.806 1.335 1.188 -0.523 2.655 0.915 -1.453 0.374 -1.021 -3.132 0.789 -2.315 -1.12 -8.983 -0.788 0.755
8 K 0.81 1.482 0.038 -3.053 -7.73 -0.163 0.182 -1.296 1.166 0.314 0.233 1.743 -2.164 -1.195 1.533 -1.238 -0.86 -4.686 -1.541 -0.295
9 V -1.817 -3.48 -5.191 -3.617 -7.214 -2.907 -4.844 -4.999 -2.651 3.197 1.227 -5.068 1.216 2.597 -7.701 -3.479 -2.748 -7.734 3.337 3.988