#Seq2Logo.py -Z on -y 0.25:2.0 -H ends -f 38081.peps -o QEFFIASGAAVMAIMESSYDYYVTREYTYHVVFT_el -I 2 --format PNG -b 50 -C 0 -l 1
Last position-specific scoring matrix computed, values are in halfbits
A R N D C Q E G H I L K M F P S T W Y V
1 I -8.04 -9.691 -10.087 -10.131 -6.958 -9.851 -10.333 -10.235 -9.509 6.777 1.331 -9.472 -1.064 -3.639 -10.352 -9.796 -7.916 -8.961 -6.129 3.126
2 V 0.584 2.246 0.567 -2.782 -7.583 -0.457 0.48 -5.787 1.999 2.745 -1.891 1.487 -4.059 -4.592 -9.382 -2.514 -1.114 -4.693 -1.846 2.488
3 I 1.353 -0.827 -0.355 -2.577 -7.394 -0.837 -3.559 -1.171 0.207 2.228 -1.205 -0.272 0.664 -0.604 1.031 0.429 -0.971 -0.108 0.737 1.458
4 D 1.346 -6.611 4.471 4.594 -7.867 -2.694 -0.096 -4.504 0.848 -2.526 -4.285 -4.653 -8.18 -4.866 -9.086 1.28 -1.367 -9.579 -6.43 -0.359
5 K 0.414 0.706 1.641 0.551 -7.896 -0.435 1.143 -1.151 1.176 -0.395 -4.722 2.03 -1.808 -4.813 1.728 -0.261 0.44 -9.282 -2.617 -0.834
6 K 1.067 4.266 -0.579 -5.718 -8.119 -1.484 -1.439 -1.152 1.182 -3.362 -6.994 4.427 -7.998 -5.764 -0.084 -1.696 -0.619 -9.275 -5.111 -2.457
7 L -0.063 -1.567 1.758 -1.642 -7.787 1.866 1.131 -2.536 1.764 0.565 0.017 0.528 -3.308 -1.145 -0.339 -0.921 -1.562 -8.503 1.814 0.63
8 K 0.154 1.607 0.042 -2.506 -7.743 0.233 0.34 -0.529 -1.199 -0.139 0.12 1.795 -1.731 -2.775 1.599 -1.12 0.434 -9.047 -1.567 -0.125
9 V -2.412 -7.413 -9.689 -7.776 -7.055 -4.347 -6.877 -8.037 -8.496 4.256 2.224 -9.173 0.399 2.128 -10.219 -5.169 -5.934 -8.03 2.093 4.22