#Seq2Logo.py -Z on -y 0.25:2.0 -H ends -f 38081.peps -o QEFFIASGAAVDAIMESSFDYYSIDKANYHVGFT_el -I 2 --format PNG -b 50 -C 0 -l 1
Last position-specific scoring matrix computed, values are in halfbits
A R N D C Q E G H I L K M F P S T W Y V
1 F -8.645 -9.351 -9.678 -10.135 -7.821 -9.685 -9.994 -9.91 -7.053 3.284 0.349 -9.471 0.133 5.962 -10.694 -9.732 -8.677 3.826 5.723 -0.104
2 V -0.133 1.542 -0.783 -2.799 -7.581 -0.03 0.549 -2.987 0.213 1.674 -0.876 1.836 -3.248 -0.788 -9.409 -2.519 0.004 -1.21 -0.363 2.777
3 I 1.214 -0.571 -0.963 -1.726 -7.352 -1.903 -1.862 -1.435 -3.313 2.367 -0.169 -0.705 0.493 0.248 0.699 -0.378 -0.848 -4.608 0.602 1.963
4 D -1.352 -8.051 3.598 6.013 -8.287 -1.159 1.128 -6.947 -7.239 -0.507 -2.188 -6.52 -2.847 -5.696 -9.241 -1.838 -2.087 -9.748 -9.056 -0.547
5 K 0.023 0.059 0.28 -0.238 -7.798 0.111 0.769 0.085 -1.194 -0.366 -2.245 2.069 -1.044 -2.181 1.787 -0.113 0.358 -4.725 -1.877 0.025
6 K -2.579 5.44 -1.811 -5.765 -8.633 -2.446 -6.229 -5.196 0.667 -6.315 -7.835 5.716 -5.673 -9.279 -4.664 -4.381 -1.277 -9.263 -6.34 -3.704
7 L 1.116 -2.211 1.94 -2.271 -7.507 0.559 0.091 -2.161 0.997 1.259 1.193 -0.685 0.293 -1.597 0.123 -0.282 -0.848 -3.033 -2.178 0.079
8 L 0.646 1.42 -1.474 -2.533 -7.684 0.979 0.103 -1.566 -0.542 -0.649 0.634 1.694 -2.144 -1.172 0.873 -1.13 -0.505 -4.637 0.306 0.628
9 D -0.296 -4.485 -1.758 4.873 -8.246 0.711 4.066 -1.415 -5.178 -0.868 -2.571 -5.588 -2.828 -3.217 -7.254 -1.336 -2.515 -9.222 -1.321 -0.967