#Seq2Logo.py -Z on -y 0.25:2.0 -H ends -f 38081.peps -o QEFFIASGAAVDAIMESSFDYYSIDKANYHVVFT_el -I 2 --format PNG -b 50 -C 0 -l 1
Last position-specific scoring matrix computed, values are in halfbits
A R N D C Q E G H I L K M F P S T W Y V
1 I -8.057 -9.543 -10.068 -10.167 -6.97 -9.731 -10.256 -10.196 -9.369 6.088 2.778 -9.423 1.274 -1.904 -10.364 -9.776 -7.975 -8.812 -4.937 3.11
2 V 0.218 1.72 -0.631 -2.779 -7.568 -0.16 1.344 -4.413 -0.551 1.675 -1.117 1.538 -0.97 -1.834 -9.379 -2.031 -0.852 -3.012 -0.373 2.87
3 I 1.167 0.009 -0.363 -2.836 -7.355 -1.212 -1.274 -2.183 -2.618 2.525 -0.563 -0.934 0.294 -1.553 0.425 -0.374 -0.18 -2.99 1.21 2.005
4 D -0.072 -8.087 2.366 4.868 -5.001 -1.821 2.39 -5.637 -7.456 0.913 -1.108 -5.791 -0.204 -5.554 -9.247 -1.006 -1.399 -9.515 -8.816 0.751
5 K 0.478 -0.754 0.389 -0.34 -7.835 0.479 1.515 0.088 -0.845 0.017 -2.385 2.402 -1.393 -4.153 1.471 -0.349 -0.087 -3.067 -2.62 -0.712
6 K -4.495 5.978 -5.237 -7.951 -8.859 -3.506 -5.0 -7.294 -3.116 -7.441 -8.952 6.003 -5.694 -9.461 -7.193 -5.675 -4.801 -9.292 -8.633 -5.282
7 L 0.808 -1.783 1.88 -2.027 -7.638 0.223 1.646 -0.94 0.438 0.997 1.545 -0.456 -0.397 -1.837 -0.468 -0.819 -1.726 -8.888 -1.272 -1.098
8 L 0.215 1.424 -0.94 -4.607 -7.665 1.074 0.26 -2.023 -0.272 0.732 1.339 2.156 -0.959 -1.602 -0.601 -1.488 -0.988 -8.871 -1.543 0.442
9 E 0.003 -5.025 -2.527 4.467 -8.236 0.913 4.304 -1.168 -3.148 -0.992 -3.182 -7.213 -1.425 -2.476 -5.324 -1.716 -3.928 -9.007 0.125 -0.641