#Seq2Logo.py -Z on -y 0.25:2.0 -H ends -f 38081.peps -o QEFFIASGAAVDAIMESSFEYYDLDRLTYHVVFT_el -I 2 --format PNG -b 50 -C 0 -l 1
Last position-specific scoring matrix computed, values are in halfbits
A R N D C Q E G H I L K M F P S T W Y V
1 I -8.038 -9.613 -10.081 -10.152 -6.956 -9.787 -10.291 -10.22 -9.435 6.439 2.251 -9.444 -0.214 -4.743 -10.35 -9.786 -7.938 -8.902 -4.165 3.2
2 V 0.915 1.722 -2.17 -2.82 -7.466 -0.463 0.329 -6.496 -0.031 2.374 -0.936 2.152 -2.602 -2.712 -9.381 -3.332 -0.98 -3.029 -1.542 3.054
3 A 1.915 -0.094 -0.23 -3.126 -7.328 -0.834 -2.02 -0.94 -1.622 2.361 -0.5 -0.473 0.488 -1.353 0.227 -0.632 -1.247 -4.637 0.305 1.746
4 L 1.062 -3.671 -2.242 -5.413 -7.178 -2.807 -1.299 -7.529 -2.145 2.677 2.273 1.447 1.752 0.382 -9.629 -4.55 -1.564 -8.747 -4.091 2.898
5 K 0.972 0.653 1.045 -0.227 -7.903 0.378 0.294 -1.968 1.484 -1.906 -3.747 3.609 -2.798 -6.749 0.799 -0.26 -0.386 -9.212 -1.88 -0.635
6 K -1.954 5.312 -2.041 -6.601 -8.641 -4.635 -3.847 -8.372 0.667 -7.352 -7.884 5.908 -8.067 -9.355 -4.142 -3.054 -2.522 -9.304 -8.502 -4.378
7 A 2.192 0.604 -0.215 -4.584 -7.516 0.975 0.334 -1.282 0.218 0.714 0.729 0.884 -1.696 -1.18 -0.212 -0.809 -1.557 -4.665 -1.266 -0.557
8 K 0.41 1.089 -1.096 -1.183 -7.704 0.35 -0.638 0.227 -1.211 0.246 1.142 2.698 -0.681 -6.415 0.126 -1.361 -1.907 -9.085 -2.227 0.132
9 A 2.429 1.409 -1.85 -3.053 -7.484 2.485 -2.12 2.492 -0.539 -0.846 -2.978 -1.127 -2.77 -3.612 -4.167 1.752 -1.532 -8.946 -0.812 -0.712