#Seq2Logo.py -Z on -y 0.25:2.0 -H ends -f 38081.peps -o QEFFIASGAAVDAIMERSYNYYVLQKRNYHVGFT_el -I 2 --format PNG -b 50 -C 0 -l 1
Last position-specific scoring matrix computed, values are in halfbits
A R N D C Q E G H I L K M F P S T W Y V
1 F -8.577 -9.382 -9.687 -10.13 -7.773 -9.71 -10.0 -9.918 -7.101 3.544 -0.212 -9.479 -2.001 5.823 -10.669 -9.72 -8.613 3.824 5.699 1.072
2 V 0.346 1.656 -0.338 -1.339 -7.581 0.459 0.257 -2.363 1.614 0.954 -0.815 0.533 -2.132 -0.621 -9.376 -2.015 0.947 -1.966 -0.174 2.259
3 I 0.763 -0.685 -1.295 -1.537 -4.815 -0.344 -2.369 -1.43 -0.281 2.098 -0.642 0.013 1.309 0.696 0.012 0.552 -0.28 -8.569 0.609 1.254
4 D -8.676 -8.481 -4.357 8.3 -9.269 -7.77 -5.854 -8.018 -7.428 -9.624 -10.389 -7.726 -9.595 -9.816 -9.19 -7.848 -8.307 -10.428 -9.938 -9.762
5 P 0.159 0.241 0.869 0.705 -7.814 -1.362 0.831 0.009 0.443 -1.382 -2.146 0.885 -5.534 -1.647 1.786 0.181 0.742 -1.227 -0.198 -0.154
6 A 3.204 -6.71 2.601 -1.453 -4.743 -0.648 -1.11 1.777 -4.139 -1.536 -5.389 -3.904 -4.349 -8.755 0.441 1.428 1.457 -9.458 -8.807 0.11
7 N -0.281 -1.417 2.289 -1.3 -4.927 0.339 0.689 0.08 1.007 1.057 -1.169 -0.155 -1.352 -2.116 0.427 -0.912 0.007 -8.841 0.302 1.116
8 L 0.41 1.281 0.153 -2.284 -7.681 -0.17 0.177 -0.628 0.635 0.408 0.343 1.077 -2.672 -0.636 0.614 -0.722 -0.189 -3.021 -1.012 0.357
9 V -1.116 -1.516 -7.129 -3.611 -7.287 -2.553 -4.822 -5.468 -3.293 2.962 1.143 -4.547 1.209 3.14 -10.014 -3.012 -2.109 -7.566 3.69 3.418