#Seq2Logo.py -Z on -y 0.25:2.0 -H ends -f 38081.peps -o QEFFIASGAAVDAIMESSFDYFDIDRLTYHVGFT_el -I 2 --format PNG -b 50 -C 0 -l 1
Last position-specific scoring matrix computed, values are in halfbits
A R N D C Q E G H I L K M F P S T W Y V
1 F -8.814 -9.34 -9.564 -10.109 -8.097 -9.711 -9.942 -9.873 -6.561 2.48 -2.109 -9.494 -6.689 6.653 -10.748 -9.716 -8.879 2.722 6.654 -2.374
2 V -0.061 1.89 -1.299 -4.62 -7.577 -0.458 0.879 -6.517 -0.553 2.017 -0.438 1.978 -5.108 -0.453 -9.403 -1.89 -0.089 -1.206 -0.176 2.485
3 A 2.125 -0.217 -1.143 -3.157 -4.745 -1.225 -2.403 -1.853 -2.072 2.023 0.337 -2.173 0.856 -0.916 -0.472 -0.638 -1.396 -8.419 1.986 2.047
4 V 1.39 -2.967 -1.972 -4.3 -7.204 -0.351 -3.303 -8.703 -1.663 2.229 1.686 1.906 1.616 0.804 -9.52 -2.542 -1.113 -8.762 -4.87 2.799
5 K 0.022 0.372 2.017 -0.461 -7.773 0.245 -0.315 -2.141 1.012 -0.06 -2.639 2.84 -0.73 -4.113 -0.877 0.51 0.446 -9.092 -1.564 0.336
6 K -2.938 5.311 -2.042 -7.869 -8.585 -3.562 -5.04 -7.206 -0.228 -4.518 -8.841 5.825 -5.668 -7.085 -4.655 -2.306 -0.866 -9.287 -8.52 -4.347
7 A 1.681 1.474 1.014 -4.612 -7.548 0.875 -0.654 -1.844 0.43 0.659 0.91 0.606 -0.969 -0.986 -0.217 -1.604 -2.977 -1.225 -2.994 0.896
8 K 0.47 1.424 -0.77 -2.528 -7.761 0.786 -0.243 -0.345 0.435 0.058 0.631 2.241 -0.994 -3.119 1.258 -1.246 -2.739 -4.689 -1.03 0.044
9 A 2.268 0.6 -1.431 -0.482 -7.572 3.09 -0.619 2.243 -1.571 -0.962 -2.821 -1.267 -5.493 -5.492 -3.734 0.808 -1.88 -4.678 -0.038 0.181