#Seq2Logo.py -Z on -y 0.25:2.0 -H ends -f 38081.peps -o QEFFIASGAAVDAIMESSFEYYDLDRLNYHVGFT_el -I 2 --format PNG -b 50 -C 0 -l 1
Last position-specific scoring matrix computed, values are in halfbits
A R N D C Q E G H I L K M F P S T W Y V
1 F -8.737 -9.418 -9.642 -10.119 -7.935 -9.799 -10.026 -9.915 -6.887 3.479 -1.434 -9.54 -4.902 6.582 -10.732 -9.745 -8.764 1.689 6.015 -1.241
2 V -0.288 2.241 -3.446 -6.003 -7.457 -0.32 0.394 -7.545 -1.233 2.837 -0.154 1.48 -3.165 -2.675 -9.52 -3.37 -0.855 -0.615 -1.013 3.305
3 A 2.257 -0.574 -1.533 -4.793 -7.209 -1.915 -3.927 -2.545 -1.227 2.795 -0.207 -0.713 1.844 -0.73 -0.897 -1.373 -2.274 -8.389 1.989 2.251
4 N 1.252 -1.722 4.606 0.293 -7.673 -0.458 -1.776 -6.138 0.24 0.712 -0.698 2.019 -0.183 -4.71 -9.246 -1.208 -1.698 -9.29 -6.292 0.882
5 K 0.017 1.104 1.702 -0.72 -7.84 0.122 -0.615 -2.51 0.834 -0.256 -2.502 3.19 -1.38 -3.619 0.62 -0.436 -0.083 -9.137 -1.87 0.544
6 K 1.606 3.964 0.497 -7.875 -7.904 -2.567 -5.216 -3.363 1.334 -2.533 -7.593 4.443 -5.606 -8.992 -0.448 -0.689 0.102 -9.345 -8.458 -0.853
7 A 2.158 0.508 1.255 -4.601 -7.449 1.151 -0.875 -1.831 0.631 0.508 0.643 -0.148 -1.69 -1.857 0.429 -1.345 -1.553 -4.692 -2.186 1.128
8 K 0.409 2.111 -0.335 -5.792 -7.802 0.586 -0.06 -1.056 0.438 0.135 0.384 2.705 -2.165 -4.078 1.331 -1.238 -1.262 -4.714 -2.21 -0.589
9 A 2.098 3.11 -0.758 -5.18 -7.5 1.934 -3.192 0.72 -2.027 0.474 -2.337 -0.015 -1.743 -4.653 -6.153 0.964 -1.7 -8.854 -0.031 0.882