#Seq2Logo.py -Z on -y 0.25:2.0 -H ends -f 38081.peps -o QEFFIASGAAVDAIMESSFDYFDLQKATYHVVFT_el -I 2 --format PNG -b 50 -C 0 -l 1
Last position-specific scoring matrix computed, values are in halfbits
A R N D C Q E G H I L K M F P S T W Y V
1 I -8.05 -9.652 -10.09 -10.144 -6.959 -9.822 -10.319 -10.232 -9.489 6.631 1.918 -9.459 -0.47 -4.139 -10.355 -9.799 -7.934 -8.946 -6.133 3.038
2 V 0.408 1.888 -0.789 -4.592 -7.533 0.352 1.396 -5.829 -0.557 1.977 -1.285 1.431 -2.108 -2.397 -9.388 -3.568 -0.287 -1.222 -1.54 3.078
3 A 1.688 -0.094 -0.497 -2.569 -7.322 -0.345 -1.4 -2.003 -3.307 1.919 -0.12 -1.056 0.292 -1.155 0.702 -0.05 -0.382 -1.979 -0.375 1.831
4 D 0.855 -8.171 0.499 4.134 -7.682 -0.171 2.455 -8.376 -5.395 1.705 0.304 -7.688 0.276 -2.767 -9.313 -1.73 -1.724 -9.301 -8.524 1.132
5 K 1.075 -0.489 1.643 0.554 -7.877 0.481 1.03 0.394 0.449 -1.75 -5.461 2.366 -2.829 -6.84 1.539 -0.175 -0.083 -9.352 -3.09 -0.964
6 K -4.493 5.774 -3.213 -7.908 -8.875 -6.287 -6.156 -7.264 -1.134 -9.121 -9.025 6.177 -8.117 -9.482 -6.076 -5.664 -4.8 -9.305 -8.594 -6.57
7 L 0.646 -1.102 0.936 -1.159 -7.59 1.154 1.179 -0.943 -2.044 1.002 1.188 -1.038 -1.303 -0.79 -0.602 -0.285 -0.613 -3.013 -0.573 -0.094
8 L 0.757 1.667 -0.614 -1.494 -7.72 0.887 0.49 -0.342 -0.543 0.148 0.854 1.747 -1.706 -3.114 -0.464 -1.238 -0.988 -8.932 -1.034 -0.384
9 A 2.027 2.685 -4.222 -3.423 -7.559 2.311 -2.32 1.282 -2.541 -0.452 -1.858 -0.988 -0.187 -1.158 -4.198 0.682 -3.232 -8.43 1.982 0.556