#Seq2Logo.py -Z on -y 0.25:2.0 -H ends -f 38081.peps -o QEFFIASGAAVDAIMELSFEHYDLQKQNYHVAFT_el -I 2 --format PNG -b 50 -C 0 -l 1
Last position-specific scoring matrix computed, values are in halfbits
A R N D C Q E G H I L K M F P S T W Y V
1 I -8.297 -9.429 -9.895 -10.171 -7.313 -9.698 -10.123 -10.063 -8.106 4.84 2.431 -9.44 0.197 3.755 -10.507 -9.759 -8.277 1.856 3.505 2.265
2 V 0.281 1.713 -0.349 -2.811 -7.516 0.092 -0.17 -4.059 -0.269 1.821 -0.504 0.603 -0.664 -0.01 -9.418 -1.739 1.142 -2.974 0.869 1.996
3 I 1.645 -0.315 0.452 -4.218 -3.447 -1.647 -2.807 -2.949 -0.289 2.599 -0.108 0.012 1.587 -1.572 1.03 -0.291 -1.884 -8.82 -0.188 1.42
4 N -7.385 -7.398 8.421 1.275 -8.728 -6.078 -5.777 -7.132 -6.056 -9.55 -10.029 -7.23 -9.059 -9.3 -9.435 -3.834 -6.385 -9.892 -9.024 -7.821
5 P 0.651 -0.524 1.891 0.078 -7.717 -1.594 -0.241 -0.327 0.998 0.46 -1.78 1.368 -1.774 -5.554 2.281 -0.188 0.102 -3.083 -4.26 0.034
6 A 3.679 -8.247 3.003 -3.646 -7.106 -4.684 -4.182 1.604 -7.742 -1.867 -7.503 -7.765 -7.939 -8.78 1.732 1.81 1.347 -9.533 -8.855 0.412
7 A 0.811 -1.997 2.231 -1.476 -7.623 0.667 0.177 -1.993 1.615 1.422 -0.215 -1.176 -0.696 -2.125 1.958 -0.448 -1.397 -4.701 -1.27 0.439
8 K 0.703 1.288 1.026 -2.755 -7.703 -0.457 0.101 -0.827 -0.263 -0.141 -0.109 1.643 -0.708 -2.758 1.4 -1.009 0.355 -8.958 -0.588 -0.3
9 A 2.135 -4.609 2.492 -2.777 -4.702 -0.842 -2.8 0.462 -1.232 1.823 -0.585 -4.806 -0.404 -6.365 -6.179 1.071 0.458 -9.172 -4.256 2.309