#Seq2Logo.py -Z on -y 0.25:2.0 -H ends -f 38081.peps -o QEFFIASGAAVDAIMEVHFDYFDLQRATYHVVFT_el -I 2 --format PNG -b 50 -C 0 -l 1
Last position-specific scoring matrix computed, values are in halfbits
A R N D C Q E G H I L K M F P S T W Y V
1 I -8.027 -9.618 -10.08 -10.15 -6.951 -9.794 -10.29 -10.212 -9.486 6.409 2.144 -9.449 0.017 -2.821 -10.353 -9.778 -7.931 -8.927 -8.017 3.331
2 V 0.703 2.103 -3.791 -4.634 -7.541 0.579 0.483 -5.258 1.47 1.616 -1.042 1.982 -4.049 -2.387 -9.316 -2.174 0.356 -8.747 -0.009 2.583
3 A 1.568 -0.562 1.096 -3.763 -7.349 -0.498 -2.013 -1.688 -2.054 1.909 -0.655 -1.477 0.072 -0.442 -0.099 0.68 0.109 -2.985 1.101 1.252
4 L 0.266 -8.871 -6.062 -4.42 -7.106 -0.717 -2.106 -9.302 -5.754 3.403 2.922 -8.738 3.336 2.634 -10.001 -4.662 -3.282 -4.541 -3.345 2.565
5 D 0.16 0.781 0.604 1.932 -7.867 0.894 0.653 -0.922 -0.534 -1.556 -3.533 1.493 -1.804 -3.236 1.472 0.387 0.672 -9.313 -3.614 -0.433
6 N -0.345 -7.971 4.714 4.043 -7.582 -7.815 -5.739 -5.39 -7.289 -2.983 -8.73 -7.584 -8.144 -8.874 -5.278 1.735 4.011 -9.624 -8.937 -0.629
7 L 1.257 -1.431 2.588 -3.695 -7.565 1.146 -0.879 -1.411 -0.846 -0.212 1.104 -1.463 -0.983 -1.591 1.782 -0.535 -1.717 -1.979 0.148 0.211
8 L 0.412 0.939 -0.922 -3.038 -7.808 1.654 0.565 -0.527 0.227 -0.814 0.619 1.843 -2.695 -2.139 1.785 -0.203 -1.903 -3.03 -0.581 -1.411
9 G 3.412 -7.709 -3.614 -2.028 -4.816 4.174 -1.314 3.744 0.226 -7.219 -7.156 -7.259 -8.128 -6.997 -4.64 2.309 -4.173 -9.299 -8.698 -4.62