#Seq2Logo.py -Z on -y 0.25:2.0 -H ends -f 38081.peps -o QEFFIASGAAVDAIMEVHFDYYSLQKATYHVVFT_el -I 2 --format PNG -b 50 -C 0 -l 1
Last position-specific scoring matrix computed, values are in halfbits
A R N D C Q E G H I L K M F P S T W Y V
1 I -8.018 -9.585 -10.059 -10.157 -6.966 -9.78 -10.258 -10.185 -9.37 6.1 2.3 -9.449 -0.219 -0.509 -10.362 -9.758 -7.947 -8.768 -4.099 3.595
2 V 0.969 2.434 -2.997 -1.501 -7.593 -0.446 1.185 -5.223 0.438 1.263 -0.6 1.546 -4.084 -3.074 -9.277 -0.631 -0.61 -4.638 0.304 1.944
3 A 1.65 -1.129 0.652 -4.68 -3.436 -0.507 -2.592 -1.05 -2.074 1.773 -0.243 -1.49 0.08 -0.291 0.122 0.303 -0.488 -4.61 0.733 1.957
4 I 0.913 -8.391 -4.861 2.441 -7.343 0.2 1.646 -7.397 -8.068 2.833 1.224 -7.987 1.332 -0.781 -9.466 -1.624 -0.391 -9.031 -8.168 2.098
5 K 0.015 -0.048 1.044 1.771 -7.894 0.792 1.029 -1.409 -0.536 -0.175 -2.39 1.541 -2.776 -1.926 1.536 -0.434 0.357 -2.015 -3.585 -0.614
6 D -0.777 -8.043 4.235 4.236 -7.589 -7.855 -4.302 -6.757 -7.397 -2.467 -7.635 -7.634 -5.689 -8.827 -1.744 1.606 3.843 -9.649 -8.938 0.322
7 N 1.209 -5.102 3.163 0.183 -7.61 0.664 0.483 -2.498 -2.579 0.4 0.719 -4.287 -2.165 -1.635 2.329 -0.438 -0.723 -2.012 -3.576 -0.574
8 A 1.165 1.547 -0.2 -2.044 -7.754 0.583 0.893 -1.046 0.224 -1.071 0.273 1.649 -2.709 -2.455 1.535 -0.62 -1.258 -4.707 -1.864 -0.811
9 D -2.788 -7.722 -3.715 6.4 -8.97 0.291 4.726 -2.704 -2.485 -7.697 -9.867 -7.014 -8.965 -9.599 -7.189 -2.29 -6.877 -9.81 -9.249 -9.225