#Seq2Logo.py -Z on -y 0.25:2.0 -H ends -f 38081.peps -o QEFFIASGAAVDAIMESGFDYFSIDRLTYHVGFT_el -I 2 --format PNG -b 50 -C 0 -l 1
Last position-specific scoring matrix computed, values are in halfbits
A R N D C Q E G H I L K M F P S T W Y V
1 F -8.795 -9.302 -9.537 -10.098 -8.104 -9.65 -9.905 -9.87 -6.467 2.233 -2.116 -9.454 -3.955 6.546 -10.716 -9.69 -8.872 2.161 6.863 -2.034
2 V -0.214 2.481 -1.111 -3.714 -7.703 -0.602 1.649 -5.843 -0.262 1.504 -0.967 2.03 -7.016 -0.966 -9.381 -3.331 -0.506 -2.991 0.601 2.512
3 A 2.125 -1.305 -2.756 -1.561 -7.262 -2.478 -2.038 -2.178 -1.609 1.975 -0.102 -2.004 1.716 0.154 -0.606 -0.639 -0.978 -2.931 2.531 1.923
4 L -0.302 -0.817 -7.02 -6.301 -7.344 -1.673 -3.953 -9.161 -0.906 2.405 1.97 1.902 1.059 2.931 -9.803 -5.999 -2.757 -8.242 -0.302 2.981
5 K 0.024 0.645 0.782 -0.46 -7.848 0.904 0.582 -1.826 -0.255 -1.227 -2.665 3.28 -2.23 -3.223 0.437 0.383 -0.08 -4.749 -4.244 0.396
6 K -0.892 4.369 -1.406 -6.57 -8.265 -1.241 -2.033 -4.706 0.016 -2.354 -5.88 5.281 -5.604 -4.907 -2.428 -0.352 -0.982 -9.211 -4.254 -2.269
7 A 2.017 0.678 0.461 -4.144 -7.479 0.773 0.171 -1.555 1.319 1.322 1.232 -0.15 -0.957 -1.835 -1.386 -2.015 -1.903 -3.024 -1.836 0.385
8 L 0.526 1.289 -2.157 -4.159 -7.711 1.495 0.181 -0.639 0.429 0.935 0.908 1.886 -0.673 -2.74 1.256 -3.575 -2.304 -4.692 -1.856 0.576
9 D -0.378 -3.615 -2.494 4.984 -8.332 1.818 4.048 -0.826 -2.519 -1.747 -2.734 -5.542 -5.683 -6.827 -5.321 -2.652 -4.325 -4.778 -2.665 -0.272