#Seq2Logo.py -Z on -y 0.25:2.0 -H ends -f 38081.peps -o QEFFIASGAAVDAIMESSFDYFDIQAATYHVVFT_el -I 2 --format PNG -b 50 -C 0 -l 1
Last position-specific scoring matrix computed, values are in halfbits
A R N D C Q E G H I L K M F P S T W Y V
1 I -8.045 -9.662 -10.105 -10.154 -6.949 -9.84 -10.33 -10.244 -9.547 6.632 2.118 -9.469 -2.239 -6.653 -10.353 -9.811 -7.93 -9.001 -8.134 3.095
2 V 0.862 1.997 -1.694 -2.529 -7.55 -0.3 1.345 -5.804 -0.277 1.923 -1.034 1.841 -1.68 -2.726 -9.346 -3.096 -0.854 -1.987 -1.545 2.717
3 I 1.352 0.398 -0.099 -2.105 -7.395 -0.5 -1.268 -0.729 -5.434 2.188 -0.442 -1.79 -0.973 -0.154 0.52 -0.053 -0.607 -4.624 0.456 1.556
4 Y 0.952 -4.657 -1.539 -2.612 -7.505 -0.681 -0.025 -7.519 1.179 1.885 0.597 -3.719 0.866 3.225 -9.767 -4.217 -1.59 -0.515 4.004 1.611
5 K 1.022 0.801 1.504 -0.003 -7.948 0.258 1.315 -0.702 1.336 -3.02 -4.794 2.777 -3.5 -6.827 1.336 -0.509 -0.284 -2.02 -3.068 -0.861
6 K -5.28 5.964 -1.808 -7.876 -8.917 -3.993 -4.557 -8.515 -0.49 -7.499 -9.017 5.935 -8.116 -9.459 -6.094 -6.985 -5.347 -9.292 -8.566 -6.574
7 L 0.641 0.514 0.664 -2.512 -7.675 1.493 0.691 -2.178 0.444 0.929 1.263 0.213 -1.677 -0.017 -0.892 -0.636 -1.565 -4.6 0.466 -0.871
8 L 0.527 1.009 -0.332 -0.373 -7.775 0.574 -0.062 0.443 -0.013 -0.133 0.852 2.023 -0.994 -2.74 0.016 -2.171 -1.575 -4.673 -0.586 -0.391
9 A 2.135 2.557 -4.198 -3.409 -7.509 2.311 -2.32 2.048 -2.032 -0.351 -2.621 -1.707 -0.723 -2.428 -4.19 0.963 -2.263 -8.727 0.584 0.75