#Seq2Logo.py -Z on -y 0.25:2.0 -H ends -f 38081.peps -o QEFFIASGAAVDAIMESSFEYYDLRRATYHVVFT_el -I 2 --format PNG -b 50 -C 0 -l 1
Last position-specific scoring matrix computed, values are in halfbits
A R N D C Q E G H I L K M F P S T W Y V
1 I -8.048 -9.664 -10.095 -10.144 -6.955 -9.832 -10.327 -10.237 -9.525 6.678 1.859 -9.464 -0.748 -4.767 -10.354 -9.803 -7.929 -8.981 -8.098 3.039
2 V 0.28 1.999 -1.916 -2.525 -7.607 0.357 1.503 -6.518 -0.02 2.447 -1.29 2.027 -5.136 -3.988 -9.368 -3.112 -1.725 -3.029 -1.024 2.813
3 V 1.522 0.115 -0.803 -3.822 -7.343 0.546 -2.017 -2.018 -0.031 2.287 -0.488 -1.058 1.169 -1.139 0.224 -1.369 -1.251 -4.623 0.46 2.351
4 L 1.758 -8.42 0.995 -1.909 -7.151 -0.515 -0.021 -7.34 -1.656 2.81 2.078 -5.428 2.199 -0.755 -9.572 -1.9 -1.715 -8.893 -6.084 2.224
5 K 1.484 0.272 1.128 0.466 -7.802 -0.429 1.313 -1.388 1.622 -1.26 -4.739 2.446 -2.265 -6.79 0.882 0.122 -0.08 -9.317 -3.603 -0.527
6 K -4.85 5.716 -2.287 -7.874 -8.852 -4.001 -5.521 -8.474 0.473 -9.118 -7.942 6.035 -8.103 -9.433 -6.08 -4.762 -3.299 -9.288 -8.513 -7.494
7 A 1.561 -0.946 1.019 -2.488 -7.603 1.412 1.399 -1.838 -0.261 0.855 0.638 -0.903 -1.701 -0.314 0.523 -0.624 -1.723 -4.643 -0.368 -0.56
8 K 0.15 1.358 -0.617 -0.751 -7.753 0.349 -0.244 0.37 -2.055 0.64 0.858 2.28 -0.164 -4.624 0.229 -1.88 -1.737 -3.043 -1.572 -0.112
9 A 2.027 -0.222 -4.365 -5.388 -7.153 0.533 -5.134 0.946 -2.115 2.649 0.637 -3.343 0.693 -1.339 -7.428 0.159 -1.545 -8.731 -0.573 2.212