#Seq2Logo.py -Z on -y 0.25:2.0 -H ends -f 38081.peps -o QEFFIASGAAVDAIMESSFDYYALRRENYHVVFT_el -I 2 --format PNG -b 50 -C 0 -l 1
Last position-specific scoring matrix computed, values are in halfbits
A R N D C Q E G H I L K M F P S T W Y V
1 I -8.069 -9.556 -10.092 -10.178 -6.962 -9.751 -10.278 -10.217 -9.448 6.166 2.99 -9.432 0.631 -3.61 -10.365 -9.801 -7.979 -8.897 -8.034 2.94
2 V 0.866 1.356 -0.21 -1.67 -7.558 -0.157 1.069 -5.217 1.163 1.561 -1.134 1.933 -4.074 -2.741 -9.301 -1.244 -1.55 -4.688 -1.846 2.712
3 A 1.841 -0.693 0.019 -3.113 -7.352 -1.015 -1.544 -2.164 -0.026 1.612 -0.797 -0.935 0.84 -0.151 0.871 -0.126 -0.844 -1.962 0.604 1.826
4 S 2.068 -8.121 3.052 2.186 -7.259 -2.742 -0.237 -4.554 -3.26 0.863 -2.751 -7.705 -3.376 -5.519 -9.059 2.271 1.23 -9.401 -8.603 1.768
5 A 1.121 -0.06 0.875 1.659 -7.796 -0.775 1.414 -0.414 -0.254 -0.978 -3.733 0.823 -2.805 -4.135 1.404 -0.178 0.743 -4.723 -0.601 -0.621
6 K -3.166 6.041 -5.237 -7.992 -8.786 -1.866 -7.035 -7.281 -0.221 -7.434 -8.95 5.682 -8.067 -9.413 -4.67 -4.769 -3.3 -9.276 -8.542 -5.271
7 E 1.068 -3.625 1.822 -0.84 -7.657 1.248 2.096 -1.548 -0.528 0.484 0.236 -1.602 -2.16 -1.377 0.017 -0.443 -1.111 -8.768 0.451 0.21
8 L 0.219 1.08 -0.924 -0.876 -7.732 0.684 0.762 0.074 -1.597 0.404 0.68 1.743 0.062 -3.126 0.125 -1.355 -0.507 -3.043 -2.213 -0.289
9 V -1.956 -9.238 -9.73 -6.553 -6.976 -3.344 -6.072 -6.964 -8.912 4.364 3.034 -9.149 0.783 0.543 -10.189 -6.223 -5.92 -8.509 -0.751 4.108