#Seq2Logo.py -Z on -y 0.25:2.0 -H ends -f 38081.peps -o QEFFIASGAAVDAIMWLFLECYDLQRANYHVVFT_el -I 2 --format PNG -b 50 -C 0 -l 1
Last position-specific scoring matrix computed, values are in halfbits
A R N D C Q E G H I L K M F P S T W Y V
1 I -8.039 -9.534 -10.058 -10.18 -6.981 -9.755 -10.238 -10.175 -9.303 5.742 2.903 -9.443 -0.213 0.196 -10.376 -9.763 -7.986 -8.674 -3.452 3.541
2 V 0.217 2.295 -1.465 -3.027 -7.683 0.991 1.97 -4.053 2.003 0.878 -0.98 0.624 -3.286 -0.48 -9.327 -1.736 0.004 -8.835 -2.154 2.18
3 A 2.872 -0.546 -3.425 -4.233 -2.526 0.863 -2.357 -3.667 -0.281 1.441 -0.959 0.359 0.665 -0.959 0.525 -0.359 -1.882 -1.205 0.735 1.455
4 L 1.003 -8.321 -3.17 -7.009 -7.243 1.311 1.947 -6.687 -8.169 1.563 4.386 -8.094 2.709 -4.271 -9.736 -6.616 -5.989 -8.815 -8.132 -0.443
5 K 0.71 1.429 -1.621 -0.019 -7.837 1.431 1.202 -0.714 1.331 -1.891 -3.343 1.804 -4.314 -5.595 1.405 -0.261 1.016 -9.158 -1.573 -0.247
6 A 5.214 -8.611 -2.68 -8.253 -6.987 -8.46 -8.548 4.613 -8.12 -8.503 -8.973 -7.968 -8.405 -9.099 0.804 -0.056 -5.789 -9.454 -9.13 -5.426
7 A 1.347 -0.164 1.265 -2.468 -7.683 2.547 1.561 -1.69 0.652 0.237 -0.045 -0.038 -3.314 -4.583 -1.565 -1.716 -0.854 -1.975 0.449 0.631
8 K 0.409 1.292 -1.097 -3.372 -4.963 0.351 0.183 0.301 1.166 -0.245 0.531 2.113 -1.005 -2.435 1.723 -1.735 -1.27 -4.691 -1.278 -0.911
9 V 3.195 -9.01 -6.043 -9.446 -2.414 -5.78 -9.345 -1.069 -8.942 2.735 2.38 -8.737 -1.167 -7.25 -7.491 -3.874 -3.219 -9.084 -8.321 4.112