#Seq2Logo.py -Z on -y 0.25:2.0 -H ends -f 38081.peps -o QEFFIASGAAVDAIMELSLEHYDLQKQNYHVGFT_el -I 2 --format PNG -b 50 -C 0 -l 1
Last position-specific scoring matrix computed, values are in halfbits
A R N D C Q E G H I L K M F P S T W Y V
1 F -8.617 -9.336 -9.666 -10.138 -7.827 -9.666 -9.968 -9.909 -6.967 3.036 0.441 -9.456 -2.495 5.79 -10.676 -9.72 -8.668 4.052 5.988 0.634
2 V -0.134 1.931 -2.172 -3.126 -7.461 0.448 -0.268 -3.778 -0.561 1.933 0.232 -0.055 -0.94 -0.006 -9.499 -2.192 0.947 -2.981 0.321 2.592
3 I 1.26 0.409 0.016 -5.281 -1.297 -0.831 -3.288 -2.54 -0.289 2.597 -0.17 0.356 1.453 -0.96 0.786 -0.058 -1.548 -8.819 -0.569 1.21
4 N -3.996 -7.586 7.696 4.286 -8.717 -5.177 -3.86 -7.294 -6.318 -5.784 -9.949 -7.317 -9.054 -9.345 -9.356 -3.359 -5.109 -9.95 -9.147 -7.741
5 P 0.709 -0.056 1.035 0.267 -7.698 -1.161 -0.145 -1.538 0.823 -0.154 -2.122 1.587 -2.226 -4.755 2.478 0.181 0.362 -4.759 -2.614 0.479
6 A 3.962 -8.236 2.549 -2.739 -7.054 -3.156 -5.521 1.104 -5.449 -2.457 -6.809 -7.749 -5.623 -8.781 1.968 1.732 1.517 -9.532 -8.823 0.193
7 A 1.258 -3.3 2.004 -0.723 -7.603 0.669 0.757 -1.545 1.614 1.476 -0.763 -1.463 -1.007 -3.129 1.902 -1.011 -0.977 -4.722 -1.858 0.642
8 A 0.916 1.66 -0.475 -2.07 -7.68 -0.311 0.179 -0.833 0.432 0.635 0.235 1.261 -2.682 -2.427 1.467 -1.351 -0.292 -8.976 -1.029 -0.029
9 A 2.03 -6.825 2.392 -0.489 -2.512 -0.504 -2.004 0.097 -2.62 1.218 -0.965 -4.804 0.662 -4.586 -7.331 0.913 0.293 -9.042 -1.573 2.448