#Seq2Logo.py -Z on -y 0.25:2.0 -H ends -f 38081.peps -o QEFFIASGAAVDAIMESSFDYFDFRRETYHVVFT_el -I 2 --format PNG -b 50 -C 0 -l 1
Last position-specific scoring matrix computed, values are in halfbits
A R N D C Q E G H I L K M F P S T W Y V
1 I -8.058 -9.583 -10.076 -10.157 -6.967 -9.759 -10.28 -10.214 -9.393 6.347 2.479 -9.432 0.801 -3.609 -10.357 -9.787 -7.96 -8.86 -4.153 3.002
2 V 0.469 1.844 -0.204 -1.475 -7.707 0.249 1.751 -4.771 -0.009 1.201 -2.167 2.368 -2.157 -2.139 -9.267 -2.168 -1.114 -3.032 -1.546 2.366
3 A 1.842 -0.434 -0.642 -3.437 -7.362 -0.059 -1.54 -1.293 -0.282 1.612 -0.442 -0.578 0.668 -0.958 0.953 -0.368 -1.394 -8.705 0.597 1.826
4 A 2.981 -8.613 -1.53 -4.766 -6.81 -6.706 -2.434 -5.656 -3.423 2.596 0.958 -7.023 0.879 -3.027 -9.316 0.959 0.689 -9.069 -8.215 3.211
5 K 0.707 1.023 0.692 0.277 -7.827 -0.14 0.778 -1.153 1.176 -0.604 -2.393 2.56 -2.236 -5.537 0.025 -0.105 0.67 -4.719 -1.293 -0.824
6 R -8.109 6.726 -7.266 -8.065 -9.035 -6.259 -7.051 -8.659 -1.947 -9.291 -9.022 5.558 -8.123 -9.487 -9.122 -8.069 -8.194 -9.255 -8.613 -8.997
7 A 2.29 0.028 0.567 -2.765 -7.513 0.218 0.879 0.01 -0.265 0.24 0.59 -0.45 -1.326 -0.464 -1.042 -0.906 -1.898 -8.718 -0.011 -0.281
8 L 0.152 0.856 -0.476 -1.87 -7.699 0.573 0.18 0.702 -0.863 0.333 1.222 1.93 0.482 -5.349 -0.467 -1.878 -0.992 -3.04 -1.875 -0.025
9 A 1.96 -5.917 -2.424 -1.724 -7.191 2.171 -3.549 1.429 -2.1 2.284 -0.056 -7.958 -0.14 -1.825 -5.385 0.791 -1.235 -8.847 -1.026 2.164