#Seq2Logo.py -Z on -y 0.25:2.0 -H ends -f 38081.peps -o QEFFIASGAAVMAIMEYRFDCFDFERERVHVGFT_el -I 2 --format PNG -b 50 -C 0 -l 1
Last position-specific scoring matrix computed, values are in halfbits
A R N D C Q E G H I L K M F P S T W Y V
1 Y -8.861 -9.15 -9.399 -10.07 -8.335 -9.453 -9.747 -9.815 -5.978 -1.441 -3.202 -9.337 -3.262 6.456 -10.683 -9.613 -9.011 2.387 7.734 -3.17
2 V 0.59 2.517 -1.483 -3.794 -7.467 0.221 -1.246 -5.25 1.469 1.225 -1.031 0.684 0.08 -1.358 -9.394 -1.134 0.67 -2.995 0.162 2.746
3 A 2.823 -0.569 -2.152 -4.205 -4.754 -1.213 -3.025 -0.061 -0.551 1.239 -1.072 -2.15 -0.428 -0.603 1.113 1.359 -0.376 -8.492 1.899 -0.75
4 A 4.27 -6.842 -1.674 -3.098 -6.732 -6.514 -3.858 -3.02 -3.362 0.592 -2.163 -3.97 -1.334 -3.576 -7.112 2.411 2.205 -9.206 -8.409 1.606
5 K 0.166 1.161 -0.172 0.269 -7.771 0.794 -0.313 -0.418 1.171 -1.538 -2.681 2.075 -4.297 -5.598 1.264 0.806 1.021 -9.24 -2.615 0.093
6 A 3.796 -3.677 0.485 -3.702 -6.999 -5.381 -3.238 -0.867 0.807 -3.134 -6.708 -1.956 -7.743 -8.655 1.609 2.109 2.329 -9.44 -8.541 1.165
7 A 2.566 -0.19 1.554 -2.495 -7.475 -0.177 0.479 -0.806 1.615 0.146 0.012 -1.302 -2.169 -1.621 0.019 -0.348 -1.549 -3.031 -1.266 -0.027
8 K 1.117 1.951 -2.386 -2.771 -4.957 0.115 0.492 -0.938 0.634 -0.818 -0.003 2.287 -2.192 -3.608 2.429 -1.591 -0.862 -9.166 -2.604 -0.922
9 A 3.869 -6.811 -1.281 -0.761 -6.973 1.047 -2.161 0.546 -3.337 0.515 -0.905 -5.898 -0.993 -6.511 -6.099 1.371 -0.942 -9.254 -8.539 1.909