#Seq2Logo.py -Z on -y 0.25:2.0 -H ends -f 38081.peps -o QEFFIASGAAVDAIMEVHFDYYDLQKANYHVGFT_el -I 2 --format PNG -b 50 -C 0 -l 1
Last position-specific scoring matrix computed, values are in halfbits
A R N D C Q E G H I L K M F P S T W Y V
1 F -8.685 -9.306 -9.608 -10.123 -7.93 -9.638 -9.934 -9.901 -6.723 2.646 0.065 -9.441 -3.117 6.05 -10.677 -9.705 -8.749 3.036 6.458 -0.306
2 V -0.525 1.937 -0.942 -2.096 -7.498 -0.982 -0.081 -4.419 -1.211 1.291 -0.12 1.136 -2.607 -0.296 -9.422 -0.462 0.441 -4.609 0.315 2.84
3 I 1.02 0.661 0.352 -2.837 -7.39 -1.649 -2.39 -2.742 -4.159 2.708 -0.108 -0.93 1.014 0.37 0.224 0.488 -1.104 -4.596 0.737 0.988
4 D -0.654 -8.112 1.027 6.71 -8.427 -0.612 1.522 -8.045 -7.341 -0.43 -3.837 -7.501 -2.334 -9.079 -9.148 -2.289 -1.741 -9.868 -9.26 -2.87
5 P 0.354 -0.169 1.498 0.86 -7.773 -0.623 -0.143 -0.07 0.22 -0.706 -2.391 1.198 -2.244 -3.645 2.477 -0.266 0.595 -4.764 -3.073 0.178
6 T 1.325 -8.033 4.229 1.994 -7.254 -6.378 -7.756 -3.031 -7.488 -3.754 -7.477 -7.66 -7.858 -8.692 -2.177 2.351 3.846 -9.521 -8.796 1.315
7 A 1.164 -2.004 2.493 -1.153 -7.584 1.147 -0.346 -1.83 -0.855 1.302 0.073 -1.948 -4.14 -2.137 2.379 -0.442 -0.724 -4.72 -1.561 0.063
8 L 0.862 1.417 -1.281 -2.527 -7.704 0.229 0.411 -1.177 1.164 -0.13 0.855 1.485 -1.707 -1.186 1.258 -1.732 -0.296 -3.029 -1.537 -0.48
9 A 3.622 -5.047 -1.223 -1.309 -4.736 2.849 -2.291 3.217 -3.259 -3.028 -6.369 -5.113 -2.824 -6.891 -8.882 2.594 -1.207 -9.319 -8.779 -1.874