#Seq2Logo.py -Z on -y 0.25:2.0 -H ends -f 38081.peps -o QEFFIASGAAVDAIMEVHFDYYDLRRETYHVVFT_el -I 2 --format PNG -b 50 -C 0 -l 1
Last position-specific scoring matrix computed, values are in halfbits
A R N D C Q E G H I L K M F P S T W Y V
1 I -8.135 -9.555 -10.015 -10.154 -7.072 -9.759 -10.242 -10.178 -8.893 6.074 2.296 -9.442 0.223 1.064 -10.397 -9.781 -8.052 -8.299 0.884 2.717
2 V 0.97 2.299 -1.474 -5.89 -7.519 0.234 -0.439 -5.754 1.878 1.213 -1.699 2.073 -2.649 -2.718 -9.28 -1.237 0.44 -8.766 -0.009 2.58
3 A 2.164 -2.256 0.556 -5.252 -3.423 -1.029 -3.578 -1.984 -1.612 2.313 -0.65 -1.652 -0.973 -0.287 0.703 1.01 -0.375 -2.984 1.215 1.096
4 A 3.381 -8.747 -4.437 -5.434 -6.744 -4.843 -4.747 -6.284 -5.767 3.301 -0.575 -8.396 0.704 -0.603 -9.324 0.502 0.688 -8.969 -6.116 3.449
5 A 1.357 -0.05 -0.043 1.931 -7.693 0.473 0.582 -1.661 -0.541 -0.975 -3.528 1.322 -4.323 -4.187 1.118 0.812 1.213 -4.765 -3.617 -0.616
6 T -0.246 -8.012 3.789 2.946 -7.292 -7.896 -6.621 -6.012 -7.537 -4.135 -8.4 -7.641 -7.868 -8.707 -4.639 2.152 4.903 -9.499 -8.813 0.807
7 A 2.29 -2.47 3.158 -3.014 -7.425 0.325 -0.555 -2.481 -3.252 -0.532 1.101 -3.287 -1.705 -1.624 1.959 -0.267 -1.386 -3.056 -3.039 0.136
8 P 1.216 1.356 -1.892 -4.567 -7.694 0.788 0.417 -0.721 0.634 -1.656 0.22 1.697 -2.71 -4.101 2.57 -0.36 -1.403 -9.155 -2.215 0.029
9 A 4.171 -7.923 -2.587 1.409 -7.199 2.646 -0.826 2.187 -2.053 -2.766 -5.882 -7.422 -4.371 -8.905 -6.019 2.177 -2.648 -9.383 -8.768 -1.862