#Seq2Logo.py -Z on -y 0.25:2.0 -H ends -f 38081.peps -o QEFFIASGAAVDAIMESSFDYYDIDEETYHVVFT_el -I 2 --format PNG -b 50 -C 0 -l 1
Last position-specific scoring matrix computed, values are in halfbits
A R N D C Q E G H I L K M F P S T W Y V
1 I -8.053 -9.607 -10.077 -10.148 -6.963 -9.774 -10.291 -10.218 -9.43 6.478 2.199 -9.437 0.799 -4.127 -10.354 -9.787 -7.946 -8.902 -4.979 3.006
2 V 0.28 2.698 -1.907 -3.375 -7.661 -0.146 1.295 -5.27 -0.274 1.558 -0.733 2.409 -2.122 -1.865 -9.336 -2.892 -0.985 -3.035 -3.011 2.408
3 A 1.841 -0.558 0.136 -3.424 -7.418 -0.498 -1.541 -0.621 -2.6 1.756 -0.594 -0.367 -1.702 -0.293 1.032 -0.365 -0.726 -1.955 1.322 1.082
4 A 2.094 -0.269 2.187 -2.039 -7.504 -4.504 -1.796 -5.036 4.243 -0.04 -2.479 1.833 -4.208 -0.818 -9.134 1.073 -0.169 -4.664 -1.497 1.053
5 K 0.091 1.916 0.4 -0.987 -7.993 0.603 0.135 -0.815 1.625 -1.431 -3.989 3.426 -5.603 -8.72 1.406 0.114 -0.085 -9.249 -2.227 -1.464
6 K -8.017 6.206 -4.572 -7.956 -8.957 -5.285 -6.164 -8.563 -1.952 -9.225 -9.036 5.971 -8.121 -9.497 -9.031 -5.2 -4.808 -9.283 -8.614 -8.951
7 L -0.215 1.898 1.56 -4.51 -7.861 1.582 0.422 -2.737 2.657 -0.447 0.582 1.6 -1.71 -0.985 -1.385 -1.129 -1.122 -8.741 -0.359 -0.306
8 K -0.056 1.729 -0.616 -3.059 -7.746 0.58 -0.063 -0.438 -0.269 0.711 0.493 2.365 -0.167 -4.647 0.704 -0.633 -1.563 -9.049 -1.873 -0.029
9 A 1.484 2.515 -3.348 -2.081 -7.593 2.597 0.108 0.232 -1.571 0.493 -1.734 -1.703 -2.688 -1.172 -4.205 0.168 -3.535 -8.62 0.978 1.716