#Seq2Logo.py -Z on -y 0.25:2.0 -H ends -f 38081.peps -o QEFFIASGAAVDAIMEVHFDYYSLQRETYHVVFT_el -I 2 --format PNG -b 50 -C 0 -l 1
Last position-specific scoring matrix computed, values are in halfbits
A R N D C Q E G H I L K M F P S T W Y V
1 I -8.132 -9.51 -9.966 -10.154 -7.123 -9.733 -10.184 -10.126 -8.645 5.593 2.184 -9.437 -0.006 2.258 -10.417 -9.744 -8.087 -1.893 1.927 3.148
2 V 1.212 2.61 -2.134 -2.067 -7.599 0.585 1.13 -4.37 -0.01 1.436 -1.509 1.442 -2.663 -3.097 -9.269 -1.127 -0.85 -4.654 -0.193 2.026
3 A 2.094 -1.126 0.137 -3.778 -3.439 0.07 -1.401 -1.284 -2.064 1.763 -0.805 -1.799 -0.978 -0.15 0.015 0.241 -0.175 -2.986 0.985 1.554
4 V 2.293 -8.685 -8.75 -4.328 -6.889 -1.466 -1.449 -7.358 -8.537 3.393 1.362 -8.383 1.984 -0.585 -9.5 -0.735 0.89 -8.899 -7.994 3.055
5 K 0.283 0.351 0.69 1.415 -4.992 1.171 1.145 -1.284 -0.005 0.2 -2.009 1.595 -3.414 -1.232 0.793 -0.706 0.097 -3.06 -3.565 -0.709
6 T -0.962 -8.061 4.15 3.989 -7.518 -7.893 -5.211 -6.769 -7.442 -1.85 -8.463 -7.662 -7.972 -8.76 -2.185 1.962 3.819 -9.624 -8.899 0.979
7 A 1.801 -5.095 2.734 -0.47 -7.502 0.865 -0.072 -2.133 -2.055 0.405 0.676 -3.289 -1.336 -2.774 2.33 -0.188 -0.719 -2.018 -5.086 -0.283
8 L 1.259 0.927 -1.47 -2.276 -7.667 0.231 1.068 -1.293 0.636 -0.338 0.674 1.08 -1.717 -2.127 1.468 -0.535 -1.119 -3.029 -0.792 -0.484
9 D -4.94 -7.868 -5.326 6.918 -9.132 -2.54 4.576 -4.313 -3.963 -7.714 -9.984 -7.119 -9.127 -9.649 -9.036 -4.04 -6.934 -9.929 -9.41 -7.784