#Seq2Logo.py -Z on -y 0.25:2.0 -H ends -f 38081.peps -o QEFFIASGAAVDAIMESGFDYYSFDRLTYHAVFT_el -I 2 --format PNG -b 50 -C 0 -l 1
Last position-specific scoring matrix computed, values are in halfbits
A R N D C Q E G H I L K M F P S T W Y V
1 I -8.014 -9.542 -10.066 -10.165 -6.947 -9.724 -10.243 -10.194 -9.396 6.044 2.733 -9.416 0.802 -4.118 -10.345 -9.758 -7.943 -8.865 -4.157 3.475
2 V 0.644 2.056 -1.47 -2.493 -7.704 -0.432 2.056 -3.736 0.223 1.2 -1.233 2.328 -1.327 -2.127 -9.274 -2.334 -1.407 -4.665 -1.019 2.063
3 A 1.439 0.22 -0.634 -2.315 -4.831 -0.051 -0.459 -0.434 -1.596 1.264 -0.735 -0.569 0.661 -1.143 0.228 -0.54 -0.85 -4.595 1.424 1.592
4 L 0.64 -2.026 -8.943 -7.371 -4.688 -3.204 -2.445 -9.063 -8.471 3.219 2.409 1.276 2.315 0.018 -9.696 -3.664 -1.26 -8.749 -4.109 2.966
5 K 0.021 0.729 1.126 -0.333 -7.907 0.007 1.259 -1.825 0.236 -0.607 -2.266 3.31 -1.783 -4.788 0.026 0.383 -0.279 -9.2 -2.615 -0.83
6 K -2.572 4.922 -2.299 -7.859 -8.617 -2.438 -4.568 -8.399 0.665 -3.113 -8.793 6.098 -7.98 -9.257 -4.652 -3.063 -3.586 -9.284 -6.332 -2.913
7 A 2.124 -0.293 0.258 -2.515 -7.563 -0.801 0.685 0.239 0.997 0.636 0.635 0.875 -0.992 -1.388 -0.096 -1.015 -3.558 -1.984 -1.266 -0.566
8 L -0.134 0.774 -1.287 -2.302 -7.69 1.068 -0.07 -0.956 0.43 1.372 0.78 1.688 -0.973 -2.722 1.032 -1.747 -0.622 -4.675 -0.793 0.373
9 D -0.457 -7.735 -2.442 5.379 -8.512 0.826 4.513 -0.61 -0.809 -3.42 -7.29 -7.083 -5.887 -7.044 -4.666 -0.995 -4.763 -9.574 -5.26 -2.51