#Seq2Logo.py -Z on -y 0.25:2.0 -H ends -f 38081.peps -o QEFFIASGAAVDAIMWPRFDYFDIDRLTYHVVFT_el -I 2 --format PNG -b 50 -C 0 -l 1
Last position-specific scoring matrix computed, values are in halfbits
A R N D C Q E G H I L K M F P S T W Y V
1 I -7.989 -9.581 -10.06 -10.154 -6.946 -9.765 -10.25 -10.186 -9.408 6.112 2.274 -9.437 -0.219 -1.914 -10.346 -9.747 -7.922 -8.84 -4.132 3.756
2 R 0.078 2.896 -1.469 -2.079 -4.922 0.361 0.417 -7.355 1.001 1.383 -0.893 2.165 -2.131 -1.855 -9.343 -2.339 -0.091 -1.981 -1.26 2.066
3 A 1.35 -0.434 -1.124 -4.662 -7.486 -0.195 -0.566 -2.173 -0.267 1.996 -0.887 -0.806 -1.32 0.376 1.108 0.428 -1.11 1.022 1.995 0.724
4 Y -3.277 -4.798 -9.331 -9.934 -8.017 -9.275 -9.607 -9.639 -1.426 0.202 -0.394 -4.244 -1.273 5.742 -10.506 -6.973 -7.264 3.72 6.89 -0.011
5 K 0.594 2.308 0.071 0.175 -7.918 0.37 -0.216 -0.238 1.622 -1.416 -4.46 2.639 -3.471 -3.67 0.796 -0.263 0.356 -4.737 -2.603 -0.846
6 S 2.583 -8.048 3.91 1.173 -7.436 -4.004 -1.488 2.703 -7.374 -7.119 -9.125 -7.573 -8.402 -9.062 -1.738 2.936 0.046 -9.548 -9.014 -2.451
7 L 0.338 1.546 1.34 -4.578 -7.861 1.334 -0.862 -0.729 2.46 -0.345 0.338 1.486 -2.157 0.365 -2.221 -1.364 -2.517 -0.091 1.734 -0.697
8 K 0.157 1.084 -0.759 -3.366 -7.803 -0.163 -0.536 0.446 1.877 -0.584 -0.506 2.155 -1.028 -2.791 2.428 -0.623 -0.191 -3.051 -1.858 -0.816
9 L 2.261 -4.244 -5.105 -7.359 -4.603 -1.068 -4.778 -0.266 -4.38 2.892 2.449 -8.432 0.733 -5.051 -7.487 -0.945 -1.546 -8.94 -3.563 3.021