#Seq2Logo.py -Z on -y 0.25:2.0 -H ends -f 38081.peps -o QEFFIASGAAVMAIMESSFDYFDFEKERVHGMFT_el -I 2 --format PNG -b 50 -C 0 -l 1
Last position-specific scoring matrix computed, values are in halfbits
A R N D C Q E G H I L K M F P S T W Y V
1 I -8.163 -9.559 -10.014 -10.151 -7.091 -9.77 -10.251 -10.157 -8.977 6.039 2.138 -9.456 1.539 2.125 -10.427 -9.783 -8.074 -2.944 -0.511 2.518
2 V 0.53 2.57 -1.477 -3.724 -7.598 -0.15 1.069 -4.397 -0.023 1.716 -1.216 2.205 -1.691 -2.142 -9.305 -2.172 -0.185 -4.705 -5.012 2.41
3 A 2.74 -0.972 -0.955 -4.695 -7.229 -0.204 -3.28 -0.416 -4.193 1.264 -0.666 -0.694 -0.986 -0.795 1.26 -0.036 0.016 -8.815 -0.018 1.403
4 A 3.34 -8.109 2.459 2.183 -7.115 -4.017 -1.211 -4.869 -2.598 -0.239 -2.368 -6.61 -5.452 -5.556 -8.91 2.824 0.63 -9.407 -8.613 0.763
5 K 0.595 0.804 0.692 0.09 -7.904 0.131 0.971 -1.15 -1.177 -0.511 -3.543 3.163 -5.581 -6.771 1.54 0.045 0.102 -4.757 -2.242 -1.443
6 K -3.387 5.976 -5.234 -7.977 -8.804 -5.343 -6.206 -6.42 -0.223 -9.085 -8.991 5.841 -8.103 -9.435 -4.153 -5.656 -2.537 -9.286 -8.557 -6.541
7 A 1.879 0.234 1.415 -2.031 -7.519 0.227 1.125 -1.034 0.438 -0.032 0.586 -0.659 -0.692 -2.133 -1.377 0.315 -0.843 -8.981 -2.197 -0.197
8 L 0.914 2.345 -0.933 -2.533 -7.709 0.109 -0.066 -1.177 -0.548 0.064 0.769 2.03 -0.989 -4.632 0.955 -1.873 -1.568 -9.012 -1.291 0.207
9 A 2.907 -2.981 -0.897 -0.137 -7.316 2.899 -0.622 1.14 -0.543 -0.152 -2.94 -5.112 -1.762 -4.108 -4.156 1.986 -1.362 -9.05 -1.573 0.491