#Seq2Logo.py -Z on -y 0.25:2.0 -H ends -f 38081.peps -o QEFFIASGAAVDAIMESSFDYFDLDEATYHVVFT_el -I 2 --format PNG -b 50 -C 0 -l 1
Last position-specific scoring matrix computed, values are in halfbits
A R N D C Q E G H I L K M F P S T W Y V
1 I -8.054 -9.588 -10.101 -10.176 -6.953 -9.785 -10.294 -10.228 -9.493 6.274 2.844 -9.447 -0.734 -4.741 -10.36 -9.806 -7.962 -8.938 -8.08 3.087
2 V 0.862 1.944 -1.295 -3.727 -7.56 -0.779 1.396 -5.796 0.215 1.87 -0.377 1.793 -2.11 -2.388 -9.345 -2.18 -0.854 -1.979 -0.784 2.305
3 A 1.564 0.825 -0.497 -2.818 -7.428 0.204 -0.269 -1.704 -2.604 1.503 -0.07 -1.947 -1.684 -0.295 0.52 -0.372 -1.716 -1.961 0.734 1.866
4 K 0.064 1.49 -0.779 -6.842 -7.831 -1.155 -0.163 -7.403 4.244 1.316 0.042 2.587 -1.304 1.741 -9.494 -4.168 -1.931 -0.58 0.905 0.709
5 K 0.65 1.319 1.709 -0.698 -8.006 1.357 0.656 -0.232 0.844 -2.538 -5.115 3.284 -4.37 -8.777 0.624 -0.693 -0.611 -4.75 -2.233 -0.862
6 K -4.493 6.043 -4.577 -7.924 -8.873 -5.3 -4.556 -8.508 -2.476 -9.163 -9.021 5.97 -8.115 -9.485 -7.19 -4.089 -4.796 -9.294 -8.628 -7.504
7 K 0.34 2.307 -0.076 -5.776 -7.883 0.993 0.347 -1.855 2.558 -0.455 0.435 2.487 -2.678 -0.803 -1.383 -1.737 -1.575 -2.998 0.002 -0.699
8 K 0.41 0.941 -0.329 -0.882 -7.741 1.073 -0.739 0.155 0.634 0.402 0.488 2.401 -1.715 -4.061 0.126 -1.355 -1.262 -9.069 -2.212 0.127
9 R 0.643 5.149 -6.376 -6.932 -7.984 1.264 -3.448 0.703 -1.532 -1.386 -2.946 1.01 -2.217 -0.626 -5.386 -0.729 -4.761 -8.356 2.149 0.011