#Seq2Logo.py -Z on -y 0.25:2.0 -H ends -f 38081.peps -o QEFFIASGAAVDAIMQDYFHDYDFDRATYHVGFT_el -I 2 --format PNG -b 50 -C 0 -l 1
Last position-specific scoring matrix computed, values are in halfbits
A R N D C Q E G H I L K M F P S T W Y V
1 F -8.727 -9.305 -9.601 -10.122 -7.973 -9.642 -9.934 -9.892 -6.693 2.605 -0.111 -9.447 -2.031 6.162 -10.699 -9.712 -8.788 3.329 6.477 -1.151
2 V 1.52 1.774 -2.131 -0.26 -7.574 0.352 1.129 -3.182 0.824 0.002 -0.534 0.755 -0.988 -1.174 -9.297 -1.865 -0.393 -0.611 -0.564 2.02
3 A 1.394 0.018 -2.437 -3.451 -7.441 -0.343 -1.399 -2.539 -0.553 1.324 0.368 -0.265 -0.667 1.184 0.787 0.363 -0.85 -1.934 1.541 0.786
4 A 2.508 -8.402 -8.617 -4.242 -7.025 0.752 0.922 -4.783 -8.227 2.74 1.557 -6.875 1.978 -1.793 -9.432 -1.368 -0.603 -4.676 -4.995 2.648
5 E 0.653 0.778 -0.314 -0.122 -7.734 0.693 1.564 -1.686 -0.846 -0.262 -2.797 1.268 -2.76 -2.816 1.404 -0.513 1.66 -9.132 -1.878 0.031
6 A 4.303 -8.166 1.956 -1.135 -7.046 -5.368 -1.11 1.518 -7.692 -6.792 -8.685 -7.634 -5.708 -8.919 0.721 2.384 0.771 -9.504 -8.878 -1.17
7 A 1.255 1.075 0.151 -4.119 -7.695 0.781 0.257 0.304 1.883 0.706 0.54 1.015 -1.708 -2.09 -1.77 -2.163 -0.743 -0.604 0.6 -0.886
8 K 0.969 1.605 -2.676 -2.293 -7.722 -0.457 0.26 0.23 -0.014 -0.568 0.281 1.841 -0.431 -2.419 1.4 -1.348 -0.096 -4.661 -0.023 -1.023
9 R -4.51 6.325 -6.087 -8.009 -8.921 -3.984 -6.18 -7.322 -6.985 -7.491 -8.976 5.867 -8.092 -9.492 -9.051 -7.017 -8.135 -9.286 -8.675 -5.862