#Seq2Logo.py -Z on -y 0.25:2.0 -H ends -f 38081.peps -o QEFFIASGAAVDAIMEVHFDYYSIDRLTYHVVFT_el -I 2 --format PNG -b 50 -C 0 -l 1
Last position-specific scoring matrix computed, values are in halfbits
A R N D C Q E G H I L K M F P S T W Y V
1 I -7.999 -9.584 -10.041 -10.144 -6.965 -9.763 -10.242 -10.175 -9.31 6.123 1.971 -9.438 0.225 -0.671 -10.352 -9.737 -7.931 -8.73 -2.526 3.733
2 R 0.965 3.047 -3.355 -2.529 -7.673 0.481 0.893 -6.44 0.827 1.32 -1.715 2.293 -4.11 -4.018 -9.27 -2.68 -0.503 -3.02 -0.378 2.143
3 A 1.845 -1.132 -0.229 -5.274 -3.431 -0.508 -2.593 -1.417 -2.066 1.616 -1.033 -1.811 -0.403 0.253 -0.1 0.677 -0.274 -0.592 1.534 2.117
4 L 0.958 -8.991 -7.245 -6.412 -4.658 -3.306 -3.739 -7.691 -4.38 3.541 2.264 -6.402 1.64 3.167 -9.944 -3.694 -1.127 -1.922 -1.715 3.001
5 K -0.131 1.37 0.69 0.862 -7.915 1.264 0.651 -2.156 0.001 -0.269 -2.011 2.486 -2.755 -2.188 0.336 -0.524 0.098 -3.056 -2.595 -0.324
6 T 0.103 -8.081 4.285 3.294 -7.412 -7.953 -5.879 -5.446 -7.486 -1.059 -7.412 -7.702 -7.837 -8.66 -2.434 1.563 3.94 -9.568 -8.838 1.266
7 L 1.599 -0.417 2.227 -3.358 -7.57 1.059 -0.654 -1.836 0.634 0.792 1.222 -0.351 -2.125 -1.854 1.397 -2.007 -1.259 -1.23 -2.569 -0.364
8 A 1.304 1.154 -1.676 -3.375 -7.674 0.683 0.264 -1.052 0.822 0.054 0.627 1.98 -4.126 -3.129 1.468 -0.915 -1.408 -3.042 -1.554 -0.295
9 D -0.381 -7.682 -3.361 5.965 -8.646 1.963 4.239 -1.03 -3.135 -7.519 -9.622 -7.026 -8.741 -9.506 -8.989 -1.32 -5.958 -9.727 -9.162 -4.433