#Seq2Logo.py -Z on -y 0.25:2.0 -H ends -f 38081.peps -o QEFFIASGAAVDAIMESSFDYFDFDEATYHVGFT_el -I 2 --format PNG -b 50 -C 0 -l 1
Last position-specific scoring matrix computed, values are in halfbits
A R N D C Q E G H I L K M F P S T W Y V
1 F -8.703 -9.405 -9.674 -10.133 -7.873 -9.776 -10.031 -9.921 -7.011 3.51 -0.276 -9.525 -2.5 6.34 -10.724 -9.754 -8.725 2.87 5.772 -0.876
2 K 0.147 2.3 -0.626 -3.366 -7.669 -0.604 1.293 -5.806 -0.267 1.763 -0.074 2.202 -3.25 -1.598 -9.353 -1.747 -0.984 -1.977 -0.782 1.82
3 A 1.523 0.496 -1.497 -3.786 -4.826 0.554 -0.461 -0.836 -0.269 1.207 0.044 -1.176 -0.153 -0.761 0.013 -0.456 -1.254 -8.476 1.721 1.498
4 K 1.158 1.099 -0.481 -3.418 -4.896 -0.613 -1.646 -7.259 2.647 0.515 0.416 3.301 1.01 0.227 -9.326 -3.092 -1.265 -4.631 -1.794 1.236
5 K -0.127 1.039 1.574 -0.232 -7.946 0.903 -0.819 -1.275 1.338 -0.854 -4.166 3.394 -0.749 -3.199 0.238 -0.107 0.101 -9.059 -1.033 -0.838
6 K -7.065 6.255 -6.065 -7.989 -8.974 -6.25 -6.99 -8.578 -2.473 -9.208 -9.025 6.016 -8.116 -9.504 -9.035 -6.283 -6.891 -9.284 -8.626 -7.542
7 R 0.64 2.741 0.271 -4.56 -7.864 0.896 -0.144 -2.004 2.749 0.041 -0.051 2.251 -2.692 -1.629 -0.887 -1.241 -2.509 -1.22 -1.522 -0.401
8 K 0.153 1.09 0.269 -2.52 -7.756 0.886 -0.856 0.155 0.439 -0.038 0.584 2.517 -0.17 -3.112 -0.214 -0.819 -1.261 -4.675 -0.798 -0.299
9 G 2.397 1.352 -2.333 -2.505 -7.598 3.352 -1.611 2.901 -1.181 -1.419 -3.97 -0.309 -4.322 -8.517 -4.164 1.176 -2.698 -9.015 -0.824 -0.948