#Seq2Logo.py -Z on -y 0.25:2.0 -H ends -f 38081.peps -o QEFFIASGAAVDAIMESGFDYYALRRENYHVGFT_el -I 2 --format PNG -b 50 -C 0 -l 1
Last position-specific scoring matrix computed, values are in halfbits
A R N D C Q E G H I L K M F P S T W Y V
1 F -8.739 -9.462 -9.718 -10.146 -7.855 -9.864 -10.094 -9.944 -7.161 3.921 0.032 -9.578 -4.811 6.469 -10.754 -9.799 -8.735 2.698 5.383 -2.243
2 V -0.065 2.09 -0.495 -3.1 -7.525 -0.319 0.471 -5.863 1.16 2.647 -0.7 0.53 -1.655 -1.571 -9.502 -2.914 -0.616 -3.004 -0.178 2.849
3 I 1.118 -0.565 -1.517 -3.842 -4.786 -0.07 -3.301 -1.866 -1.237 3.088 0.184 -0.376 1.02 -1.341 1.395 -0.467 -1.398 -8.767 0.151 1.327
4 N -0.193 -7.972 4.957 3.941 -7.656 -4.573 -3.091 -7.65 -1.546 -1.088 -4.758 -7.601 -5.642 -8.701 -9.099 2.34 1.35 -9.623 -8.797 0.973
5 K 0.536 -0.264 1.432 0.716 -7.841 -0.766 1.308 -1.271 1.622 0.006 -3.946 1.794 -3.465 -8.527 1.666 0.188 0.672 -4.752 -1.884 -0.937
6 K 0.974 3.597 1.132 -6.488 -7.978 -0.108 -2.846 -2.121 1.488 -4.018 -8.741 4.285 -7.987 -6.964 -0.867 0.33 0.523 -9.311 -6.314 -2.092
7 N 0.812 -4.471 2.736 -1.614 -7.69 1.793 1.604 -0.82 0.649 0.984 -0.105 -2.116 -2.693 -2.744 0.429 -0.276 -2.073 -3.034 -0.581 0.208
8 L 0.471 0.613 -0.935 -4.09 -7.726 0.684 1.127 -1.43 -1.206 0.479 0.535 1.839 -3.313 -2.768 2.33 -1.474 -0.292 -4.714 -1.87 -0.291
9 V -2.092 -7.413 -9.631 -5.02 -6.987 -4.997 -4.114 -9.749 -5.839 4.711 1.798 -9.107 0.398 0.194 -10.143 -6.909 -4.285 -8.402 0.997 4.513