#Seq2Logo.py -Z on -y 0.25:2.0 -H ends -f 38081.peps -o QEFFIASGAAVDAIMESSFDYYALRRETYHVGFT_el -I 2 --format PNG -b 50 -C 0 -l 1
Last position-specific scoring matrix computed, values are in halfbits
A R N D C Q E G H I L K M F P S T W Y V
1 F -8.607 -9.405 -9.749 -10.155 -7.706 -9.759 -10.067 -9.961 -7.328 3.832 1.231 -9.508 -0.862 5.856 -10.678 -9.772 -8.613 2.857 5.131 -0.075
2 V 0.647 1.22 -0.077 -0.603 -7.609 -0.609 1.403 -4.023 1.0 1.265 -1.061 1.591 -2.662 -2.122 -9.284 -0.722 -0.725 -3.028 -1.267 2.221
3 A 1.686 -0.316 -0.795 -2.11 -3.462 -0.197 -1.396 -2.346 -1.611 1.912 -0.005 -0.578 0.844 -0.952 1.328 -0.131 -1.888 -8.683 0.858 1.199
4 S 2.371 -8.319 1.561 -0.148 -6.916 -5.476 -3.843 -7.875 -3.345 1.829 -2.662 -7.942 -2.654 -8.063 -9.049 2.648 2.647 -9.316 -8.506 2.788
5 K 0.353 0.062 1.206 1.16 -7.864 -0.287 1.468 -1.402 0.002 -0.61 -4.177 1.796 -1.804 -5.567 1.538 -0.103 0.815 -4.736 -1.05 -0.521
6 R -3.628 6.142 -4.578 -7.986 -8.801 -4.015 -7.054 -8.513 0.029 -9.09 -8.979 5.67 -8.089 -9.413 -6.097 -4.403 -2.319 -9.267 -8.534 -6.54
7 E 0.865 -4.453 2.289 -1.606 -7.722 1.576 2.295 -0.717 -0.834 0.551 0.28 -1.297 -5.313 -1.868 0.616 -0.441 -1.554 -4.685 -0.799 -0.388
8 L 0.221 0.245 -0.08 -1.02 -7.682 0.57 0.183 -0.254 -0.274 0.641 0.588 1.425 -0.992 -3.543 1.185 -0.723 -0.616 -3.047 -1.869 0.211
9 I -1.441 -9.15 -9.381 -2.224 -7.045 -3.763 -2.307 -5.031 -5.812 4.556 2.166 -8.96 -0.031 -0.681 -7.703 -6.845 -3.569 -4.578 0.608 4.066