#Seq2Logo.py -Z on -y 0.25:2.0 -H ends -f 38081.peps -o QEFFIASGAAVDAIMEVHFDYYDLQRETYYVVFT_el -I 2 --format PNG -b 50 -C 0 -l 1
Last position-specific scoring matrix computed, values are in halfbits
A R N D C Q E G H I L K M F P S T W Y V
1 I -8.135 -9.539 -9.975 -10.146 -7.112 -9.751 -10.208 -10.148 -8.676 5.861 1.991 -9.442 -0.239 2.003 -10.406 -9.755 -8.072 -8.062 1.924 2.984
2 V 0.866 2.054 -1.682 -4.623 -7.542 0.58 0.019 -5.768 1.323 1.504 -1.133 2.201 -4.064 -2.714 -9.289 -1.477 0.1 -8.771 -0.011 2.445
3 A 2.061 -1.842 1.007 -4.69 -2.509 -1.916 -4.26 -1.546 -5.501 2.562 -0.299 -2.183 -0.145 -1.812 0.522 0.438 0.528 -3.018 -0.02 1.616
4 I 2.626 -8.587 -5.836 -2.388 -6.901 0.296 -2.052 -8.515 -8.447 3.583 0.933 -8.266 1.865 -2.05 -9.448 -0.731 0.2 -9.002 -8.142 2.939
5 D 0.538 0.051 0.298 1.985 -7.789 1.08 1.09 -1.151 -0.261 -0.839 -2.985 0.894 -4.306 -2.512 0.961 0.388 1.02 -4.762 -5.106 -0.15
6 T -2.678 -8.059 3.826 4.61 -7.569 -7.879 -7.293 -7.821 -7.476 -4.184 -8.58 -7.659 -8.044 -8.822 -5.281 1.435 4.576 -9.622 -8.947 0.731
7 A 2.055 -5.102 3.355 0.367 -7.528 0.961 -0.642 -2.118 -4.095 -0.447 0.328 -4.712 -3.354 -2.159 2.331 -0.427 -0.718 -3.07 -3.061 -0.209
8 P 1.168 1.221 -0.926 -3.041 -7.738 0.578 0.489 -0.719 -0.016 -1.361 0.321 1.594 -3.364 -2.801 2.874 -0.278 -1.899 -9.183 -2.605 -0.926
9 A 3.133 -7.771 -3.532 2.905 -7.603 3.269 0.863 2.91 -0.532 -7.335 -9.214 -7.252 -8.333 -9.225 -6.037 2.207 -5.111 -9.442 -8.86 -6.285