#Seq2Logo.py -Z on -y 0.25:2.0 -H ends -f 38081.peps -o QEFFIASGAAVDAIMWLFLECYALQRATYHVGFT_el -I 2 --format PNG -b 50 -C 0 -l 1
Last position-specific scoring matrix computed, values are in halfbits
A R N D C Q E G H I L K M F P S T W Y V
1 F -8.65 -9.307 -9.598 -10.112 -7.923 -9.623 -9.918 -9.891 -6.708 2.756 -0.706 -9.429 -3.133 5.95 -10.665 -9.686 -8.718 3.463 6.511 0.416
2 V 0.283 1.664 -0.924 -2.046 -7.677 1.08 1.702 -4.384 1.172 0.872 -0.901 0.961 -1.704 0.096 -9.312 -0.819 0.006 -3.001 -0.764 1.676
3 A 1.918 0.029 -0.627 -3.421 -7.383 -0.333 -2.169 -1.987 0.824 1.489 -0.457 0.363 0.068 -1.566 -0.213 0.957 -1.098 -8.577 1.427 0.846
4 L -0.227 -8.453 -9.034 -5.383 -4.722 0.748 1.473 -6.782 -8.36 1.525 4.524 -8.267 2.532 -3.707 -9.824 -4.634 -2.315 -8.79 -8.091 0.851
5 K -0.355 1.233 -0.301 0.541 -7.896 0.8 0.648 -0.717 1.619 -1.552 -2.401 2.206 -0.746 -4.806 1.538 -0.108 1.08 -9.258 -3.592 -0.838
6 A 5.009 -8.527 -2.979 -4.164 -6.979 -8.373 -8.403 4.08 -8.074 -8.447 -8.942 -7.898 -8.356 -9.082 1.545 1.391 -2.916 -9.496 -9.08 -4.928
7 E 1.347 -0.779 1.629 -1.619 -4.934 2.261 1.933 -1.986 0.457 0.839 -0.935 0.052 -3.348 -3.101 -2.204 -0.802 -0.85 -0.612 0.452 -0.204
8 K 0.473 1.892 -1.266 -2.267 -7.815 -0.155 0.889 0.513 -0.268 -0.948 0.162 1.699 -3.372 -4.099 2.071 -1.231 -0.193 -9.102 -1.576 -1.042
9 V 1.565 -9.105 -5.237 -6.423 -1.763 -9.16 -4.882 -2.815 -9.059 3.585 2.539 -8.888 -0.533 -5.837 -9.803 -3.423 -2.069 -9.044 -8.236 4.4