#Seq2Logo.py -Z on -y 0.25:2.0 -H ends -f 38081.peps -o QEFFIASGAAVDAIMESSFDYYSIDKATYHVVFT_el -I 2 --format PNG -b 50 -C 0 -l 1
Last position-specific scoring matrix computed, values are in halfbits
A R N D C Q E G H I L K M F P S T W Y V
1 I -8.029 -9.527 -10.077 -10.176 -6.946 -9.717 -10.247 -10.199 -9.43 5.986 3.009 -9.414 0.972 -4.733 -10.351 -9.771 -7.958 -8.897 -6.129 3.323
2 V 0.152 1.895 -0.927 -2.251 -7.697 -0.142 2.178 -3.737 -0.261 0.737 -1.064 1.847 -1.327 -1.391 -9.283 -1.358 -0.613 -4.654 -0.786 2.178
3 A 1.396 -0.088 -0.636 -2.314 -7.419 -0.651 -0.269 -1.297 -2.06 1.863 -0.314 -0.466 -0.155 -0.95 0.123 0.094 -0.973 -4.606 1.098 1.504
4 V 1.018 -8.293 0.15 2.121 -4.776 -0.34 1.234 -4.767 -7.964 2.416 1.02 -5.33 1.178 -3.071 -9.397 -0.726 0.105 -9.159 -8.38 2.13
5 K 0.354 0.074 0.591 -0.459 -7.849 0.591 1.253 -0.33 0.446 -0.484 -2.518 2.52 -1.047 -3.621 0.709 -0.188 -0.086 -3.053 -1.567 -0.325
6 K -5.755 6.082 -6.071 -7.969 -8.935 -4.554 -6.151 -8.555 -3.111 -9.137 -8.992 6.103 -5.704 -9.495 -9.013 -7.004 -6.017 -9.289 -8.634 -6.578
7 L 1.065 -2.198 1.183 -0.858 -7.656 -0.17 1.742 -0.625 0.434 0.995 1.028 0.2 -0.408 -0.984 -0.216 -1.356 -2.092 -1.988 -2.18 -0.461
8 L 0.081 0.608 -0.488 -4.14 -7.637 0.57 0.478 -1.312 -0.551 1.263 1.342 1.687 -1.29 -2.375 0.122 -1.371 -1.263 -8.805 -0.194 0.586
9 D -1.115 -7.701 -3.831 5.55 -8.675 0.629 4.943 -1.283 -5.09 -3.763 -7.336 -7.015 -8.61 -7.003 -6.088 -1.84 -6.834 -9.475 -2.29 -2.945