#Seq2Logo.py -Z on -y 0.25:2.0 -H ends -f 38081.peps -o QEFFIASGAAVDAIMESGFDYYALRRENYHVVFT_el -I 2 --format PNG -b 50 -C 0 -l 1
Last position-specific scoring matrix computed, values are in halfbits
A R N D C Q E G H I L K M F P S T W Y V
1 I -8.102 -9.626 -10.111 -10.166 -6.971 -9.81 -10.332 -10.251 -9.495 6.593 2.6 -9.456 -0.205 -6.601 -10.368 -9.835 -7.977 -8.959 -8.12 2.437
2 V 0.757 1.222 -0.481 -1.677 -7.548 -0.023 0.887 -5.771 1.161 2.279 -1.208 2.067 -3.255 -4.009 -9.322 -1.365 -1.889 -3.041 -2.189 2.62
3 V 1.525 -0.975 -0.235 -5.289 -7.313 -1.023 -2.595 -2.009 -0.29 2.11 -0.428 -0.59 0.848 -0.77 1.107 -0.056 -1.244 -1.209 0.314 2.199
4 A 2.237 -8.163 2.649 1.412 -7.155 -3.548 -0.866 -5.486 -2.072 1.265 -2.056 -5.274 -2.692 -4.691 -9.086 2.201 1.407 -9.334 -8.493 2.15
5 A 1.025 0.154 0.6 1.481 -7.792 0.242 1.311 -1.396 0.445 -0.85 -3.953 1.086 -4.336 -4.791 1.667 0.258 0.673 -9.231 -1.581 -0.425
6 K -0.808 4.935 -1.216 -7.829 -8.424 -0.51 -3.561 -6.322 0.465 -4.959 -7.795 5.439 -7.99 -9.267 -1.741 -2.465 -0.863 -9.319 -8.506 -2.905
7 E 0.529 -2.96 2.235 -0.572 -7.768 1.866 2.015 -1.164 -0.519 0.311 0.007 -1.753 -3.341 -1.384 0.615 -0.532 -1.721 -8.781 0.591 -0.04
8 L -0.059 0.776 -0.469 -0.871 -7.787 0.232 0.951 -0.005 -0.27 -0.04 0.675 1.741 -0.173 -2.762 1.185 -1.732 -0.296 -4.702 -1.868 -0.585
9 I -2.766 -9.328 -9.828 -7.831 -7.008 -4.364 -9.925 -8.091 -8.828 4.562 2.74 -9.263 0.948 1.712 -10.27 -6.994 -7.97 -8.301 0.346 4.089