#Seq2Logo.py -Z on -y 0.25:2.0 -H ends -f 38081.peps -o QEFFIASGAAVDAIMESSLECFDFDRATYHVVFT_el -I 2 --format PNG -b 50 -C 0 -l 1
Last position-specific scoring matrix computed, values are in halfbits
A R N D C Q E G H I L K M F P S T W Y V
1 I -8.112 -9.565 -10.071 -10.17 -7.006 -9.765 -10.281 -10.208 -9.281 6.208 2.756 -9.442 0.802 -0.661 -10.385 -9.806 -8.015 -8.698 -2.96 2.628
2 V 0.699 2.051 -1.69 -2.29 -7.611 0.238 1.348 -5.807 0.216 2.012 -0.513 1.983 -3.246 -3.499 -9.352 -2.52 -2.086 -1.985 -1.02 2.413
3 A 1.438 0.675 0.254 -2.811 -4.842 -0.048 -1.386 -0.829 -0.014 1.319 -0.735 0.203 1.441 -1.148 -0.099 -0.285 -1.552 -8.616 1.099 1.187
4 L 0.265 -4.71 -4.047 -5.541 -3.377 -1.952 -1.203 -9.322 -4.391 2.695 4.2 -3.178 3.802 -2.517 -9.933 -6.744 -3.595 -8.76 -7.991 1.617
5 K 1.073 1.571 0.18 -0.846 -7.899 0.262 0.718 -1.531 1.18 -1.736 -3.949 3.369 -0.221 -6.721 0.798 -0.03 -0.848 -9.156 -1.573 -1.193
6 K -4.868 5.992 -3.598 -7.929 -8.948 -5.288 -6.152 -7.287 -0.217 -9.225 -9.052 6.092 -8.129 -9.486 -9.012 -6.997 -8.136 -9.284 -8.554 -8.958
7 A 1.207 1.781 -1.278 -2.775 -7.723 0.47 0.888 -0.73 2.004 0.782 0.59 1.594 -1.322 -1.385 -1.569 -2.019 -1.914 -8.795 -0.779 -0.47
8 K -0.287 1.227 -1.903 -2.092 -7.748 -0.165 -0.542 0.365 -0.022 0.573 1.334 2.696 -0.153 -4.577 0.427 -2.189 -1.742 -8.928 -0.804 -0.024
9 G 2.033 -0.417 -1.255 -2.526 -7.496 2.59 -1.964 2.748 -1.196 0.211 -2.107 -1.026 -1.03 -1.635 -5.34 0.967 -1.104 -8.805 -0.202 -0.213