#Seq2Logo.py -Z on -y 0.25:2.0 -H ends -f 38081.peps -o QEFFIASGAAVDAIMWPRFDYFDIEAATYHVVFT_el -I 2 --format PNG -b 50 -C 0 -l 1
Last position-specific scoring matrix computed, values are in halfbits
A R N D C Q E G H I L K M F P S T W Y V
1 I -7.989 -9.519 -10.056 -10.174 -6.945 -9.72 -10.218 -10.167 -9.398 5.692 2.861 -9.421 0.624 -1.03 -10.353 -9.736 -7.944 -8.807 -6.03 3.837
2 R 0.214 2.571 -1.668 -1.028 -4.922 0.585 0.492 -5.242 -0.012 1.072 -0.744 2.12 -0.683 -1.182 -9.315 -1.873 0.27 -1.217 -1.26 1.586
3 I 0.411 0.593 -0.481 -2.539 -7.637 0.087 -0.26 -1.43 -0.009 1.64 -0.902 0.287 -0.995 0.363 0.612 0.299 -0.613 1.018 1.332 0.224
4 Y -6.087 -6.17 -9.236 -9.96 -8.401 -7.018 -9.522 -9.73 -1.694 -1.471 -4.902 -5.745 -3.311 5.413 -10.542 -9.485 -8.969 4.084 8.18 -2.96
5 K 0.709 1.67 0.498 -0.129 -7.867 -0.443 0.036 0.655 2.007 -1.264 -2.69 1.986 -2.794 -2.495 0.959 0.251 -0.286 -4.722 -2.204 -1.317
6 S 1.86 -8.079 4.147 1.948 -7.564 -5.345 -2.298 2.942 -7.35 -6.247 -9.239 -7.606 -8.503 -9.111 -1.024 2.88 -0.051 -9.596 -9.08 -2.884
7 K -0.292 1.293 1.627 -4.09 -7.89 1.073 -0.746 -0.832 2.354 -0.055 -0.23 1.792 -2.173 0.89 -1.388 -0.632 -1.266 -0.591 1.119 -1.032
8 K 0.088 1.01 -0.196 -2.512 -7.814 -0.618 -0.436 0.377 2.12 -0.472 -0.437 2.068 -1.368 -2.449 2.071 -0.447 -0.397 -1.996 -1.272 -0.816
9 L 2.165 -4.217 -3.924 -7.255 -2.462 -0.381 -4.74 0.071 -3.433 2.595 2.264 -7.029 0.141 -5.128 -6.255 -0.294 0.107 -9.026 -6.249 2.647