#Seq2Logo.py -Z on -y 0.25:2.0 -H ends -f 38081.peps -o QEFFIASGAAVDAIMESSFEYYVLQKRNYHVGFT_el -I 2 --format PNG -b 50 -C 0 -l 1
Last position-specific scoring matrix computed, values are in halfbits
A R N D C Q E G H I L K M F P S T W Y V
1 F -8.568 -9.486 -9.792 -10.156 -7.648 -9.86 -10.127 -9.977 -7.553 4.29 0.748 -9.565 -3.013 5.972 -10.687 -9.789 -8.557 2.682 4.532 0.677
2 V -0.064 2.19 -0.22 -2.319 -7.509 0.092 -0.262 -5.292 0.996 2.245 -0.565 0.297 -1.662 -1.81 -9.462 -3.568 1.013 -8.685 0.312 2.657
3 I 0.41 0.408 -0.955 -3.807 -7.488 -1.01 -1.853 -1.188 0.813 2.881 -0.495 0.192 1.451 -1.344 0.95 -0.218 -1.254 -1.967 0.46 0.927
4 D -8.528 -8.007 5.65 7.0 -8.997 -7.625 -4.674 -7.641 -6.831 -9.586 -10.224 -7.515 -9.349 -9.593 -9.261 -3.205 -5.894 -10.191 -9.533 -9.591
5 P 0.223 0.255 1.121 0.372 -7.895 -1.343 1.305 -1.157 0.831 -0.976 -3.157 1.794 -1.804 -3.645 2.748 -0.268 -0.087 -3.071 -1.879 -0.43
6 A 2.455 -0.258 1.566 -5.667 -4.854 0.234 -1.087 0.605 1.002 -0.603 -5.361 2.281 -4.317 -6.785 0.44 0.526 0.605 -9.322 -5.122 -0.141
7 N 0.082 -2.41 2.829 -1.452 -7.755 1.793 0.63 -0.426 2.241 1.053 -0.848 -0.149 -1.349 -4.03 0.015 -1.231 -1.254 -4.688 -0.578 0.882
8 K 0.346 1.949 0.271 -2.268 -7.806 0.357 0.19 -1.846 0.645 -0.467 -0.116 1.847 -2.185 -1.871 1.468 -1.011 0.512 -4.667 -0.193 -1.151
9 V -2.766 -1.042 -7.302 -5.653 -7.194 -4.287 -4.886 -9.682 -8.028 3.735 1.419 -6.354 1.225 2.317 -10.151 -6.871 -3.007 -7.739 3.388 4.095