#Seq2Logo.py -Z on -y 0.25:2.0 -H ends -f 38081.peps -o QEFFIASGAAVDAIMESGLEHFVIDRATYHAVFT_el -I 2 --format PNG -b 50 -C 0 -l 1
Last position-specific scoring matrix computed, values are in halfbits
A R N D C Q E G H I L K M F P S T W Y V
1 I -8.003 -9.58 -10.081 -10.162 -6.933 -9.761 -10.267 -10.207 -9.502 6.211 2.55 -9.433 0.022 -5.551 -10.343 -9.767 -7.924 -8.963 -8.101 3.527
2 R 0.862 2.656 -1.666 -1.668 -7.709 0.897 1.191 -3.447 1.002 1.539 -1.331 1.945 -4.118 -2.439 -9.275 -2.166 -0.616 -1.992 -2.568 1.538
3 V 0.922 -0.656 -0.772 -1.347 -3.499 0.669 -1.507 -2.166 0.217 0.867 -1.614 1.363 0.467 -0.625 1.33 0.099 -0.385 -4.633 0.599 1.388
4 L -2.997 -9.0 -6.224 -9.953 -7.042 -2.586 -4.5 -9.893 -8.968 2.64 5.342 -9.064 2.562 -1.868 -10.268 -7.997 -3.631 -8.626 -7.878 0.772
5 K -0.052 1.622 0.063 -0.994 -7.946 1.088 0.361 -0.333 1.172 -0.734 -4.442 2.778 -2.798 -4.216 2.232 -0.897 0.436 -9.346 -5.106 -0.528
6 A 2.93 -2.38 1.704 -2.676 -7.527 1.656 1.139 1.402 -1.573 -2.115 -4.232 0.756 -3.487 -8.869 0.244 0.878 -0.372 -9.382 -6.439 -1.877
7 L -0.295 1.487 1.268 -1.64 -7.952 1.425 1.459 -0.171 1.337 -0.684 0.574 1.382 -4.15 -1.609 -1.211 -2.877 -1.745 -1.969 0.309 -0.408
8 K -0.205 2.052 -0.068 -1.328 -7.897 -0.303 -0.637 1.17 1.477 -0.263 -0.442 2.116 -5.413 -2.767 0.955 -1.238 -0.865 -8.893 -0.024 -0.61
9 Y -4.999 -9.142 -9.477 -10.001 -7.768 -7.102 -7.946 -8.077 -4.813 2.465 -0.295 -9.205 0.522 4.807 -10.429 -9.493 -8.537 -6.02 7.05 1.8