#Seq2Logo.py -Z on -y 0.25:2.0 -H ends -f 38081.peps -o QEFFIASGAAVDAIMESSFEYFDLQKRNYHVGFT_el -I 2 --format PNG -b 50 -C 0 -l 1
Last position-specific scoring matrix computed, values are in halfbits
A R N D C Q E G H I L K M F P S T W Y V
1 F -8.637 -9.469 -9.781 -10.163 -7.711 -9.86 -10.122 -9.956 -7.498 4.022 0.875 -9.574 -1.185 6.183 -10.731 -9.801 -8.627 3.306 4.536 -0.243
2 V 0.587 1.83 -0.785 -3.088 -4.856 0.458 0.329 -3.746 -0.862 1.51 -0.185 1.139 -2.614 -0.023 -9.394 -2.024 0.355 -4.62 -0.361 2.304
3 I 1.481 0.214 -0.106 -2.846 -7.342 -1.215 -2.806 -1.853 -2.087 2.281 0.062 -0.37 0.494 -0.605 0.326 -0.211 -1.106 -1.211 -0.182 1.791
4 D -4.974 -7.886 5.795 6.455 -8.837 -6.095 -0.309 -6.67 -6.769 -9.456 -8.6 -7.408 -6.123 -9.497 -9.219 -1.418 -5.21 -10.063 -9.394 -7.808
5 K 0.762 0.938 0.587 -0.352 -7.823 -0.296 0.497 -0.612 0.642 -0.839 -1.9 1.983 0.022 -3.625 2.282 -0.038 -1.112 -4.735 -1.877 -0.827
6 K 0.149 4.147 0.787 -4.521 -8.135 -0.101 -4.283 -3.145 1.34 -2.127 -3.982 4.669 -4.327 -8.963 -1.549 -1.329 -0.502 -9.309 -8.438 -1.613
7 L 0.913 -0.793 2.118 -2.501 -7.604 1.86 -0.157 -1.843 0.828 0.871 0.825 0.122 0.288 -1.841 -0.744 -1.129 -1.895 -1.984 -1.263 0.645
8 K 0.53 2.0 -0.767 -4.115 -4.932 0.469 0.185 -2.173 0.439 0.143 0.125 1.845 -2.683 -1.62 1.112 -0.718 0.184 -8.859 -0.377 -0.206
9 R -0.818 5.619 -2.999 -6.028 -7.985 -0.586 -3.469 -4.089 -3.981 0.055 -0.994 1.318 -0.174 -1.816 -7.437 -1.63 -2.751 -8.388 2.066 0.873