#Seq2Logo.py -Z on -y 0.25:2.0 -H ends -f 38081.peps -o QEFFIASGAAVDAIMESSFDYYDFDRLTYHVVFT_el -I 2 --format PNG -b 50 -C 0 -l 1
Last position-specific scoring matrix computed, values are in halfbits
A R N D C Q E G H I L K M F P S T W Y V
1 I -8.049 -9.553 -10.077 -10.174 -6.965 -9.751 -10.262 -10.204 -9.381 6.077 2.864 -9.432 0.24 -2.469 -10.362 -9.783 -7.971 -8.821 -4.138 3.219
2 V 1.068 1.422 -0.938 -2.06 -7.556 -0.153 1.504 -5.225 -1.205 1.154 -0.887 2.069 -1.312 -1.853 -9.286 -2.169 -0.728 -3.025 -1.27 2.546
3 A 2.059 -0.31 -0.091 -1.515 -7.404 -0.19 -0.662 0.163 -0.863 1.261 -0.67 -0.463 0.063 -2.699 -0.465 -0.532 -1.108 -8.753 0.722 1.496
4 L 2.192 -6.88 -5.119 -6.221 -6.968 -3.211 -1.448 -4.825 -8.512 2.608 2.55 -0.209 2.412 -2.022 -9.554 -2.057 -1.55 -8.925 -8.102 2.962
5 K 1.396 0.374 1.039 -0.587 -7.792 0.699 0.435 -0.81 0.647 -1.701 -1.908 2.973 -1.046 -5.563 0.437 -0.791 -0.388 -9.157 -1.881 -0.423
6 K -4.492 5.801 -4.574 -6.657 -8.841 -5.314 -5.523 -8.504 -0.222 -7.447 -8.979 6.08 -8.086 -9.436 -8.99 -5.66 -3.023 -9.284 -8.548 -5.842
7 A 2.447 0.681 -0.779 -3.372 -7.489 0.568 0.621 -0.713 -0.02 0.562 0.394 0.296 -1.71 -1.399 0.432 -0.904 -1.402 -4.684 -1.851 -0.369
8 K 0.286 0.783 -1.096 -2.286 -7.731 0.786 0.34 0.827 -0.272 0.065 0.856 2.32 -0.165 -5.387 0.016 -1.606 -1.735 -9.014 -1.571 0.205
9 G 2.941 -7.932 -1.815 -0.597 -7.4 3.039 -2.109 3.953 -1.206 -4.009 -7.828 -6.466 -4.421 -8.995 -3.331 2.308 -0.951 -9.33 -6.5 -1.907