#Seq2Logo.py -Z on -y 0.25:2.0 -H ends -f 38081.peps -o QEFFIASGAAVMAIMESSFDYYDIRAATYHGVFT_el -I 2 --format PNG -b 50 -C 0 -l 1
Last position-specific scoring matrix computed, values are in halfbits
A R N D C Q E G H I L K M F P S T W Y V
1 I -8.066 -9.702 -10.088 -10.128 -6.973 -9.859 -10.345 -10.242 -9.474 6.864 1.222 -9.475 -0.756 -3.198 -10.359 -9.809 -7.931 -8.928 -4.973 2.837
2 V 0.405 2.294 -1.707 -4.159 -7.541 -1.155 1.175 -7.442 -0.028 2.57 -1.017 1.98 -3.221 -2.391 -9.414 -4.152 -1.258 -4.673 -1.542 2.996
3 A 1.917 0.488 -0.644 -3.815 -7.297 -0.666 -3.29 -1.694 -2.627 2.01 -1.384 -1.474 -0.158 -0.78 1.257 0.026 -0.079 -3.003 0.596 1.998
4 A 2.321 -8.124 1.552 0.922 -7.348 -0.827 0.252 -6.262 0.216 1.448 -0.128 -2.175 -1.684 1.084 -9.332 -0.196 -1.241 -8.601 0.171 1.737
5 K 1.396 0.28 1.205 -0.007 -7.883 -0.751 1.202 -0.804 1.482 -1.924 -5.097 2.942 -3.497 -6.824 1.668 -0.508 -0.283 -4.766 -3.072 -0.963
6 R -1.825 5.921 -1.813 -7.924 -8.674 -3.554 -5.589 -5.727 -0.497 -6.407 -8.945 5.512 -8.084 -9.38 -4.668 -4.381 -1.75 -9.286 -8.569 -6.483
7 L 1.066 0.033 1.41 -3.342 -7.618 1.156 0.689 -2.165 1.008 0.644 0.73 -0.554 -2.132 -0.159 -0.216 -0.626 -0.501 -8.639 0.464 -0.189
8 K 0.346 2.154 -0.475 -1.874 -7.73 -0.16 -0.34 -0.171 -2.056 -0.026 0.942 2.325 -0.164 -3.554 0.428 -1.607 -1.412 -9.067 -2.609 0.128
9 A 2.85 0.971 -4.926 -7.095 -7.098 0.649 -4.622 0.01 -2.644 1.405 -0.3 -3.917 0.494 -0.778 -7.352 0.85 -1.531 -8.695 -0.186 2.455