#Seq2Logo.py -Z on -y 0.25:2.0 -H ends -f 38081.peps -o QEFFIASGAAVDAIMEVHFDYYSIDRLTYHVGFT_el -I 2 --format PNG -b 50 -C 0 -l 1
Last position-specific scoring matrix computed, values are in halfbits
A R N D C Q E G H I L K M F P S T W Y V
1 Y -8.801 -9.255 -9.504 -10.095 -8.157 -9.584 -9.857 -9.854 -6.334 1.66 -2.137 -9.414 -5.056 6.393 -10.705 -9.671 -8.898 3.052 7.131 -1.9
2 R 0.213 3.007 -0.929 -2.303 -7.716 -0.447 0.019 -3.744 1.621 0.943 -0.901 1.943 -1.704 -2.692 -9.362 -2.179 -0.397 -2.987 1.101 1.939
3 A 1.567 -0.447 0.247 -3.128 -4.775 -0.671 -3.297 -0.94 -0.561 2.103 -0.371 -1.981 -0.397 -0.593 -0.219 0.234 -0.278 -1.953 1.216 1.743
4 V 1.014 -7.161 -5.965 -6.286 -7.057 -1.716 -1.765 -7.596 -4.354 3.454 1.441 -5.587 1.063 2.881 -9.791 -2.081 -0.089 -2.955 -2.426 3.246
5 K 0.295 0.864 -0.058 -0.138 -7.675 0.789 -0.623 -0.332 -0.015 -0.048 -1.99 2.2 -2.733 -2.184 -0.33 0.183 1.329 -4.731 -4.224 0.685
6 T 0.728 -8.124 3.061 2.979 -7.311 -5.375 -3.711 -3.305 -7.641 -0.929 -6.728 -7.699 -7.797 -8.655 -0.581 2.378 3.745 -9.55 -8.826 1.106
7 A 1.948 -0.428 1.476 -4.131 -7.488 0.963 -0.659 -1.833 1.164 0.503 0.549 -1.613 -0.409 -1.379 1.596 -0.816 -2.967 -1.222 -1.01 0.894
8 A 1.068 1.941 -0.927 -3.055 -7.719 -0.162 0.412 -1.171 1.749 0.225 -0.425 1.147 -2.707 -1.881 1.844 -0.815 -1.12 -3.04 -1.543 0.121
9 D -0.148 -7.844 -1.089 6.271 -8.586 0.713 3.632 -0.697 -7.158 -7.525 -9.672 -7.176 -6.005 -9.506 -7.191 -0.693 -6.774 -9.813 -9.297 -4.847