#Seq2Logo.py -Z on -y 0.25:2.0 -H ends -f 38081.peps -o QEFFIASGAAVDAIMEACNIYYDLRRETYYVVFT_el -I 2 --format PNG -b 50 -C 0 -l 1
Last position-specific scoring matrix computed, values are in halfbits
A R N D C Q E G H I L K M F P S T W Y V
1 I -6.354 -9.445 -10.036 -10.164 -6.966 -7.243 -10.179 -10.141 -9.324 5.624 3.369 -9.368 1.924 -1.9 -10.347 -9.723 -6.797 -8.792 -6.058 3.101
2 R 0.915 3.257 -0.914 -1.863 -7.711 -0.143 0.27 -3.429 0.832 -0.436 -0.767 1.95 -0.426 -1.191 -9.24 -1.011 0.436 -8.791 -0.783 0.817
3 A 1.072 1.135 -0.217 -2.315 -7.499 0.769 -1.248 -0.434 -5.37 1.38 0.203 0.208 -0.975 -1.582 -0.468 -0.052 -1.249 -3.002 0.59 1.242
4 Q 0.408 -7.196 -1.868 -1.134 -3.557 6.107 1.594 -3.187 -2.507 0.989 0.299 -5.399 0.675 -3.593 -9.258 -1.861 -2.28 -4.704 -6.203 -0.19
5 A 0.866 0.428 -0.901 1.465 -7.713 0.978 0.198 -0.522 1.324 -1.182 -0.787 0.749 -2.195 -2.154 0.334 -1.339 0.434 -4.698 -1.278 0.988
6 I 0.217 -6.151 -0.842 -2.657 -7.022 -4.903 -6.618 -5.941 -2.193 3.991 2.356 -7.226 -1.168 -7.232 0.602 -2.229 0.814 -9.152 -8.286 3.032
7 D -4.621 -5.85 -0.283 7.54 -8.993 -1.353 0.94 -5.585 -7.283 -6.477 -5.071 -5.734 -6.083 -7.171 -4.18 -4.366 -5.371 -4.907 -6.785 -5.404
8 L 0.758 0.927 -0.914 0.351 -7.756 -0.457 0.631 -0.724 1.323 -0.349 0.479 1.259 -1.349 -4.053 1.534 -0.449 -1.409 -3.046 -1.285 -0.696
9 A 3.319 -7.912 -0.181 -0.869 -7.284 2.643 -2.119 2.599 -0.861 -1.885 -2.675 -4.243 -0.213 -6.723 -2.182 1.554 -0.067 -9.225 -4.297 -1.282