#Seq2Logo.py -Z on -y 0.25:2.0 -H ends -f 38081.peps -o QEFFIASGAAVDAIMESGFDYFDIDEATYHVVFT_el -I 2 --format PNG -b 50 -C 0 -l 1
Last position-specific scoring matrix computed, values are in halfbits
A R N D C Q E G H I L K M F P S T W Y V
1 I -8.015 -9.601 -10.087 -10.163 -6.94 -9.787 -10.283 -10.214 -9.507 6.286 2.478 -9.446 -0.742 -4.14 -10.349 -9.779 -7.93 -8.951 -8.069 3.455
2 V 1.432 2.34 -2.166 -4.623 -7.515 -0.304 1.12 -5.792 0.627 2.15 -0.306 1.541 -2.101 -1.847 -9.358 -3.563 -1.119 -3.029 -2.558 2.234
3 I 1.166 0.979 -0.359 -2.576 -7.437 -0.06 -2.013 -1.431 -3.275 2.1 -0.246 -0.921 -1.301 0.246 0.326 0.088 -1.888 -2.982 0.987 1.649
4 F -0.567 1.54 -4.343 -8.753 -7.913 -2.741 -2.381 -8.954 4.191 0.661 0.272 2.226 -0.66 3.584 -9.744 -5.412 -3.058 1.612 3.407 0.292
5 K -0.053 1.63 1.208 -0.453 -8.04 1.096 0.786 -0.328 1.89 -1.577 -3.981 3.105 -4.344 -6.79 0.53 -0.349 -1.114 -2.015 -3.055 -0.543
6 K -1.952 5.457 -1.393 -7.766 -8.66 -2.753 -2.563 -8.343 -0.221 -9.051 -9.015 5.754 -8.111 -9.41 -4.653 -1.996 -3.0 -9.308 -8.554 -6.514
7 K -0.071 2.701 -0.471 -6.777 -7.91 1.424 -0.969 -1.715 3.018 -0.557 1.099 2.41 -2.649 -0.619 -1.574 -2.035 -2.758 -4.596 0.473 -0.912
8 L 0.284 1.223 -0.614 -1.179 -7.721 0.348 -0.535 -0.085 0.82 -0.029 1.021 2.111 -1.323 -4.04 0.615 -1.025 -1.263 -4.707 -2.207 0.047
9 R 0.465 5.183 -4.784 -8.408 -7.951 1.086 -3.192 0.07 -1.975 -0.946 -2.481 0.672 -1.367 -0.785 -5.395 -0.93 -4.312 -8.304 2.38 0.539