#Seq2Logo.py -Z on -y 0.25:2.0 -H ends -f 38081.peps -o XXYFLRSGGQTGHVLVFPYTYYDYRTETVYETPT_el -I 2 --format PNG -b 50 -C 0 -l 1
Last position-specific scoring matrix computed, values are in halfbits
A R N D C Q E G H I L K M F P S T W Y V
1 V -0.641 -7.203 -4.552 -4.921 -7.294 -1.971 -1.773 -9.378 -1.219 3.366 1.107 -7.301 1.749 2.656 -3.855 -6.075 -2.763 -1.837 3.826 3.241
2 A 2.655 2.391 0.59 -3.022 -7.5 0.362 -0.325 -2.114 2.84 -2.433 -3.121 0.906 -2.219 -4.114 -9.04 -0.014 1.39 -4.692 -1.846 0.478
3 A 4.17 -1.631 -2.957 -3.381 -7.211 -0.492 -2.756 2.731 0.213 -6.976 -4.796 -3.563 -1.831 -1.915 0.966 1.844 -1.372 -1.99 -0.392 -6.017
4 A 5.451 -8.311 -6.431 -8.196 -6.596 -8.168 -7.019 0.091 -8.044 -2.915 -6.183 -7.756 -7.743 -6.768 -0.561 3.174 -0.432 -9.386 -8.693 -0.37
5 A 1.845 0.716 -1.074 -2.491 -7.574 1.876 0.432 -1.974 0.83 -2.184 -1.666 2.446 -1.748 -4.719 -2.188 -0.339 0.955 -9.021 -1.561 1.102
6 A 4.916 -8.683 -8.65 -8.772 -4.505 -8.599 -8.625 -4.92 -8.517 0.127 -4.723 -8.124 -3.341 -8.347 3.569 -1.287 -0.259 -9.557 -8.647 3.136
7 A 3.729 0.851 1.564 -1.823 -7.398 1.729 0.354 -2.25 2.351 -3.2 -1.305 -0.867 -2.748 -8.331 -3.713 -0.084 -1.535 -4.711 -1.861 -0.705
8 P 1.767 1.889 -0.767 -4.087 -7.705 -0.453 0.415 -0.419 -2.053 -2.256 -1.494 1.439 -1.395 -4.171 3.434 -0.797 -0.5 -4.765 -3.083 -0.619
9 A 5.047 -8.202 -0.192 -3.052 -6.757 -3.139 -3.813 1.008 -2.087 -3.194 -5.004 -7.703 -2.788 -8.605 -8.702 2.806 0.056 -9.311 -6.417 -0.477