#Seq2Logo.py -Z on -y 0.25:2.0 -H ends -f 38081.peps -o YAFFQFSGGAILNTLYLQFEYFDLEKVRMHLDVT_el -I 2 --format PNG -b 50 -C 0 -l 1
Last position-specific scoring matrix computed, values are in halfbits
A R N D C Q E G H I L K M F P S T W Y V
1 R -8.362 7.815 -7.431 -8.425 -9.051 -5.432 -7.439 -8.969 -6.799 -5.1 -8.741 1.922 -8.022 -1.259 -9.52 -8.305 -8.336 -8.761 -0.588 -7.468
2 A 1.559 2.56 -2.41 -1.883 -7.557 0.464 0.756 -5.757 0.438 0.81 -0.594 0.229 -1.693 -0.158 -9.347 -2.326 0.183 -0.599 0.469 1.772
3 A 2.926 -1.655 -3.808 -2.343 -7.32 -1.907 -2.025 0.783 -0.012 -0.327 -1.078 -3.983 -2.698 1.675 -1.043 0.908 -0.847 1.325 2.676 0.289
4 E 1.842 -7.922 -3.369 -1.125 -4.795 -0.153 3.572 -5.195 -1.22 1.767 0.316 -2.749 -0.395 -5.362 -9.162 -1.217 1.444 -9.1 -5.08 1.461
5 L 0.807 -0.938 0.146 -0.145 -7.562 1.243 1.126 -5.228 -2.61 1.147 1.117 0.596 -4.016 -0.803 -0.099 -2.682 0.183 -3.038 -3.012 1.297
6 A 5.445 -8.563 -5.022 -7.088 -4.485 -5.571 -6.321 -3.762 -8.355 -0.097 -3.788 -6.831 -5.382 -8.441 3.0 -1.152 -1.076 -9.518 -8.669 1.956
7 A 3.879 -2.222 -0.359 -5.747 -7.213 0.974 1.964 -2.665 0.427 -0.103 1.149 -2.991 -0.969 -2.741 -2.444 -2.118 -3.23 -9.004 -3.55 0.235
8 K 1.302 2.305 -0.919 -2.491 -7.769 1.265 1.25 -2.523 -0.257 -1.34 0.002 2.21 -2.699 -2.788 -0.092 -1.462 -1.119 -3.043 -2.203 0.189
9 A 2.742 -6.644 3.712 0.883 -3.463 -1.374 1.015 -0.771 -0.836 -1.511 -2.249 -5.763 0.438 -4.146 -5.3 1.595 -0.815 -9.311 -6.356 0.265