#Seq2Logo.py -Z on -y 0.25:2.0 -H ends -f 38081.peps -o YAFFMFSGGAILNTLFGQFEYFDIEKVRVHLDVT_el -I 2 --format PNG -b 50 -C 0 -l 1
Last position-specific scoring matrix computed, values are in halfbits
A R N D C Q E G H I L K M F P S T W Y V
1 R -8.373 7.394 -7.639 -8.583 -8.816 -6.717 -7.655 -9.069 -6.899 -1.034 -3.32 1.85 -5.513 0.659 -9.623 -8.447 -8.354 -1.943 0.736 -4.651
2 R 0.583 2.853 -2.701 -4.629 -7.672 0.355 0.69 -5.806 -0.254 0.875 -0.737 1.494 -0.678 0.479 -9.378 -1.881 0.001 -1.935 1.437 1.539
3 A 2.598 -2.533 -4.908 -3.487 -7.376 -1.043 -3.323 1.177 -2.525 0.24 -3.014 -6.89 -2.18 2.584 -3.391 0.737 -0.288 1.349 4.316 0.292
4 E 0.167 -6.316 -3.616 1.059 -7.81 -0.098 4.854 -6.318 -2.007 0.451 -5.72 -0.515 -7.714 -4.827 -8.913 0.642 2.1 -9.264 -6.368 0.267
5 L -0.451 0.432 -2.387 -0.031 -4.931 0.237 2.138 -4.808 0.998 0.803 1.3 1.139 -2.619 -1.604 -1.044 -1.365 0.092 -8.91 -1.843 0.579
6 L 1.972 -9.015 -7.303 -9.588 -7.205 -3.772 -4.867 -8.993 -5.556 2.011 2.478 -6.423 -1.178 4.638 -1.422 -5.021 -6.891 -4.314 2.282 1.983
7 L 2.59 -1.776 0.354 -4.542 -7.459 0.782 1.964 -2.721 1.748 0.186 2.182 -0.061 -1.27 -2.687 -4.205 -3.8 -4.297 -8.813 -1.261 -0.085
8 K 0.862 2.541 -0.184 -1.999 -7.984 1.525 2.111 -3.986 0.656 -2.712 -0.594 2.821 -5.442 -4.782 0.133 -1.335 -1.408 -9.132 -2.604 -1.069
9 A 1.92 -3.667 3.169 0.468 -7.394 -1.174 1.069 -1.949 -0.009 -0.023 -0.847 -5.187 -0.184 -2.781 -7.27 1.226 0.611 -9.178 -5.071 1.173