#Seq2Logo.py -Z on -y 0.25:2.0 -H ends -f 38081.peps -o YAFFQFSGGAILNTLFGQFEYFEIEKVRMHLDVT_el -I 2 --format PNG -b 50 -C 0 -l 1
Last position-specific scoring matrix computed, values are in halfbits
A R N D C Q E G H I L K M F P S T W Y V
1 F -8.608 0.46 -9.316 -9.832 -7.932 -5.8 -9.518 -9.76 -7.119 2.994 0.007 -1.009 -2.519 6.071 -10.51 -9.521 -8.64 2.321 5.104 -0.489
2 R -0.217 3.044 -2.682 -2.082 -7.811 0.692 0.697 -5.279 1.331 1.195 -2.165 1.851 -3.308 -0.615 -9.405 -2.703 -0.51 1.82 0.873 1.978
3 A 2.134 -3.734 -4.817 -1.915 -7.355 -1.435 -3.567 0.654 0.655 0.236 -3.043 -3.66 -3.361 0.939 -2.734 1.744 0.819 0.728 4.195 0.503
4 E -1.304 -4.989 -3.731 0.203 -7.691 -1.123 4.05 -7.407 -0.55 1.382 -0.67 -0.447 -3.288 0.669 -7.312 -1.123 1.76 -8.877 -4.124 1.773
5 K -0.62 0.461 0.172 -0.117 -7.975 0.704 1.851 -4.012 1.332 -0.829 -0.443 2.669 -1.758 -3.182 1.787 -1.119 -0.292 -9.142 -2.206 -0.935
6 F 0.834 -0.988 -5.877 -6.211 -7.867 -4.793 -0.602 -6.615 -2.515 -1.434 -0.224 0.401 -1.669 6.385 -3.107 -3.426 -4.034 -2.658 3.777 -3.134
7 L 1.201 0.266 0.262 -4.49 -7.764 1.736 2.1 -4.765 2.84 0.328 2.065 1.843 -2.09 -4.569 -3.76 -4.792 -2.108 -8.9 -2.173 -2.103
8 K -0.451 2.668 0.49 -2.437 -8.095 1.103 2.109 -3.177 0.242 -1.722 -0.595 2.821 -5.457 -4.154 1.262 -1.588 -0.99 -9.138 -2.219 -1.589
9 L 0.213 2.555 0.935 -0.052 -4.879 -0.987 -0.551 -2.754 -1.204 1.449 0.876 -0.436 -2.608 -1.358 -6.246 -0.832 -1.403 -8.764 -0.19 1.777