#Seq2Logo.py -Z on -y 0.25:2.0 -H ends -f 38081.peps -o YAFFQFSGGAILNTLYLQFEYFAIEKVRVHLDVT_el -I 2 --format PNG -b 50 -C 0 -l 1
Last position-specific scoring matrix computed, values are in halfbits
A R N D C Q E G H I L K M F P S T W Y V
1 R -8.529 5.833 -8.173 -9.003 -8.615 -6.099 -8.232 -9.285 -6.642 -0.607 -4.782 1.632 -7.404 4.768 -9.948 -8.812 -8.569 -0.47 4.783 -3.832
2 R 1.389 2.691 -3.766 -1.18 -7.655 1.169 0.954 -5.754 1.006 0.938 -1.511 0.967 -2.148 0.345 -9.321 -1.736 -1.26 -2.989 0.005 1.722
3 A 2.796 -1.65 -4.837 -2.122 -7.329 -0.844 -3.562 0.845 -2.0 0.047 -2.593 -3.971 -2.722 1.293 -2.206 1.45 0.363 -0.055 3.99 -0.569
4 T 1.406 -8.209 -4.814 -0.615 -7.096 -1.869 1.591 -5.712 -2.676 2.117 -0.711 -3.964 -2.098 -2.413 -7.268 0.326 3.5 -9.111 -8.28 2.498
5 L 0.279 0.34 -1.102 -0.611 -7.67 1.25 1.297 -3.738 -0.857 0.871 0.822 1.077 -1.686 -2.111 0.614 -2.02 0.001 -4.673 -0.794 0.773
6 A 5.243 -8.648 -5.832 -8.738 -6.754 -6.729 -4.678 -3.799 -8.204 -0.617 -2.55 -8.142 -5.309 2.063 2.076 -1.171 -1.69 -8.818 -2.512 1.647
7 A 3.236 -4.009 1.615 -4.447 -7.434 1.075 2.584 -4.274 1.881 -0.014 1.44 -1.6 -1.302 -2.729 -3.365 -4.035 -6.694 -8.948 -2.563 -0.094
8 K 0.808 2.305 -1.085 -2.477 -7.857 0.598 1.754 -4.354 0.443 -0.945 -0.122 2.253 -5.369 -4.111 1.536 -2.653 0.431 -3.053 -2.21 -0.706
9 D 0.209 -6.844 1.765 3.319 -7.599 -2.731 2.179 -4.758 -1.218 2.149 0.157 -6.718 -0.405 -2.418 -9.404 -1.739 -1.113 -9.227 -6.285 2.115