#Seq2Logo.py -Z on -y 0.25:2.0 -H ends -f 38081.peps -o YAFFMFSGGAILNIAYLQFEYFALERVRMHLDVT_el -I 2 --format PNG -b 50 -C 0 -l 1
Last position-specific scoring matrix computed, values are in halfbits
A R N D C Q E G H I L K M F P S T W Y V
1 R -8.373 8.132 -7.351 -8.392 -9.133 -6.364 -7.387 -8.96 -6.814 -9.46 -8.938 0.962 -8.121 -9.321 -9.512 -8.264 -8.324 -9.112 -5.172 -9.042
2 A 1.836 2.095 -2.406 -1.503 -7.559 0.353 1.293 -5.195 0.224 0.507 -0.529 0.466 -0.683 -0.161 -9.303 -1.728 -0.503 -0.601 0.32 1.49
3 A 2.51 -1.298 -4.282 -1.717 -4.797 -0.205 -1.137 0.314 -0.845 -1.025 -0.684 -4.341 -1.721 2.092 -2.213 0.683 0.1 1.036 2.678 0.359
4 E 1.648 -8.19 -3.834 -1.494 -4.722 -0.327 2.469 -4.784 -2.113 2.339 1.061 -4.337 -0.118 -5.261 -9.298 -1.467 1.714 -9.085 -6.259 2.361
5 L 0.806 -0.938 -0.091 -0.255 -4.878 1.492 1.294 -5.77 -2.598 1.018 1.379 0.368 -1.66 -0.791 -0.602 -1.879 -0.617 -1.982 -1.538 0.905
6 A 5.435 -8.623 -5.807 -7.112 -6.659 -8.511 -6.347 -1.879 -8.399 -0.85 -3.582 -8.046 -7.406 -8.436 2.92 -1.157 -2.431 -9.518 -8.68 2.483
7 A 3.842 -4.532 -0.1 -4.087 -7.208 0.874 1.785 -1.652 0.626 -0.102 0.991 -3.278 0.287 -2.129 -2.196 -2.275 -2.711 -9.028 -5.014 0.235
8 A 1.392 1.352 -0.765 -0.731 -7.628 0.986 1.509 -2.726 -1.197 -0.424 0.289 0.96 -2.672 -2.76 -0.736 -1.343 -0.186 -1.994 -1.862 1.001
9 D 1.346 -7.898 2.667 4.333 -7.944 -1.549 3.11 -1.649 -1.165 -2.508 -2.717 -6.397 -0.773 -4.857 -4.679 -0.021 -1.884 -9.504 -8.764 -0.542