#Seq2Logo.py -Z on -y 0.25:2.0 -H ends -f 38081.peps -o YAFFMFSGGAILNTLFGQFEYFDIEEVRMHLGMT_el -I 2 --format PNG -b 50 -C 0 -l 1
Last position-specific scoring matrix computed, values are in halfbits
A R N D C Q E G H I L K M F P S T W Y V
1 F -8.564 -9.382 -9.802 -10.196 -7.617 -9.773 -10.086 -9.969 -7.58 2.953 2.49 -9.526 -0.548 5.905 -10.683 -9.786 -8.592 2.312 4.387 0.718
2 R 0.408 2.205 -0.191 -1.154 -7.802 1.428 1.021 -2.73 1.626 0.393 -0.926 1.498 -1.345 -0.473 -9.265 -0.123 -0.981 -4.617 0.162 0.199
3 S 1.406 -2.234 -1.258 -0.89 -3.506 -0.828 -1.828 1.759 0.233 -1.088 -2.366 -0.933 -2.759 1.665 -0.598 2.084 -1.387 -0.081 2.536 -0.929
4 K -1.297 1.012 -3.229 -4.983 -8.043 -1.703 0.793 -4.717 3.89 -0.728 -5.365 5.153 -4.29 -4.84 -7.152 -0.517 1.383 -4.735 -8.02 -0.247
5 K -0.529 0.438 0.776 0.698 -7.834 0.885 0.116 -0.624 1.172 -0.245 -0.175 1.537 -1.356 -2.434 0.43 -0.447 -0.289 -1.991 -0.794 -0.05
6 F -9.045 -9.452 -9.614 -10.166 -8.268 -10.045 -10.066 -9.795 -6.853 -4.278 -1.475 -9.749 -3.968 7.976 -11.022 -9.796 -9.137 2.723 5.433 -5.235
7 L -0.147 1.74 1.698 -3.997 -7.995 2.611 1.569 -3.713 3.105 -1.503 1.011 1.949 -2.668 -1.879 -3.76 -3.295 -1.42 -3.029 -2.973 -1.163
8 K -1.092 1.558 1.122 -0.111 -7.944 0.376 1.981 -2.942 0.838 -0.941 -1.12 2.208 -4.23 -2.176 -0.332 -0.275 -0.184 -9.073 -2.201 0.539
9 V 1.08 -5.272 0.922 -1.721 -2.481 -3.651 -3.08 -1.852 -3.388 2.391 1.147 -6.116 -0.622 -1.353 -6.235 0.954 1.396 -9.027 -6.179 2.949