#Seq2Logo.py -Z on -y 0.25:2.0 -H ends -f 38081.peps -o YAFFMFSGGAILNTLWXXFEYFAIEKVRVHLDVT_el -I 2 --format PNG -b 50 -C 0 -l 1
Last position-specific scoring matrix computed, values are in halfbits
A R N D C Q E G H I L K M F P S T W Y V
1 R -8.406 7.89 -7.477 -8.495 -9.025 -6.526 -7.524 -9.023 -6.82 -4.577 -5.478 0.805 -7.941 -0.227 -9.591 -8.357 -8.364 -8.707 -0.793 -8.75
2 R 1.298 2.888 -2.402 -2.078 -7.667 0.47 1.009 -5.226 0.445 0.932 -0.821 0.551 -0.987 0.581 -9.351 -2.168 -0.0 -1.191 0.746 0.894
3 A 2.711 -2.52 -3.812 -2.347 -7.377 -1.229 -1.863 1.232 -0.252 -0.225 -1.432 -4.833 -3.341 2.036 -3.045 0.502 -0.393 1.046 3.586 0.213
4 E 1.316 -7.899 -3.694 0.295 -7.39 -2.648 3.647 -3.988 -0.869 1.255 -1.949 -2.737 -3.335 -5.473 -9.022 0.265 2.985 -9.18 -5.108 1.497
5 L 0.641 -0.078 -1.694 -0.747 -4.864 0.777 1.598 -4.803 -0.278 1.152 1.587 -0.453 -3.978 -1.359 -0.603 -1.883 0.093 -4.652 -0.784 1.139
6 A 5.162 -8.651 -5.862 -7.177 -4.522 -3.229 -4.677 -2.607 -8.332 -0.165 -1.599 -8.139 -5.258 0.208 2.335 -2.58 -3.195 -9.106 -4.179 2.418
7 A 3.503 -4.483 -0.228 -6.503 -7.315 0.786 2.815 -3.125 0.431 -0.991 1.579 -1.604 -0.663 -2.409 -3.022 -3.031 -4.704 -8.972 -3.543 0.583
8 E 1.348 1.666 -0.922 -1.645 -7.707 0.365 1.887 -4.722 -0.007 -0.675 0.281 1.271 -1.726 -3.139 0.877 -0.62 -0.853 -3.042 -1.557 -0.126
9 D 0.271 -8.328 1.345 3.285 -7.607 -3.518 2.294 -4.779 -1.221 1.922 0.57 -7.902 1.163 -0.628 -7.426 -2.52 -2.287 -9.08 -5.022 2.036