#Seq2Logo.py -Z on -y 0.25:2.0 -H ends -f 38081.peps -o YAFFMFSGGAILNIAYGQFEYFDIEKVRMHLVMT_el -I 2 --format PNG -b 50 -C 0 -l 1
Last position-specific scoring matrix computed, values are in halfbits
A R N D C Q E G H I L K M F P S T W Y V
1 I -8.15 -9.401 -9.971 -10.181 -7.118 -9.665 -10.142 -10.099 -8.752 4.832 3.233 -7.69 1.406 2.653 -7.863 -9.741 -8.132 -1.901 0.779 3.053
2 V 0.411 2.346 -1.263 -2.051 -7.692 -0.439 1.298 -3.442 1.881 0.998 -1.836 1.8 -3.324 -1.397 -9.258 -0.625 0.273 -1.979 -1.005 1.673
3 S 1.927 -3.046 -2.363 -0.508 -7.445 -1.22 -3.843 2.167 -0.001 -0.821 -4.354 -2.812 -4.283 1.27 -1.204 2.088 0.018 -1.159 3.045 -0.051
4 E -0.26 -4.922 -1.617 0.119 -7.606 1.004 3.77 -3.688 -0.846 1.049 -2.911 -0.878 -2.195 -5.553 -9.011 1.176 2.401 -9.24 -8.467 0.948
5 K 0.013 0.538 0.288 1.014 -7.924 0.125 1.568 -2.159 1.481 -0.832 -0.729 2.117 -2.216 -3.171 1.114 -0.275 -0.855 -9.081 -1.285 -0.826
6 F -3.102 -9.343 -9.55 -10.058 -8.057 -9.885 -9.954 -9.663 -2.492 -1.531 0.224 -6.689 -2.041 7.701 -4.978 -9.605 -7.401 -0.902 4.891 -4.655
7 L 1.108 -1.739 1.626 -1.616 -7.785 2.14 2.413 -4.005 2.751 -0.662 1.363 0.303 -0.678 -2.411 -2.21 -3.068 -2.098 -4.671 -1.829 -0.684
8 K -0.702 2.01 0.396 0.462 -5.033 0.258 1.619 -2.16 0.449 -1.71 -1.226 2.374 -4.28 -5.601 1.403 -0.115 -0.391 -9.267 -3.072 -0.434
9 V 1.53 -5.234 0.926 -1.199 -4.7 -1.036 -1.707 -0.524 -1.648 1.94 1.057 -6.051 -1.635 -1.355 -9.413 0.734 0.287 -8.93 -2.573 2.663