#Seq2Logo.py -Z on -y 0.25:2.0 -H ends -f 38081.peps -o YAFFQFSGGAILNTLHLQFEYFDLEKVRVHLDVT_el -I 2 --format PNG -b 50 -C 0 -l 1
Last position-specific scoring matrix computed, values are in halfbits
A R N D C Q E G H I L K M F P S T W Y V
1 R -8.376 7.672 -7.496 -8.476 -8.999 -5.492 -7.508 -8.996 -6.807 -5.639 -6.931 1.913 -7.943 0.643 -9.561 -8.35 -8.358 -8.563 0.155 -5.816
2 R 1.432 2.56 -2.15 -3.386 -7.576 0.982 1.181 -6.428 0.828 0.808 -0.322 -0.217 -0.674 -0.023 -9.357 -2.167 0.094 -0.6 0.006 1.542
3 A 3.378 -2.053 -3.403 -2.345 -7.239 -1.437 -2.389 0.848 -1.205 -0.653 -0.914 -3.984 -1.729 1.437 -1.205 0.51 -0.724 1.029 2.241 0.365
4 A 3.294 -8.128 -2.994 -1.647 -4.65 -1.604 2.21 -3.906 -4.214 1.496 -1.816 -5.826 -2.67 -6.495 -7.167 0.932 2.563 -9.211 -6.345 1.607
5 L 0.965 -0.947 -0.484 0.159 -7.516 1.327 1.239 -4.384 -2.618 1.393 0.917 -0.061 -2.608 -2.115 -0.099 -2.333 -0.187 -3.046 -3.032 1.735
6 A 5.572 -8.572 -5.788 -8.629 -4.469 -6.669 -7.199 -2.757 -8.355 -1.576 -4.547 -7.99 -7.488 -8.515 2.961 -0.933 -1.356 -9.528 -8.687 2.19
7 A 4.042 -4.079 -0.801 -5.108 -7.114 0.563 1.918 -3.343 -0.88 0.438 1.231 -3.282 -0.959 -2.741 -2.716 -2.273 -2.264 -9.071 -6.219 0.667
8 A 1.391 2.346 -0.077 -2.264 -7.693 1.172 0.957 -2.337 -0.259 -0.909 0.282 1.444 -3.319 -4.061 -0.595 -1.462 -0.732 -3.04 -1.561 0.623
9 A 2.979 -5.824 2.96 -0.017 -4.743 -1.623 0.095 -0.299 -0.861 -0.533 -0.287 -5.857 0.462 -4.086 -5.32 1.131 -0.584 -9.251 -8.457 0.949