#Seq2Logo.py -Z on -y 0.25:2.0 -H ends -f 38081.peps -o YAFFMFSGGAILNIAYLQFEYFALERVRMHLVMT_el -I 2 --format PNG -b 50 -C 0 -l 1
Last position-specific scoring matrix computed, values are in halfbits
A R N D C Q E G H I L K M F P S T W Y V
1 I -8.262 1.02 -9.506 -9.896 -7.413 -7.014 -9.666 -9.927 -8.028 4.637 2.08 -2.466 -1.495 3.746 -10.345 -9.548 -8.245 -4.322 2.95 2.254
2 R 1.013 3.187 -4.236 -3.041 -7.761 0.703 1.973 -6.457 1.481 0.499 -2.06 1.505 -3.321 -0.986 -9.288 -4.097 -0.509 -4.616 0.316 1.975
3 A 2.543 -2.78 -4.872 -3.475 -7.252 -1.916 -4.642 -0.067 -0.833 0.417 -2.85 -4.39 -0.704 0.937 -1.207 1.536 0.89 0.724 3.99 0.898
4 V 0.975 -8.374 -5.746 -3.128 -7.063 -1.903 1.04 -6.531 -4.325 3.081 1.521 -2.853 -0.598 -2.056 -9.425 -0.636 2.1 -8.979 -6.174 2.809
5 K 0.081 1.156 -0.914 0.068 -7.793 0.89 0.835 -3.44 0.639 0.314 -0.357 1.843 -2.176 -2.444 1.468 -1.594 0.433 -9.027 -1.28 0.201
6 A 5.124 -8.687 -5.871 -8.769 -6.835 -6.748 -3.622 -4.144 -8.196 -0.003 -1.505 -8.178 -4.138 2.374 2.706 -2.77 -2.062 -8.761 -2.123 0.916
7 A 3.372 -3.602 1.259 -2.955 -7.481 1.504 2.915 -4.628 2.006 -0.336 1.287 -1.914 -7.079 -4.644 -2.196 -3.471 -4.273 -3.047 -3.544 -1.235
8 K 0.527 2.305 -1.454 -1.656 -7.879 0.699 1.138 -2.95 0.828 -0.817 -0.182 2.333 -4.198 -3.184 2.017 -2.157 -0.4 -4.731 -3.042 -0.411
9 A 2.383 -6.784 2.696 3.084 -7.464 -0.811 1.248 -2.885 -3.259 0.659 -0.096 -7.729 -1.341 -4.077 -9.239 -1.102 -2.062 -9.32 -6.37 1.678