#Seq2Logo.py -Z on -y 0.25:2.0 -H ends -f 38081.peps -o YAFFMFSGGAILNIAYLQFEYFAIEEVRMHLDVT_el -I 2 --format PNG -b 50 -C 0 -l 1
Last position-specific scoring matrix computed, values are in halfbits
A R N D C Q E G H I L K M F P S T W Y V
1 R -8.411 8.016 -7.447 -8.485 -9.063 -5.446 -7.503 -9.024 -6.799 -4.179 -7.725 0.041 -8.006 -1.474 -9.594 -8.343 -8.359 -4.647 -1.035 -8.803
2 R 1.063 2.691 -2.14 -1.888 -7.633 0.684 0.019 -5.229 1.007 0.264 -0.817 1.027 0.279 -0.018 -9.365 -2.018 0.093 -0.099 0.873 1.63
3 A 2.568 -1.302 -3.799 -3.139 -7.493 0.062 -2.586 1.284 0.248 -1.353 -1.549 -5.311 -5.381 2.468 -2.217 0.739 -0.736 1.346 4.121 -1.397
4 K 0.765 -0.73 -2.646 -6.636 -7.544 -1.335 0.632 -5.698 3.094 0.648 -1.432 3.358 -2.158 -1.875 -9.082 -0.605 2.437 -4.676 -2.536 1.123
5 L 0.341 0.52 -1.298 -2.079 -7.6 1.331 0.822 -5.267 -0.558 1.501 1.272 1.313 -2.088 -3.487 0.521 -2.699 -0.293 -1.991 -1.551 1.139
6 A 5.126 -8.663 -3.928 -7.144 -6.745 -8.592 -6.39 -3.024 -8.304 0.013 -2.16 -8.14 -5.3 0.207 2.619 -1.173 -1.685 -9.112 -3.542 2.079
7 A 3.328 -1.243 0.25 -6.652 -7.388 1.865 1.293 -3.375 2.648 -0.414 1.443 -0.78 0.293 -2.729 -1.973 -4.038 -3.897 -8.93 -2.989 -0.36
8 A 1.213 1.723 -0.92 -1.653 -7.667 0.794 1.458 -2.522 -0.852 -0.913 0.228 1.152 -2.689 -2.781 0.433 -0.527 0.008 -1.234 -3.037 0.346
9 D 1.682 -8.004 3.213 3.094 -7.682 -1.579 2.489 -3.353 -0.531 0.311 -1.195 -7.542 -0.73 -4.132 -3.743 -0.26 -1.876 -9.386 -8.549 0.752