#Seq2Logo.py -Z on -y 0.25:2.0 -H ends -f 38081.peps -o YAFFMFSGGAILNIAFGQFEYFAIEKVRMHLVMT_el -I 2 --format PNG -b 50 -C 0 -l 1
Last position-specific scoring matrix computed, values are in halfbits
A R N D C Q E G H I L K M F P S T W Y V
1 I -8.151 -9.394 -9.96 -10.182 -7.124 -9.64 -10.131 -10.09 -8.677 4.67 3.233 -9.4 2.136 2.759 -7.863 -9.729 -8.139 -2.895 1.143 3.051
2 R 0.345 2.252 -0.602 -1.315 -7.785 0.364 1.134 -2.538 2.126 0.401 -1.175 1.702 -4.16 -0.637 -9.277 -1.016 0.269 -0.608 -0.357 0.879
3 S 1.319 -2.022 -1.076 -1.038 -7.507 -1.645 -3.534 2.009 1.478 -0.577 -3.099 -1.199 -4.26 1.176 -1.206 1.939 0.196 -1.919 2.463 0.111
4 E -0.257 -5.644 -1.619 0.215 -7.541 0.374 3.792 -3.415 -0.544 0.857 -3.238 -2.702 -2.721 -5.542 -9.021 1.274 2.636 -9.244 -8.46 1.581
5 K -0.366 0.861 0.782 1.288 -7.95 0.479 1.364 -1.692 1.48 -1.377 -0.517 1.597 -2.749 -2.177 1.261 -0.619 -0.395 -9.122 -2.203 -0.725
6 F -7.759 -9.424 -9.573 -10.139 -8.303 -10.022 -10.037 -9.779 -6.749 -5.288 -2.506 -7.862 -3.991 8.067 -10.996 -9.762 -9.155 0.536 5.68 -7.427
7 E 0.804 -1.22 1.557 -1.998 -7.76 1.426 2.554 -2.533 2.126 -0.54 1.4 0.459 -0.676 -1.858 -3.377 -2.49 -1.125 -3.031 -2.992 -0.385
8 K -0.889 1.733 0.693 0.716 -5.031 0.256 1.761 -1.995 0.835 -1.545 -1.504 2.037 -5.512 -4.805 1.403 -0.191 0.098 -9.287 -3.603 -0.249
9 V 0.085 -7.114 -0.373 0.66 -4.709 -4.82 -1.299 -2.214 -3.399 2.818 1.872 -7.118 -1.576 0.007 -9.657 -0.658 -0.083 -8.805 -2.165 3.234