#Seq2Logo.py -Z on -y 0.25:2.0 -H ends -f 38081.peps -o YAFFQFSGGAILNTLYLQFEYFEIEEVRMHLDVT_el -I 2 --format PNG -b 50 -C 0 -l 1
Last position-specific scoring matrix computed, values are in halfbits
A R N D C Q E G H I L K M F P S T W Y V
1 R -8.407 7.337 -7.641 -8.58 -8.875 -5.618 -7.655 -9.06 -6.854 -1.326 -5.006 1.986 -7.745 1.994 -9.637 -8.453 -8.39 -2.94 1.116 -8.324
2 R 0.641 2.693 -2.392 -2.079 -7.708 1.168 0.56 -5.236 1.012 0.575 -1.148 1.154 -0.416 -0.018 -9.346 -1.479 0.093 -0.591 1.224 1.282
3 A 2.323 -1.851 -4.295 -2.861 -7.513 -1.667 -2.601 0.837 0.665 -0.684 -2.198 -4.836 -3.368 2.304 -2.749 0.901 -0.619 3.14 4.605 -0.903
4 K -0.356 -1.154 -2.954 -5.075 -7.687 -1.329 0.956 -5.74 3.096 0.715 -2.191 3.678 -5.303 0.215 -9.123 -0.706 2.27 -4.625 -0.751 1.062
5 L 0.28 0.696 -1.288 -1.867 -7.653 0.682 0.887 -4.394 -0.554 0.941 1.189 1.884 -3.241 -1.848 0.703 -1.364 -0.504 -4.682 -1.547 0.647
6 A 5.322 -8.708 -3.947 -7.194 -6.762 -8.666 -7.331 -3.254 -8.207 0.351 -1.919 -8.204 -7.209 2.193 2.02 -1.792 -4.203 -8.774 -2.13 1.203
7 L 2.378 -0.056 0.143 -6.594 -7.589 2.198 1.839 -4.723 2.748 -0.015 1.864 0.135 -0.654 -3.058 -3.377 -3.801 -5.928 -8.768 -0.774 -0.87
8 K 0.531 2.533 -0.604 -2.727 -7.817 0.705 1.613 -3.425 -0.536 -1.348 -0.239 2.254 -1.355 -3.186 0.433 -0.807 -0.089 -2.008 -5.062 0.028
9 V 1.603 -5.892 3.276 0.173 -7.327 -2.444 0.539 -3.152 -0.872 1.832 0.799 -5.967 0.299 -3.076 -5.395 -0.912 -1.237 -9.138 -5.057 2.347