#Seq2Logo.py -Z on -y 0.25:2.0 -H ends -f 38081.peps -o YAFFMFSGGAILNIAFGQFEDFAIEKVRMHLGMT_el -I 2 --format PNG -b 50 -C 0 -l 1
Last position-specific scoring matrix computed, values are in halfbits
A R N D C Q E G H I L K M F P S T W Y V
1 F -8.714 -9.38 -9.715 -10.169 -7.855 -9.802 -10.04 -9.88 -7.249 1.988 1.143 -9.562 0.137 6.619 -8.006 -9.768 -8.762 4.049 4.966 -0.219
2 R 0.007 2.569 -0.19 -0.479 -7.875 0.478 1.018 -2.353 2.244 1.043 -2.209 1.388 -4.191 -1.38 -9.315 -1.02 -0.293 0.686 0.74 0.559
3 S 1.496 -3.024 -3.297 -1.041 -7.475 -0.2 -3.821 1.58 1.758 -0.48 -3.275 -2.568 -1.385 0.808 -0.883 2.393 0.679 -0.077 2.987 -1.406
4 E -0.5 -6.513 0.097 2.767 -7.697 -1.529 3.728 -3.128 -1.572 -0.27 -4.713 -3.194 -5.569 -6.787 -7.156 1.876 2.599 -9.393 -8.679 0.26
5 K -0.894 0.442 -0.055 1.151 -7.949 1.343 1.201 -1.847 2.007 -0.955 -0.314 1.38 -2.206 -2.466 1.725 -0.445 -0.19 -9.099 -1.857 -0.938
6 F -1.782 -7.395 -9.395 -9.813 -8.134 -9.606 -4.116 -7.892 -3.854 -3.281 -1.698 -7.666 -1.663 7.502 -2.849 -7.928 -6.377 0.857 5.67 -4.757
7 E 0.144 -0.263 1.493 -2.196 -7.917 1.59 2.626 -1.559 2.843 -0.572 0.621 1.025 -1.725 -2.44 -1.566 -2.157 -1.127 -3.035 -2.553 -0.92
8 K -0.21 2.353 0.951 -1.282 -5.025 0.808 1.849 -3.174 0.005 -0.593 -1.21 2.085 -3.4 -3.628 1.261 -1.227 -0.503 -9.148 -2.218 -0.326
9 V -0.133 -4.223 0.234 0.408 -4.729 -5.595 -0.592 -2.588 -2.14 2.853 1.901 -4.946 -3.816 -0.582 -6.311 -1.397 -0.61 -8.854 -2.172 3.364