#Seq2Logo.py -Z on -y 0.25:2.0 -H ends -f 38081.peps -o YAFFMFSGGAILNIAYLQFEYFEIEEVRMHLDVT_el -I 2 --format PNG -b 50 -C 0 -l 1
Last position-specific scoring matrix computed, values are in halfbits
A R N D C Q E G H I L K M F P S T W Y V
1 R -8.395 8.23 -7.355 -8.419 -9.138 -6.371 -7.415 -8.986 -6.82 -9.463 -7.875 -0.21 -8.11 -9.374 -9.547 -8.28 -8.334 -9.146 -8.67 -9.041
2 R 1.345 2.689 -2.687 -1.885 -7.605 0.466 0.337 -4.374 1.171 0.505 -0.601 0.692 -0.984 -0.302 -9.339 -1.731 0.183 -0.597 0.743 1.439
3 A 2.479 -0.709 -3.019 -2.12 -7.472 -0.843 -2.385 1.284 -0.246 -1.345 -1.451 -4.345 -4.202 2.225 -2.216 0.624 0.003 1.843 3.587 -0.797
4 K 1.168 -0.219 -2.646 -5.761 -4.904 -1.322 0.498 -4.714 3.256 0.851 -2.197 3.898 -2.175 -2.448 -9.075 -1.106 1.326 -1.99 -2.538 0.826
5 L 0.007 0.145 -0.495 -2.54 -7.561 1.243 0.55 -6.511 -1.614 1.773 1.421 1.366 -3.185 -2.089 0.121 -2.899 0.093 -3.029 -1.545 1.458
6 A 5.21 -8.624 -4.415 -7.104 -6.718 -8.531 -7.253 -2.396 -8.372 0.431 -2.18 -8.06 -5.342 -6.591 3.152 -0.95 -0.948 -9.47 -6.41 1.697
7 A 3.545 -1.095 -0.79 -5.805 -7.315 1.647 1.291 -2.302 2.34 -0.876 1.546 -1.444 0.675 -3.514 -2.201 -3.249 -3.251 -8.963 -3.525 -0.359
8 A 1.07 1.84 -0.606 -1.309 -7.715 1.173 1.303 -2.336 -0.538 -1.047 -0.172 1.549 -2.175 -2.783 -0.092 -0.529 -0.611 -1.998 -2.203 0.619
9 N 2.262 -6.595 3.904 0.962 -7.542 -0.309 1.248 -1.233 1.484 -0.706 -1.689 -5.734 -0.74 -4.773 -2.714 1.182 -0.823 -9.341 -8.419 -0.315