#Seq2Logo.py -Z on -y 0.25:2.0 -H ends -f 38081.peps -o YAFFMFSGGAILNIAYGQFEYFALERVRMHLVMT_el -I 2 --format PNG -b 50 -C 0 -l 1
Last position-specific scoring matrix computed, values are in halfbits
A R N D C Q E G H I L K M F P S T W Y V
1 I -8.159 -9.414 -9.964 -10.176 -7.126 -9.654 -10.145 -10.094 -8.711 4.9 3.06 -9.406 2.24 2.758 -7.865 -9.735 -8.135 -1.897 0.907 2.938
2 R 0.528 2.393 -0.192 -1.15 -7.782 0.482 1.46 -3.708 1.623 0.233 -1.264 1.551 -3.341 -0.814 -9.256 -0.812 0.005 -0.612 -0.771 0.937
3 G 1.45 -2.257 -1.65 -0.634 -7.507 -1.428 -4.19 2.126 1.176 -0.578 -3.268 -2.369 -3.412 1.273 -1.568 1.744 0.443 -1.155 3.105 -0.134
4 E 0.041 -5.739 -4.202 -2.453 -7.292 -0.16 3.001 -4.021 -1.625 1.821 -1.587 -2.751 -0.978 -3.557 -9.116 1.173 3.02 -9.135 -8.327 2.309
5 E -0.619 0.699 0.496 1.598 -7.946 0.119 1.468 -2.165 1.007 -0.954 -0.726 1.595 -1.378 -1.661 1.469 -0.713 -0.092 -9.139 -2.59 -0.616
6 F -3.112 -9.422 -9.576 -10.059 -8.153 -9.998 -8.084 -9.641 -5.102 -2.968 -1.468 -7.832 -2.07 8.015 -4.421 -9.628 -9.044 0.854 4.739 -5.188
7 L 1.012 -1.749 2.122 -2.677 -7.732 1.506 2.553 -3.694 2.557 -0.431 1.504 -0.137 -0.974 -2.41 -3.759 -1.723 -1.409 -4.678 -2.551 -0.678
8 E -0.205 1.73 0.596 0.794 -5.023 0.13 1.806 -2.517 1.48 -1.546 -1.14 1.656 -5.504 -6.73 1.727 -0.192 -0.5 -4.767 -4.256 -0.432
9 V -0.207 -8.754 -0.241 1.042 -7.191 -5.625 -0.699 -1.742 -4.333 2.991 1.751 -7.133 -1.577 -0.135 -7.534 -1.398 -0.497 -8.913 -4.152 3.441