#Seq2Logo.py -Z on -y 0.25:2.0 -H ends -f 38081.peps -o YAFFMFSGGAILNTLYLQFEYFEIEKVRMHLDVT_el -I 2 --format PNG -b 50 -C 0 -l 1
Last position-specific scoring matrix computed, values are in halfbits
A R N D C Q E G H I L K M F P S T W Y V
1 R -8.411 8.295 -7.356 -8.436 -9.15 -6.373 -7.431 -9.002 -6.81 -9.496 -8.933 -1.382 -8.123 -9.38 -9.569 -8.289 -8.342 -9.142 -8.672 -9.056
2 A 2.017 2.191 -2.415 -1.883 -7.509 -0.03 0.819 -5.723 -0.011 0.431 -0.078 0.138 -0.976 0.474 -9.326 -1.727 -0.091 -0.595 0.612 1.29
3 A 2.568 -2.276 -3.029 -0.916 -7.402 -1.227 -1.854 0.653 -0.26 -0.433 -0.473 -4.381 -2.685 2.342 -1.573 0.622 -0.731 0.716 2.935 -0.196
4 E 1.614 -7.949 -2.975 -1.114 -4.782 -0.446 3.523 -4.329 -0.871 1.707 -0.899 -4.654 -2.142 -5.43 -9.075 0.454 2.318 -9.162 -6.295 1.456
5 L 1.012 -0.672 -0.35 0.161 -4.87 0.876 1.551 -4.784 -3.285 1.33 1.345 -0.155 -1.661 -1.378 0.122 -3.314 -0.398 -3.038 -2.579 1.026
6 A 5.042 -8.704 -5.849 -8.777 -6.706 -8.618 -7.318 -2.237 -8.499 0.689 -2.682 -8.149 -5.289 -8.271 3.114 -1.409 -2.229 -9.508 -8.641 2.878
7 A 3.628 -3.005 -0.229 -5.755 -7.228 0.454 2.003 -0.912 -0.282 -0.292 1.41 -2.764 -0.146 -3.097 -3.024 -2.286 -3.236 -9.002 -3.562 0.589
8 A 1.069 1.784 -0.757 -0.729 -7.698 1.083 1.249 -2.724 -0.259 -1.036 0.229 1.548 -2.685 -4.651 -0.735 -0.531 -0.851 -3.038 -1.035 0.813
9 A 2.452 -7.856 3.368 2.102 -7.532 -0.779 1.85 -1.484 0.838 -2.949 -2.412 -6.436 -0.476 -6.748 -4.662 1.51 0.031 -9.392 -8.555 -0.33