#Seq2Logo.py -Z on -y 0.25:2.0 -H ends -f 38081.peps -o YAFFQFSGGAILNTLYLQFEYFDLEEVRVHLDVT_el -I 2 --format PNG -b 50 -C 0 -l 1
Last position-specific scoring matrix computed, values are in halfbits
A R N D C Q E G H I L K M F P S T W Y V
1 R -8.421 7.612 -7.579 -8.563 -8.953 -6.662 -7.622 -9.055 -6.818 -2.628 -6.832 1.227 -7.859 1.557 -9.641 -8.423 -8.392 -2.955 0.744 -7.281
2 R 1.113 2.813 -2.678 -2.532 -7.66 1.257 0.698 -7.275 1.48 0.338 -1.149 0.838 -0.416 -0.163 -9.315 -1.729 0.352 -1.196 0.611 1.385
3 A 3.027 -2.059 -4.289 -2.594 -7.392 -1.231 -3.303 1.581 -0.245 -1.346 -1.86 -5.352 -3.377 2.103 -2.214 0.908 -1.559 2.069 3.865 -0.689
4 K 1.486 -2.574 -2.377 -5.782 -4.822 -2.066 0.557 -3.68 2.339 1.194 -1.72 3.181 -1.714 -2.428 -7.227 -0.343 2.099 -4.678 -1.835 1.293
5 L -0.137 0.051 -0.628 -1.861 -7.678 1.249 1.069 -5.258 -0.273 1.075 1.112 1.586 -3.241 -2.109 1.109 -2.028 -0.191 -3.032 -1.272 0.838
6 A 5.455 -8.665 -5.053 -8.748 -6.718 -8.599 -7.29 -2.387 -8.272 -0.103 -2.565 -8.127 -7.324 1.235 2.386 -1.642 -2.45 -9.016 -4.14 1.2
7 A 3.437 -1.24 -0.099 -6.695 -7.369 1.648 1.125 -3.374 2.551 -0.411 1.477 -0.149 -0.662 -2.386 -3.365 -4.041 -4.725 -8.795 -1.004 -0.179
8 R 0.647 2.348 -0.072 -1.835 -7.763 0.366 1.302 -2.527 -0.539 -0.924 -0.055 1.755 -2.178 -3.591 0.234 -0.712 0.006 -1.235 -3.043 0.267
9 A 2.26 -4.567 3.571 0.184 -7.337 -1.868 0.174 -1.953 -0.272 0.81 -0.467 -4.748 -0.171 -3.139 -3.754 0.187 -0.706 -9.249 -8.357 1.902