#Seq2Logo.py -Z on -y 0.25:2.0 -H ends -f 38081.peps -o YAFFQFSGGAILNTLYLQFEYFEIEKVRMHLDVT_el -I 2 --format PNG -b 50 -C 0 -l 1
Last position-specific scoring matrix computed, values are in halfbits
A R N D C Q E G H I L K M F P S T W Y V
1 R -8.36 7.752 -7.446 -8.431 -9.036 -6.487 -7.452 -8.969 -6.807 -4.59 -8.703 2.141 -8.004 -0.696 -9.519 -8.312 -8.338 -8.716 -0.384 -7.442
2 R 1.254 2.65 -2.692 -2.525 -7.644 0.69 1.349 -6.43 0.442 0.428 -0.898 0.966 -0.986 0.104 -9.328 -2.328 -0.191 -0.6 0.168 1.722
3 A 3.101 -1.655 -6.607 -2.351 -7.293 -1.908 -2.026 0.247 -0.537 -0.538 -1.429 -3.648 -2.696 1.965 -1.568 0.799 -0.608 1.041 3.223 0.504
4 E 1.354 -7.979 -3.382 -1.83 -4.761 -0.622 2.999 -5.226 -0.575 2.156 0.058 -1.958 -0.954 -4.595 -9.209 -1.453 2.315 -9.103 -6.247 2.205
5 L 0.526 -0.661 -0.628 -0.042 -7.583 1.329 1.184 -4.788 -2.612 1.27 1.232 0.67 -4.009 -1.382 0.228 -2.026 -0.395 -3.039 -2.577 1.297
6 A 5.413 -8.584 -3.916 -7.099 -6.662 -6.685 -6.34 -4.082 -8.358 0.355 -3.02 -6.855 -7.321 -4.12 2.665 -1.156 -1.215 -9.435 -8.552 2.001
7 A 3.687 -3.302 -0.363 -6.64 -7.244 0.973 2.005 -3.119 0.994 -0.092 1.616 -2.129 -0.656 -2.717 -2.723 -3.03 -3.88 -8.93 -2.569 0.313
8 K 1.21 2.443 -1.265 -2.26 -7.788 1.265 1.251 -2.726 -0.003 -1.061 -0.176 2.211 -3.344 -2.782 -0.332 -1.718 -0.618 -1.992 -1.554 0.112
9 A 2.324 -8.03 3.398 1.608 -7.462 -0.8 1.457 -1.506 -0.844 -0.126 -0.853 -7.622 0.255 -3.167 -5.332 0.518 -1.373 -9.261 -6.316 1.0