#Seq2Logo.py -Z on -y 0.25:2.0 -H ends -f 38081.peps -o YAFFQFSGGAILNTLFGQFEYFAIEKVRVHLDVT_el -I 2 --format PNG -b 50 -C 0 -l 1
Last position-specific scoring matrix computed, values are in halfbits
A R N D C Q E G H I L K M F P S T W Y V
1 F -8.626 -3.911 -9.663 -10.065 -7.758 -7.242 -6.925 -9.876 -5.31 2.508 1.512 -6.601 0.898 6.378 -7.973 -9.716 -8.66 3.306 4.244 0.284
2 R 0.342 2.567 -0.754 -0.735 -7.813 0.693 1.076 -2.956 1.623 0.982 -1.444 1.155 -4.163 -1.173 -9.317 -0.917 -0.093 1.572 0.32 0.563
3 S 1.277 -3.036 -2.942 -0.632 -7.497 -1.02 -4.558 1.929 1.625 -1.09 -3.672 -2.807 -3.427 1.188 -1.378 2.424 0.75 -0.071 3.273 -0.816
4 E -1.627 -4.962 -2.899 0.815 -7.621 -1.763 3.925 -3.71 0.219 0.922 -3.428 -0.887 -3.379 -4.136 -7.199 0.867 3.177 -9.226 -8.41 1.333
5 K -0.897 0.699 -0.061 0.86 -7.922 0.585 1.307 -2.537 1.755 -0.577 0.111 1.541 -2.715 -1.639 1.534 -0.537 -0.397 -9.005 -1.271 -0.709
6 F -3.322 -9.326 -9.492 -9.941 -8.145 -9.823 -4.957 -7.965 -3.92 -2.491 -1.03 -6.678 -2.069 7.845 -8.018 -8.033 -6.406 0.508 5.045 -5.713
7 E 0.399 -0.039 1.42 -1.782 -7.93 1.813 2.889 -2.172 2.458 -0.807 1.246 1.09 -1.71 -3.134 -2.731 -3.287 -1.42 -4.692 -3.007 -1.835
8 E -0.449 1.956 0.59 -0.566 -3.612 0.496 2.49 -4.008 0.653 -0.971 -1.401 2.04 -4.273 -3.64 1.665 -1.116 -0.618 -9.176 -2.217 -0.624
9 V -0.37 -4.206 0.65 1.451 -4.783 -4.746 0.457 -2.786 -2.116 2.553 1.709 -5.45 -3.87 -0.278 -6.303 -1.777 -1.256 -8.81 -1.259 3.118