#Seq2Logo.py -Z on -y 0.25:2.0 -H ends -f 38081.peps -o YAFFQFSGGAILNTLFGQFEYFEIEEVRIHLDVT_el -I 2 --format PNG -b 50 -C 0 -l 1
Last position-specific scoring matrix computed, values are in halfbits
A R N D C Q E G H I L K M F P S T W Y V
1 F -7.399 -1.543 -9.625 -10.034 -7.627 -9.519 -8.026 -9.888 -4.152 3.145 2.099 -4.67 -0.846 5.831 -10.594 -9.664 -7.14 2.099 3.725 1.077
2 R 0.342 2.396 -0.461 -1.843 -7.849 1.263 1.194 -3.717 1.762 0.913 -1.444 1.852 -3.336 -0.626 -9.287 -0.723 -1.26 -1.198 0.869 0.423
3 S 2.137 -3.363 -3.708 -0.634 -7.468 -1.651 -3.259 1.932 1.183 -1.387 -3.681 -3.334 -3.435 1.281 -1.761 2.36 -0.378 0.354 3.678 -1.557
4 K -2.052 -0.304 -4.093 -3.299 -7.896 -1.29 1.204 -5.193 3.825 -0.058 -4.35 4.452 -3.393 -1.226 -7.197 -0.109 2.05 -8.967 -3.473 0.613
5 K -0.898 1.091 0.278 -0.242 -7.926 1.259 0.709 -2.351 1.62 -0.152 -0.176 2.202 -2.184 -1.642 1.186 -0.918 -0.619 -1.995 -1.843 -0.407
6 F -2.212 -6.323 -9.533 -10.002 -8.066 -7.332 -6.917 -6.898 -7.035 -1.707 -0.303 -7.757 -2.554 7.756 -8.004 -8.017 -8.96 -0.353 4.922 -5.122
7 L 0.066 1.442 1.493 -3.984 -8.042 2.391 1.983 -4.367 3.699 -1.073 1.206 2.293 -4.104 -1.874 -5.362 -4.779 -2.312 -8.876 -2.526 -2.009
8 K -0.994 2.165 0.59 -0.834 -8.024 0.141 2.107 -4.744 1.178 -1.088 -1.303 2.604 -5.456 -3.205 1.262 -0.811 -0.733 -9.186 -3.043 0.247
9 V 0.534 -1.853 1.474 0.045 -3.424 -3.181 -0.907 -2.549 -3.339 2.344 0.813 -4.012 -1.633 -0.773 -5.416 -0.211 0.525 -8.894 -1.845 2.914