#Seq2Logo.py -Z on -y 0.25:2.0 -H ends -f 38081.peps -o YAFFMFSGGAILNIAYLQFEYFDLEKVRVHLNVT_el -I 2 --format PNG -b 50 -C 0 -l 1
Last position-specific scoring matrix computed, values are in halfbits
A R N D C Q E G H I L K M F P S T W Y V
1 R -8.389 8.212 -7.35 -8.408 -9.142 -5.36 -7.4 -8.977 -6.817 -9.481 -8.938 0.066 -8.121 -9.389 -9.537 -8.273 -8.331 -9.149 -8.671 -9.051
2 A 2.018 2.241 -1.687 -2.301 -7.497 0.573 0.69 -5.183 0.222 0.942 -0.457 -0.036 -0.979 -0.305 -9.308 -1.468 -0.088 -0.602 0.165 1.345
3 A 2.628 -1.654 -4.885 -2.347 -4.778 -1.662 -1.86 0.717 -0.855 -0.644 -0.339 -3.346 -2.679 1.821 -0.467 0.851 -0.726 -0.077 2.607 0.572
4 E 2.393 -8.019 -2.367 0.379 -4.758 -0.61 3.263 -3.95 -3.288 1.489 -1.722 -6.499 -2.164 -6.543 -7.201 0.7 1.821 -9.26 -8.532 1.55
5 L 1.113 -1.249 0.365 0.259 -7.567 1.243 1.24 -4.022 -4.145 1.203 0.87 0.204 -2.114 -0.807 0.124 -2.015 -0.502 -3.041 -3.02 1.021
6 A 4.955 -8.647 -5.793 -8.662 -4.52 -8.551 -7.263 -2.41 -8.439 0.104 -4.497 -8.074 -7.4 -8.432 3.569 -0.484 -0.697 -9.573 -8.692 2.62
7 A 3.862 -2.724 0.248 -5.094 -4.718 0.452 1.495 -1.251 -0.028 -0.204 1.029 -3.007 -0.675 -2.753 -1.966 -1.82 -1.884 -9.069 -5.044 0.157
8 A 1.521 2.101 -0.328 -0.733 -7.678 0.793 0.957 -1.992 -0.539 -1.181 0.226 1.272 -4.154 -3.569 -0.46 -0.905 -0.853 -3.042 -1.563 0.554
9 A 3.225 -7.853 3.512 0.732 -7.364 -0.62 0.772 0.137 0.451 -3.915 -3.372 -5.706 -1.074 -8.722 -5.261 2.377 -0.804 -9.401 -8.614 -1.308