#Seq2Logo.py -Z on -y 0.25:2.0 -H ends -f 38081.peps -o YAFFMFSGGAILNIAFGQFEYFAIEKVRVHLDVT_el -I 2 --format PNG -b 50 -C 0 -l 1
Last position-specific scoring matrix computed, values are in halfbits
A R N D C Q E G H I L K M F P S T W Y V
1 F -8.456 3.765 -8.834 -9.423 -7.981 -3.185 -5.799 -9.574 -4.031 1.97 0.996 -0.064 -0.355 5.015 -7.778 -9.205 -8.488 1.866 3.615 0.171
2 R 0.277 2.776 -2.122 -1.872 -7.789 1.17 0.42 -3.733 1.177 0.853 -1.625 1.551 -1.721 0.231 -9.347 -1.242 0.181 1.311 0.749 0.762
3 S 2.103 -2.503 -3.32 -1.71 -7.392 -2.169 -4.593 1.487 1.339 -1.215 -3.654 -3.976 -4.26 1.021 -3.03 2.328 0.822 1.045 3.861 -0.401
4 E -1.06 -5.57 -2.295 1.381 -7.655 -0.911 4.077 -6.326 -1.191 0.549 -4.629 -0.642 -7.58 -5.602 -7.161 1.181 3.115 -9.298 -8.542 1.056
5 E -0.797 0.258 -0.454 -0.022 -7.828 0.587 1.563 -2.954 1.752 -0.143 0.279 1.695 -1.729 -2.775 1.187 -0.362 0.435 -9.068 -2.195 -0.398
6 F -0.431 -9.321 -9.534 -9.957 -7.855 -5.987 -8.001 -9.437 -7.187 -0.813 0.222 -9.45 -3.137 7.399 -4.388 -7.898 -7.284 -1.614 4.657 -1.211
7 E 1.515 -0.04 1.266 -4.898 -7.797 1.812 2.887 -3.417 2.457 -0.345 1.285 0.964 -3.286 -4.051 -2.453 -3.056 -2.297 -9.001 -3.011 -1.524
8 E -0.131 2.263 0.178 -1.109 -8.045 1.012 2.563 -3.691 1.017 -1.725 -1.505 2.3 -3.429 -4.18 1.191 -0.438 -1.116 -9.22 -3.586 -0.957
9 V 0.279 -5.209 1.947 2.621 -4.847 -4.049 1.235 -3.187 -0.565 1.779 0.879 -5.981 -2.613 -0.971 -7.423 -0.73 -1.109 -9.016 -2.577 2.306