#Seq2Logo.py -Z on -y 0.25:2.0 -H ends -f 38081.peps -o YAFFQFSGGAILNTLYLQFEYFDLEKVRVHLNVT_el -I 2 --format PNG -b 50 -C 0 -l 1
Last position-specific scoring matrix computed, values are in halfbits
A R N D C Q E G H I L K M F P S T W Y V
1 R -8.374 7.177 -7.67 -8.593 -8.832 -4.831 -7.666 -9.062 -6.793 -2.159 -5.003 2.24 -7.733 1.795 -9.627 -8.457 -8.378 -2.914 2.24 -3.649
2 R 1.299 2.475 -2.408 -3.071 -7.601 0.686 1.182 -5.77 1.004 0.807 -0.741 0.47 -1.316 -0.16 -9.344 -2.497 0.352 -0.104 0.324 1.68
3 A 3.334 -1.475 -4.884 -2.351 -7.236 -1.663 -3.039 0.324 -0.545 0.155 -1.524 -3.978 -1.731 1.277 -1.04 0.965 -0.969 1.032 2.739 0.297
4 A 2.48 -8.012 -3.014 -0.594 -4.739 -0.168 2.783 -7.135 -0.883 2.059 -0.512 -2.769 -2.115 -4.624 -7.259 -1.208 1.767 -9.129 -5.072 1.963
5 L 0.915 -0.663 -0.63 -0.615 -7.526 1.328 1.182 -4.04 -2.071 1.151 1.233 0.447 -3.218 -2.111 0.015 -2.021 -0.288 -4.698 -2.584 1.5
6 A 5.602 -8.566 -5.035 -8.662 -4.46 -6.672 -6.329 -4.801 -8.363 -0.502 -3.382 -6.838 -7.364 -5.54 2.577 -1.496 -1.074 -9.459 -8.598 2.119
7 A 4.211 -3.31 -0.228 -4.526 -7.165 0.779 2.091 -3.326 0.426 -0.013 0.905 -3.259 -0.976 -4.044 -1.961 -2.993 -3.228 -9.101 -5.051 0.081
8 K 1.392 2.53 -1.459 -2.505 -7.736 0.898 0.834 -2.161 -0.538 -1.194 0.002 2.21 -3.341 -4.083 0.234 -1.227 -0.984 -3.043 -1.564 0.266
9 A 2.952 -4.53 3.871 1.099 -3.458 -2.105 0.764 -0.988 -1.571 -1.663 -1.387 -5.773 -0.458 -4.143 -7.223 1.186 -0.818 -9.34 -8.557 0.341