#Seq2Logo.py -Z on -y 0.25:2.0 -H ends -f 38081.peps -o YAFFMFSGGAILNIAFGQFEYFDFEEVRMHLGMT_el -I 2 --format PNG -b 50 -C 0 -l 1
Last position-specific scoring matrix computed, values are in halfbits
A R N D C Q E G H I L K M F P S T W Y V
1 F -8.595 -9.344 -9.748 -10.173 -7.695 -9.744 -10.04 -9.932 -7.407 2.475 2.041 -7.747 -0.063 6.153 -10.698 -9.757 -8.638 2.509 4.77 0.703
2 R 0.079 2.658 -0.069 -1.847 -7.839 1.586 0.639 -3.187 1.625 1.047 -1.004 1.901 -4.144 -1.392 -9.292 -0.629 -0.984 -1.211 -0.179 0.425
3 A 1.925 -2.488 -2.112 -1.192 -4.853 -0.501 -3.004 2.011 0.649 -0.834 -3.286 -2.358 -1.049 0.487 0.431 2.013 -1.705 0.339 3.043 -1.041
4 K -0.98 0.864 -1.399 -4.004 -8.049 -1.952 0.453 -4.315 3.628 -1.263 -5.044 5.257 -4.305 -4.856 -7.139 -0.427 1.326 -9.205 -8.09 -0.634
5 K -0.285 0.942 0.387 0.268 -7.881 1.424 0.504 -1.422 1.007 -0.693 -0.305 2.029 -1.746 -1.896 0.956 -0.812 -0.395 -3.047 -2.195 -0.319
6 F -3.313 -9.355 -9.561 -10.07 -8.07 -9.831 -9.942 -9.674 -5.031 -0.487 -0.181 -9.554 -2.053 7.402 -4.409 -8.05 -7.383 2.348 5.498 -3.919
7 K 0.334 2.218 1.422 -4.461 -8.012 2.768 1.09 -3.177 3.106 -1.22 0.663 2.298 -3.32 -2.773 -3.372 -3.531 -2.105 -4.672 -1.828 -1.561
8 K -1.093 2.015 0.87 -0.335 -8.027 0.381 1.715 -3.172 1.015 -1.864 -1.4 2.815 -5.471 -2.823 0.708 -0.443 -0.981 -9.129 -2.207 0.389
9 V 1.658 -4.14 1.756 -0.75 -3.393 -1.43 -2.376 -0.607 -1.639 1.227 0.213 -5.333 -0.964 -3.101 -7.326 1.451 1.456 -9.15 -6.268 2.452