#Seq2Logo.py -Z on -y 0.25:2.0 -H ends -f 38081.peps -o YAFFMFSGGAILNIAYGQFEYFAIEKVRVHLDVT_el -I 2 --format PNG -b 50 -C 0 -l 1
Last position-specific scoring matrix computed, values are in halfbits
A R N D C Q E G H I L K M F P S T W Y V
1 R -8.489 4.979 -8.557 -9.239 -8.195 -4.032 -5.704 -9.463 -5.167 1.542 -0.104 0.241 -2.091 4.986 -7.739 -9.053 -8.507 1.862 3.255 -0.763
2 R 0.403 2.817 -2.117 -1.865 -7.809 1.506 0.702 -4.383 1.759 0.558 -1.631 1.391 -1.724 0.348 -9.325 -1.6 0.35 0.322 0.617 0.629
3 S 2.104 -3.363 -3.716 -1.357 -7.364 -1.218 -3.847 1.341 0.008 -1.516 -3.657 -3.971 -4.261 1.108 -3.025 2.396 1.45 1.333 3.678 -0.595
4 E -0.254 -7.661 -4.059 1.441 -7.559 -1.306 4.034 -6.3 -2.043 0.313 -4.927 -1.418 -7.578 -8.574 -6.053 1.373 3.27 -9.329 -8.614 1.328
5 E -0.445 -0.164 -0.908 0.364 -7.79 0.891 1.889 -2.742 1.751 0.056 0.121 0.953 -3.329 -1.881 0.875 -0.718 0.513 -9.034 -2.188 0.348
6 F 1.365 -9.183 -9.414 -9.705 -7.588 -5.026 -5.402 -9.106 -7.417 0.474 0.322 -9.15 -2.04 6.639 -1.257 -6.76 -6.181 -2.621 4.085 0.395
7 E 1.871 -1.742 1.555 -6.284 -7.698 1.664 3.125 -3.41 2.557 -0.128 1.362 0.052 -3.27 -4.037 -3.749 -3.052 -2.505 -9.008 -3.53 -0.573
8 E 0.149 2.011 0.175 -0.445 -8.011 0.913 2.492 -4.338 0.839 -1.71 -0.891 2.129 -4.262 -4.161 1.403 -0.905 -1.259 -9.209 -3.055 -0.731
9 D 0.213 -5.181 2.241 3.22 -7.601 -3.522 1.702 -3.424 -2.599 1.502 0.093 -5.917 -0.986 -0.986 -7.392 -0.54 -1.394 -9.075 -2.593 2.068