#Seq2Logo.py -Z on -y 0.25:2.0 -H ends -f 38081.peps -o YAFFQFSGGAILNTLFGQFEYFAIEKVRMHLGMT_el -I 2 --format PNG -b 50 -C 0 -l 1
Last position-specific scoring matrix computed, values are in halfbits
A R N D C Q E G H I L K M F P S T W Y V
1 F -8.699 -9.415 -9.714 -10.155 -7.851 -9.828 -10.053 -9.88 -7.268 2.69 0.298 -9.573 -0.092 6.618 -8.005 -9.764 -8.735 4.154 4.935 0.045
2 R 0.466 2.153 -0.602 -0.604 -7.824 0.795 1.135 -2.952 1.89 0.773 -1.748 1.329 -3.348 -0.621 -9.301 -0.721 -0.505 0.689 1.11 0.492
3 S 1.364 -2.738 -2.366 -1.196 -4.824 -1.212 -3.839 1.127 1.175 -0.35 -2.21 -1.489 -1.026 1.187 -1.205 2.259 0.604 -1.158 2.928 -0.392
4 E 0.025 -4.439 -1.617 1.887 -7.618 -0.287 3.128 -4.34 0.634 1.531 -1.743 -0.443 -3.348 -3.605 -7.239 0.573 1.962 -9.234 -8.363 0.954
5 E -0.533 0.441 0.287 1.153 -7.947 0.895 1.518 -2.729 2.128 -1.222 -0.513 1.323 -2.739 -2.154 1.26 -0.623 -0.292 -1.993 -0.788 -0.422
6 F -2.542 -9.343 -9.479 -9.975 -8.201 -9.871 -6.909 -7.926 -5.009 -3.595 -2.964 -6.683 -3.223 7.915 -4.98 -7.018 -7.436 1.704 5.3 -6.482
7 E 0.519 -1.054 1.489 -2.442 -7.872 1.806 2.374 -1.851 2.931 -0.045 1.176 0.955 -0.986 -1.619 -1.981 -3.535 -1.273 -1.985 -2.537 -1.817
8 E -0.71 2.056 0.489 -0.34 -5.025 0.904 1.937 -3.185 1.334 -0.696 -0.875 1.657 -4.225 -3.182 1.187 -1.233 -0.618 -9.122 -2.205 0.329
9 V -0.623 -4.247 -0.383 0.49 -4.735 -4.823 -0.598 -2.809 -4.304 3.026 2.052 -7.13 -1.56 0.505 -9.778 -1.797 -1.56 -8.656 -0.767 3.392