#Seq2Logo.py -Z on -y 0.25:2.0 -H ends -f 38081.peps -o YAFFMFSGGAILNIAFGQFEYFEIEKVRMHLDVT_el -I 2 --format PNG -b 50 -C 0 -l 1
Last position-specific scoring matrix computed, values are in halfbits
A R N D C Q E G H I L K M F P S T W Y V
1 R -8.347 7.475 -7.574 -8.522 -8.857 -6.635 -7.577 -9.032 -6.881 -1.181 -4.183 2.17 -5.55 -0.354 -9.568 -8.395 -8.329 -4.598 0.452 -4.676
2 R 0.464 3.004 -3.027 -5.212 -7.667 0.353 0.48 -6.501 -0.001 1.265 -1.129 1.385 -1.691 0.699 -9.404 -2.031 -0.094 -4.53 1.731 1.816
3 A 2.481 -2.279 -4.305 -3.469 -7.329 -1.035 -2.4 0.521 -2.537 0.571 -2.553 -4.834 -2.691 2.172 -4.739 1.114 0.36 1.053 3.995 0.646
4 E -0.272 -7.408 -3.232 0.993 -7.905 -0.378 5.096 -7.198 -1.552 0.368 -4.405 -0.304 -7.704 -4.184 -8.936 -0.021 2.006 -9.219 -5.127 0.111
5 L -0.137 0.53 -2.386 -0.359 -4.937 0.692 2.016 -5.253 0.633 0.653 0.947 1.792 -2.636 -1.623 -0.464 -1.875 0.181 -4.699 -3.536 0.641
6 L 2.146 -4.285 -7.258 -9.526 -7.227 -4.946 -4.852 -8.925 -2.65 1.911 2.245 -5.073 -2.455 4.557 -1.076 -5.001 -6.887 -7.577 2.572 1.938
7 L 2.38 -1.227 -0.093 -5.055 -7.547 1.421 2.135 -2.936 2.45 0.083 2.04 0.603 -1.654 -3.472 -5.36 -3.295 -4.301 -8.82 -1.259 -0.652
8 K 0.642 3.021 0.284 -2.213 -8.024 1.366 1.943 -3.99 0.014 -3.238 -0.596 2.956 -5.447 -4.78 -0.328 -1.58 -1.261 -9.105 -2.219 -1.073
9 A 1.954 -2.207 2.789 0.878 -7.504 0.106 1.798 -2.47 -0.001 -0.336 -1.018 -3.233 -0.716 -2.789 -9.131 0.811 0.203 -9.135 -3.578 0.756