#Seq2Logo.py -Z on -y 0.25:2.0 -H ends -f 38081.peps -o YAFFQFSGGAILNTLYLQFEYFALEKVRMHLDVT_el -I 2 --format PNG -b 50 -C 0 -l 1
Last position-specific scoring matrix computed, values are in halfbits
A R N D C Q E G H I L K M F P S T W Y V
1 R -8.477 6.4 -7.96 -8.831 -8.734 -7.174 -7.991 -9.18 -6.667 -1.929 -5.589 2.08 -5.466 3.972 -9.816 -8.663 -8.509 0.389 4.169 -4.24
2 R 1.518 2.851 -4.249 -1.684 -7.637 0.792 1.186 -5.217 0.644 0.656 -1.512 0.698 -1.711 0.104 -9.314 -1.871 -0.858 -2.98 0.608 1.766
3 A 2.714 -2.269 -4.837 -2.119 -4.775 -1.432 -2.583 0.391 -0.831 -0.34 -2.32 -3.98 -2.19 1.612 -2.207 1.538 0.6 1.336 3.68 -0.286
4 E 1.219 -8.027 -3.758 0.18 -7.297 -1.366 3.06 -7.256 -2.643 2.017 -0.507 -2.771 -0.397 -4.032 -9.161 -1.099 2.848 -9.154 -8.381 2.085
5 L 0.076 0.148 -1.098 0.066 -7.728 1.335 1.405 -4.051 -0.269 0.725 0.905 1.077 -2.641 -1.386 0.954 -2.687 -0.002 -8.913 -1.021 0.507
6 A 5.243 -8.614 -4.431 -8.684 -6.784 -4.798 -4.666 -3.015 -5.625 -0.748 -2.432 -8.092 -5.344 1.322 2.664 -1.782 -1.693 -8.951 -2.542 1.403
7 A 2.97 -3.998 1.016 -3.604 -7.501 1.341 2.944 -3.136 1.881 -0.215 1.472 -1.592 -1.685 -3.527 -2.451 -3.498 -5.247 -8.995 -3.015 -0.368
8 K 0.914 2.574 -1.265 -2.479 -7.828 0.374 1.754 -5.715 -0.005 -1.506 0.053 2.17 -7.353 -3.603 1.402 -1.716 0.002 -4.718 -2.211 -0.227
9 D 0.579 -8.212 1.572 3.907 -7.703 -3.957 2.662 -4.343 -1.602 1.379 -0.272 -6.655 0.054 -1.882 -9.331 -1.866 -1.559 -9.279 -8.426 1.724