#Seq2Logo.py -Z on -y 0.25:2.0 -H ends -f 38081.peps -o YAFFQFSGGAILNTLYLQFEYFDIEKVRVHLDVT_el -I 2 --format PNG -b 50 -C 0 -l 1
Last position-specific scoring matrix computed, values are in halfbits
A R N D C Q E G H I L K M F P S T W Y V
1 R -8.354 7.606 -7.478 -8.441 -9.008 -5.473 -7.466 -8.967 -6.808 -5.06 -7.677 2.46 -7.968 0.181 -9.522 -8.326 -8.345 -4.601 0.151 -6.511
2 R 1.344 2.605 -2.695 -2.532 -7.602 0.58 1.238 -6.432 0.643 0.35 -0.669 0.315 -0.682 -0.157 -9.34 -2.496 0.352 -0.596 0.743 1.723
3 A 3.312 -2.052 -4.887 -2.591 -7.245 -1.664 -2.592 0.661 -0.546 -0.429 -1.246 -3.65 -1.73 1.675 -1.38 0.746 -0.723 0.709 2.675 0.366
4 E 2.197 -8.1 -3.025 -2.035 -4.726 -0.978 2.812 -4.001 -0.889 2.153 -0.061 -3.925 -0.959 -5.348 -7.275 -0.794 2.055 -9.126 -6.27 1.967
5 L 0.808 -1.09 -0.353 -0.619 -7.51 0.97 1.005 -5.242 -2.079 1.157 1.453 0.665 -3.2 -1.379 0.122 -2.34 -0.289 -3.042 -3.542 1.644
6 A 5.633 -8.575 -4.416 -7.093 -6.606 -6.669 -6.324 -3.742 -8.35 -0.19 -4.243 -8.006 -7.39 -6.639 2.388 -1.372 -1.211 -9.467 -8.626 2.119
7 A 3.97 -2.729 -0.107 -6.677 -7.16 0.562 1.69 -2.666 0.207 0.183 1.516 -3.575 -0.956 -2.398 -3.358 -2.446 -3.232 -8.951 -3.019 0.168
8 A 1.393 2.44 -1.09 -2.761 -7.694 1.261 0.769 -2.721 -0.259 -0.789 -0.05 1.9 -3.327 -3.141 -0.594 -0.907 -0.73 -3.035 -1.281 0.556
9 A 2.926 -6.68 3.743 1.165 -4.791 -1.606 0.63 -1.622 -0.842 -0.92 -1.192 -5.802 0.249 -3.615 -6.117 0.981 -0.82 -9.307 -8.479 0.559