#Seq2Logo.py -Z on -y 0.25:2.0 -H ends -f 38081.peps -o YAFFMFSGGAILNIAYLQFEYFDIEEVRMHLDVT_el -I 2 --format PNG -b 50 -C 0 -l 1
Last position-specific scoring matrix computed, values are in halfbits
A R N D C Q E G H I L K M F P S T W Y V
1 R -8.398 8.236 -7.36 -8.426 -9.133 -6.376 -7.423 -8.992 -6.822 -7.668 -7.864 -0.411 -8.102 -9.364 -9.553 -8.285 -8.335 -9.145 -8.669 -9.015
2 R 1.518 2.649 -2.692 -2.802 -7.59 0.886 0.412 -4.368 0.442 0.424 -0.397 0.832 -1.318 -0.303 -9.321 -1.598 0.095 -0.102 0.608 1.286
3 A 2.418 -0.992 -3.38 -1.914 -7.481 -0.672 -2.197 1.384 0.004 -0.929 -1.265 -4.791 -4.196 2.034 -1.986 0.623 -0.291 2.272 3.488 -0.794
4 K 0.919 0.306 -1.865 -5.757 -4.934 -0.747 0.201 -5.162 3.41 0.777 -2.081 4.124 -1.35 -3.574 -9.087 -1.111 0.593 -1.991 -2.161 0.696
5 L -0.215 0.435 -0.789 -2.795 -7.6 1.246 0.689 -6.519 -1.216 1.719 1.42 1.737 -2.578 -2.381 -0.101 -3.107 0.181 -3.029 -1.546 1.252
6 A 5.245 -8.616 -5.017 -8.638 -6.721 -8.517 -7.245 -1.594 -8.381 -0.2 -2.589 -8.039 -5.384 -8.433 3.334 -0.947 -0.948 -9.531 -8.7 1.737
7 A 3.351 -0.809 -0.496 -5.153 -7.307 1.568 0.943 -2.136 1.744 -0.193 1.583 -1.602 0.679 -3.082 -2.455 -2.838 -3.249 -4.681 -3.004 0.079
8 A 1.166 1.781 -0.466 -1.316 -7.658 0.793 1.016 -2.336 0.222 -0.777 0.179 1.327 -1.337 -3.568 -0.333 -0.443 -0.728 -2.0 -2.589 0.816
9 A 2.742 -6.594 3.872 -0.092 -7.417 -0.312 0.767 -1.102 1.334 -0.829 -2.018 -5.733 -0.741 -8.503 -2.707 1.68 -0.577 -9.366 -8.48 -0.404