#Seq2Logo.py -Z on -y 0.25:2.0 -H ends -f 38081.peps -o YAFFMFSGGAILNTLFGQFEYFAIEKVRMHLGMT_el -I 2 --format PNG -b 50 -C 0 -l 1
Last position-specific scoring matrix computed, values are in halfbits
A R N D C Q E G H I L K M F P S T W Y V
1 F -8.635 -9.356 -9.758 -10.183 -7.733 -9.741 -10.046 -9.908 -7.431 2.471 1.865 -9.52 1.214 6.137 -10.744 -9.77 -8.67 4.252 4.606 0.212
2 E 0.701 1.285 -0.195 -0.599 -7.739 0.582 1.457 -1.7 1.481 0.985 -1.349 0.824 -4.162 -0.794 -9.294 -0.625 -0.188 0.686 0.606 0.698
3 S 1.129 -2.74 -1.075 -0.384 -7.588 -1.015 -2.998 1.669 2.011 -0.825 -2.636 -1.807 -2.224 1.272 -0.337 1.782 -0.082 -0.567 2.989 -0.708
4 E -1.059 -5.592 -1.207 1.188 -7.694 -0.118 4.218 -3.985 -0.532 0.382 -4.123 -2.253 -3.42 -8.589 -7.164 1.416 2.816 -9.307 -8.566 0.623
5 L -0.801 0.245 0.285 1.411 -7.892 0.579 1.139 -1.701 2.124 -0.691 0.11 0.681 -2.719 -1.881 1.33 -0.448 -0.093 -4.698 -1.271 -0.508
6 F -7.775 -9.463 -9.583 -10.148 -8.331 -10.069 -10.059 -9.771 -6.767 -5.968 -3.675 -9.764 -4.007 8.139 -11.034 -9.773 -9.178 1.717 5.586 -7.475
7 E 0.696 -0.774 1.822 -3.257 -7.788 1.875 2.41 -1.697 1.886 -0.44 1.059 0.385 -0.685 -2.427 -1.98 -2.316 -1.123 -1.992 -3.003 -0.486
8 E -0.364 1.55 0.867 0.096 -3.593 0.488 2.303 -2.001 0.649 -0.95 -1.209 1.444 -2.749 -2.814 0.618 -0.906 -0.394 -4.726 -2.598 0.176
9 L 0.011 -7.095 0.233 0.663 -4.715 -5.603 -0.49 -3.788 -3.399 2.676 2.239 -7.099 -1.982 -0.58 -6.308 -1.394 -0.085 -8.879 -2.998 3.234