#Seq2Logo.py -Z on -y 0.25:2.0 -H ends -f 38081.peps -o YAFFMFSGGAILNTLFGQFEYFALEKVRMHLGMT_el -I 2 --format PNG -b 50 -C 0 -l 1
Last position-specific scoring matrix computed, values are in halfbits
A R N D C Q E G H I L K M F P S T W Y V
1 F -8.652 -9.338 -9.745 -10.184 -7.762 -9.724 -10.03 -9.902 -7.349 2.178 1.923 -9.511 1.061 6.138 -10.747 -9.768 -8.695 4.352 4.836 0.048
2 E 0.587 1.544 -0.068 -0.596 -7.763 0.691 1.509 -2.169 1.334 1.047 -1.542 1.025 -4.17 -0.982 -9.274 -0.533 0.005 0.684 0.317 0.497
3 S 1.179 -2.739 -1.643 -0.269 -7.571 -1.013 -2.764 1.714 2.01 -0.706 -2.786 -1.804 -1.777 0.904 -0.095 1.862 0.105 -1.164 2.865 -0.814
4 E -0.678 -5.591 -0.706 1.688 -7.738 -0.728 4.278 -4.312 -0.529 0.206 -4.399 -2.061 -3.438 -8.643 -6.064 1.37 2.559 -9.336 -8.597 0.341
5 L -0.895 0.341 0.063 1.474 -7.918 0.889 1.141 -1.559 2.006 -0.945 0.107 0.754 -2.725 -2.153 1.534 -0.281 -0.397 -4.703 -1.274 -0.715
6 F -6.87 -9.445 -9.575 -10.142 -8.314 -10.033 -10.041 -9.764 -6.738 -5.306 -3.118 -9.736 -4.002 8.067 -11.004 -9.754 -9.161 1.464 5.704 -7.449
7 E 0.641 -0.91 1.627 -2.678 -7.817 1.807 2.555 -1.421 1.482 -0.56 0.892 0.686 -0.994 -2.437 -1.206 -2.154 -1.123 -1.994 -3.012 -0.692
8 E -0.286 1.672 0.957 0.468 -3.601 0.49 2.227 -2.162 0.837 -1.236 -1.218 1.605 -2.761 -4.152 0.877 -1.006 -0.29 -4.741 -3.057 -0.333
9 V 0.216 -7.084 0.448 0.974 -4.726 -4.793 -0.485 -3.001 -2.698 2.745 1.899 -7.075 -3.083 -0.587 -6.3 -1.512 -0.182 -8.907 -3.001 3.233