#Seq2Logo.py -Z on -y 0.25:2.0 -H ends -f 38081.peps -o YAFFMFSGGAILNIAYLQFEYFAIEKVRVHLDVT_el -I 2 --format PNG -b 50 -C 0 -l 1
Last position-specific scoring matrix computed, values are in halfbits
A R N D C Q E G H I L K M F P S T W Y V
1 R -8.372 8.138 -7.348 -8.389 -9.134 -5.357 -7.38 -8.959 -6.818 -9.465 -8.94 0.897 -8.12 -9.359 -9.512 -8.262 -8.323 -9.134 -6.421 -9.045
2 A 1.911 2.337 -1.479 -2.533 -7.511 0.576 0.757 -5.713 0.222 0.734 -0.668 0.311 -0.981 -0.028 -9.295 -1.466 0.007 -1.962 -0.173 1.541
3 A 2.628 -2.508 -3.02 -1.905 -4.792 -0.67 -1.403 0.782 0.221 -1.17 -0.691 -4.362 -2.696 2.087 -1.209 1.014 -0.495 1.032 2.247 0.206
4 E 1.959 -8.06 -3.73 0.185 -4.745 -0.967 3.003 -4.312 -2.085 1.66 -0.893 -5.792 -0.985 -6.468 -9.07 0.697 2.361 -9.215 -8.472 1.65
5 L 0.696 -0.666 -0.214 0.162 -4.883 1.411 1.401 -4.39 -2.06 1.207 1.305 0.033 -3.223 -1.376 -0.602 -2.506 -0.093 -1.988 -1.849 0.965
6 A 5.175 -8.645 -6.879 -7.134 -6.669 -8.541 -6.366 -3.016 -8.451 -0.066 -3.749 -8.086 -5.329 -8.346 2.919 -0.755 -1.357 -9.508 -8.644 2.905
7 A 3.916 -4.058 0.136 -4.064 -7.204 0.675 2.09 -2.282 -0.281 -0.304 0.906 -2.755 0.072 -3.132 -1.554 -2.611 -2.479 -9.131 -8.285 0.38
8 A 1.564 1.483 -1.267 -0.865 -7.64 0.988 1.51 -2.932 -0.264 -0.662 0.176 1.089 -3.322 -3.56 -0.332 -0.806 -0.39 -1.995 -1.559 0.626
9 D 1.763 -7.915 2.711 3.89 -7.815 -2.049 2.989 -1.788 -0.521 -2.719 -2.171 -7.398 -0.764 -4.835 -5.302 0.582 -1.874 -9.459 -8.689 -0.344