#Seq2Logo.py -Z on -y 0.25:2.0 -H ends -f 38081.peps -o YAFFMFSGGAILNIAFGQFEYFEIEEVRMHLGMT_el -I 2 --format PNG -b 50 -C 0 -l 1
Last position-specific scoring matrix computed, values are in halfbits
A R N D C Q E G H I L K M F P S T W Y V
1 F -8.532 -9.397 -9.824 -10.199 -7.574 -9.787 -10.102 -9.974 -7.712 3.118 2.516 -9.533 -0.283 5.834 -10.678 -9.788 -8.555 2.498 3.991 1.083
2 K 0.215 2.206 -0.193 -1.479 -7.827 1.175 1.02 -3.713 1.889 0.703 -1.26 1.802 -2.172 -0.629 -9.283 -0.45 -0.733 -0.602 0.468 0.422
3 S 1.736 -2.737 -1.257 -0.755 -7.536 -0.831 -2.168 1.716 0.65 -1.23 -3.11 -1.638 -2.232 1.514 -0.463 1.977 -0.601 -0.078 2.803 -0.928
4 K -1.181 0.518 -2.883 -3.626 -7.945 -1.718 0.854 -4.707 3.889 -0.603 -5.347 4.816 -4.282 -4.191 -7.154 0.255 1.713 -4.733 -8.002 0.014
5 K -0.444 0.539 0.78 0.539 -7.886 1.343 0.506 -1.048 1.332 -0.945 -0.578 2.072 -1.755 -2.784 0.233 -0.276 -0.288 -1.996 -1.277 -0.234
6 F -6.847 -9.426 -9.593 -10.145 -8.244 -9.99 -10.035 -9.78 -6.793 -3.253 -1.291 -9.702 -3.965 7.882 -8.069 -9.754 -9.108 1.711 5.653 -5.759
7 K -0.148 1.685 1.765 -3.998 -8.037 2.768 1.367 -3.712 3.766 -0.941 0.712 2.127 -2.156 -2.144 -4.726 -3.54 -2.521 -8.877 -2.148 -1.164
8 K -1.198 2.064 0.781 -0.112 -8.02 0.381 1.94 -2.53 0.838 -1.522 -1.491 2.603 -4.258 -2.827 0.336 -0.531 -0.982 -9.163 -3.045 0.598
9 V 1.078 -4.184 0.924 -1.053 -2.493 -3.2 -1.875 -1.704 -3.373 2.263 0.984 -4.883 -0.629 -1.576 -6.234 0.617 1.155 -9.009 -4.194 2.947