#Seq2Logo.py -Z on -y 0.25:2.0 -H ends -f 38081.peps -o YAFFMFSGGAILNTLFGQFEYFAIEKVRMHLDVT_el -I 2 --format PNG -b 50 -C 0 -l 1
Last position-specific scoring matrix computed, values are in halfbits
A R N D C Q E G H I L K M F P S T W Y V
1 F -7.375 2.792 -9.006 -9.559 -7.91 -3.668 -6.602 -9.62 -3.203 2.115 1.123 -0.283 -0.611 5.369 -7.815 -9.297 -7.129 2.49 3.763 0.403
2 R 0.34 2.522 -1.269 -1.02 -7.797 0.891 1.014 -3.2 1.177 1.359 -1.522 1.029 -1.338 -0.024 -9.362 -1.36 -0.294 1.016 0.746 0.504
3 S 1.814 -2.761 -2.649 -1.198 -7.466 -1.654 -3.853 1.716 1.627 -0.702 -4.341 -3.639 -3.419 1.449 -2.208 2.157 0.446 0.356 3.68 -0.598
4 E -1.51 -5.543 -2.048 0.98 -7.759 -0.4 4.482 -6.364 -0.255 0.622 -4.362 -0.749 -7.586 -5.604 -7.173 0.756 2.779 -9.279 -8.495 0.996
5 L -1.427 0.532 -0.315 0.705 -7.914 0.588 1.614 -3.191 1.619 -0.572 0.525 1.696 -2.176 -2.443 1.331 -0.45 0.093 -9.032 -1.551 -0.922
6 F -3.106 -9.389 -9.574 -10.073 -8.12 -7.36 -8.068 -9.668 -6.918 -2.95 -0.574 -9.62 -3.94 7.793 -6.628 -9.621 -9.009 0.119 5.323 -3.669
7 E 0.855 -0.149 0.942 -2.94 -7.857 1.882 3.098 -3.186 2.242 -0.557 1.73 0.898 -3.265 -4.041 -2.457 -3.794 -1.742 -9.008 -3.539 -1.816
8 E -0.531 1.905 0.691 -0.095 -5.075 1.104 2.831 -3.691 0.459 -1.74 -1.417 1.999 -4.302 -3.666 1.471 -0.439 -1.258 -9.226 -3.061 -1.746
9 V -0.37 -3.756 1.02 2.265 -4.83 -4.665 1.338 -3.754 -1.237 2.295 1.212 -5.364 -1.64 -0.45 -7.457 -0.938 -0.728 -8.959 -3.008 2.493