#Seq2Logo.py -Z on -y 0.25:2.0 -H ends -f 38081.peps -o YAFFQFSGGAILNTLFGQFEYFALEKLRMHLDVT_el -I 2 --format PNG -b 50 -C 0 -l 1
Last position-specific scoring matrix computed, values are in halfbits
A R N D C Q E G H I L K M F P S T W Y V
1 F -8.644 -2.615 -9.61 -10.028 -7.816 -7.217 -6.903 -9.85 -7.391 2.424 1.145 -4.694 -0.084 6.464 -7.969 -9.69 -8.682 3.445 4.433 0.201
2 R 0.007 2.736 -0.911 -0.607 -7.863 0.695 1.018 -3.195 1.625 0.981 -1.744 1.552 -3.344 -0.799 -9.321 -1.129 -0.192 1.013 0.468 0.561
3 S 1.452 -2.75 -3.302 -0.634 -7.495 -0.837 -4.174 1.928 1.484 -0.368 -3.87 -2.577 -2.229 0.712 -1.379 2.226 0.366 -0.072 3.378 -0.701
4 E -1.757 -4.954 -2.301 1.248 -7.679 -0.917 4.013 -4.349 -0.009 0.843 -3.646 -1.274 -4.239 -3.202 -7.19 1.027 3.114 -9.222 -8.398 0.822
5 K -1.097 0.447 -0.058 1.011 -7.962 0.797 1.467 -3.182 1.479 -0.701 -0.375 1.891 -2.733 -1.653 1.903 -0.625 -0.292 -9.086 -1.855 -0.613
6 F -1.528 -5.474 -9.39 -9.836 -8.092 -9.618 -4.928 -7.88 -3.881 -2.508 -1.306 -5.822 -2.591 7.531 -3.923 -6.954 -6.364 0.11 5.449 -4.336
7 E 0.073 0.069 1.421 -1.969 -7.999 1.595 3.07 -1.851 2.561 -0.698 1.048 1.329 -3.322 -3.144 -1.565 -2.863 -2.105 -8.995 -2.568 -2.006
8 E -0.368 2.114 0.492 -0.57 -5.058 0.813 2.229 -3.7 0.239 -1.115 -1.501 2.337 -3.43 -3.654 1.962 -1.34 -0.619 -9.215 -2.611 -1.188
9 V -0.214 -3.42 0.65 1.387 -4.788 -4.129 0.231 -2.581 -1.647 2.55 1.74 -5.44 -2.521 -0.275 -6.303 -1.776 -1.257 -8.761 -0.778 2.887