#Seq2Logo.py -Z on -y 0.25:2.0 -H ends -f 38081.peps -o YAFFMFSGGAILNTLYGQFEYFAIEKVRVHLDVT_el -I 2 --format PNG -b 50 -C 0 -l 1
Last position-specific scoring matrix computed, values are in halfbits
A R N D C Q E G H I L K M F P S T W Y V
1 F -7.382 4.188 -8.727 -9.349 -8.089 -3.593 -5.765 -9.511 -4.01 1.813 0.139 0.212 -1.267 5.259 -7.768 -9.142 -8.515 2.089 3.521 -0.258
2 R 0.402 2.526 -2.114 -1.018 -7.82 1.659 1.019 -4.037 1.482 0.848 -1.632 1.333 -1.726 -0.033 -9.318 -1.868 0.43 1.308 0.173 0.427
3 S 1.999 -3.37 -2.962 -1.359 -7.396 -1.658 -5.04 1.805 0.84 -0.948 -4.097 -3.982 -4.268 1.197 -3.03 2.263 1.152 0.719 3.678 -0.595
4 E -0.675 -7.677 -4.07 1.317 -7.609 -0.736 4.276 -6.34 -2.577 0.631 -4.611 -2.073 -7.546 -6.709 -6.064 1.031 3.209 -9.308 -8.594 1.33
5 E -0.991 0.052 -0.598 0.272 -7.802 0.793 1.753 -2.962 1.617 -0.037 0.335 1.081 -2.163 -2.431 0.791 -0.625 0.809 -8.979 -1.273 0.122
6 F 0.167 -9.26 -9.492 -9.88 -7.772 -4.386 -6.852 -9.345 -7.261 -0.458 0.326 -9.347 -2.532 7.197 -4.377 -7.825 -6.27 -0.953 4.444 -0.539
7 E 1.599 -1.383 1.415 -3.228 -7.736 1.738 3.154 -3.415 2.351 -0.232 1.396 -0.128 -3.276 -4.642 -3.029 -2.477 -2.092 -9.033 -3.541 -0.895
8 E 0.012 1.791 0.175 -0.212 -8.015 0.912 2.665 -3.169 0.839 -1.71 -0.813 1.809 -3.414 -4.165 1.471 -0.711 -1.563 -9.235 -3.591 -0.732
9 D -0.456 -5.199 1.631 3.219 -7.629 -4.599 2.136 -3.454 -1.613 2.014 0.609 -5.94 -2.631 -0.979 -7.422 -1.253 -1.558 -9.071 -3.034 2.153