#Seq2Logo.py -Z on -y 0.25:2.0 -H ends -f 38081.peps -o YAFFMFSGGAILNTLHLQFEYFDLEKVRVHLDVT_el -I 2 --format PNG -b 50 -C 0 -l 1
Last position-specific scoring matrix computed, values are in halfbits
A R N D C Q E G H I L K M F P S T W Y V
1 R -8.408 8.284 -7.355 -8.432 -9.149 -6.372 -7.427 -8.999 -6.811 -9.494 -8.934 -1.107 -8.123 -9.381 -9.565 -8.287 -8.34 -9.143 -8.672 -9.056
2 A 2.053 2.333 -1.686 -2.3 -7.504 0.679 0.755 -5.178 0.222 0.729 -0.459 -0.757 -1.317 0.578 -9.315 -1.345 0.272 -0.104 -0.164 1.073
3 A 2.48 -2.054 -4.304 -1.722 -4.781 -1.661 -1.147 0.521 -0.862 -0.307 0.25 -3.992 -1.703 1.819 -0.743 0.793 -0.849 0.338 2.085 0.439
4 A 3.007 -8.046 -1.649 -0.11 -4.714 -1.579 2.974 -3.34 -4.167 1.423 -2.586 -7.524 -3.349 -8.327 -8.938 1.282 2.107 -9.287 -8.59 1.026
5 L 1.208 -1.596 0.035 0.614 -4.874 1.244 1.555 -4.019 -4.143 1.261 0.781 -0.25 -2.12 -1.391 0.23 -2.011 -0.289 -3.043 -2.586 0.843
6 A 4.98 -8.658 -5.809 -8.679 -6.745 -8.562 -7.266 -2.602 -8.447 -0.079 -4.236 -8.079 -7.4 -8.436 3.726 -0.666 -1.361 -9.589 -8.693 2.716
7 A 3.917 -3.328 -0.5 -5.13 -4.697 0.56 1.338 -1.651 -0.879 0.0 1.074 -3.017 -0.15 -2.42 -1.556 -1.559 -2.263 -9.058 -5.042 0.526
8 A 1.686 1.942 -0.924 -1.017 -7.587 0.686 0.829 -2.332 -0.854 -1.161 0.486 0.897 -3.309 -4.049 -0.333 -0.618 -0.61 -3.042 -1.564 0.939
9 A 3.007 -7.893 3.175 1.303 -7.373 -0.791 0.961 -0.372 0.447 -2.704 -2.547 -5.727 -0.753 -8.621 -5.272 2.139 -0.251 -9.388 -8.594 -0.612