#Seq2Logo.py -Z on -y 0.25:2.0 -H ends -f 38081.peps -o YAFFMFSGGAILNIAYGQFEYFDIEKVRVHLDVT_el -I 2 --format PNG -b 50 -C 0 -l 1
Last position-specific scoring matrix computed, values are in halfbits
A R N D C Q E G H I L K M F P S T W Y V
1 R -8.383 7.884 -7.47 -8.482 -9.006 -6.511 -7.509 -9.017 -6.822 -2.896 -6.37 1.004 -7.947 -1.946 -9.571 -8.346 -8.342 -4.643 -0.59 -6.466
2 R 1.476 2.852 -3.376 -4.619 -7.607 0.89 0.759 -6.411 -0.531 0.502 -0.977 1.155 -0.985 0.472 -9.305 -1.598 0.095 -2.963 1.11 1.338
3 A 2.821 -1.479 -4.297 -2.354 -7.309 -1.231 -3.047 0.656 -2.023 -0.652 -1.428 -5.341 -3.334 2.225 -2.738 1.014 0.011 1.045 3.437 0.503
4 E 1.312 -5.59 -2.316 1.678 -4.9 -0.124 4.035 -5.642 -0.844 0.548 -4.098 -0.879 -3.409 -5.58 -8.971 0.196 1.866 -9.255 -5.129 0.94
5 L 0.754 -0.399 -1.28 -0.249 -7.605 0.786 1.748 -5.227 -0.274 1.075 0.911 1.136 -1.678 -1.386 -0.887 -1.732 0.184 -8.944 -2.187 0.841
6 A 3.728 -6.116 -5.952 -9.089 -6.875 -2.879 -4.76 -5.671 -3.43 2.14 1.152 -8.415 -2.029 0.996 1.255 -2.68 -1.709 -8.808 -2.522 2.982
7 A 3.373 -2.988 0.134 -4.536 -7.307 0.568 2.089 -2.495 1.159 0.27 1.775 -1.614 -1.659 -3.085 -2.727 -3.497 -3.249 -8.987 -3.542 0.239
8 K 1.256 2.448 0.279 -1.624 -7.879 1.44 1.896 -4.317 -0.245 -2.45 -0.254 2.418 -7.442 -5.54 -0.206 -1.334 -1.404 -4.722 -2.22 -0.33
9 A 2.166 -3.621 3.404 1.436 -7.556 0.236 1.711 -1.112 1.016 -1.696 -3.716 -4.602 -0.473 -4.172 -9.039 1.636 -0.581 -9.305 -6.315 0.327