#Seq2Logo.py -Z on -y 0.25:2.0 -H ends -f 38081.peps -o YAFFMFSGGAILNTLYLQFEYFDIEEVRMHLDVT_el -I 2 --format PNG -b 50 -C 0 -l 1
Last position-specific scoring matrix computed, values are in halfbits
A R N D C Q E G H I L K M F P S T W Y V
1 R -8.398 8.248 -7.353 -8.42 -9.145 -6.368 -7.415 -8.988 -6.815 -9.487 -8.936 -0.409 -8.123 -9.385 -9.55 -8.28 -8.336 -9.146 -8.672 -9.054
2 A 1.39 2.146 -3.015 -2.548 -7.565 0.681 0.409 -3.724 1.003 0.092 -0.021 0.825 -0.404 -0.155 -9.344 -1.732 0.269 0.321 0.472 1.489
3 A 2.227 -1.657 -3.4 -2.852 -7.509 -0.075 -2.028 1.381 -1.168 -0.796 -1.167 -5.342 -4.174 2.837 -2.223 0.497 -0.621 2.277 3.687 -0.791
4 K 0.969 0.104 -2.109 -6.681 -4.919 -1.324 -0.053 -4.728 3.692 1.118 -1.843 3.99 -1.725 -3.55 -9.121 -1.46 0.74 -1.986 -1.518 0.888
5 L -0.217 -0.175 -0.496 -1.878 -7.574 0.971 0.942 -6.534 -1.222 1.922 1.724 1.129 -1.631 -1.821 -0.22 -3.117 -0.095 -1.987 -2.182 1.149
6 A 5.234 -8.628 -5.795 -8.65 -4.511 -8.524 -6.358 -1.596 -8.395 -0.004 -2.448 -8.05 -7.39 -8.417 3.298 -0.949 -1.219 -9.529 -8.697 1.783
7 A 3.328 -1.104 -0.645 -5.862 -7.294 1.488 0.878 -2.141 1.608 -0.614 1.869 -1.771 0.856 -3.069 -1.764 -3.505 -2.73 -4.674 -2.562 0.08
8 A 0.971 1.606 -0.61 -1.481 -7.654 0.584 1.189 -2.339 -0.011 -0.898 0.127 1.325 -0.696 -2.438 -0.461 -0.277 -0.389 -1.994 -2.195 0.877
9 N 2.628 -6.591 4.14 0.216 -7.485 -0.62 1.076 -1.347 1.761 -0.718 -2.397 -7.469 -0.747 -6.701 -2.708 1.377 -0.258 -9.363 -8.439 -0.923