#Seq2Logo.py -Z on -y 0.25:2.0 -H ends -f 38081.peps -o YAFFMFSGGAILNIAFGQFEYFDIEKVRVHLGMT_el -I 2 --format PNG -b 50 -C 0 -l 1
Last position-specific scoring matrix computed, values are in halfbits
A R N D C Q E G H I L K M F P S T W Y V
1 F -8.625 -9.396 -9.757 -10.182 -7.736 -9.812 -10.066 -9.914 -7.427 2.351 1.645 -9.562 -0.575 6.394 -10.75 -9.771 -8.67 3.445 4.608 0.823
2 R 0.216 2.48 -0.913 -1.014 -7.777 0.476 1.015 -2.956 1.481 1.239 -1.738 1.33 -4.158 -0.981 -9.307 -0.366 -0.187 1.011 0.164 0.825
3 S 1.698 -3.023 -1.65 -1.191 -7.49 0.07 -4.16 1.438 1.483 -0.951 -2.64 -2.356 -2.756 0.599 0.128 2.157 -0.273 -0.079 3.045 -0.602
4 E -0.182 -4.376 -0.042 0.575 -7.625 0.137 3.531 -4.305 0.443 0.47 -3.871 -0.128 -2.749 -8.53 -7.175 1.369 2.482 -9.295 -8.484 0.939
5 K -0.207 0.257 0.174 0.78 -7.845 1.168 0.643 -1.843 1.754 -0.157 -0.435 1.593 -1.362 -2.779 1.113 -0.442 0.271 -4.703 -1.277 -0.809
6 F -3.817 -9.407 -9.577 -10.111 -8.172 -9.951 -9.999 -9.702 -6.835 -3.24 -1.031 -9.655 -3.182 7.838 -6.636 -9.66 -9.05 0.129 5.555 -4.733
7 L 0.858 0.055 1.757 -4.45 -7.762 1.942 1.886 -2.944 2.655 -0.225 1.29 0.54 -2.641 -2.118 -2.462 -2.01 -1.568 -3.024 -1.826 -0.386
8 E -0.206 1.902 0.778 -1.12 -5.016 0.907 2.065 -2.337 1.014 -0.833 -0.961 1.948 -4.241 -3.627 0.62 -0.44 -0.5 -9.139 -2.599 -0.421
9 V 1.491 -3.753 1.751 -1.512 -3.394 -3.182 -1.707 -0.331 -1.249 1.787 0.619 -6.019 -2.595 -2.718 -6.204 1.013 1.157 -9.125 -6.246 2.627