#Seq2Logo.py -Z on -y 0.25:2.0 -H ends -f 38081.peps -o YAFFQFSGGAILNTLYGQFEYFDIEKVRMHLVMT_el -I 2 --format PNG -b 50 -C 0 -l 1
Last position-specific scoring matrix computed, values are in halfbits
A R N D C Q E G H I L K M F P S T W Y V
1 I -8.247 -9.483 -9.942 -10.153 -7.22 -9.761 -10.183 -10.09 -8.549 5.337 2.261 -7.721 0.943 3.852 -7.885 -9.766 -8.198 -1.131 1.582 2.389
2 R 0.344 2.817 -1.266 -1.841 -7.783 0.802 1.797 -4.383 0.833 0.994 -2.186 1.448 -4.152 -0.643 -9.29 -1.355 -0.503 -1.213 -0.774 1.625
3 A 2.102 -3.725 -2.397 -2.336 -7.34 -2.177 -4.227 1.286 -0.528 0.562 -3.785 -2.0 -1.748 1.201 -2.733 1.901 0.198 -0.552 3.629 0.703
4 E -0.053 -3.603 -4.75 0.715 -7.616 0.12 3.398 -4.393 -0.02 1.705 -0.078 -0.243 -0.406 -0.997 -9.221 -0.28 1.017 -9.001 -5.0 1.08
5 K 0.012 1.233 0.396 1.29 -7.989 -0.001 1.62 -2.331 0.649 -0.847 -1.497 2.289 -2.771 -1.919 1.333 -0.527 -0.856 -9.144 -2.21 -1.183
6 F 0.425 -2.856 -9.161 -9.445 -7.919 -7.067 -2.304 -4.93 -3.177 -2.098 -0.975 -2.97 -2.596 7.375 -3.894 -4.334 -6.271 0.058 3.757 -3.389
7 L 0.136 -0.506 1.186 -2.006 -7.868 2.265 2.556 -4.39 2.457 -0.321 1.919 0.686 -1.669 -2.707 -3.385 -3.563 -2.755 -1.976 -1.004 -0.894
8 K -0.534 2.492 0.061 -0.228 -5.056 0.139 1.714 -3.177 1.178 -1.389 -0.969 2.713 -5.471 -4.149 1.402 -1.121 -1.263 -9.169 -2.215 -0.529
9 V 0.47 -0.472 -1.159 -0.803 -4.713 -2.843 -1.736 -1.745 -8.233 2.75 1.782 -4.05 -1.573 -0.739 -9.697 -2.071 -1.113 -8.716 -0.569 3.514