#Seq2Logo.py -Z on -y 0.25:2.0 -H ends -f 38081.peps -o YAFFMFSGGAILNTLHLQFEYFDIEEVRVHLDVT_el -I 2 --format PNG -b 50 -C 0 -l 1
Last position-specific scoring matrix computed, values are in halfbits
A R N D C Q E G H I L K M F P S T W Y V
1 R -8.408 8.272 -7.361 -8.437 -9.142 -6.379 -7.434 -9.002 -6.809 -9.466 -7.871 -1.109 -8.109 -9.332 -9.567 -8.291 -8.342 -9.119 -6.42 -9.041
2 A 1.601 2.475 -1.475 -2.302 -7.554 0.465 0.336 -5.724 0.439 0.343 -0.599 0.544 -0.411 0.35 -9.318 -1.347 0.515 0.318 -0.165 1.286
3 A 2.683 -1.656 -3.034 -2.85 -4.822 -0.848 -2.394 1.53 0.001 -0.796 -1.087 -4.372 -3.355 2.099 -1.574 0.438 -1.12 1.599 3.437 -0.581
4 A 2.392 -2.578 -1.865 -5.107 -4.795 -2.069 -0.432 -2.297 3.253 0.92 -3.409 3.028 -2.187 -4.087 -7.182 0.521 1.718 -4.705 -2.999 0.893
5 L 0.212 -0.661 0.25 -1.503 -7.557 1.489 0.689 -4.802 -2.613 1.561 1.489 0.738 -2.077 -2.098 0.425 -2.516 -0.092 -3.037 -2.194 1.251
6 A 5.139 -8.626 -5.806 -8.679 -6.701 -6.705 -6.362 -3.017 -8.42 0.363 -2.426 -8.067 -7.287 -8.333 3.115 -0.661 -1.076 -9.508 -8.652 2.31
7 A 3.666 -1.796 -0.502 -8.104 -7.239 1.407 0.878 -3.12 1.608 -0.094 1.715 -1.775 0.498 -1.835 -1.973 -3.253 -2.974 -8.876 -2.552 -0.342
8 A 1.524 1.419 -0.614 -1.66 -7.589 0.89 1.074 -2.716 -0.854 -1.158 0.126 1.267 -1.718 -2.772 -0.21 -0.44 -0.495 -1.999 -2.589 1.166
9 A 2.685 -6.627 3.645 0.646 -7.41 -1.168 1.015 -1.624 0.646 -0.153 -1.888 -4.67 -0.457 -6.649 -2.71 1.373 -0.58 -9.363 -8.501 0.122