#Seq2Logo.py -Z on -y 0.25:2.0 -H ends -f 38081.peps -o YAFFQFSGGAILNTLFGQFEYFAIEKVRMHLVMT_el -I 2 --format PNG -b 50 -C 0 -l 1
Last position-specific scoring matrix computed, values are in halfbits
A R N D C Q E G H I L K M F P S T W Y V
1 I -8.242 -9.442 -9.949 -10.17 -7.202 -9.698 -10.164 -10.087 -8.559 5.062 2.766 -9.435 2.131 3.519 -7.883 -9.76 -8.202 -0.548 1.478 2.313
2 R 0.755 2.437 -1.086 -1.161 -7.751 0.245 1.354 -3.716 1.33 0.925 -1.344 1.653 -5.296 -0.807 -9.284 -0.918 -0.856 -0.112 -0.361 1.225
3 S 1.536 -3.348 -2.117 -1.53 -7.405 -1.655 -4.593 1.624 0.832 -0.133 -4.032 -1.351 -1.369 1.361 -3.758 1.863 0.889 -0.562 3.106 0.82
4 E -0.518 -4.044 -2.343 1.776 -7.6 -0.773 3.293 -3.723 -0.275 1.544 -0.826 -2.309 -0.995 -1.408 -7.292 0.503 1.556 -9.081 -5.035 1.395
5 K -0.8 0.783 1.204 1.289 -7.964 -0.44 1.199 -1.996 1.756 -0.709 -0.516 1.843 -3.401 -2.474 1.401 -0.198 -0.855 -4.732 -2.589 -0.722
6 F -2.369 -5.496 -9.425 -9.861 -8.144 -9.803 -4.946 -6.867 -5.118 -3.269 -2.006 -5.245 -3.204 7.989 -5.679 -5.197 -7.398 0.847 4.464 -5.766
7 L 0.398 -0.915 1.415 -1.801 -7.828 1.806 2.658 -2.743 2.128 -0.541 1.767 0.383 -0.397 -2.107 -3.767 -2.876 -1.917 -1.981 -1.83 -1.128
8 K -0.531 2.211 0.062 0.459 -5.033 0.134 1.714 -2.943 0.448 -0.833 -0.732 2.374 -5.445 -4.758 1.114 -0.532 -0.984 -9.184 -2.223 -0.423
9 V -1.009 -3.477 -2.253 0.004 -3.412 -4.879 -1.323 -3.86 -8.275 3.402 2.118 -6.303 -1.172 1.126 -9.932 -4.645 -2.512 -8.363 1.115 3.687