#Seq2Logo.py -Z on -y 0.25:2.0 -H ends -f 38081.peps -o YAFFQFSGGAILNTLWXXFEYFAIEKVRVHLDVT_el -I 2 --format PNG -b 50 -C 0 -l 1
Last position-specific scoring matrix computed, values are in halfbits
A R N D C Q E G H I L K M F P S T W Y V
1 F -7.491 0.457 -9.317 -9.865 -7.981 -9.17 -9.563 -9.758 -6.947 2.448 -0.176 -1.575 -1.613 6.262 -10.532 -9.52 -8.694 1.133 5.557 -0.815
2 R 0.522 3.323 -1.265 -0.61 -7.852 0.996 1.08 -6.429 0.65 0.713 -2.189 1.762 -2.696 -0.18 -9.323 -1.877 -2.093 -1.207 -0.175 1.477
3 A 1.846 -1.137 -4.829 -2.587 -7.426 -1.901 -3.292 0.382 0.658 0.478 -2.182 -2.812 -1.352 1.302 -1.983 1.532 0.816 -0.048 4.235 -0.467
4 T -0.18 -6.713 -4.787 -1.656 -7.211 -1.178 2.168 -5.76 -0.896 2.244 -0.791 -2.559 -3.23 -2.415 -7.278 1.02 3.445 -4.716 -8.212 2.425
5 K -0.532 1.362 -0.905 -0.029 -7.896 1.426 0.903 -2.953 1.753 -0.255 -0.24 1.847 -1.743 -2.465 1.845 -0.815 -0.191 -9.114 -2.581 -0.602
6 A 4.553 -7.086 -8.586 -7.142 -7.106 -4.819 -2.424 -0.581 -5.448 -1.632 -2.293 -6.983 -2.711 4.31 1.845 -0.888 -4.713 -7.998 1.373 -0.989
7 E 1.202 -0.771 1.488 -2.185 -7.854 1.514 3.239 -5.189 2.845 0.141 1.136 0.228 -2.658 -4.001 -3.372 -4.08 -2.749 -4.662 -0.781 -1.012
8 K 0.146 2.489 -0.604 -2.237 -7.989 -0.422 1.801 -3.435 1.008 -1.099 -0.192 2.529 -5.427 -4.758 2.43 -2.005 -0.741 -4.74 -2.605 -1.433
9 I -1.218 -5.389 -1.18 0.206 -4.704 -5.695 -0.945 -6.775 -3.443 4.134 2.18 -6.312 0.169 -0.397 -9.91 -4.297 -2.289 -8.796 -2.54 3.555