#Seq2Logo.py -Z on -y 0.25:2.0 -H ends -f 38081.peps -o YAFFMFSGGAILNTLYLQFEYFDLEKVRVHLNVT_el -I 2 --format PNG -b 50 -C 0 -l 1
Last position-specific scoring matrix computed, values are in halfbits
A R N D C Q E G H I L K M F P S T W Y V
1 R -8.394 8.23 -7.351 -8.413 -9.143 -5.361 -7.406 -8.983 -6.815 -9.485 -8.937 -0.209 -8.121 -9.387 -9.544 -8.276 -8.333 -9.147 -8.671 -9.052
2 A 1.947 1.88 -1.908 -1.873 -7.497 0.347 1.123 -5.186 0.222 0.662 -0.457 -0.329 -0.68 0.11 -9.307 -1.347 0.097 -0.599 0.323 1.444
3 A 2.597 -1.851 -4.307 -1.375 -4.798 -1.664 -1.276 0.837 -0.854 -0.531 0.027 -3.995 -2.672 2.027 -0.603 0.306 -1.258 -0.075 2.608 0.29
4 E 2.392 -8.047 -2.665 -0.005 -4.756 -0.778 3.447 -4.3 -4.171 1.708 -1.412 -7.532 -1.329 -6.506 -9.055 0.261 1.719 -9.237 -8.52 1.694
5 L 0.964 -1.604 -0.09 0.26 -4.867 1.155 1.697 -4.382 -4.149 1.328 1.079 -0.677 -2.101 -0.627 -0.217 -2.332 -0.092 -3.031 -2.186 1.082
6 A 5.175 -8.664 -6.884 -8.704 -4.505 -8.563 -7.27 -2.054 -8.449 0.104 -4.495 -8.082 -7.398 -8.429 3.403 -1.058 -1.677 -9.558 -8.69 2.587
7 A 3.824 -2.73 -0.228 -5.105 -4.715 0.562 1.594 -1.133 -0.875 -0.199 1.111 -3.573 -0.4 -1.863 -2.196 -1.688 -1.885 -9.029 -5.033 0.235
8 A 1.479 1.945 -0.467 -0.735 -7.656 1.169 0.895 -1.839 -0.847 -1.17 0.435 1.152 -3.314 -3.554 -1.039 -1.01 -0.853 -3.037 -1.286 0.753
9 A 3.057 -7.862 3.513 1.373 -7.4 -0.966 1.024 -0.367 0.452 -4.296 -3.191 -6.442 -0.764 -8.714 -5.263 2.21 -0.053 -9.409 -8.619 -1.309