#Seq2Logo.py -Z on -y 0.25:2.0 -H ends -f 38081.peps -o YAFFMFSGGAILNIAYLQFEYFDLERVRMHLDVT_el -I 2 --format PNG -b 50 -C 0 -l 1
Last position-specific scoring matrix computed, values are in halfbits
A R N D C Q E G H I L K M F P S T W Y V
1 R -8.395 8.236 -7.352 -8.416 -9.144 -6.367 -7.411 -8.984 -6.816 -9.485 -8.937 -0.209 -8.123 -9.386 -9.545 -8.278 -8.334 -9.148 -8.672 -9.053
2 A 1.946 2.427 -3.023 -1.352 -7.508 0.227 0.553 -6.39 0.219 0.273 0.257 0.308 -1.305 -0.453 -9.336 -2.013 -0.395 -0.106 0.165 1.635
3 A 2.539 -1.301 -3.814 -1.917 -7.36 -1.026 -1.698 0.521 -0.266 -0.313 -0.087 -3.337 -1.328 1.75 -1.386 0.621 -0.851 0.343 2.539 0.366
4 E 1.767 -8.137 -3.052 -3.031 -4.724 -0.473 2.777 -5.762 -2.104 2.208 0.938 -4.318 0.509 -4.544 -9.265 -1.01 1.663 -9.064 -6.246 2.172
5 L 0.859 -0.536 -0.349 -0.147 -7.572 1.569 1.294 -5.24 -2.066 1.33 1.271 0.121 -2.6 -1.603 0.123 -2.884 -0.505 -3.039 -2.577 1.192
6 A 5.347 -8.627 -5.802 -8.67 -6.673 -8.524 -7.246 -2.042 -8.41 -0.391 -4.249 -8.049 -7.42 -8.447 3.115 -1.157 -1.215 -9.531 -8.685 2.414
7 A 3.727 -2.463 -0.102 -6.658 -7.219 0.874 1.595 -1.259 0.627 -0.1 1.228 -3.004 0.291 -2.12 -3.023 -2.28 -2.273 -8.98 -4.182 0.081
8 A 1.211 1.892 -0.766 -1.489 -7.671 1.079 1.015 -2.003 -0.01 -0.893 0.537 1.327 -2.149 -3.12 -0.737 -1.234 -1.117 -3.033 -1.279 0.938
9 A 3.005 -7.861 3.582 1.675 -7.461 -0.306 1.199 -0.281 0.452 -2.98 -3.758 -6.439 -0.764 -8.725 -4.654 1.683 -0.694 -9.424 -8.627 -0.726