#Seq2Logo.py -Z on -y 0.25:2.0 -H ends -f 38081.peps -o YAFFMFSGGAILNIAFGQFEYFAIEKVRMHLDVT_el -I 2 --format PNG -b 50 -C 0 -l 1
Last position-specific scoring matrix computed, values are in halfbits
A R N D C Q E G H I L K M F P S T W Y V
1 F -8.487 3.588 -8.875 -9.459 -7.998 -3.198 -5.817 -9.586 -4.023 1.824 0.955 -0.261 -0.623 5.241 -7.796 -9.237 -8.522 2.297 3.76 0.01
2 R 0.142 2.775 -1.27 -1.335 -7.816 0.792 0.561 -4.046 1.336 0.988 -1.428 1.33 -1.72 0.237 -9.374 -1.607 0.09 1.02 1.227 0.634
3 S 2.034 -2.5 -2.648 -1.198 -7.398 -2.167 -4.195 1.39 1.18 -0.944 -3.649 -3.636 -4.257 1.367 -3.029 2.329 0.892 0.354 3.583 -0.495
4 E -1.39 -4.91 -2.046 1.186 -7.721 -0.258 4.218 -6.347 -0.534 0.546 -4.109 -0.638 -7.571 -4.168 -7.173 1.028 2.85 -9.262 -8.465 0.937
5 L -1.2 0.26 -0.319 -0.021 -7.87 0.588 1.66 -3.444 1.754 -0.244 0.577 1.842 -1.724 -2.761 1.112 -0.203 -0.091 -8.996 -1.274 -0.697
6 F -0.979 -7.443 -9.527 -9.988 -7.964 -5.992 -8.01 -9.5 -7.024 -1.863 -0.004 -9.472 -4.965 7.54 -5.66 -7.946 -8.863 -1.58 5.096 -2.275
7 E 1.296 -0.039 1.188 -4.895 -7.819 1.813 2.979 -3.702 2.457 -0.343 1.465 1.028 -2.649 -5.399 -2.204 -3.522 -2.1 -9.013 -3.016 -1.664
8 E -0.286 2.264 0.064 -0.691 -8.092 1.193 2.458 -3.998 0.842 -1.735 -1.606 2.42 -2.776 -3.229 1.602 -0.528 -1.562 -9.221 -3.583 -1.458
9 V 0.281 -3.062 1.625 2.268 -4.83 -4.052 1.061 -3.444 -0.878 1.781 1.046 -5.329 -3.216 -0.787 -7.422 -0.374 -0.606 -8.983 -2.573 2.308