#Seq2Logo.py -Z on -y 0.25:2.0 -H ends -f 38081.peps -o YAFFMFSGGAILNTLYLQFEYFALERVRMHLVMT_el -I 2 --format PNG -b 50 -C 0 -l 1
Last position-specific scoring matrix computed, values are in halfbits
A R N D C Q E G H I L K M F P S T W Y V
1 I -8.296 1.301 -9.485 -9.892 -7.44 -9.101 -9.654 -9.923 -7.985 4.579 2.268 -2.459 -0.536 3.746 -10.349 -9.549 -8.274 -4.314 3.011 1.807
2 R 1.16 3.22 -4.236 -3.033 -7.746 0.001 2.218 -6.446 1.331 0.253 -1.837 1.396 -5.291 -0.325 -9.275 -3.539 -0.508 -8.689 -0.176 1.974
3 A 2.572 -3.769 -4.306 -3.487 -7.261 -2.829 -5.686 0.456 -1.56 0.496 -3.002 -5.407 -0.43 1.469 -1.769 1.49 0.524 1.053 4.235 0.776
4 V 0.537 -8.355 -4.966 -2.564 -7.134 -1.895 1.48 -6.553 -2.139 3.11 1.343 -3.1 -1.221 -1.136 -9.441 -0.732 2.053 -8.925 -4.977 2.744
5 K 0.215 1.226 -0.322 0.172 -7.831 0.893 1.081 -3.709 1.17 -0.348 -0.238 1.797 -3.355 -2.791 1.663 -1.722 0.182 -9.117 -2.203 0.114
6 A 4.937 -8.76 -5.896 -8.91 -6.878 -6.819 -6.459 -3.851 -8.192 0.095 -1.488 -8.29 -2.15 3.316 2.57 -2.792 -2.267 -8.544 -1.749 0.917
7 A 2.944 -3.991 1.688 -1.985 -7.548 1.172 3.065 -3.945 1.479 -0.783 1.501 -1.747 -1.696 -5.373 -2.722 -4.335 -2.732 -1.998 -3.027 -1.24
8 K 0.755 2.21 -1.084 -1.839 -7.843 0.252 1.305 -3.703 0.442 -1.072 -0.122 2.527 -5.367 -3.6 1.536 -1.589 -0.397 -4.717 -1.868 -0.227
9 D 1.515 -8.359 1.949 3.504 -4.836 -2.142 1.244 -4.719 -4.174 1.676 0.156 -7.932 -1.311 -3.517 -9.392 -2.678 -2.485 -9.211 -3.072 2.684