#Seq2Logo.py -Z on -y 0.25:2.0 -H ends -f 38081.peps -o YAFFMFSGGAILNTLYLQFEYFAIEKVRMHLGMT_el -I 2 --format PNG -b 50 -C 0 -l 1
Last position-specific scoring matrix computed, values are in halfbits
A R N D C Q E G H I L K M F P S T W Y V
1 F -8.828 -1.726 -9.454 -10.044 -8.159 -9.504 -9.789 -9.809 -6.585 0.745 -0.657 -5.772 -3.954 6.756 -10.73 -9.654 -8.914 3.043 6.445 -2.441
2 V 0.86 2.52 -2.134 -1.025 -7.704 0.985 1.186 -4.042 0.831 1.133 -1.82 0.694 -2.673 -0.027 -9.365 -1.741 -1.121 0.319 0.471 1.854
3 Y 1.848 -3.059 -4.229 -2.34 -7.478 -1.435 -3.57 1.434 1.494 -0.359 -2.909 -4.825 -2.737 1.627 -3.042 1.86 0.36 0.376 4.567 -1.138
4 T 0.67 -7.937 -2.358 -0.979 -7.249 -1.821 2.784 -5.153 -2.086 1.662 -2.839 -2.323 -2.674 -4.69 -5.297 1.369 3.36 -9.219 -8.43 2.232
5 L -0.618 -0.052 -0.324 0.355 -7.78 1.252 0.834 -2.959 1.327 -0.032 0.582 1.373 -2.155 -3.111 1.186 -0.722 0.184 -8.953 -0.581 0.201
6 A 3.664 -8.905 -8.968 -9.154 -7.206 -6.935 -5.269 -3.982 -5.461 0.442 -0.421 -8.579 -0.965 4.958 2.119 -2.342 -3.284 -4.332 2.283 0.092
7 A 2.532 -2.655 1.482 -3.603 -7.573 1.731 2.622 -5.12 2.349 0.242 1.257 -0.657 -0.674 -3.519 -3.028 -3.043 -2.73 -8.94 -2.179 -0.875
8 K 0.215 1.899 0.861 -1.288 -7.887 -0.28 1.845 -2.729 0.832 -0.359 -0.439 2.035 -3.375 -4.74 1.332 -1.718 -0.291 -9.196 -3.056 -0.139
9 V -0.292 -8.471 2.869 2.618 -3.468 -4.718 -0.172 -3.728 -2.097 2.969 0.488 -6.074 -1.276 -2.706 -9.558 -1.146 -1.708 -9.227 -6.275 2.884