#Seq2Logo.py -Z on -y 0.25:2.0 -H ends -f 38081.peps -o YAFFMFSGGAILNTLYLQFEYFDLERVRMHLDVT_el -I 2 --format PNG -b 50 -C 0 -l 1
Last position-specific scoring matrix computed, values are in halfbits
A R N D C Q E G H I L K M F P S T W Y V
1 R -8.4 8.254 -7.353 -8.422 -9.146 -6.369 -7.417 -8.99 -6.814 -9.489 -8.936 -0.514 -8.123 -9.385 -9.553 -8.281 -8.336 -9.146 -8.672 -9.054
2 A 1.982 1.934 -3.388 -0.76 -7.488 0.344 0.82 -5.736 -0.858 0.519 0.362 0.047 -1.679 -0.155 -9.339 -2.013 -0.29 0.318 0.165 1.591
3 A 2.597 -1.652 -4.308 -2.125 -7.367 -0.845 -1.551 0.453 -0.266 -0.643 0.086 -3.646 -1.707 2.093 -1.047 0.499 -0.981 0.711 2.542 0.216
4 E 1.728 -8.239 -3.437 -3.713 -4.703 -0.813 2.573 -5.781 -2.668 2.259 1.439 -5.93 0.702 -5.225 -9.315 -0.719 1.331 -9.053 -6.248 2.363
5 L 0.751 -0.952 -0.637 -0.152 -7.528 0.968 1.234 -4.801 -2.623 1.51 1.385 -0.066 -2.585 -0.971 0.121 -3.102 -0.397 -3.031 -2.184 1.553
6 A 5.347 -8.611 -5.8 -8.653 -4.494 -6.691 -6.346 -2.041 -8.388 -0.292 -3.583 -8.034 -5.385 -8.44 3.115 -1.049 -1.514 -9.525 -8.685 2.155
7 A 3.708 -3.008 -0.798 -6.699 -7.193 0.772 1.593 -0.911 0.205 -0.291 1.482 -3.014 0.677 -2.113 -3.361 -2.284 -2.274 -8.963 -4.185 0.238
8 A 1.212 1.781 -0.924 -1.486 -7.657 0.891 1.189 -1.845 -0.264 -0.893 0.439 1.326 -2.152 -2.757 -0.884 -0.813 -1.115 -3.035 -1.555 0.997
9 A 2.796 -7.848 3.908 1.899 -7.517 -0.782 1.363 -0.559 0.456 -3.92 -3.569 -7.414 -0.769 -8.754 -4.654 1.559 0.034 -9.438 -8.644 -1.19