#Seq2Logo.py -Z on -y 0.25:2.0 -H ends -f 38081.peps -o YAFFMFSGGAILNTLYGQFEYFALERVRMHLVMT_el -I 2 --format PNG -b 50 -C 0 -l 1
Last position-specific scoring matrix computed, values are in halfbits
A R N D C Q E G H I L K M F P S T W Y V
1 I -8.157 -9.386 -9.951 -10.175 -7.125 -9.629 -10.127 -10.084 -8.695 4.67 3.252 -9.392 2.442 2.809 -7.863 -9.717 -6.893 -2.898 0.907 2.935
2 E 0.643 2.053 -0.194 -0.724 -7.775 0.366 1.658 -3.433 1.332 0.32 -1.089 1.495 -3.336 -0.81 -9.265 -1.015 -0.289 -0.113 -0.56 0.997
3 G 1.273 -2.03 -1.642 -0.272 -7.541 -1.649 -4.178 2.239 1.482 -0.824 -4.355 -1.808 -2.772 1.27 -1.765 1.745 0.673 -1.901 3.046 -0.227
4 E 0.491 -5.761 -4.224 -2.24 -7.263 -0.166 2.716 -3.717 -1.233 1.923 -1.033 -2.763 -0.15 -4.03 -9.151 0.805 2.851 -9.107 -6.255 2.312
5 E -0.801 0.613 0.873 1.713 -7.947 -0.014 1.255 -1.843 1.479 -1.224 -0.447 1.378 -2.747 -1.904 1.401 -0.531 -0.092 -9.128 -2.202 -0.52
6 F -7.776 -9.502 -9.617 -10.134 -8.274 -10.144 -8.137 -9.771 -5.082 -5.249 -2.106 -9.811 -3.191 8.261 -8.107 -9.796 -9.166 1.452 4.746 -7.394
7 E 1.159 -1.566 1.624 -2.691 -7.702 1.582 2.517 -3.424 2.009 -0.32 1.367 -0.045 -0.402 -2.114 -2.734 -2.156 -1.121 -4.668 -1.835 -0.379
8 E -0.363 1.84 0.595 0.794 -5.024 0.0 1.981 -2.336 1.333 -1.384 -0.738 1.39 -5.475 -6.658 1.402 -0.194 -0.731 -4.748 -2.613 -0.429
9 V -0.367 -8.753 -0.115 1.249 -7.2 -6.742 -0.489 -2.798 -4.326 2.858 1.934 -7.138 -1.988 -0.13 -9.706 -1.651 -0.611 -8.87 -2.992 3.539