#Seq2Logo.py -Z on -y 0.25:2.0 -H ends -f 38081.peps -o YAFFMFSGGAILNIAFGQFEYFDIEEVRVHLDVT_el -I 2 --format PNG -b 50 -C 0 -l 1
Last position-specific scoring matrix computed, values are in halfbits
A R N D C Q E G H I L K M F P S T W Y V
1 R -6.528 5.142 -8.536 -9.205 -8.022 -4.013 -5.141 -9.473 -3.204 2.188 1.064 -0.198 -2.053 3.837 -10.05 -8.998 -6.137 -0.049 2.561 0.167
2 R 0.522 2.932 -1.095 -2.534 -7.745 0.987 0.107 -6.444 2.126 1.064 -1.325 1.551 -1.327 0.102 -9.36 -2.333 0.091 -1.199 0.174 1.231
3 A 2.425 -1.842 -2.668 -1.9 -7.43 -1.901 -2.795 1.805 0.013 -0.587 -4.086 -4.352 -3.416 1.534 -3.372 2.051 -0.718 0.725 3.949 -0.913
4 K -1.533 -0.383 -3.617 -4.461 -8.047 -1.959 0.792 -7.174 4.459 -0.388 -5.347 5.197 -5.497 -2.205 -7.157 -0.894 1.76 -9.052 -4.891 -0.523
5 K -0.369 0.793 -0.329 -2.042 -7.845 1.083 1.136 -2.746 1.616 0.845 0.341 2.557 -1.712 -1.008 0.525 -1.477 -0.399 -9.009 -3.52 -0.784
6 F 0.236 -9.266 -9.511 -9.879 -7.713 -9.669 -6.869 -7.799 -7.34 0.628 0.713 -6.599 -3.868 6.992 -3.149 -6.885 -7.199 -2.569 4.366 -0.426
7 L 1.104 0.797 1.416 -6.413 -7.893 2.664 2.064 -6.371 3.417 -0.346 1.568 1.705 -3.26 -3.522 -4.722 -4.773 -3.283 -8.85 -1.522 -2.321
8 K 0.216 2.535 0.283 -1.125 -7.974 0.142 2.107 -4.339 1.335 -2.682 -0.733 2.417 -3.398 -2.491 0.62 -0.808 -1.259 -9.14 -3.561 -0.074
9 V 1.693 -2.751 2.642 -0.251 -7.232 -1.015 -1.677 -1.529 -0.875 1.158 0.26 -4.772 -1.305 -3.1 -7.336 1.12 0.686 -9.123 -4.224 2.23