#Seq2Logo.py -Z on -y 0.25:2.0 -H ends -f 38081.peps -o YAFFMFSGGAILNIAFGQFEYFDLEKVRMHLGMT_el -I 2 --format PNG -b 50 -C 0 -l 1
Last position-specific scoring matrix computed, values are in halfbits
A R N D C Q E G H I L K M F P S T W Y V
1 F -8.666 -9.346 -9.714 -10.165 -7.804 -9.761 -10.024 -9.895 -7.263 2.086 1.439 -7.757 -0.08 6.439 -10.751 -9.755 -8.716 3.579 5.022 0.273
2 R 0.081 2.389 -0.914 -0.872 -7.789 0.793 1.074 -2.181 1.757 1.301 -1.842 1.029 -3.333 -1.378 -9.331 -0.631 -0.503 0.684 0.465 1.061
3 S 1.576 -2.487 -2.365 -1.043 -4.847 -0.663 -3.832 1.436 1.758 -0.475 -2.937 -2.572 -2.224 0.601 0.333 2.086 0.017 -0.078 3.104 -0.807
4 E -0.344 -4.341 -0.163 0.972 -7.729 0.716 3.819 -4.697 -0.252 0.213 -3.477 0.314 -2.223 -8.592 -7.172 0.814 2.4 -9.302 -8.533 0.486
5 K -0.707 0.257 0.389 0.702 -7.896 1.256 0.71 -1.847 1.755 -0.259 -0.437 1.593 -1.366 -3.156 1.725 -0.623 0.003 -4.711 -1.28 -0.708
6 F -3.107 -7.439 -9.503 -10.056 -8.188 -9.806 -9.899 -9.646 -3.832 -3.266 -1.487 -7.76 -2.084 7.648 -5.683 -9.584 -9.028 1.177 5.878 -5.211
7 L 1.061 0.055 1.557 -3.281 -7.791 1.804 2.058 -2.342 2.557 -0.135 1.137 0.614 -2.655 -2.125 -1.568 -2.671 -1.912 -3.027 -1.83 -0.79
8 E -0.13 1.791 0.686 -1.118 -5.019 0.708 2.226 -2.523 1.014 -0.836 -1.214 1.994 -3.405 -3.197 0.794 -0.439 -0.501 -9.137 -2.597 -0.518
9 V 1.402 -3.755 1.815 -1.035 -3.403 -3.612 -1.706 -0.425 -0.045 1.885 0.71 -6.028 -2.593 -2.389 -6.213 0.796 0.962 -9.085 -5.036 2.526