#Seq2Logo.py -Z on -y 0.25:2.0 -H ends -f 38081.peps -o YAFFQFSGGAILNTLYLQFEYFDIEKVRMHLDVT_el -I 2 --format PNG -b 50 -C 0 -l 1
Last position-specific scoring matrix computed, values are in halfbits
A R N D C Q E G H I L K M F P S T W Y V
1 R -8.362 7.738 -7.452 -8.436 -9.033 -6.495 -7.458 -8.971 -6.802 -4.587 -8.693 2.141 -7.999 -0.529 -9.523 -8.316 -8.341 -8.687 -0.196 -7.438
2 R 1.299 2.689 -3.381 -2.535 -7.596 0.687 1.293 -6.448 0.224 0.668 -0.522 0.473 -0.676 -0.304 -9.351 -2.503 -0.191 -1.199 0.32 1.901
3 A 3.125 -1.476 -4.881 -2.349 -7.28 -2.177 -2.204 0.659 -0.264 -0.22 -1.246 -3.985 -2.695 1.751 -1.766 0.855 -0.846 0.712 2.869 0.437
4 E 1.728 -7.922 -3.792 -2.026 -4.766 -0.026 3.06 -5.205 -0.881 1.969 0.218 -1.778 -0.388 -4.597 -9.181 -1.331 2.053 -9.074 -5.062 1.793
5 L 0.525 -1.085 -0.217 -0.257 -7.568 1.066 1.182 -4.789 -1.615 1.089 1.307 0.807 -3.216 -1.176 0.123 -2.51 -0.19 -3.042 -3.539 1.499
6 A 5.435 -8.592 -5.813 -8.678 -6.651 -6.688 -6.344 -3.768 -8.386 0.187 -3.023 -6.856 -7.327 -5.526 2.795 -1.048 -1.512 -9.467 -8.6 2.12
7 A 3.804 -2.712 -0.363 -6.648 -7.208 1.155 1.875 -2.884 -0.025 0.001 1.549 -2.529 -0.956 -2.404 -3.022 -2.628 -2.963 -8.971 -3.546 0.164
8 K 1.303 2.532 -1.264 -2.755 -7.753 1.587 0.837 -2.336 -0.003 -1.196 -0.176 2.127 -3.341 -3.155 -0.459 -1.226 -0.733 -3.038 -1.556 0.265
9 A 2.629 -8.025 3.676 0.722 -7.355 -1.179 0.761 -1.234 -1.188 -0.78 -1.099 -7.634 0.452 -3.606 -5.319 1.23 -0.818 -9.292 -8.47 1.056