#Seq2Logo.py -Z on -y 0.25:2.0 -H ends -f 38081.peps -o YAFFMFSGGAILNTLFGQFEYFALEKLRMHLDVT_el -I 2 --format PNG -b 50 -C 0 -l 1
Last position-specific scoring matrix computed, values are in halfbits
A R N D C Q E G H I L K M F P S T W Y V
1 F -8.462 4.01 -8.779 -9.393 -8.023 -3.604 -5.784 -9.546 -3.187 1.562 0.908 -0.057 -1.252 5.083 -7.775 -9.172 -7.119 2.293 3.469 0.237
2 R 0.072 2.774 -1.091 -1.33 -7.862 0.893 0.953 -3.208 1.487 1.177 -1.836 1.155 -1.726 -0.152 -9.386 -2.507 -0.004 1.021 1.636 0.567
3 S 2.033 -2.498 -2.962 -1.525 -7.435 -1.022 -3.848 1.717 1.486 -0.477 -4.616 -3.966 -4.27 1.282 -3.031 2.228 0.526 0.354 3.631 -0.803
4 E -0.772 -5.515 -1.207 1.055 -7.773 -0.395 4.483 -6.31 -0.526 0.204 -4.99 -0.52 -7.7 -6.777 -6.054 0.979 2.779 -9.31 -8.554 0.34
5 E -1.67 0.532 -0.186 0.541 -7.916 0.364 1.709 -3.195 2.006 -0.349 0.479 1.696 -2.173 -2.768 1.186 -0.452 -0.093 -9.031 -1.549 -0.5
6 F -1.297 -9.325 -9.533 -10.002 -7.999 -5.992 -8.014 -9.531 -6.967 -1.381 -0.184 -9.494 -4.98 7.482 -5.664 -7.967 -8.885 0.847 5.291 -2.66
7 E 1.108 -0.263 0.942 -2.936 -7.851 2.018 3.156 -3.433 2.352 -0.342 1.43 0.693 -2.65 -4.045 -2.206 -3.791 -2.517 -8.999 -3.013 -1.389
8 E -0.799 2.164 0.288 -0.681 -8.123 1.105 2.955 -2.942 0.243 -2.096 -1.232 1.956 -2.776 -3.667 1.602 -0.528 -1.408 -9.233 -3.595 -1.462
9 V -0.292 -3.748 1.414 2.62 -4.853 -4.044 1.597 -3.744 -1.229 2.071 1.129 -5.977 -2.084 -0.966 -7.445 -1.147 -1.254 -9.017 -3.022 2.418