#Seq2Logo.py -Z on -y 0.25:2.0 -H ends -f 38081.peps -o YAFFMFSGGAILNTLYLQFEYFALEKVRVHLDVT_el -I 2 --format PNG -b 50 -C 0 -l 1
Last position-specific scoring matrix computed, values are in halfbits
A R N D C Q E G H I L K M F P S T W Y V
1 R -8.379 8.175 -7.347 -8.396 -9.138 -5.357 -7.388 -8.967 -6.821 -9.475 -8.94 0.549 -8.121 -9.393 -9.523 -8.266 -8.326 -9.153 -8.671 -9.049
2 A 1.983 2.041 -2.406 -1.506 -7.511 0.229 1.066 -4.737 -0.012 0.583 -0.264 0.139 -0.981 0.106 -9.289 -1.59 0.271 -1.201 0.002 1.183
3 A 2.599 -2.512 -3.385 -1.369 -4.796 -0.511 -1.851 1.015 -0.265 -0.901 -0.478 -4.371 -3.329 2.024 -1.21 0.797 -0.728 0.708 2.469 0.208
4 E 2.064 -8.079 -3.735 0.374 -4.758 -1.359 3.261 -3.676 -2.63 1.761 -0.816 -6.549 -0.986 -8.118 -9.079 0.259 2.147 -9.231 -8.518 1.556
5 L 0.523 -0.803 -0.343 0.61 -4.89 1.329 1.554 -4.397 -2.062 1.083 1.414 -0.059 -2.601 -0.975 -1.048 -2.885 -0.095 -1.987 -2.183 1.022
6 A 5.246 -8.643 -6.876 -7.129 -4.491 -8.54 -7.251 -2.586 -8.439 -0.715 -4.784 -8.069 -5.378 -8.435 3.226 -0.95 -1.673 -9.547 -8.677 2.841
7 A 3.936 -4.535 0.137 -4.519 -7.177 0.566 2.006 -1.248 -0.872 -0.633 0.863 -3.567 0.283 -2.764 -2.192 -1.553 -2.701 -9.117 -8.297 0.449
8 A 1.604 1.416 -1.091 -0.603 -7.624 0.89 1.458 -2.72 -0.543 -0.543 0.234 0.759 -1.718 -3.129 -0.333 -1.009 -0.391 -1.994 -1.558 0.629
9 D 1.301 -7.93 2.934 3.994 -7.884 -2.05 3.019 -1.952 -0.52 -1.546 -2.041 -7.42 -0.481 -4.815 -5.317 0.05 -2.066 -9.437 -6.427 -0.16