#Seq2Logo.py -Z on -y 0.25:2.0 -H ends -f 38081.peps -o YAFFMFSGGAILNIAFGQFEYFEIEKVRMHLGMT_el -I 2 --format PNG -b 50 -C 0 -l 1
Last position-specific scoring matrix computed, values are in halfbits
A R N D C Q E G H I L K M F P S T W Y V
1 F -8.663 -9.343 -9.73 -10.173 -7.78 -9.759 -10.033 -9.901 -7.329 2.088 1.739 -7.757 0.355 6.395 -10.751 -9.764 -8.709 3.578 4.838 0.124
2 R -0.137 2.342 -0.459 -0.362 -7.841 0.36 1.245 -2.182 1.887 1.049 -1.258 1.029 -3.336 -0.976 -9.344 -0.821 -0.398 1.013 0.468 0.63
3 S 1.492 -2.487 -1.868 -0.631 -7.508 -0.835 -3.526 1.387 1.482 -0.364 -3.268 -2.361 -2.756 1.271 -0.213 2.086 0.108 -0.078 2.928 -0.597
4 E -1.171 -4.881 -0.29 0.901 -7.752 0.501 3.994 -4.329 0.232 0.691 -4.114 -0.218 -3.412 -6.723 -7.181 0.922 2.558 -9.288 -8.49 0.557
5 K -0.365 0.256 0.492 0.781 -7.87 0.985 0.573 -1.695 1.754 -0.698 -0.121 1.592 -1.363 -2.452 1.401 -0.444 0.003 -3.046 -1.55 -0.927
6 F -5.623 -9.406 -9.565 -10.13 -8.261 -9.954 -10.007 -9.748 -6.721 -4.744 -2.123 -9.679 -2.085 7.909 -10.944 -9.714 -9.112 1.185 5.815 -5.798
7 L 0.4 -0.046 1.416 -2.704 -7.823 2.01 2.1 -2.351 2.557 -0.128 1.328 0.892 -1.311 -2.413 -2.738 -2.499 -1.738 -3.027 -2.168 -0.58
8 E -0.445 1.958 0.869 -0.697 -5.029 1.005 2.108 -3.419 1.181 -1.232 -1.217 2.128 -5.456 -3.635 0.62 -0.274 -0.98 -9.154 -2.598 0.012
9 V 1.266 -4.168 1.618 -0.052 -3.41 -3.181 -1.275 -1.167 -0.582 2.12 0.714 -5.383 -2.586 -2.377 -6.22 0.436 0.96 -9.031 -3.031 2.562