#Seq2Logo.py -Z on -y 0.25:2.0 -H ends -f 38081.peps -o YAFFQFSGGAILNTLFGQFEYFALEKLRMHLVMT_el -I 2 --format PNG -b 50 -C 0 -l 1
Last position-specific scoring matrix computed, values are in halfbits
A R N D C Q E G H I L K M F P S T W Y V
1 I -8.241 -9.439 -9.939 -10.169 -7.21 -9.702 -10.158 -10.081 -8.513 4.946 2.743 -9.439 2.02 3.746 -7.883 -9.753 -8.209 -1.865 1.676 2.418
2 R 0.642 2.569 -0.466 -1.851 -7.762 0.478 1.132 -4.025 1.334 0.855 -1.843 1.55 -4.155 -0.797 -9.296 -1.352 -0.091 -0.106 0.606 1.225
3 A 1.85 -2.745 -1.666 -2.106 -7.431 -1.9 -4.21 1.715 0.446 -0.047 -3.613 -1.075 -2.208 1.6 -2.46 1.704 0.364 -0.071 3.107 0.202
4 E -0.427 -4.024 -1.221 2.143 -7.599 -1.558 3.156 -3.693 0.633 0.994 -2.205 -1.754 -2.719 -3.606 -6.119 0.969 2.19 -9.232 -6.287 1.484
5 K -0.622 0.939 0.873 1.658 -8.016 -0.595 1.365 -2.522 1.885 -0.603 -0.886 1.939 -2.228 -2.817 1.846 -0.532 -1.261 -9.21 -2.595 -1.181
6 F -1.65 -5.467 -9.366 -9.79 -8.094 -7.249 -4.924 -6.836 -5.106 -2.993 -2.016 -4.285 -2.09 7.764 -3.52 -5.171 -6.357 1.152 4.633 -4.005
7 E 0.459 -1.22 1.342 -1.435 -7.849 1.087 2.947 -2.957 2.351 -0.437 1.604 0.46 -0.675 -2.11 -3.38 -2.874 -1.742 -0.616 -1.827 -1.255
8 K -0.706 1.958 0.065 0.549 -5.049 0.379 1.853 -2.94 0.449 -1.109 -1.407 2.491 -5.504 -4.796 1.727 -0.711 -0.395 -9.248 -2.617 -0.732
9 V -1.327 -4.786 -2.011 -0.21 -3.403 -4.246 -1.327 -4.193 -8.4 3.573 2.15 -6.332 -0.556 0.936 -9.957 -5.51 -2.51 -8.477 0.328 3.866