#Seq2Logo.py -Z on -y 0.25:2.0 -H ends -f 38081.peps -o YAFFQFSGGAILNTLFGQFEYFDIEKVRMHLGMT_el -I 2 --format PNG -b 50 -C 0 -l 1
Last position-specific scoring matrix computed, values are in halfbits
A R N D C Q E G H I L K M F P S T W Y V
1 F -8.738 -9.447 -9.719 -10.161 -7.866 -9.892 -10.088 -9.899 -7.262 2.796 0.351 -9.614 -1.213 6.85 -10.808 -9.785 -8.766 3.023 4.907 -0.58
2 R 0.407 2.298 -0.756 -1.159 -7.784 0.477 1.3 -3.188 1.18 1.051 -2.321 1.441 -4.171 -0.791 -9.292 -0.628 -0.393 -0.102 1.219 1.059
3 S 1.407 -3.035 -3.331 -1.201 -4.829 -1.652 -3.546 1.232 1.012 0.044 -2.337 -1.814 -2.203 0.82 -0.464 2.223 -0.075 -0.56 3.43 -0.122
4 E -0.193 -3.954 -2.079 0.802 -7.629 -0.281 3.321 -2.946 0.823 0.717 -1.087 0.378 -1.731 -3.17 -7.24 0.253 2.053 -9.174 -8.302 1.175
5 K -0.448 0.619 -0.179 1.473 -7.934 0.794 0.844 -2.342 1.331 -0.953 -0.583 1.89 -2.743 -3.157 1.6 -0.81 0.002 -1.999 -0.799 -0.615
6 F -1.781 -4.832 -9.357 -7.745 -8.11 -9.619 -6.844 -6.853 -2.468 -2.508 -1.69 -3.579 -1.657 7.607 -4.396 -7.928 -6.37 1.156 5.098 -3.997
7 L 0.747 0.164 1.265 -2.995 -7.846 2.139 1.706 -2.737 2.842 0.231 1.215 1.322 -3.272 -1.384 -2.464 -3.304 -2.105 -1.976 -1.244 -1.253
8 K -0.059 1.957 0.587 -1.126 -5.018 0.135 1.98 -3.422 0.652 -0.707 -1.298 2.413 -3.401 -3.179 0.959 -0.712 -0.855 -9.062 -1.287 -0.148
9 V 0.76 -2.552 0.125 0.224 -3.402 -4.796 -1.433 -1.077 -2.701 2.671 1.514 -5.466 -3.86 -1.554 -7.493 -1.383 -0.181 -8.941 -2.576 3.387