#Seq2Logo.py -Z on -y 0.25:2.0 -H ends -f 38081.peps -o YAFFQFSGGAILNTLYGQFEYFALERVRMHLVMT_el -I 2 --format PNG -b 50 -C 0 -l 1
Last position-specific scoring matrix computed, values are in halfbits
A R N D C Q E G H I L K M F P S T W Y V
1 I -8.244 -9.491 -9.944 -10.164 -7.217 -9.76 -10.188 -10.086 -8.545 5.203 2.288 -9.474 1.53 4.022 -10.495 -9.762 -8.2 -1.864 1.486 2.492
2 R 0.807 2.485 -1.455 -1.477 -7.789 0.485 1.798 -5.211 1.332 0.638 -1.44 1.946 -3.331 -0.642 -9.256 -1.728 -0.505 -0.611 -0.77 1.114
3 A 2.065 -2.492 -3.353 -1.912 -4.808 -1.658 -4.606 1.531 0.648 -0.039 -4.533 -1.351 -1.37 1.528 -2.735 1.447 0.362 -0.553 3.484 0.63
4 E -0.121 -4.569 -4.276 -0.738 -7.329 -0.987 2.435 -5.278 -0.298 2.375 0.722 -2.795 0.311 -1.16 -7.365 0.095 1.815 -8.953 -4.981 2.169
5 K -0.621 1.426 0.498 1.538 -7.991 -0.007 1.257 -2.939 1.331 -0.376 -1.393 1.941 -2.759 -1.913 1.401 -0.622 -0.504 -3.059 -2.586 -0.618
6 F -0.194 -9.235 -9.364 -9.725 -7.988 -7.252 -4.112 -5.453 -5.151 -2.735 -1.491 -5.829 -3.988 7.717 -3.512 -4.733 -8.817 0.086 4.346 -3.678
7 L 0.334 -1.746 1.414 -1.805 -7.81 1.506 2.622 -3.728 2.655 -0.424 1.92 0.378 -0.961 -2.096 -3.384 -3.31 -1.273 -1.216 -1.52 -1.004
8 K -0.704 2.058 -0.055 0.279 -7.971 0.131 1.617 -2.528 1.48 -0.837 -0.661 2.037 -5.453 -5.575 1.664 -0.118 -0.501 -9.267 -3.592 -0.724
9 V -0.456 -6.163 -1.566 -0.814 -7.137 -5.703 -0.95 -3.559 -5.714 3.623 2.358 -7.261 -1.162 0.407 -9.882 -3.441 -1.905 -8.562 -0.169 3.55