#Seq2Logo.py -Z on -y 0.25:2.0 -H ends -f 38081.peps -o YAFFQFSGGAILNTLYGQFEYFDIEKVRVHLDVT_el -I 2 --format PNG -b 50 -C 0 -l 1
Last position-specific scoring matrix computed, values are in halfbits
A R N D C Q E G H I L K M F P S T W Y V
1 F -8.677 0.361 -9.384 -9.926 -7.972 -9.305 -9.663 -9.783 -7.054 2.2 0.278 -2.714 -3.12 6.48 -10.61 -8.039 -8.721 2.126 5.249 -0.712
2 R 0.585 2.896 -2.986 -2.524 -7.77 0.59 0.893 -4.042 1.481 0.569 -2.187 2.036 -4.151 -0.625 -9.3 -2.016 0.001 -0.103 0.869 1.623
3 S 1.924 -2.767 -3.752 -1.909 -7.425 -2.173 -3.566 1.336 0.016 -0.571 -2.913 -3.348 -3.39 1.126 -3.038 2.19 0.196 1.606 4.311 -0.301
4 E -0.595 -4.929 -3.267 0.482 -7.59 -0.923 3.814 -7.23 -0.016 0.996 -2.458 0.047 -4.182 -4.123 -6.094 0.326 2.951 -9.217 -8.386 1.536
5 E -1.1 0.532 0.052 0.272 -7.9 0.894 1.612 -3.45 1.172 0.047 -0.053 1.696 -2.704 -2.152 1.662 -1.73 0.266 -9.047 -1.552 0.036
6 F 0.723 -4.8 -9.203 -7.538 -7.674 -5.821 -2.303 -6.717 -2.556 0.616 0.961 -5.114 -2.035 6.516 -2.535 -5.062 -3.09 -1.709 3.87 -1.31
7 L 1.832 -0.265 0.76 -3.617 -7.707 1.662 2.555 -4.0 2.126 0.149 1.604 1.146 -3.254 -4.615 -2.728 -4.387 -1.738 -8.977 -2.572 -1.501
8 K 0.01 2.581 0.282 -1.997 -5.047 0.501 2.188 -3.698 0.653 -1.395 -1.049 2.715 -4.258 -3.211 1.038 -1.116 -1.12 -9.161 -3.048 -0.949
9 V 1.214 0.494 2.495 0.256 -3.465 -0.822 -1.521 -2.15 -1.212 1.272 0.696 -2.132 -3.249 -1.847 -5.383 0.5 -0.713 -9.021 -2.586 1.777