#Seq2Logo.py -Z on -y 0.25:2.0 -H ends -f 38081.peps -o YAFFMFSGGAILNTLFGQFEYFEIEEVRMHLDVT_el -I 2 --format PNG -b 50 -C 0 -l 1
Last position-specific scoring matrix computed, values are in halfbits
A R N D C Q E G H I L K M F P S T W Y V
1 R -6.526 5.381 -8.384 -9.06 -8.135 -3.478 -4.624 -9.382 -3.189 1.651 0.716 0.924 -2.081 3.833 -9.967 -8.901 -7.049 -0.055 2.19 -0.269
2 R 0.581 2.736 -0.768 -3.38 -7.793 2.007 0.192 -5.767 1.488 0.923 -1.828 1.217 -1.334 0.585 -9.37 -1.606 -0.621 -0.092 1.543 0.825
3 A 2.198 -2.268 -3.764 -1.718 -7.488 -1.432 -2.799 1.531 0.25 -0.471 -3.245 -3.646 -1.765 1.84 -2.738 1.577 -0.284 1.056 4.313 -1.396
4 K -1.783 -0.527 -3.613 -3.242 -8.072 -1.061 2.312 -7.192 4.246 -0.977 -5.017 4.659 -5.513 -1.931 -7.163 -0.518 1.604 -9.024 -4.1 -0.248
5 K -0.533 0.79 -0.068 -1.149 -4.99 1.345 1.138 -1.853 1.479 0.302 0.175 2.244 -1.343 -1.409 0.127 -0.915 0.001 -3.033 -1.841 -1.395
6 F -1.917 -9.341 -9.549 -10.028 -8.008 -9.829 -8.044 -9.594 -6.967 -0.958 -0.119 -7.761 -3.918 7.522 -6.6 -7.998 -7.36 -0.352 5.318 -2.864
7 L 0.393 0.952 1.19 -3.987 -7.983 2.503 2.342 -5.219 3.342 -0.68 1.666 1.851 -2.636 -2.411 -4.728 -4.434 -4.331 -8.821 -1.518 -2.335
8 K -0.447 2.263 0.059 -1.277 -8.016 0.499 2.228 -4.35 1.014 -2.058 -0.66 2.569 -2.746 -2.823 1.115 -0.62 -0.856 -9.142 -3.04 -0.627
9 V 0.818 -3.049 2.175 0.256 -4.765 -1.891 -0.364 -2.336 -0.57 1.231 1.006 -4.802 -2.088 -0.792 -7.388 0.561 0.892 -8.998 -4.171 2.344