#Seq2Logo.py -Z on -y 0.25:2.0 -H ends -f 38081.peps -o YAFFMFSGGAILNIAFGQFEYFDIEKVRMHLVMT_el -I 2 --format PNG -b 50 -C 0 -l 1
Last position-specific scoring matrix computed, values are in halfbits
A R N D C Q E G H I L K M F P S T W Y V
1 I -8.168 -9.39 -9.958 -10.183 -7.14 -9.656 -10.134 -10.096 -8.634 4.76 3.214 -7.69 1.405 2.811 -10.439 -9.742 -8.153 -1.887 1.466 2.965
2 R 0.286 2.3 -1.656 -2.054 -7.699 0.589 1.075 -3.443 1.754 0.997 -1.626 1.801 -2.161 -2.122 -9.256 -0.364 0.1 -1.975 -0.368 1.533
3 A 1.814 -3.042 -1.873 -0.389 -7.464 -1.218 -3.261 2.01 0.446 -0.808 -3.269 -2.37 -4.261 1.002 -1.206 1.824 -0.276 -1.16 3.045 0.412
4 E 0.169 -3.914 -1.232 -0.309 -7.624 1.438 3.531 -4.711 0.442 0.848 -2.756 0.228 -1.746 -5.552 -9.018 0.81 2.102 -9.222 -8.386 1.004
5 K 0.41 0.784 0.393 1.083 -7.87 0.245 1.255 -1.833 1.176 -1.227 -0.584 1.845 -2.213 -3.594 0.877 -0.115 -0.853 -9.065 -1.036 -0.616
6 F -5.156 -7.443 -9.529 -10.082 -8.199 -9.914 -9.964 -9.726 -2.46 -3.541 -0.792 -5.279 -3.174 7.932 -10.91 -9.695 -9.075 -0.332 5.218 -5.743
7 L 0.907 0.06 1.758 -2.444 -7.817 1.662 2.299 -3.429 2.457 -0.663 1.468 0.959 -1.312 -2.408 -3.761 -2.867 -2.513 -4.664 -1.53 -0.792
8 K -1.095 2.112 0.592 -0.01 -5.042 -0.13 1.85 -2.345 0.836 -1.381 -1.048 2.334 -3.413 -4.766 1.333 -0.908 -0.092 -9.184 -2.222 -0.245
9 V 1.358 -3.393 0.559 -1.366 -3.396 -0.854 -2.601 -0.34 -1.651 1.844 1.057 -4.857 -1.634 -1.15 -9.422 0.734 0.605 -8.913 -2.57 2.695