#Seq2Logo.py -Z on -y 0.25:2.0 -H ends -f 38081.peps -o YAFFMFSGGAILNIAYGQFEYFAIEKVRMHLDVT_el -I 2 --format PNG -b 50 -C 0 -l 1
Last position-specific scoring matrix computed, values are in halfbits
A R N D C Q E G H I L K M F P S T W Y V
1 R -8.519 4.662 -8.656 -9.319 -8.17 -3.572 -5.745 -9.511 -5.14 1.755 -0.038 -0.322 -2.083 5.128 -7.765 -9.121 -8.538 2.09 3.803 -0.976
2 R 0.404 2.816 -2.119 -1.868 -7.79 1.258 0.564 -4.381 1.482 0.482 -1.839 1.445 -1.725 0.574 -9.33 -1.354 0.432 1.017 0.479 0.82
3 S 2.035 -3.053 -4.746 -1.202 -7.381 -2.171 -4.2 1.39 0.652 -1.513 -3.864 -3.982 -4.262 1.529 -2.727 2.426 1.153 1.599 3.632 -0.402
4 E -0.86 -6.418 -4.06 1.503 -7.627 -0.912 4.097 -6.336 -1.195 0.398 -4.92 -0.759 -7.564 -6.717 -7.161 1.081 3.115 -9.311 -8.562 1.478
5 E -0.801 -0.05 -0.319 0.454 -7.843 0.893 1.845 -2.96 1.619 -0.236 0.281 1.262 -2.168 -1.874 0.791 -1.018 0.433 -8.967 -1.27 0.038
6 F 1.131 -9.194 -9.417 -9.74 -7.686 -5.034 -5.408 -9.155 -7.257 -0.154 0.159 -9.197 -3.154 6.859 -1.831 -6.793 -7.165 -1.662 4.543 -0.346
7 E 1.795 -0.914 1.264 -3.959 -7.721 1.737 2.947 -2.933 2.556 -0.439 1.568 0.141 -3.267 -4.634 -3.03 -3.277 -2.51 -9.017 -3.536 -1.008
8 E 0.011 2.113 0.956 -0.687 -8.054 0.715 2.527 -3.991 1.182 -1.898 -1.506 2.087 -3.435 -3.662 1.471 -0.903 -1.259 -9.232 -3.583 -0.846
9 D 0.143 -4.13 2.129 3.186 -7.631 -2.737 1.702 -3.178 -0.554 1.609 0.307 -5.905 -1.319 -1.18 -7.401 -1.025 -1.399 -9.086 -3.034 1.904