#Seq2Logo.py -Z on -y 0.25:2.0 -H ends -f 38081.peps -o YAFFQFSGGAILNTLFGQFEYFEIEEVRMHLDVT_el -I 2 --format PNG -b 50 -C 0 -l 1
Last position-specific scoring matrix computed, values are in halfbits
A R N D C Q E G H I L K M F P S T W Y V
1 F -8.537 -0.379 -9.56 -9.989 -7.696 -7.141 -7.982 -9.871 -7.575 3.202 1.548 -4.217 0.153 5.935 -10.591 -9.642 -8.552 2.102 3.949 0.776
2 R 0.277 2.78 -0.758 -2.055 -7.846 1.429 0.835 -4.032 1.626 1.113 -1.344 1.948 -2.686 -0.8 -9.307 -1.025 -1.409 -1.202 0.466 0.565
3 A 2.134 -3.717 -3.325 -0.769 -7.481 -1.654 -3.542 1.534 1.489 -0.954 -3.098 -2.59 -3.412 1.611 -2.208 2.05 -0.491 0.362 3.95 -1.278
4 K -1.922 -0.415 -4.107 -3.64 -7.967 -0.557 1.369 -7.249 3.89 0.124 -3.654 4.602 -3.384 -0.669 -7.21 -0.804 1.55 -8.908 -2.945 0.407
5 K -0.71 1.092 0.384 -0.238 -7.94 1.345 0.964 -2.173 1.175 0.032 -0.303 2.161 -1.745 -2.453 1.331 -0.916 -0.86 -1.997 -1.55 -0.812
6 F -1.917 -6.302 -9.485 -9.955 -8.02 -7.296 -6.896 -6.883 -3.953 -1.098 0.055 -6.64 -2.548 7.579 -6.598 -6.998 -7.362 0.096 4.888 -4.648
7 L -0.227 1.379 1.113 -4.439 -8.046 2.448 1.982 -5.228 3.631 -0.934 1.462 2.451 -5.198 -2.13 -4.203 -4.797 -2.53 -8.839 -1.813 -2.002
8 K -0.896 2.356 0.284 -0.574 -8.031 0.265 2.108 -4.745 0.838 -1.375 -1.045 2.568 -5.452 -3.205 1.262 -0.716 -0.984 -9.186 -3.047 0.091
9 V 0.154 0.104 1.329 -0.275 -4.779 -2.461 -0.903 -2.367 -3.316 2.169 0.809 -2.578 -2.065 -0.291 -7.453 -0.215 0.105 -8.791 -1.011 2.789