#Seq2Logo.py -Z on -y 0.25:2.0 -H ends -f 38081.peps -o YAFFQFSGGAILNTLYLQFEYFDIEKVRMHLGMT_el -I 2 --format PNG -b 50 -C 0 -l 1
Last position-specific scoring matrix computed, values are in halfbits
A R N D C Q E G H I L K M F P S T W Y V
1 F -8.859 -7.402 -9.472 -10.087 -8.234 -9.595 -9.845 -9.837 -6.261 0.587 -2.535 -9.414 -4.006 6.761 -10.731 -9.663 -8.971 1.727 7.19 -3.102
2 R 0.806 2.93 -2.394 -1.505 -7.695 0.893 0.892 -7.321 1.478 0.806 -1.51 1.217 -1.707 -0.795 -9.345 -2.336 -0.736 -1.962 0.319 2.101
3 A 2.33 -1.465 -4.259 -2.587 -7.337 -2.798 -4.621 0.719 0.646 0.919 -1.626 -2.174 -1.01 0.156 -0.886 1.743 -0.077 -0.558 3.579 -0.364
4 V 0.877 -6.78 -2.403 -0.15 -4.719 -1.196 1.389 -5.21 -1.251 1.983 0.625 -2.809 -0.941 -2.395 -7.324 0.625 2.36 -9.09 -8.226 2.426
5 K -0.531 1.613 0.171 -0.026 -7.871 0.992 0.839 -2.948 1.479 -0.807 -0.436 1.895 -2.192 -4.088 1.188 -0.91 0.354 -9.061 -1.284 0.185
6 A 4.312 -8.578 -2.453 -4.724 -7.001 -6.7 -4.265 -0.776 -5.54 -0.128 -2.577 -6.906 -4.198 2.756 2.283 0.704 0.022 -8.617 -0.968 -0.091
7 A 2.348 -0.643 1.691 -2.974 -7.681 1.343 2.14 -4.3 3.183 0.395 0.286 0.383 -1.717 -3.109 -2.204 -3.505 -3.565 -1.985 -1.252 -0.477
8 K 0.214 2.446 -1.085 -3.012 -5.018 0.132 1.513 -2.176 1.007 -0.477 -0.248 2.71 -5.394 -4.74 1.961 -2.321 -0.993 -9.152 -2.215 -0.819
9 V 1.916 -4.705 0.125 0.129 -2.488 -1.933 -1.717 -1.857 -2.701 3.047 1.075 -6.996 -0.616 -3.027 -9.506 -0.552 -1.538 -9.082 -5.049 3.126