#Seq2Logo.py -Z on -y 0.25:2.0 -H ends -f 38081.peps -o YAFFMFSGGAILNIAYLQFEYFELEKVRVHLDVT_el -I 2 --format PNG -b 50 -C 0 -l 1
Last position-specific scoring matrix computed, values are in halfbits
A R N D C Q E G H I L K M F P S T W Y V
1 R -8.395 8.236 -7.352 -8.416 -9.144 -6.367 -7.411 -8.984 -6.816 -9.485 -8.937 -0.209 -8.123 -9.386 -9.545 -8.278 -8.334 -9.148 -8.672 -9.053
2 A 2.123 2.428 -1.476 -2.082 -7.5 0.348 0.483 -5.166 0.224 0.58 -0.674 0.057 -1.703 -0.162 -9.282 -1.228 0.098 -1.199 0.467 1.288
3 A 2.541 -1.144 -4.283 -1.719 -4.792 -1.657 -1.548 0.718 -0.853 -0.775 -0.346 -3.971 -3.328 1.598 -0.338 1.012 -0.608 0.707 2.537 0.21
4 E 2.331 -8.021 -2.645 0.378 -4.756 -0.959 3.207 -3.949 -2.074 1.431 -1.623 -6.504 -2.687 -6.545 -7.194 0.759 2.236 -9.253 -8.513 1.351
5 L 1.063 -1.091 0.258 0.26 -4.883 1.411 1.402 -4.027 -5.396 1.076 1.034 0.12 -2.113 -0.989 0.428 -2.5 -0.617 -3.042 -3.025 0.841
6 A 4.864 -8.653 -5.022 -8.658 -6.764 -8.561 -7.271 -2.236 -8.437 0.279 -3.566 -8.082 -7.372 -8.406 3.664 -0.401 -0.945 -9.574 -8.691 2.553
7 A 3.824 -2.724 -0.226 -5.096 -4.724 0.452 1.595 -1.015 -0.029 0.169 0.947 -2.761 -0.977 -3.123 -1.371 -1.436 -2.954 -9.092 -5.054 0.158
8 A 1.604 2.0 -0.759 -0.867 -7.669 1.172 1.078 -2.331 -0.54 -0.912 0.005 1.387 -4.157 -4.686 -0.209 -1.008 -0.98 -3.048 -1.873 0.751
9 A 2.798 -7.795 3.651 1.439 -7.486 -0.302 1.31 -0.37 0.842 -4.308 -3.57 -5.098 -1.077 -6.811 -5.27 2.104 -0.574 -9.403 -8.576 -1.071