#Seq2Logo.py -Z on -y 0.25:2.0 -H ends -f 38081.peps -o YAFFMFSGGAILNIAYLQFEYFDIEEVRVHLDVT_el -I 2 --format PNG -b 50 -C 0 -l 1
Last position-specific scoring matrix computed, values are in halfbits
A R N D C Q E G H I L K M F P S T W Y V
1 R -8.403 8.26 -7.357 -8.429 -9.141 -6.374 -7.425 -8.995 -6.816 -9.468 -7.873 -0.738 -8.11 -9.371 -9.559 -8.286 -8.338 -9.143 -8.67 -9.042
2 A 1.72 2.811 -1.9 -2.544 -7.594 0.786 0.102 -5.191 1.006 0.418 -0.752 0.623 -1.706 -0.025 -9.318 -1.724 0.269 0.688 0.326 1.122
3 A 2.626 -0.711 -3.805 -2.347 -4.819 -1.028 -2.389 1.232 -0.835 -0.922 -0.847 -4.349 -3.351 1.829 -1.211 0.564 -0.394 1.598 3.435 -0.788
4 K 1.767 -0.735 -2.114 -4.576 -4.844 -1.8 -0.06 -4.691 3.175 1.249 -2.179 3.357 -1.722 -2.765 -7.233 -0.431 1.21 -3.036 -2.543 1.182
5 L 0.007 0.043 -0.22 -1.506 -7.59 1.328 0.622 -4.809 -1.215 1.559 1.418 1.193 -2.586 -2.097 0.013 -2.518 0.002 -3.032 -1.85 1.195
6 A 5.268 -8.603 -5.017 -8.635 -6.697 -8.505 -7.234 -2.783 -8.385 -0.194 -3.042 -8.03 -7.402 -8.433 3.299 -0.844 -0.469 -9.534 -8.684 1.954
7 A 3.707 -0.812 -0.495 -5.842 -7.256 1.326 0.752 -1.959 1.873 -0.634 1.444 -1.935 0.847 -2.731 -1.971 -2.453 -3.243 -8.958 -3.527 -0.448
8 A 1.306 2.101 -1.087 -1.318 -7.658 0.691 1.016 -2.334 -0.265 -1.042 0.176 1.213 -1.342 -3.575 0.129 -0.275 -0.61 -2.0 -2.594 0.487
9 A 2.823 -6.617 3.746 0.65 -7.426 -1.165 0.895 -0.565 1.177 -0.837 -2.267 -5.742 -0.747 -8.54 -3.339 1.801 -1.072 -9.382 -8.525 -0.705