#Seq2Logo.py -Z on -y 0.25:2.0 -H ends -f 38081.peps -o YAFFMFSGGAILNIAYLQFEYFDIEEVRMHLGMT_el -I 2 --format PNG -b 50 -C 0 -l 1
Last position-specific scoring matrix computed, values are in halfbits
A R N D C Q E G H I L K M F P S T W Y V
1 F -7.493 3.394 -9.057 -9.727 -8.093 -8.75 -9.305 -9.688 -6.93 1.502 -0.135 -4.373 -1.262 6.086 -10.47 -9.387 -8.685 0.807 5.188 -0.963
2 R 0.913 2.932 -2.392 -4.128 -7.718 1.583 0.765 -4.772 1.333 0.929 -1.519 1.335 -2.152 -0.167 -9.316 -1.477 -0.505 -1.953 0.61 1.282
3 A 2.513 -2.278 -5.562 -3.143 -7.425 -2.809 -3.307 1.625 0.845 -1.065 -2.089 -4.388 -1.757 1.386 -2.465 1.741 -1.715 2.471 4.275 -0.59
4 K 1.573 -2.494 -2.334 -4.1 -7.516 -2.324 -1.767 -4.649 3.821 0.311 -3.445 4.163 -7.419 -3.186 -6.062 0.458 2.189 -9.098 -4.941 0.758
5 L 0.217 -0.385 -0.929 -1.675 -7.657 0.98 0.489 -2.746 1.323 0.652 0.988 2.019 -1.307 -3.982 0.231 -1.241 0.269 -3.026 -0.577 0.367
6 A 4.037 -8.937 -5.965 -9.188 -7.132 -6.964 -7.578 -3.658 -7.897 1.148 -0.771 -8.605 -2.619 5.027 1.461 -3.304 -3.005 -2.841 1.693 -0.059
7 A 2.589 0.617 1.023 -7.664 -7.635 2.202 1.844 -5.117 3.413 -0.039 0.937 0.547 -2.651 -3.551 -3.365 -3.762 -3.566 -8.981 -3.501 -0.78
8 E 0.812 2.305 0.28 -1.622 -7.839 0.136 1.979 -4.708 1.008 -0.585 -1.035 2.084 -2.737 -4.164 0.795 -0.524 -0.498 -9.28 -8.358 -0.141
9 A 2.6 -6.881 3.532 -1.012 -3.388 -3.177 -3.033 -1.38 -2.085 1.727 -0.252 -6.832 -2.122 -4.62 -9.278 0.515 0.21 -9.266 -8.44 2.523