#Seq2Logo.py -Z on -y 0.25:2.0 -H ends -f 38081.peps -o YAFFMFSGGAILNTLFGQFEYFDFEEVRMHLGMT_el -I 2 --format PNG -b 50 -C 0 -l 1
Last position-specific scoring matrix computed, values are in halfbits
A R N D C Q E G H I L K M F P S T W Y V
1 F -8.609 -9.342 -9.743 -10.171 -7.713 -9.739 -10.036 -9.928 -7.371 2.551 1.954 -7.745 -0.066 6.138 -10.703 -9.759 -8.65 2.857 4.866 0.504
2 R 0.467 2.571 -0.191 -1.006 -7.851 1.263 0.961 -2.532 1.761 0.623 -1.269 1.606 -3.347 -1.181 -9.28 -0.45 -1.562 -0.606 0.316 0.273
3 A 1.736 -2.486 -1.654 -0.895 -2.578 -0.5 -2.358 2.01 0.836 -0.833 -3.287 -2.16 -1.784 0.902 0.231 1.861 -1.709 -0.081 2.863 -0.817
4 K -0.881 0.856 -2.579 -4.451 -8.002 -1.707 0.856 -4.324 3.827 -0.978 -4.711 5.03 -4.289 -4.84 -7.148 -0.427 1.552 -9.183 -8.048 -0.337
5 K -0.619 0.619 0.385 0.447 -7.874 1.078 0.5 -1.426 1.171 -0.456 -0.054 1.935 -1.353 -1.205 0.874 -0.721 -0.618 -1.996 -2.183 -0.137
6 F -5.15 -9.403 -9.597 -10.133 -8.172 -9.937 -10.013 -9.749 -5.013 -1.713 -0.645 -9.659 -2.563 7.694 -8.053 -9.719 -9.048 2.719 5.479 -4.7
7 L -0.0 2.067 1.349 -4.961 -8.04 2.769 1.571 -2.736 3.266 -1.223 0.752 2.042 -5.287 -2.771 -2.732 -3.293 -1.919 -8.88 -1.526 -1.708
8 K -1.198 2.012 0.781 -0.222 -5.036 0.379 1.806 -2.729 1.014 -1.524 -1.214 2.491 -4.25 -2.482 0.336 -0.277 -0.731 -9.099 -2.204 0.32
9 V 1.534 -5.222 1.754 -0.157 -3.386 -3.184 -2.587 -1.038 -3.349 1.632 0.273 -5.377 -1.289 -2.401 -7.344 1.217 1.672 -9.14 -6.262 2.659