#Seq2Logo.py -Z on -y 0.25:2.0 -H ends -f 38081.peps -o YAFFMFSGGAILNTLFGQFEYFAIEKVRVHLDVT_el -I 2 --format PNG -b 50 -C 0 -l 1
Last position-specific scoring matrix computed, values are in halfbits
A R N D C Q E G H I L K M F P S T W Y V
1 F -7.368 2.986 -8.949 -9.493 -7.924 -3.217 -5.842 -9.594 -3.207 2.113 1.083 0.007 -0.347 5.347 -7.8 -9.258 -7.121 2.09 3.523 0.255
2 R 0.339 2.61 -1.269 -1.329 -7.801 0.793 0.892 -3.454 1.481 1.053 -1.245 1.33 -1.337 -0.027 -9.355 -1.605 -0.096 1.015 0.474 0.569
3 S 1.889 -2.502 -2.648 -1.199 -7.441 -1.901 -4.198 1.717 1.338 -1.079 -4.095 -3.64 -5.478 1.607 -3.754 2.227 0.677 0.358 3.727 -0.404
4 E -1.167 -5.557 -2.574 1.12 -7.713 -0.725 4.39 -6.346 -0.535 0.467 -4.642 -0.871 -7.608 -6.734 -6.064 0.871 3.05 -9.298 -8.539 0.937
5 L -1.201 0.7 -0.598 0.175 -7.852 0.586 1.513 -3.195 1.476 -0.24 0.53 1.645 -2.165 -2.145 1.112 -0.537 0.513 -9.02 -1.852 -0.493
6 F -1.92 -9.395 -9.596 -10.064 -8.009 -9.912 -8.071 -9.608 -7.059 -1.687 0.114 -9.601 -3.906 7.674 -6.612 -9.554 -8.933 -0.355 4.981 -2.871
7 E 1.296 -0.044 0.941 -3.241 -7.82 1.812 3.069 -3.705 2.242 -0.343 1.499 0.693 -3.275 -3.542 -2.455 -3.524 -1.915 -8.963 -2.568 -1.813
8 E -0.364 1.851 0.393 -0.684 -5.063 0.916 2.766 -3.418 0.655 -1.412 -1.319 2.173 -3.434 -3.664 1.602 -0.355 -1.561 -9.239 -3.591 -1.593
9 V 0.009 -4.649 1.184 2.359 -4.83 -5.411 1.495 -3.462 -0.885 1.935 1.282 -6.005 -2.581 -0.783 -7.442 -0.834 -0.977 -8.99 -3.015 2.523