#Seq2Logo.py -Z on -y 0.25:2.0 -H ends -f 38081.peps -o YAFFQFSGGAILNTLFGQFEYFAIEKVRMHLDVT_el -I 2 --format PNG -b 50 -C 0 -l 1
Last position-specific scoring matrix computed, values are in halfbits
A R N D C Q E G H I L K M F P S T W Y V
1 F -8.642 -3.194 -9.655 -10.077 -7.781 -7.246 -8.055 -9.876 -7.428 2.583 1.371 -5.819 0.145 6.45 -7.974 -9.717 -8.674 3.014 4.396 0.131
2 R 0.278 2.346 -1.259 -0.734 -7.817 0.479 1.302 -3.446 1.758 1.237 -1.347 1.653 -4.153 -1.173 -9.297 -1.021 -0.191 0.684 0.319 0.499
3 S 1.275 -3.339 -2.95 -0.634 -4.844 -1.018 -4.553 1.532 1.888 -0.582 -3.099 -1.646 -3.408 0.815 -1.379 2.293 0.526 -0.072 3.327 -0.403
4 E -1.762 -4.956 -2.909 0.735 -7.653 -0.421 3.947 -4.371 -0.013 0.924 -2.463 -1.011 -2.716 -2.476 -7.218 0.516 3.017 -9.165 -8.317 1.229
5 K -0.997 0.781 -0.061 0.78 -7.947 0.584 0.963 -2.737 2.007 -0.7 -0.122 1.696 -2.197 -1.415 1.903 -0.538 -0.398 -3.04 -1.266 -0.932
6 F -2.9 -5.489 -9.409 -7.748 -8.164 -9.698 -4.503 -7.938 -3.884 -3.266 -1.3 -6.627 -2.587 7.739 -6.606 -7.005 -6.396 0.117 5.349 -5.756
7 E 0.336 -0.036 1.42 -1.974 -7.966 1.437 3.04 -2.536 2.658 -0.692 1.244 1.328 -2.673 -3.13 -1.976 -3.291 -1.919 -8.956 -2.18 -2.166
8 E -0.62 2.062 0.285 -0.57 -5.058 0.606 2.267 -3.176 1.18 -1.252 -1.406 2.255 -4.28 -3.641 1.665 -1.116 -0.397 -4.731 -2.212 -0.952
9 L -0.373 -3.418 0.836 1.573 -4.8 -4.124 0.386 -2.784 -2.105 2.43 1.831 -5.434 -3.877 -0.132 -6.303 -1.916 -1.259 -8.74 -0.565 2.824