#Seq2Logo.py -Z on -y 0.25:2.0 -H ends -f 38081.peps -o YAFFMFSGGAILNTLYLQFEYFAIEEVRMHLDVT_el -I 2 --format PNG -b 50 -C 0 -l 1
Last position-specific scoring matrix computed, values are in halfbits
A R N D C Q E G H I L K M F P S T W Y V
1 R -8.417 7.957 -7.475 -8.507 -9.041 -5.472 -7.533 -9.038 -6.788 -3.468 -7.682 0.033 -7.976 -0.865 -9.609 -8.362 -8.367 -4.621 -0.197 -8.731
2 R 0.858 2.245 -1.281 -1.511 -7.667 0.576 0.412 -4.78 1.479 0.583 -0.895 0.893 0.066 0.116 -9.385 -2.333 0.18 0.692 0.998 1.487
3 A 2.507 -1.473 -3.397 -2.859 -7.558 -0.513 -2.811 1.528 0.467 -1.213 -1.753 -3.991 -5.396 2.475 -3.054 0.304 -1.575 2.477 4.5 -1.538
4 K 0.709 -1.495 -3.309 -5.089 -7.572 -1.13 0.767 -5.177 3.332 0.333 -1.254 3.441 -3.316 -1.627 -9.085 -0.893 2.395 -4.664 -1.815 1.175
5 L 0.276 0.519 -1.493 -2.079 -4.887 1.246 1.006 -5.823 -1.213 1.556 1.418 1.255 -1.651 -2.09 0.013 -2.701 -0.095 -1.984 -1.269 0.851
6 A 5.161 -8.707 -5.08 -7.192 -6.768 -8.644 -5.718 -4.136 -8.282 -0.079 -2.032 -8.19 -5.283 1.409 2.707 -2.085 -2.928 -8.94 -2.537 2.039
7 A 3.118 -1.407 0.359 -6.595 -7.428 1.935 1.745 -3.384 2.45 -0.014 1.443 -0.898 0.083 -3.086 -2.728 -3.265 -4.722 -8.897 -2.172 -0.359
8 E 0.971 1.423 -0.462 -1.301 -7.688 0.589 1.658 -3.162 -0.85 -1.331 0.226 1.439 -1.73 -3.164 0.619 -0.114 0.101 -3.056 -3.578 0.193
9 D 0.806 -8.121 2.922 3.055 -7.674 -2.383 2.485 -3.397 -1.196 1.068 -0.411 -7.673 -0.706 -2.783 -3.761 -1.009 -1.712 -9.319 -8.464 1.628