#Seq2Logo.py -Z on -y 0.25:2.0 -H ends -f 38081.peps -o YAFFMFSGGAILNTLYGQFEYFAIEKVRMHLDVT_el -I 2 --format PNG -b 50 -C 0 -l 1
Last position-specific scoring matrix computed, values are in halfbits
A R N D C Q E G H I L K M F P S T W Y V
1 F -8.52 3.793 -8.834 -9.437 -8.069 -3.192 -5.806 -9.562 -4.004 1.664 0.406 -0.356 -0.93 5.429 -7.802 -9.222 -8.554 2.839 3.809 -0.257
2 R 0.581 2.436 -1.088 -1.018 -7.811 1.258 1.017 -3.727 1.335 1.177 -1.73 1.33 -1.725 -0.027 -9.336 -2.016 -0.194 0.689 0.746 0.5
3 S 1.776 -2.265 -2.965 -1.2 -7.447 -2.17 -3.859 1.58 1.182 -1.216 -3.862 -3.977 -4.263 1.683 -2.732 2.227 0.82 0.722 3.727 -0.404
4 E -1.168 -5.575 -3.221 1.385 -7.724 -0.725 4.446 -6.353 -0.535 0.469 -4.638 -1.263 -7.603 -5.607 -7.166 0.923 2.849 -9.291 -8.52 1.109
5 E -0.994 0.156 -0.188 0.455 -7.858 0.586 1.89 -2.959 1.619 -0.141 0.53 1.32 -2.689 -2.433 0.791 -0.627 0.269 -8.986 -1.274 -0.397
6 F -0.692 -9.3 -9.512 -9.936 -7.937 -5.082 -6.875 -9.453 -7.075 -1.527 -0.123 -9.435 -3.927 7.44 -3.921 -7.915 -8.824 0.488 4.946 -1.777
7 E 1.205 -0.634 1.11 -2.185 -7.829 1.882 3.212 -3.425 2.352 -0.797 1.428 0.314 -3.287 -4.65 -2.204 -3.059 -1.913 -9.021 -3.018 -1.265
8 E -0.533 2.061 0.595 0.006 -8.104 0.716 2.798 -4.002 1.182 -1.261 -1.411 1.812 -3.437 -4.186 1.727 -0.711 -1.564 -9.282 -4.245 -1.195
9 V -0.375 -4.649 1.188 2.932 -7.554 -4.644 1.694 -3.47 -0.881 2.16 1.05 -5.997 -2.595 -0.304 -7.456 -1.627 -1.726 -8.987 -3.01 2.418