#Seq2Logo.py -Z on -y 0.25:2.0 -H ends -f 38081.peps -o YAFFQFSGGAILNTLFGQFEYFDLEKVRVHLGMT_el -I 2 --format PNG -b 50 -C 0 -l 1
Last position-specific scoring matrix computed, values are in halfbits
A R N D C Q E G H I L K M F P S T W Y V
1 F -8.699 -9.415 -9.716 -10.16 -7.833 -9.837 -10.064 -9.895 -7.268 2.579 0.642 -9.58 -0.087 6.698 -10.782 -9.766 -8.735 3.172 4.935 -0.036
2 R 0.469 2.61 -0.195 -1.476 -7.799 0.365 1.406 -2.736 1.017 0.704 -2.604 1.157 -5.365 -1.167 -9.281 -0.624 -0.187 -0.102 1.325 1.054
3 S 1.658 -3.352 -2.655 -1.526 -7.463 -1.425 -3.545 1.625 1.335 -0.156 -3.083 -2.173 -1.379 0.716 -0.885 2.191 -0.076 0.348 3.431 -0.59
4 E 0.098 -3.979 -1.619 1.236 -7.621 -0.59 3.375 -2.722 0.636 0.92 -1.646 -0.438 -1.357 -3.61 -7.228 0.634 2.055 -9.207 -8.36 0.827
5 K -0.799 1.086 -0.178 1.283 -7.924 0.796 0.968 -2.73 1.62 -0.823 -0.376 1.749 -2.203 -3.168 1.332 -0.36 0.095 -3.053 -1.861 -0.612
6 F -1.917 -6.289 -9.429 -7.783 -8.085 -9.723 -7.985 -7.903 -3.901 -2.283 -1.039 -5.848 -1.647 7.58 -4.4 -6.98 -6.371 0.851 5.319 -4.322
7 E 0.855 0.065 1.268 -3.281 -7.878 2.078 2.019 -2.732 3.264 0.134 0.672 1.267 -2.152 -2.407 -1.979 -3.533 -1.742 -3.01 -0.36 -1.263
8 K -0.446 1.958 0.681 -1.616 -5.028 0.137 2.145 -3.704 0.237 -1.227 -0.961 2.413 -4.244 -2.809 1.47 -0.714 -0.983 -9.09 -1.564 -0.068
9 V 0.868 -3.43 0.548 -0.177 -3.398 -4.159 -0.921 -1.446 -2.694 2.742 1.338 -6.127 -2.518 -2.338 -6.277 -1.042 -0.08 -8.975 -2.583 3.362