#Seq2Logo.py -Z on -y 0.25:2.0 -H ends -f 38081.peps -o YAFFMFSGGAILNIAYLQFEYFEIEKVRMHLDVT_el -I 2 --format PNG -b 50 -C 0 -l 1
Last position-specific scoring matrix computed, values are in halfbits
A R N D C Q E G H I L K M F P S T W Y V
1 R -8.398 8.248 -7.353 -8.42 -9.145 -6.368 -7.415 -8.988 -6.815 -9.487 -8.936 -0.409 -8.123 -9.385 -9.55 -8.28 -8.336 -9.146 -8.672 -9.054
2 A 1.947 2.383 -2.699 -2.09 -7.509 0.103 0.481 -5.19 0.222 0.51 -0.391 0.541 -0.98 -0.021 -9.31 -1.47 -0.089 -0.599 0.469 1.492
3 A 2.511 -0.992 -3.018 -1.369 -7.364 -1.658 -2.019 0.59 -0.264 -0.327 -0.545 -4.35 -3.327 1.82 -1.384 1.064 -0.084 0.343 2.608 -0.025
4 E 1.848 -7.946 -2.976 -0.697 -4.774 -0.297 3.422 -4.704 -1.614 1.603 -0.899 -4.236 -2.143 -5.435 -9.066 0.327 2.276 -9.172 -6.308 1.505
5 L 1.111 -0.539 0.256 0.163 -7.571 1.066 1.4 -4.767 -3.277 1.206 1.155 0.033 -2.104 -1.386 0.123 -3.082 -0.396 -3.042 -3.026 1.023
6 A 4.916 -8.681 -5.046 -8.729 -6.728 -8.598 -7.304 -2.612 -8.478 0.686 -2.547 -8.129 -7.237 -8.287 3.261 -0.863 -1.217 -9.521 -8.648 2.754
7 A 3.688 -2.456 -0.224 -5.078 -7.257 0.877 1.876 -1.259 0.817 -0.012 1.223 -2.526 -0.971 -4.016 -2.446 -2.122 -2.964 -9.011 -3.033 -0.004
8 A 1.211 2.156 -0.755 -0.726 -7.75 1.176 1.359 -2.721 -0.005 -1.189 0.002 1.656 -4.166 -4.085 -0.332 -1.01 -0.982 -3.046 -1.868 0.55
9 A 2.686 -7.807 3.512 1.677 -7.536 -0.156 1.712 -0.47 0.841 -3.253 -3.363 -5.1 -0.763 -6.779 -4.658 1.598 -0.818 -9.375 -6.375 -0.627