#Seq2Logo.py -Z on -y 0.25:2.0 -H ends -f 38081.peps -o YAFFMFSGGAILNTLYGQFEYFDIEKVRMHLVMT_el -I 2 --format PNG -b 50 -C 0 -l 1
Last position-specific scoring matrix computed, values are in halfbits
A R N D C Q E G H I L K M F P S T W Y V
1 L -8.186 -9.373 -9.959 -10.193 -7.154 -9.649 -10.128 -10.088 -8.624 4.556 3.378 -7.69 1.541 2.958 -10.453 -9.748 -8.176 -0.555 1.366 2.872
2 V 0.648 2.05 -0.917 -1.482 -7.67 -0.293 1.404 -3.183 1.17 0.792 -1.341 1.492 -5.289 -0.81 -9.254 -0.446 0.357 -1.214 -0.775 1.483
3 G 1.228 -3.711 -1.443 -0.386 -7.533 -1.218 -3.537 2.202 0.452 -1.219 -3.666 -2.175 -4.28 1.522 -1.567 1.976 0.363 -1.147 3.379 -0.142
4 E 0.173 -5.584 -1.623 -0.539 -7.568 0.908 3.86 -3.684 -0.539 0.985 -2.755 -1.414 -2.192 -5.546 -9.003 1.226 2.361 -9.226 -8.443 1.007
5 E -0.061 0.698 0.595 1.415 -7.92 0.587 1.31 -1.839 1.332 -1.091 -0.583 1.38 -1.765 -1.425 1.036 -0.529 -0.29 -9.035 -1.551 -1.053
6 F -6.178 -9.446 -9.59 -10.13 -8.214 -10.068 -10.063 -9.759 -3.115 -3.537 -1.19 -7.876 -2.565 8.121 -10.999 -9.759 -9.115 0.123 4.87 -6.416
7 L 1.059 -0.915 1.414 -1.623 -7.759 1.506 2.41 -3.432 2.127 -0.122 1.506 0.681 -0.971 -2.113 -3.039 -3.295 -1.738 -4.668 -1.834 -0.674
8 E -0.703 1.731 0.783 0.87 -5.018 0.001 1.76 -2.935 0.45 -1.531 -0.888 1.899 -5.467 -4.755 1.038 -0.115 0.007 -9.177 -1.881 -0.156
9 V 1.267 -6.971 0.924 -1.204 -3.39 -1.678 -1.716 -0.729 -2.124 2.041 1.399 -6.094 -2.542 -1.351 -9.451 0.431 0.752 -8.963 -3.542 2.824