#Seq2Logo.py -Z on -y 0.25:2.0 -H ends -f 38081.peps -o YAFFQFSGGAILNTLYLQFEYFDLEKVRVHLDVT_el -I 2 --format PNG -b 50 -C 0 -l 1
Last position-specific scoring matrix computed, values are in halfbits
A R N D C Q E G H I L K M F P S T W Y V
1 R -8.348 7.788 -7.426 -8.413 -9.044 -5.426 -7.425 -8.959 -6.803 -5.697 -7.754 2.144 -8.018 -1.704 -9.504 -8.296 -8.328 -8.783 -0.591 -6.549
2 A 1.76 2.472 -2.148 -2.791 -7.534 0.351 1.123 -6.397 0.827 0.512 -0.599 -0.125 -2.134 -0.455 -9.32 -2.318 0.514 -0.104 0.469 1.77
3 A 3.149 -1.849 -3.397 -2.342 -7.295 -1.909 -2.026 0.963 -0.015 -0.658 -1.165 -4.369 -2.703 1.887 -1.042 0.687 -0.975 0.707 2.396 0.36
4 E 2.389 -8.009 -3.009 -0.986 -4.751 -0.964 3.232 -4.707 -1.624 1.767 -0.383 -3.273 -0.674 -5.392 -7.248 -0.79 1.716 -9.154 -6.296 1.744
5 L 1.015 -1.092 0.029 -0.145 -7.527 1.242 1.238 -4.379 -3.286 1.151 1.156 0.286 -5.098 -1.608 -0.098 -2.502 -0.188 -3.044 -3.027 1.595
6 A 5.499 -8.578 -3.911 -7.088 -4.466 -6.673 -6.33 -3.756 -8.359 -0.184 -3.995 -8.017 -5.362 -8.401 2.483 -1.149 -0.941 -9.483 -8.647 2.272
7 A 4.111 -2.725 -0.645 -5.767 -7.144 0.672 1.919 -2.657 -0.028 -0.004 1.111 -3.563 -1.302 -2.421 -2.714 -2.269 -2.955 -9.041 -5.027 0.386
8 A 1.393 2.208 -0.917 -2.046 -7.715 1.262 0.96 -2.518 -0.259 -1.055 -0.055 2.036 -4.161 -2.782 -0.593 -0.904 -0.5 -3.04 -1.861 0.268
9 A 2.848 -7.969 3.809 1.101 -3.468 -1.377 0.955 -0.473 -0.252 -1.845 -2.13 -6.535 0.237 -4.148 -5.305 1.185 -1.078 -9.316 -6.351 0.336