#Seq2Logo.py -Z on -y 0.25:2.0 -H ends -f 38081.peps -o YAFFMFSGGAILNTLYLQFEYFELEKVRVHLDVT_el -I 2 --format PNG -b 50 -C 0 -l 1
Last position-specific scoring matrix computed, values are in halfbits
A R N D C Q E G H I L K M F P S T W Y V
1 R -8.411 8.295 -7.356 -8.436 -9.15 -6.373 -7.431 -9.002 -6.81 -9.496 -8.933 -1.382 -8.123 -9.38 -9.569 -8.289 -8.342 -9.142 -8.672 -9.056
2 A 2.157 2.09 -2.151 -2.304 -7.469 0.099 0.753 -5.175 -0.013 0.733 -0.526 -0.329 -1.316 0.356 -9.304 -1.23 0.272 0.32 0.326 1.292
3 A 2.388 -1.474 -3.387 -1.206 -4.82 -1.43 -0.9 1.068 -0.54 -0.436 -0.345 -4.358 -2.692 1.676 -0.743 0.561 -0.983 0.709 2.74 -0.113
4 E 2.2 -8.049 -3.326 0.095 -4.762 -1.353 3.421 -3.394 -2.623 1.654 -1.419 -6.518 -2.156 -6.517 -7.212 0.329 2.147 -9.239 -8.514 1.553
5 L 0.961 -0.677 0.028 0.348 -4.869 0.874 1.501 -5.238 -3.281 1.502 1.273 -0.676 -1.661 -0.974 -0.218 -3.091 -0.292 -3.032 -2.188 1.028
6 A 5.055 -8.656 -5.81 -8.686 -6.73 -8.56 -7.269 -2.228 -8.442 -0.08 -3.568 -8.081 -7.376 -8.413 3.537 -0.758 -1.515 -9.564 -8.687 2.62
7 A 3.917 -2.724 -0.496 -5.094 -4.717 0.453 1.738 -1.251 -0.284 -0.108 0.906 -3.004 -0.157 -2.428 -1.753 -1.557 -2.706 -9.059 -5.041 0.078
8 A 1.393 1.891 -0.919 -0.364 -7.655 1.169 0.958 -2.336 -1.192 -0.776 0.23 1.152 -4.136 -4.049 -0.595 -0.809 -0.852 -3.038 -1.036 0.937
9 A 2.543 -7.812 3.549 2.154 -7.573 -0.606 1.896 -0.767 0.843 -4.756 -3.029 -6.4 -0.487 -6.806 -5.277 1.763 -0.468 -9.411 -8.59 -1.196