#Seq2Logo.py -Z on -y 0.25:2.0 -H ends -f 38081.peps -o YAFFMFSGGAILNTLFGQFEYFAIEEVRMHLDVT_el -I 2 --format PNG -b 50 -C 0 -l 1
Last position-specific scoring matrix computed, values are in halfbits
A R N D C Q E G H I L K M F P S T W Y V
1 F -8.416 0.457 -9.383 -9.803 -7.629 -3.304 -5.997 -9.807 -2.073 3.049 2.123 -2.693 0.366 5.222 -10.446 -9.512 -7.084 2.087 3.151 1.444
2 R 0.403 2.615 -0.319 -1.316 -7.888 1.662 0.641 -3.179 2.132 0.69 -2.214 1.708 -3.361 -0.037 -9.283 -0.913 -0.292 0.319 0.474 -0.215
3 S 1.735 -2.243 -3.309 -0.635 -7.549 -1.211 -3.528 1.803 1.629 -1.236 -3.286 -1.487 -4.277 1.753 -1.977 2.013 -0.28 -1.135 3.68 -1.42
4 K -1.899 -0.104 -2.304 -2.689 -7.805 -1.508 1.939 -6.345 4.012 -0.058 -4.641 3.607 -5.446 -3.64 -7.183 0.636 2.594 -9.116 -6.074 0.807
5 K -0.71 1.092 0.49 -0.131 -7.928 1.659 0.575 -1.848 1.623 -0.472 -0.116 2.03 -0.436 -0.656 0.525 -0.535 -0.505 -4.68 -1.835 -1.553
6 F -4.772 -9.459 -9.582 -10.13 -8.259 -10.053 -10.045 -9.728 -6.813 -3.271 -2.791 -9.735 -6.801 8.074 -10.971 -9.716 -9.124 0.53 5.51 -6.466
7 E -0.004 1.308 1.634 -2.947 -8.063 2.273 2.306 -4.75 3.895 -1.082 0.841 1.807 -2.682 -2.142 -3.757 -3.798 -2.109 -8.861 -1.812 -2.017
8 E -1.093 2.111 0.494 -0.005 -8.028 0.138 2.228 -3.177 0.836 -1.534 -1.134 2.127 -5.477 -3.217 1.536 -0.444 -0.855 -9.256 -4.238 0.089
9 V 0.012 -3.785 1.092 1.325 -7.291 -4.749 -0.1 -2.987 -4.26 2.662 1.441 -6.1 -1.61 -0.007 -7.487 -0.744 -0.18 -8.895 -2.997 2.858