#Seq2Logo.py -Z on -y 0.25:2.0 -H ends -f 38081.peps -o YAFFMFSGGAILNTLFGQFEYFDIEKVRMHLVMT_el -I 2 --format PNG -b 50 -C 0 -l 1
Last position-specific scoring matrix computed, values are in halfbits
A R N D C Q E G H I L K M F P S T W Y V
1 L -8.188 -9.36 -9.956 -10.195 -7.156 -9.636 -10.12 -10.085 -8.601 4.438 3.448 -7.687 1.671 2.958 -10.453 -9.745 -8.182 -0.554 1.469 2.871
2 V 0.705 2.052 -1.262 -1.66 -7.669 0.477 1.245 -3.18 1.477 0.791 -1.341 1.547 -2.684 -1.617 -9.242 -0.121 -0.182 -1.976 -0.566 1.434
3 S 1.493 -2.751 -1.447 -0.507 -7.508 -1.426 -3.535 1.845 0.448 -1.215 -3.661 -1.985 -5.489 1.67 -0.738 1.939 0.281 -0.564 3.048 0.027
4 E 0.102 -4.389 -1.057 -0.667 -7.608 1.356 3.77 -3.991 0.227 0.918 -2.752 -1.0 -1.359 -5.544 -9.027 0.919 2.147 -9.214 -8.396 1.063
5 E 0.346 0.857 0.869 1.22 -7.873 0.241 1.253 -1.547 1.009 -1.083 -0.377 1.323 -2.208 -2.165 0.876 -0.357 -0.983 -9.066 -1.559 -0.614
6 F -9.088 -9.477 -9.6 -10.151 -8.298 -10.13 -10.09 -9.787 -5.029 -5.267 -2.494 -7.901 -5.05 8.246 -11.057 -9.801 -9.176 0.528 5.112 -7.416
7 L 1.109 -0.05 1.414 -1.816 -7.754 1.343 2.139 -2.731 2.127 -0.429 1.573 0.889 -0.971 -2.113 -4.206 -2.677 -2.512 -4.666 -1.834 -0.576
8 E -0.892 1.731 1.041 0.285 -5.024 -0.586 1.848 -2.339 0.837 -1.38 -0.886 1.898 -3.411 -4.121 1.114 -0.273 0.097 -4.723 -1.568 -0.427
9 V 1.401 -5.251 1.009 -1.364 -2.497 -1.678 -2.218 -0.832 -1.657 2.038 1.252 -6.081 -3.157 -1.149 -6.234 0.557 0.752 -8.965 -3.538 2.729