#Seq2Logo.py -Z on -y 0.25:2.0 -H ends -f 38081.peps -o YAFFQFSGGAILNTLFGQFEYFDIEEVRMHLDVT_el -I 2 --format PNG -b 50 -C 0 -l 1
Last position-specific scoring matrix computed, values are in halfbits
A R N D C Q E G H I L K M F P S T W Y V
1 F -8.557 -2.141 -9.67 -10.095 -7.665 -9.604 -9.945 -9.908 -7.603 2.948 2.042 -5.19 -0.562 6.037 -10.644 -9.704 -7.169 2.309 4.036 0.775
2 R 0.405 2.485 -0.913 -1.847 -7.853 1.347 1.079 -2.954 2.012 1.044 -1.262 1.852 -5.311 -0.47 -9.29 -0.631 -1.565 -1.201 0.469 0.203
3 S 2.033 -3.041 -3.715 -0.766 -7.483 -1.426 -3.536 1.848 0.841 -1.54 -3.114 -2.81 -2.234 1.446 -1.379 2.392 -0.716 1.332 3.534 -1.701
4 K -1.785 0.685 -4.082 -4.014 -8.014 -1.073 1.318 -5.721 4.073 -0.377 -4.135 4.712 -3.409 -1.678 -7.187 -0.703 1.709 -9.021 -4.899 -0.15
5 K -0.803 1.163 0.054 -0.136 -7.928 1.343 0.502 -2.01 1.479 -0.356 -0.056 2.285 -1.738 -1.882 1.111 -1.022 -0.738 -1.992 -1.268 -0.504
6 F -2.535 -6.319 -9.561 -10.063 -8.055 -9.86 -9.949 -6.908 -7.052 -1.537 0.057 -6.672 -1.622 7.627 -8.011 -8.037 -8.954 1.926 4.951 -4.663
7 L -0.151 1.912 1.195 -4.001 -8.088 2.448 1.761 -3.723 3.632 -1.217 1.243 2.53 -4.106 -1.874 -4.726 -4.794 -3.295 -8.856 -2.148 -2.366
8 K -0.614 2.26 0.059 -0.707 -7.952 0.008 1.981 -3.707 0.835 -1.512 -1.21 2.453 -5.438 -3.196 0.877 -0.444 -0.731 -9.149 -2.598 0.732
9 V 0.71 -0.71 1.254 -0.389 -4.74 -3.169 -1.275 -2.177 -3.332 1.94 0.976 -3.341 -1.265 -1.353 -6.237 0.43 0.751 -8.907 -1.852 2.694