#Seq2Logo.py -Z on -y 0.25:2.0 -H ends -f 38081.peps -o YAFFMFSGGAILNTLYLQFEYFEIEEVRMHLDVT_el -I 2 --format PNG -b 50 -C 0 -l 1
Last position-specific scoring matrix computed, values are in halfbits
A R N D C Q E G H I L K M F P S T W Y V
1 R -8.398 8.23 -7.363 -8.428 -9.127 -6.38 -7.426 -8.994 -6.826 -6.569 -7.853 -0.412 -8.095 -9.355 -9.554 -8.288 -8.334 -9.145 -8.668 -8.988
2 A 1.254 2.096 -2.405 -2.089 -7.598 0.463 0.41 -4.768 1.171 0.262 -0.263 0.823 -0.407 0.476 -9.358 -1.602 0.352 0.692 0.751 1.286
3 A 2.538 -1.145 -3.391 -2.588 -7.498 -0.512 -2.39 1.384 -0.238 -1.203 -1.749 -5.323 -4.206 2.468 -2.471 0.621 -0.988 2.072 4.039 -0.908
4 K 0.869 -0.217 -2.645 -6.647 -4.911 -1.54 0.35 -4.724 3.409 0.853 -2.195 3.967 -1.73 -2.767 -9.088 -1.002 1.326 -1.986 -1.82 0.946
5 L -0.217 0.237 -0.958 -2.311 -7.555 1.063 0.75 -6.551 -2.077 1.972 1.757 1.005 -1.626 -2.075 0.01 -3.348 -0.096 -1.984 -1.543 1.311
6 A 5.29 -8.635 -4.423 -7.103 -3.274 -8.528 -5.678 -2.048 -8.372 0.429 -2.308 -8.062 -7.351 -6.603 3.115 -1.513 -1.521 -9.476 -6.416 1.651
7 A 3.395 -1.099 -0.795 -5.822 -7.319 1.569 1.343 -2.311 1.745 -0.742 1.867 -1.601 0.681 -3.494 -1.974 -3.758 -2.982 -4.681 -3.007 -0.353
8 A 1.07 1.608 -0.464 -1.306 -7.698 0.796 1.511 -2.522 -0.259 -1.179 -0.169 1.384 -1.008 -2.442 -0.332 -0.357 -0.61 -1.992 -1.553 0.685
9 N 1.953 -6.619 3.995 1.31 -7.583 -0.968 1.561 -1.931 1.336 -0.365 -1.484 -7.505 -0.737 -3.63 -2.717 1.18 -0.951 -9.327 -8.388 -0.223