#Seq2Logo.py -Z on -y 0.25:2.0 -H ends -f 38081.peps -o YAFFQFSGGAILNTLYLQFEYFDIEEVRMHLGMT_el -I 2 --format PNG -b 50 -C 0 -l 1
Last position-specific scoring matrix computed, values are in halfbits
A R N D C Q E G H I L K M F P S T W Y V
1 F -8.764 -9.401 -9.639 -10.13 -7.965 -9.813 -10.02 -9.881 -6.93 2.53 -0.92 -9.564 -1.238 6.878 -10.78 -9.74 -8.811 2.142 5.778 -0.918
2 R 0.915 3.257 -1.264 -3.036 -7.776 1.179 1.136 -4.36 1.334 0.85 -3.052 1.56 -3.349 -1.192 -9.262 -0.914 -0.982 -0.61 -0.364 1.327
3 A 2.168 -2.049 -3.348 -2.113 -7.458 -3.173 -3.571 1.803 0.656 -0.585 -2.927 -3.344 -2.754 1.206 -1.043 2.012 -0.843 1.048 4.033 -1.028
4 K 0.231 -2.124 -1.645 -2.771 -7.503 -1.36 -0.153 -4.001 3.688 1.375 -1.615 2.655 -3.301 -0.332 -7.273 0.686 1.962 -8.929 -4.859 1.493
5 K -0.707 1.026 0.172 -0.471 -7.915 1.945 0.579 -3.43 1.624 -0.816 -0.307 2.408 -2.189 -3.575 1.036 -0.715 0.004 -3.038 -0.793 -0.413
6 F 3.392 -8.916 -5.098 -6.282 -7.305 -9.042 -7.575 -1.99 -7.598 -0.407 -1.186 -8.644 -1.691 5.656 0.78 -0.83 -2.527 -4.221 2.914 -1.088
7 E 0.69 0.794 2.068 -5.559 -7.936 2.5 1.893 -5.177 3.894 -0.352 0.381 1.388 -2.681 -3.125 -3.375 -4.076 -1.915 -1.221 -1.811 -0.499
8 K 0.279 2.305 0.049 -1.818 -7.934 0.488 1.846 -3.431 0.231 0.289 -0.95 2.211 -4.221 -2.479 1.6 -1.467 -0.987 -9.131 -2.596 -0.811
9 V 1.353 -5.354 0.326 -2.387 -2.464 -5.685 -3.128 -2.574 -4.376 3.193 1.758 -6.251 -2.454 -2.98 -9.653 -1.054 -1.236 -9.04 -5.029 3.968