#Seq2Logo.py -Z on -y 0.25:2.0 -H ends -f 38081.peps -o YAFFMFSGGAILNTLFGQFEYFEIEKVRVHLDVT_el -I 2 --format PNG -b 50 -C 0 -l 1
Last position-specific scoring matrix computed, values are in halfbits
A R N D C Q E G H I L K M F P S T W Y V
1 R -8.349 7.529 -7.54 -8.492 -8.901 -6.592 -7.537 -9.008 -6.886 -1.647 -4.462 2.298 -5.575 -0.681 -9.551 -8.372 -8.33 -1.965 -0.193 -5.693
2 R 0.965 2.389 -3.02 -5.17 -7.637 1.255 0.887 -5.781 -0.529 0.873 -0.892 1.383 -0.68 0.363 -9.336 -1.605 0.003 -1.936 1.436 1.442
3 A 2.449 -1.855 -3.826 -3.471 -7.377 -1.037 -2.215 0.896 -1.568 0.411 -2.288 -5.363 -2.17 2.63 -3.05 0.5 0.355 1.34 3.589 0.368
4 E -0.426 -7.454 -3.586 1.588 -7.924 -0.372 5.239 -7.145 -3.169 -0.089 -7.508 -1.526 -7.867 -4.865 -8.881 0.816 2.145 -9.313 -8.623 -0.234
5 E -0.212 0.431 -2.991 -0.136 -4.924 0.113 2.256 -4.807 1.321 0.805 1.072 1.015 -2.113 -1.608 -1.044 -1.484 0.092 -8.929 -2.179 0.896
6 L 1.747 -9.107 -9.514 -9.722 -7.202 -4.331 -6.008 -9.092 -8.112 2.152 2.647 -7.474 -1.164 4.918 -2.034 -5.51 -8.174 -7.564 1.965 2.028
7 L 2.284 -1.578 0.461 -4.527 -7.514 1.25 2.009 -3.423 2.235 0.094 2.182 0.122 -0.94 -3.453 -5.37 -3.541 -3.572 -8.797 -1.01 -0.174
8 K 0.586 2.83 0.058 -1.995 -8.022 1.446 2.231 -3.993 -0.514 -2.275 -0.739 2.754 -5.452 -4.782 0.237 -1.223 -1.728 -9.126 -2.223 -1.069
9 E 1.12 -3.323 2.55 1.158 -7.493 -0.629 1.746 -2.699 -0.012 0.659 -0.21 -5.198 0.273 -1.624 -9.266 0.445 0.199 -9.059 -3.555 1.489