#Seq2Logo.py -Z on -y 0.25:2.0 -H ends -f 38081.peps -o YAFFMFSGGAILNIAYGQFEYFDLEKVRVHLDVT_el -I 2 --format PNG -b 50 -C 0 -l 1
Last position-specific scoring matrix computed, values are in halfbits
A R N D C Q E G H I L K M F P S T W Y V
1 R -8.384 8.075 -7.389 -8.427 -9.103 -6.413 -7.431 -8.984 -6.801 -5.757 -8.845 0.755 -8.076 -4.274 -9.539 -8.294 -8.336 -8.961 -2.235 -8.932
2 R 1.434 2.89 -3.015 -4.626 -7.58 0.58 0.554 -6.407 -0.533 0.504 -0.744 1.031 -0.983 0.238 -9.305 -1.236 0.355 -2.966 1.109 1.339
3 A 2.712 -1.31 -4.3 -2.355 -7.328 -1.035 -3.049 0.958 -1.189 -0.648 -0.99 -5.341 -2.688 2.032 -2.466 0.683 0.008 1.332 3.167 0.571
4 E 1.571 -6.443 -1.825 1.845 -4.889 -0.126 3.929 -5.102 -1.189 0.219 -3.881 -1.136 -3.415 -5.597 -8.953 0.333 1.915 -9.289 -6.367 0.817
5 E 0.643 -0.519 -0.62 -0.476 -7.636 1.166 1.928 -4.037 -1.205 1.009 0.781 1.197 -1.683 -1.859 -0.739 -2.167 -0.091 -4.695 -2.581 1.016
6 A 3.954 -8.766 -5.935 -9.008 -6.842 -2.872 -4.742 -5.109 -4.371 2.09 0.862 -8.358 -1.624 -0.613 2.069 -2.314 -1.875 -9.056 -4.171 2.951
7 A 3.503 -2.22 0.135 -4.076 -7.292 0.568 2.089 -2.304 0.628 0.179 1.58 -2.125 -2.102 -3.096 -2.451 -3.031 -3.244 -9.009 -3.552 0.236
8 K 1.302 2.164 0.385 -1.448 -7.865 1.595 1.896 -3.4 -0.826 -2.246 -0.519 2.215 -7.486 -4.753 0.237 -1.217 -1.115 -4.719 -1.879 -0.423
9 A 2.297 -2.956 3.368 1.676 -7.597 0.69 1.668 -1.229 1.34 -2.277 -3.963 -4.167 -0.759 -4.822 -6.088 1.678 -1.077 -9.331 -6.322 -0.245