#Seq2Logo.py -Z on -y 0.25:2.0 -H ends -f 38081.peps -o YMFFQFSGGAILNTLFGQFEYFDLEKVRVHLGMT_el -I 2 --format PNG -b 50 -C 0 -l 1
Last position-specific scoring matrix computed, values are in halfbits
A R N D C Q E G H I L K M F P S T W Y V
1 F -8.66 -9.431 -9.702 -10.138 -7.812 -9.828 -10.058 -9.916 -7.201 3.256 0.03 -9.559 -1.577 6.537 -7.982 -9.751 -8.689 2.127 5.25 0.217
2 R 0.409 2.777 -0.753 -1.839 -7.775 0.699 1.511 -4.023 1.483 0.852 -3.222 1.393 -3.353 -0.993 -9.254 -0.812 0.098 -3.001 0.159 1.429
3 A 2.238 -3.361 -3.331 -1.36 -4.767 -2.167 -4.197 1.185 0.443 0.227 -3.234 -2.584 -0.724 -0.422 -0.881 2.296 0.453 -1.165 3.099 0.21
4 E -0.127 -4.485 -2.918 2.51 -7.684 -1.329 3.747 -5.211 -0.859 1.126 -0.477 -1.922 -0.701 -2.787 -7.269 -0.271 1.498 -9.204 -8.395 0.953
5 K -0.366 0.789 0.182 1.479 -7.966 1.088 1.421 -2.722 1.48 -0.835 -0.962 2.032 -2.22 -3.203 1.333 -0.806 -0.189 -9.232 -3.578 -0.722
6 F 2.175 -4.786 -9.028 -6.354 -7.561 -5.794 -3.425 -2.386 -5.31 -0.496 -0.209 -5.072 0.091 6.355 -0.921 -3.657 -3.068 -1.033 3.333 -1.61
7 E 0.69 -0.489 1.49 -2.428 -7.931 2.445 2.629 -3.711 2.753 -0.244 1.285 1.546 -2.654 -2.755 -3.035 -5.183 -2.522 -3.032 -2.55 -1.674
8 K 0.215 2.579 -0.066 -2.454 -7.975 0.14 2.021 -2.731 0.234 -0.486 -0.584 2.678 -7.482 -3.193 0.959 -1.588 -0.62 -9.123 -2.601 -1.169
9 V 0.812 0.084 -0.674 -1.406 -4.682 -4.813 -2.649 -2.588 -4.339 3.092 1.907 -4.895 -2.461 -1.772 -9.691 -1.522 -1.395 -8.916 -3.013 3.59