#Seq2Logo.py -Z on -y 0.25:2.0 -H ends -f 38081.peps -o YMFFMFSGGAISNTLFGQFEYFEIEEVRMHLGMT_el -I 2 --format PNG -b 50 -C 0 -l 1
Last position-specific scoring matrix computed, values are in halfbits
A R N D C Q E G H I L K M F P S T W Y V
1 F -8.537 -9.447 -9.819 -10.178 -7.579 -9.838 -10.129 -9.972 -7.761 3.636 1.846 -9.562 0.374 6.085 -10.688 -9.783 -8.541 1.643 3.729 1.034
2 R 0.406 2.485 -0.193 -2.033 -7.856 0.802 1.562 -3.181 1.762 0.77 -1.862 1.707 -5.354 -0.986 -9.268 -0.536 -0.984 0.316 0.466 0.489
3 S 1.85 -3.021 -1.867 -0.385 -7.492 -0.83 -2.55 1.339 1.182 -0.947 -2.934 -1.804 -2.221 1.009 -2.205 2.014 -0.077 -0.07 3.379 -0.599
4 K -0.977 0.004 -3.647 -2.712 -7.809 -0.91 1.666 -5.186 3.824 0.62 -3.851 3.782 -2.202 -2.485 -7.205 -0.107 2.185 -4.715 -7.911 0.487
5 K -0.616 0.54 0.392 0.934 -7.91 1.426 0.579 -1.554 0.645 -0.364 -0.95 2.244 -1.029 -3.172 0.957 -0.621 -0.188 -2.004 -1.866 -0.32
6 F -2.707 -9.369 -9.52 -10.016 -8.051 -9.862 -8.055 -6.904 -5.08 -1.7 -0.57 -9.572 -0.929 7.683 -6.613 -6.286 -7.375 0.106 5.07 -3.365
7 L -0.553 1.03 1.95 -5.559 -8.061 2.271 2.023 -6.422 4.135 -0.569 1.054 2.123 -2.66 -2.126 -4.208 -5.212 -2.313 -4.653 -1.503 -1.156
8 E -1.204 2.062 0.867 -0.328 -8.043 0.496 2.418 -4.364 1.015 -0.947 -1.584 2.213 -4.252 -2.821 0.876 -1.232 -0.985 -9.147 -2.594 0.667
9 V -0.057 -4.234 0.115 -0.534 -4.696 -4.185 -0.932 -2.796 -4.329 3.123 1.786 -6.195 -0.877 -0.747 -9.693 -1.397 -0.18 -8.876 -2.999 3.542