#Seq2Logo.py -Z on -y 0.25:2.0 -H ends -f 38081.peps -o YMFFMFSGGAILNTLFGQFEDFAIEKVRMHLGMT_el -I 2 --format PNG -b 50 -C 0 -l 1
Last position-specific scoring matrix computed, values are in halfbits
A R N D C Q E G H I L K M F P S T W Y V
1 F -8.701 -9.366 -9.711 -10.166 -7.84 -9.777 -10.032 -9.884 -7.238 1.99 1.258 -9.545 0.539 6.551 -8.0 -9.76 -8.75 3.824 5.024 -0.217
2 R 0.213 2.101 -0.066 -0.358 -7.842 0.476 1.191 -2.35 2.352 0.913 -1.858 1.211 -4.183 -1.172 -9.313 -0.817 -0.505 1.013 0.608 0.691
3 S 1.537 -3.331 -2.94 -0.503 -7.486 -0.059 -3.507 1.581 1.757 -0.959 -3.285 -2.157 -1.388 0.594 -0.882 2.262 0.822 0.337 2.736 -1.157
4 E -0.967 -7.739 -0.138 3.339 -7.836 -1.999 4.202 -3.961 -2.546 -0.491 -4.74 -3.784 -5.607 -6.822 -7.16 1.371 2.401 -9.425 -8.745 0.099
5 E -0.707 0.612 -0.31 1.219 -7.934 0.894 1.567 -2.17 1.884 -0.475 -0.442 1.023 -2.736 -2.164 1.725 -0.362 -0.396 -9.073 -1.552 -0.714
6 F -1.188 -9.238 -9.41 -9.815 -8.097 -9.619 -4.117 -7.867 -3.87 -3.275 -1.31 -7.675 -2.09 7.492 -3.163 -7.911 -7.372 1.163 5.549 -4.747
7 E 0.141 -0.902 1.562 -1.588 -7.972 1.951 3.128 -2.007 2.245 -0.577 0.666 0.762 -1.727 -2.44 -1.38 -3.286 -1.42 -1.991 -2.178 -1.281
8 E 0.149 2.111 0.685 -0.334 -7.963 0.908 1.982 -2.722 0.003 -0.716 -1.394 2.084 -2.755 -3.211 1.038 -1.337 -0.29 -9.206 -3.59 -0.617
9 V 0.007 -4.232 -0.244 0.743 -4.734 -5.594 -0.202 -3.8 -2.14 3.086 1.962 -6.182 -2.476 -0.269 -6.317 -2.389 -0.393 -8.803 -1.829 3.155