#Seq2Logo.py -Z on -y 0.25:2.0 -H ends -f 38081.peps -o YMFFQFSGGAILNTLYLQFEYFEIEKVRMHLDVT_el -I 2 --format PNG -b 50 -C 0 -l 1
Last position-specific scoring matrix computed, values are in halfbits
A R N D C Q E G H I L K M F P S T W Y V
1 R -8.401 6.784 -7.859 -8.749 -8.678 -5.802 -7.88 -9.162 -6.792 -0.199 -4.077 1.868 -5.443 2.615 -9.734 -8.59 -8.407 -1.865 3.279 -2.823
2 R 1.015 3.288 -3.761 -2.526 -7.705 0.993 1.132 -5.771 0.445 0.337 -1.331 1.339 -1.331 -0.802 -9.302 -2.166 -0.19 -1.206 -0.004 1.672
3 A 2.952 -0.988 -4.871 -2.125 -7.229 -0.507 -2.579 -0.604 -1.197 0.501 -1.324 -3.959 -2.675 1.102 -2.207 0.965 0.524 -0.078 2.738 0.902
4 E 1.216 -8.081 -4.278 -0.235 -7.304 -0.971 3.285 -8.586 -4.222 2.494 -0.234 -3.024 -2.091 -3.521 -9.234 -1.995 2.143 -9.144 -8.357 2.566
5 E 0.701 -0.516 -0.763 0.269 -7.656 1.502 1.933 -4.754 -1.595 0.08 0.681 1.08 -3.285 -4.056 0.432 -1.723 0.186 -9.12 -2.607 1.119
6 A 5.742 -6.996 -3.901 -4.747 -6.596 -5.547 -5.082 -3.727 -8.287 -0.1 -3.785 -6.804 -7.38 -4.751 1.546 -1.612 -0.942 -9.396 -8.57 1.698
7 A 3.545 -4.471 0.841 -4.031 -7.328 1.497 2.331 -5.561 1.473 -0.204 1.221 -1.932 -3.254 -4.016 -2.446 -2.816 -3.537 -9.004 -2.576 0.446
8 K 1.432 3.017 -1.083 -3.018 -7.882 1.356 1.2 -3.414 0.233 -2.238 -0.445 2.681 -4.213 -4.136 0.709 -2.654 -1.569 -3.054 -2.598 -0.328
9 A 2.126 -0.554 2.237 1.152 -7.45 -0.317 1.241 -1.667 -2.585 0.502 -0.032 -2.984 0.47 -3.134 -9.236 0.04 -1.537 -9.144 -4.248 1.233