#Seq2Logo.py -Z on -y 0.25:2.0 -H ends -f 38081.peps -o YMFFMFSGGAISNTLWXXFEYFAIEKVRVHLDVT_el -I 2 --format PNG -b 50 -C 0 -l 1
Last position-specific scoring matrix computed, values are in halfbits
A R N D C Q E G H I L K M F P S T W Y V
1 R -8.474 6.375 -8.113 -8.976 -8.514 -7.362 -8.196 -9.3 -6.896 0.289 -2.168 0.692 -4.155 4.165 -9.924 -8.78 -8.477 -2.8 3.399 -2.19
2 R 1.111 3.114 -4.237 -1.869 -7.731 0.895 1.298 -6.436 1.009 0.719 -1.152 1.037 -1.33 0.347 -9.328 -2.019 -0.621 -1.198 0.171 1.119
3 A 2.572 -2.263 -4.821 -1.91 -7.332 -0.505 -2.374 0.246 0.239 -0.231 -1.954 -4.352 -3.347 1.613 -4.718 1.58 0.675 -0.056 3.773 -0.025
4 T 0.175 -6.64 -4.151 0.19 -7.325 -1.355 3.034 -6.358 -1.226 1.497 -2.045 -2.994 -4.121 -3.149 -9.053 0.869 3.662 -9.147 -6.271 1.911
5 L -0.062 -0.403 -1.276 -0.6 -7.736 1.418 1.884 -2.972 0.826 0.646 0.772 0.455 -3.28 -1.608 1.11 -1.737 0.091 -8.874 -0.574 0.362
6 A 5.288 -8.66 -5.876 -7.195 -6.814 -4.188 -4.283 -3.526 -8.089 -0.296 -2.276 -6.949 -4.145 2.655 1.964 -3.41 -3.849 -8.575 -0.529 1.198
7 E 2.411 -3.587 0.847 -3.955 -7.604 1.346 3.345 -4.321 2.348 -0.318 1.506 -1.149 -1.305 -3.105 -2.727 -3.275 -4.29 -8.964 -3.003 -0.281
8 E 1.3 1.727 -0.765 -2.019 -7.765 0.485 2.374 -5.184 0.226 -0.242 0.332 1.443 -2.691 -4.694 1.037 -2.151 -0.619 -4.721 -2.601 -0.3
9 V -0.723 -8.571 -0.097 2.81 -7.42 -3.175 1.17 -5.342 -3.367 2.947 1.616 -6.115 0.524 -0.439 -9.664 -3.639 -2.093 -8.994 -4.993 2.89