#Seq2Logo.py -Z on -y 0.25:2.0 -H ends -f 38081.peps -o YMFFMFSGGAILNTLYLQFEYFAIEKVRMHLGMT_el -I 2 --format PNG -b 50 -C 0 -l 1
Last position-specific scoring matrix computed, values are in halfbits
A R N D C Q E G H I L K M F P S T W Y V
1 F -8.768 -2.136 -9.49 -10.054 -8.057 -9.523 -9.821 -9.843 -6.676 1.565 -0.061 -5.782 -3.909 6.584 -10.692 -9.661 -8.843 1.932 6.333 -1.584
2 R 0.751 2.731 -2.392 -0.747 -7.732 0.986 1.243 -5.245 1.009 0.937 -1.515 0.551 -3.304 0.232 -9.372 -2.177 -0.739 -0.597 0.745 1.765
3 A 2.267 -2.271 -4.806 -2.342 -7.38 -2.471 -3.881 1.181 1.019 0.042 -2.463 -4.371 -1.753 0.634 -1.978 1.901 0.445 0.364 4.233 -0.782
4 T 0.247 -7.955 -2.349 -0.451 -7.26 -1.818 2.88 -7.149 -2.63 1.387 -2.161 -3.265 -2.671 -4.08 -7.205 1.548 3.584 -9.2 -8.42 2.115
5 E -0.207 0.526 -0.189 0.62 -7.817 0.89 1.138 -3.179 1.327 -0.145 -0.056 1.263 -2.708 -2.778 1.663 -0.533 0.096 -9.076 -1.556 -0.131
6 A 4.244 -8.774 -8.732 -8.915 -7.047 -6.832 -4.735 -2.471 -7.94 0.09 -1.038 -8.361 -2.142 3.93 2.279 -1.216 -1.254 -4.466 1.259 0.317
7 E 2.412 -2.934 1.882 -3.233 -7.593 1.427 3.006 -5.112 1.885 0.323 0.981 -1.015 -1.319 -3.546 -3.025 -2.463 -2.281 -9.034 -3.541 -0.564
8 E 0.585 1.615 0.582 -1.452 -7.898 0.371 1.934 -2.341 0.833 -0.364 -0.578 2.078 -4.22 -3.617 1.536 -2.15 -0.86 -9.162 -2.601 -0.318
9 V 0.278 -8.653 1.474 2.349 -4.753 -4.773 -0.47 -4.422 -4.289 3.356 0.913 -7.038 -0.914 -3.029 -7.5 -1.91 -1.885 -9.164 -5.072 3.365