#Seq2Logo.py -Z on -y 0.25:2.0 -H ends -f 38081.peps -o YMFFMFSGGAILNTLFGQFEYFALEKLRMHLVMT_el -I 2 --format PNG -b 50 -C 0 -l 1
Last position-specific scoring matrix computed, values are in halfbits
A R N D C Q E G H I L K M F P S T W Y V
1 I -8.162 -9.396 -9.976 -10.187 -7.115 -9.637 -10.144 -10.099 -8.755 4.814 3.327 -9.397 2.345 2.433 -7.864 -9.743 -8.139 -1.159 0.645 2.848
2 R 0.468 2.298 -0.75 -0.86 -7.78 0.123 1.657 -2.952 1.885 0.632 -1.546 1.387 -7.314 -0.813 -9.251 -1.119 0.59 -1.212 -0.559 0.88
3 G 1.363 -2.029 -1.443 -0.507 -7.515 -1.215 -4.18 2.276 1.174 -0.579 -3.46 -1.643 -4.268 1.089 -1.765 1.58 0.745 -1.912 2.735 0.032
4 E -0.587 -5.643 -1.608 0.972 -7.61 -0.917 4.136 -3.689 -1.584 0.631 -3.445 -2.695 -2.742 -5.569 -8.991 1.228 2.816 -9.271 -8.538 1.17
5 E -0.708 1.011 0.502 1.882 -8.019 0.249 1.853 -1.552 1.176 -1.248 -1.051 1.384 -1.783 -2.192 1.332 -0.528 -0.291 -9.194 -3.047 -1.314
6 F -4.754 -9.377 -9.563 -10.061 -8.171 -9.911 -6.937 -9.717 -3.913 -3.229 -0.867 -7.815 -1.264 7.855 -6.641 -9.682 -9.047 1.446 5.161 -4.335
7 E 0.963 -2.635 1.693 -1.989 -7.739 1.66 2.725 -2.726 1.758 -0.898 1.364 0.3 -0.406 -2.738 -3.035 -2.004 -1.41 -3.031 -2.18 -0.206
8 E -0.528 2.108 0.598 0.947 -5.039 0.258 1.853 -2.931 0.837 -1.555 -1.815 1.808 -5.536 -5.619 1.665 -0.191 -0.286 -9.295 -3.072 -0.436
9 V -0.368 -7.17 -0.524 0.571 -7.148 -5.666 -1.309 -2.809 -4.343 3.22 2.166 -7.193 -1.547 -0.567 -9.765 -1.935 -0.852 -8.804 -1.833 3.568