#Seq2Logo.py -Z on -y 0.25:2.0 -H ends -f 38081.peps -o YMFFMFSGGAILNTLYLQFEYFALERVRMHLVMT_el -I 2 --format PNG -b 50 -C 0 -l 1
Last position-specific scoring matrix computed, values are in halfbits
A R N D C Q E G H I L K M F P S T W Y V
1 I -8.218 -0.041 -9.673 -9.978 -7.28 -9.333 -9.849 -10.006 -8.428 5.169 2.382 -2.957 -0.795 3.225 -10.362 -9.628 -8.176 -7.944 1.568 2.382
2 R 1.112 2.892 -2.681 -2.267 -7.702 0.249 2.097 -5.779 1.173 0.426 -1.619 1.036 -3.312 -0.806 -9.293 -3.801 -0.192 -4.629 -0.179 2.138
3 A 2.85 -4.169 -5.63 -3.849 -7.199 -2.192 -5.116 -0.149 -0.842 0.799 -2.544 -4.022 -0.699 0.934 -1.207 1.448 0.526 1.044 3.771 0.963
4 V 0.48 -8.242 -3.852 -3.078 -7.157 -1.2 1.995 -8.726 -2.684 2.875 1.227 -3.075 -0.906 -2.359 -9.373 -0.369 2.232 -9.003 -6.183 2.644
5 K 0.151 0.699 -1.08 0.171 -7.792 0.891 1.25 -3.435 0.437 -0.048 -0.497 1.646 -2.187 -2.462 2.017 -1.463 0.738 -9.126 -2.207 0.038
6 A 5.411 -8.656 -5.826 -7.145 -6.801 -6.734 -5.69 -1.886 -8.122 -1.029 -3.787 -8.12 -4.218 2.311 2.619 -2.381 -2.057 -8.757 -1.5 0.453
7 A 2.918 -4.953 1.409 -2.947 -7.543 1.505 3.065 -3.38 1.755 -0.658 1.535 -1.021 -5.184 -5.366 -3.741 -4.341 -2.983 -3.041 -2.579 -0.67
8 K 1.303 2.109 -1.265 -2.037 -7.789 0.484 1.462 -3.164 -0.008 -1.671 -0.064 2.251 -5.374 -3.612 1.601 -1.459 -0.617 -4.727 -2.602 -0.229
9 V 1.799 -6.944 1.103 2.737 -7.298 -2.158 0.881 -4.736 -4.234 1.893 0.759 -8.02 -1.279 -3.498 -9.407 -1.737 -1.882 -9.229 -6.308 3.054