#Seq2Logo.py -Z on -y 0.25:2.0 -H ends -f 38081.peps -o YMFFQFSGGAILNTLFGQFEYFDNEKVRMHLGMT_el -I 2 --format PNG -b 50 -C 0 -l 1
Last position-specific scoring matrix computed, values are in halfbits
A R N D C Q E G H I L K M F P S T W Y V
1 F -8.695 -9.41 -9.675 -10.134 -7.869 -9.808 -10.035 -9.899 -7.087 2.934 -0.213 -9.551 -1.222 6.634 -7.988 -9.742 -8.733 2.335 5.488 -0.117
2 R 0.406 2.933 -1.657 -2.253 -7.807 0.597 1.931 -5.761 1.483 1.052 -2.884 1.45 -3.345 -0.64 -9.267 -1.126 -0.188 -1.208 -0.175 1.277
3 A 1.997 -3.049 -3.756 -1.537 -4.785 -1.433 -4.597 0.96 0.443 0.557 -2.316 -2.82 -0.714 0.61 -0.463 2.121 0.021 -1.156 3.216 0.058
4 E -0.439 -4.484 -2.933 2.191 -7.642 -0.762 3.675 -5.767 -2.059 1.071 0.082 -1.755 -1.708 -3.573 -7.28 -0.355 1.712 -4.741 -8.427 1.341
5 K -0.45 1.432 0.179 0.866 -8.036 1.351 1.316 -3.42 1.886 -0.978 -1.223 2.124 -2.767 -4.168 2.231 -1.01 -0.619 -4.756 -3.578 -1.313
6 F 2.613 -4.252 -3.954 -7.311 -7.521 -5.725 -3.133 -1.061 -3.223 -1.012 -0.934 -4.539 -0.404 5.993 -0.233 -1.508 -3.042 -2.724 3.159 -2.463
7 E 0.957 -0.367 1.028 -2.436 -7.908 2.387 2.628 -4.018 2.561 0.222 1.212 1.65 -3.282 -3.105 -3.033 -5.182 -2.523 -4.661 -1.01 -2.139
8 K 0.28 2.707 -0.319 -2.71 -7.988 0.497 1.758 -2.342 0.234 -0.606 -0.659 2.886 -7.512 -3.64 1.038 -1.585 -0.507 -9.158 -3.055 -1.712
9 V 0.966 0.277 -1.764 -1.419 -4.676 -4.832 -3.12 -2.596 -3.428 3.127 2.111 -5.452 -2.443 -1.526 -9.739 -2.574 -1.894 -8.866 -2.563 3.661