#Seq2Logo.py -Z on -y 0.25:2.0 -H ends -f 38081.peps -o YMFFMFSGGAISNTLYLQFEYFDIEKVRMHLGMT_el -I 2 --format PNG -b 50 -C 0 -l 1
Last position-specific scoring matrix computed, values are in halfbits
A R N D C Q E G H I L K M F P S T W Y V
1 F -8.769 1.675 -9.209 -9.876 -8.224 -9.105 -9.516 -9.74 -6.515 0.0 -1.608 -4.999 -4.003 6.636 -10.6 -9.5 -8.856 0.511 6.425 -1.503
2 V 0.697 2.649 -2.683 -0.495 -7.67 0.688 1.242 -7.336 -0.261 1.013 -0.598 0.9 -4.08 -0.46 -9.355 -1.88 -0.618 -1.962 0.315 1.983
3 A 2.167 -2.053 -3.787 -2.585 -7.357 -2.179 -3.047 0.839 -0.826 0.782 -3.026 -3.994 -1.74 1.298 -2.737 1.702 0.364 0.726 4.033 0.22
4 T 0.98 -8.076 -1.9 -1.011 -7.189 -0.99 2.003 -6.394 -3.34 2.412 -0.362 -2.353 -0.953 -4.003 -7.289 0.043 3.051 -9.124 -6.273 2.284
5 L -0.058 0.522 -0.071 -0.031 -7.742 0.685 1.016 -2.539 1.752 0.064 0.387 1.08 -3.314 -4.619 0.874 -0.72 -0.09 -8.975 -0.583 0.692
6 A 4.887 -8.722 -5.859 -6.171 -6.832 -6.783 -5.735 -3.055 -8.291 0.815 -1.044 -8.231 -3.292 1.933 2.525 -2.253 -0.966 -8.848 -2.952 1.207
7 A 3.143 -3.276 1.254 -4.018 -7.421 0.885 2.477 -4.657 1.473 0.077 1.474 -1.447 -2.627 -3.107 -1.201 -3.489 -2.975 -9.032 -3.543 -0.179
8 K 0.81 1.554 0.377 -2.237 -7.803 0.249 1.706 -2.166 0.641 -0.348 0.058 2.206 -4.176 -6.59 1.114 -2.308 -0.292 -9.213 -3.595 0.035
9 A 2.057 -6.845 3.428 1.279 -4.758 -1.021 -1.521 -2.301 -1.614 1.825 0.156 -6.786 -1.684 -4.612 -7.366 0.036 -1.526 -9.267 -6.315 2.38