#Seq2Logo.py -Z on -y 0.25:2.0 -H ends -f 38081.peps -o YMFFMFSGGAISNTLYLQFEYFEIEEVRVHLDVT_el -I 2 --format PNG -b 50 -C 0 -l 1
Last position-specific scoring matrix computed, values are in halfbits
A R N D C Q E G H I L K M F P S T W Y V
1 R -8.422 8.106 -7.432 -8.487 -9.085 -6.47 -7.503 -9.028 -6.804 -5.121 -7.755 -0.65 -8.03 -1.714 -9.603 -8.339 -8.363 -4.662 -1.873 -8.868
2 R 1.112 2.691 -2.997 -1.878 -7.655 0.471 0.694 -6.419 1.33 0.253 -1.063 0.9 -0.167 0.355 -9.328 -1.599 0.512 -0.099 0.749 1.229
3 A 2.627 -1.849 -2.707 -3.136 -4.823 -1.032 -2.394 1.386 -0.819 -1.656 -1.648 -5.34 -4.207 2.17 -2.742 0.741 -0.09 2.071 4.078 -0.691
4 K 1.121 -2.615 -2.122 -3.048 -4.836 -1.819 1.007 -4.734 2.645 1.199 -1.509 2.431 -2.147 -0.471 -9.169 -0.897 2.229 -1.213 -1.236 1.496
5 L 0.075 0.512 -1.708 -1.699 -7.562 1.241 0.618 -6.531 -2.077 1.823 1.492 0.81 -1.64 -1.823 0.611 -2.907 -0.193 -1.986 -1.544 1.307
6 A 5.335 -8.649 -3.934 -7.145 -6.673 -8.565 -6.377 -3.788 -8.392 0.111 -1.71 -8.111 -7.207 -1.894 2.528 -1.397 -2.437 -9.337 -8.4 2.274
7 A 3.524 -1.585 0.026 -5.049 -7.367 2.003 1.97 -3.361 1.879 -0.887 1.183 -1.289 -0.402 -3.528 -2.719 -3.024 -4.706 -8.958 -2.568 -0.016
8 A 1.166 2.103 -0.607 -1.152 -7.702 0.479 1.356 -2.933 -0.54 -1.48 0.117 1.497 -2.174 -4.085 0.13 -0.617 -0.184 -1.235 -2.597 0.483
9 A 1.839 -5.782 3.17 2.142 -7.544 -1.374 1.751 -2.474 -0.008 0.325 -0.559 -5.194 -0.714 -3.167 -3.746 0.255 -1.094 -9.299 -8.421 1.001