#Seq2Logo.py -Z on -y 0.25:2.0 -H ends -f 38081.peps -o YMFFMFSGGAILNTLFGQFEYFDNEKVRMHLGMT_el -I 2 --format PNG -b 50 -C 0 -l 1
Last position-specific scoring matrix computed, values are in halfbits
A R N D C Q E G H I L K M F P S T W Y V
1 F -8.687 -9.342 -9.714 -10.169 -7.824 -9.763 -10.023 -9.886 -7.259 1.897 1.473 -7.76 0.142 6.481 -10.769 -9.761 -8.739 3.938 4.994 0.036
2 R 0.149 2.199 -0.603 -0.603 -7.793 0.475 1.245 -2.178 1.886 1.052 -2.195 1.028 -3.346 -0.8 -9.318 -0.722 -0.189 0.685 0.321 1.114
3 S 1.536 -2.748 -2.365 -1.042 -4.838 -0.836 -3.257 1.625 0.836 -0.26 -3.266 -2.363 -2.222 0.908 -0.335 2.191 0.11 -0.567 3.103 -0.594
4 E -0.969 -5.573 -0.869 1.687 -7.791 0.272 4.354 -4.336 -0.835 0.54 -3.291 -1.713 -2.759 -8.582 -7.186 0.755 2.232 -9.319 -8.586 0.555
5 E -0.895 0.527 0.287 1.413 -7.918 1.08 1.085 -2.004 1.479 -0.47 -0.373 1.206 -1.367 -3.155 1.331 -0.446 -0.091 -3.048 -1.281 -0.608
6 F -3.323 -9.366 -9.555 -10.087 -8.12 -9.879 -9.962 -9.67 -3.898 -2.954 -0.436 -9.605 -0.932 7.694 -6.627 -9.616 -7.424 1.446 5.375 -4.709
7 L 0.751 -0.265 1.488 -2.692 -7.805 2.077 2.338 -2.344 1.887 -0.231 1.214 0.894 -2.135 -3.118 -2.459 -2.32 -1.734 -1.991 -2.564 -0.583
8 E -0.059 2.009 1.038 -1.116 -5.023 0.811 2.187 -2.935 1.015 -0.964 -0.964 1.95 -4.247 -3.63 0.62 -0.708 -0.501 -9.142 -2.599 -0.619
9 V 1.265 -4.183 1.401 -1.048 -3.395 -3.629 -1.566 -1.056 -1.256 2.259 1.29 -5.416 -2.05 -2.364 -6.237 0.235 0.822 -9.037 -4.202 2.699