#Seq2Logo.py -Z on -y 0.25:2.0 -H ends -f 38081.peps -o YMFFQFSGGAILNTLYLQFEYFAIEKVRMHLDVT_el -I 2 --format PNG -b 50 -C 0 -l 1
Last position-specific scoring matrix computed, values are in halfbits
A R N D C Q E G H I L K M F P S T W Y V
1 F -8.546 4.284 -8.7 -9.428 -8.247 -8.206 -8.852 -9.551 -6.662 1.848 -2.741 -0.143 -3.256 5.184 -10.206 -9.147 -8.59 -0.98 5.737 -0.871
2 R 0.859 3.186 -3.345 -1.326 -7.746 0.9 1.56 -7.312 0.445 0.795 -1.621 1.395 -2.677 -0.807 -9.296 -2.5 -0.506 -3.003 -0.181 1.719
3 A 2.543 -2.046 -6.527 -2.345 -7.278 -1.027 -3.032 -0.324 -1.178 0.785 -2.429 -3.975 -1.731 0.928 -1.379 1.45 1.39 0.354 3.677 -0.009
4 V -0.045 -6.779 -3.78 -0.139 -7.258 -0.989 2.472 -7.372 -2.665 2.537 0.231 -3.616 -2.577 -2.721 -9.275 -0.357 2.883 -9.104 -8.278 2.568
5 E -0.367 0.616 -0.913 0.45 -7.831 0.894 1.708 -3.727 0.438 0.316 -0.109 1.646 -2.698 -4.081 1.663 -1.865 0.268 -9.13 -1.873 0.42
6 A 5.434 -6.996 -4.983 -4.734 -6.736 -5.548 -3.887 -2.375 -5.614 -0.325 -3.404 -6.812 -5.402 0.197 2.133 -0.469 -1.219 -9.124 -4.191 0.595
7 A 2.349 -3.962 1.755 -1.988 -7.638 1.804 2.822 -3.145 2.126 -0.125 1.252 -0.657 -3.279 -4.038 -1.974 -3.507 -5.253 -9.041 -3.019 -0.198
8 K 0.641 2.622 -1.262 -2.028 -7.941 0.009 1.757 -5.194 0.443 -2.042 0.046 2.85 -5.392 -4.765 1.905 -3.057 -0.401 -4.743 -3.588 -0.72
9 V 0.91 -2.521 0.657 2.068 -7.388 -1.644 1.057 -4.061 -1.641 2.692 1.066 -5.347 0.866 -1.816 -9.542 -2.72 -2.974 -9.042 -4.198 2.634