#Seq2Logo.py -Z on -y 0.25:2.0 -H ends -f 38081.peps -o YMFFMFSGGAISNTLYGQFEYFDIEKVRVHLDVT_el -I 2 --format PNG -b 50 -C 0 -l 1
Last position-specific scoring matrix computed, values are in halfbits
A R N D C Q E G H I L K M F P S T W Y V
1 R -8.434 6.619 -7.969 -8.838 -8.569 -7.159 -8.014 -9.217 -5.068 0.277 -1.842 1.559 -3.347 3.526 -9.816 -8.676 -8.43 -1.875 2.181 -3.249
2 R 0.526 2.652 -4.827 -4.114 -7.717 1.083 1.7 -5.805 0.001 0.727 -1.06 1.274 -1.703 0.688 -9.331 -1.738 0.092 -2.963 0.996 1.437
3 A 2.454 -2.773 -4.815 -1.539 -7.321 -0.845 -2.795 0.782 -1.551 -0.231 -2.891 -5.329 -5.374 1.21 -4.195 1.581 1.212 -0.053 4.114 0.36
4 E -0.782 -6.442 -4.067 2.012 -7.801 -0.555 4.74 -7.235 -2.555 0.223 -4.364 -2.06 -7.618 -3.651 -8.991 -0.335 2.667 -9.229 -5.13 1.27
5 E -0.064 -0.401 -1.094 -0.242 -7.72 0.687 2.138 -4.4 1.877 1.004 0.82 0.747 -2.639 -1.856 0.125 -2.022 -0.0 -8.97 -2.178 0.772
6 A 3.457 -7.236 -9.231 -9.33 -6.995 -4.27 -4.031 -8.502 -8.274 2.268 1.934 -8.653 -1.991 3.538 0.004 -4.499 -3.573 -8.148 0.37 1.986
7 A 2.731 -4.003 0.46 -3.623 -7.488 1.078 3.033 -4.325 1.878 0.348 2.012 -1.163 -2.086 -3.99 -3.37 -4.391 -5.263 -9.008 -4.178 -0.087
8 E 0.914 2.449 0.057 -1.786 -7.984 1.365 2.7 -6.319 0.244 -1.887 -0.891 2.261 -7.56 -4.778 0.622 -1.335 -1.563 -9.137 -2.219 -0.837
9 E 1.118 -2.014 2.296 2.233 -7.558 -0.626 1.842 -2.913 -1.194 0.343 -0.154 -5.172 0.269 -2.432 -9.267 0.247 -0.716 -9.108 -3.05 1.533