#Seq2Logo.py -Z on -y 0.25:2.0 -H ends -f 38081.peps -o YMFFMFSGGAISNTLFGQFEYFDIEEVRMHLDVT_el -I 2 --format PNG -b 50 -C 0 -l 1
Last position-specific scoring matrix computed, values are in halfbits
A R N D C Q E G H I L K M F P S T W Y V
1 F -6.544 3.265 -9.049 -9.603 -7.772 -4.814 -6.636 -9.683 -4.093 2.97 1.531 -1.811 -0.328 4.747 -10.287 -9.301 -6.153 0.393 3.513 0.884
2 R 0.208 3.08 -1.097 -3.728 -7.826 1.083 0.697 -5.256 1.89 1.421 -2.046 1.446 -0.996 0.114 -9.385 -2.341 -0.624 -1.936 1.54 0.95
3 Y 2.234 -2.769 -4.778 -1.715 -7.481 -1.901 -3.028 1.486 1.032 -1.379 -4.619 -4.809 -3.424 1.474 -3.758 2.086 -0.081 1.064 4.831 -1.412
4 K -2.542 0.136 -3.649 -4.0 -8.034 -0.393 1.9 -7.279 3.952 0.295 -3.663 4.585 -5.42 -1.444 -9.049 -1.459 1.493 -3.043 -5.991 0.476
5 K -0.998 0.457 -0.319 -0.594 -7.949 1.261 1.141 -2.742 2.126 0.459 -0.364 2.519 -2.709 -0.654 1.035 -1.126 -0.001 -4.679 -1.528 -1.404
6 F -0.343 -5.492 -9.517 -9.905 -7.703 -7.245 -6.877 -7.855 -7.377 0.85 1.394 -9.312 -2.489 6.884 -4.375 -6.912 -4.961 -3.923 4.288 -0.822
7 E 0.454 1.243 0.773 -3.58 -8.057 2.562 2.733 -7.262 4.192 -1.359 1.493 1.856 -4.092 -4.045 -6.176 -5.201 -3.948 -8.902 -2.527 -2.551
8 E -0.288 2.705 0.058 -1.612 -8.049 0.388 2.418 -4.742 1.181 -2.062 -0.81 2.38 -5.452 -2.192 1.037 -0.91 -1.41 -9.118 -3.032 -0.433
9 L 0.647 -0.841 2.17 -0.263 -7.334 -1.646 -0.368 -3.187 -1.622 1.417 1.565 -3.963 -0.931 -1.146 -6.25 0.018 -0.601 -8.904 -2.184 2.454