#Seq2Logo.py -Z on -y 0.25:2.0 -H ends -f 38081.peps -o YMFFQFSGGAILNTLYLQFEYFDLEKVRVHLNVT_el -I 2 --format PNG -b 50 -C 0 -l 1
Last position-specific scoring matrix computed, values are in halfbits
A R N D C Q E G H I L K M F P S T W Y V
1 R -8.425 5.804 -8.215 -9.016 -8.427 -5.171 -7.061 -9.328 -6.748 0.972 -2.685 1.307 -2.685 3.625 -9.912 -8.817 -8.455 -0.492 4.677 -1.149
2 R 1.162 3.114 -2.676 -2.522 -7.652 0.991 1.074 -8.492 0.832 0.34 -1.07 1.038 -2.667 -0.983 -9.28 -1.726 0.271 -2.999 -0.005 1.719
3 A 3.401 -1.476 -4.299 -2.349 -7.166 -1.435 -3.037 0.023 -1.206 0.336 -1.617 -4.794 -1.725 0.706 -1.038 0.861 0.109 -0.086 2.388 0.84
4 A 2.57 -8.061 -4.228 0.783 -4.732 -0.973 2.817 -8.211 -4.205 1.447 -0.388 -3.577 -2.129 -4.056 -7.231 -0.507 2.101 -9.2 -8.44 1.83
5 E 1.019 -0.168 -0.759 0.537 -7.666 1.167 1.799 -3.174 -2.045 0.241 -0.227 0.821 -4.152 -3.145 0.957 -1.714 0.515 -9.083 -1.57 0.884
6 A 5.799 -6.982 -3.898 -7.022 -6.622 -6.61 -3.882 -3.438 -8.234 -0.323 -4.555 -6.773 -7.504 -4.773 2.239 -1.874 -0.581 -9.409 -6.391 0.915
7 A 3.934 -4.457 0.253 -4.046 -7.283 1.724 2.055 -4.589 1.472 -0.12 0.441 -1.298 -4.105 -4.057 -1.193 -2.997 -3.531 -9.068 -3.027 0.299
8 K 1.474 2.941 -1.088 -2.493 -7.851 1.093 1.083 -3.418 -1.185 -1.367 0.051 2.679 -5.363 -4.138 1.114 -3.508 -0.863 -4.734 -3.593 -0.927
9 A 3.101 -0.554 2.498 0.27 -4.75 -0.807 -0.156 -1.935 -2.051 -0.21 -0.688 -2.744 0.989 -4.083 -9.125 0.974 -1.852 -9.218 -6.319 1.232