#Seq2Logo.py -Z on -y 0.25:2.0 -H ends -f 38081.peps -o YMFFMFSGGAILNTLFGQFEYFDLEKVRMHLGMT_el -I 2 --format PNG -b 50 -C 0 -l 1
Last position-specific scoring matrix computed, values are in halfbits
A R N D C Q E G H I L K M F P S T W Y V
1 F -8.685 -9.347 -9.712 -10.166 -7.822 -9.768 -10.026 -9.889 -7.258 1.992 1.403 -7.761 0.142 6.509 -10.765 -9.759 -8.735 3.704 4.994 0.038
2 R 0.082 2.248 -0.754 -0.868 -7.78 0.475 1.299 -2.014 1.756 0.989 -2.073 1.091 -3.342 -0.984 -9.313 -0.721 -0.091 0.314 0.163 1.277
3 S 1.366 -2.751 -2.955 -0.631 -4.839 -1.018 -3.004 1.759 1.009 -0.159 -3.091 -2.575 -1.771 0.808 -0.885 2.326 0.11 -0.079 2.925 -0.594
4 E -1.401 -5.562 -0.86 2.213 -7.891 0.028 4.607 -4.723 -1.17 0.202 -3.92 -1.872 -2.781 -8.676 -7.177 0.64 2.144 -9.347 -8.636 0.262
5 E -0.896 0.527 0.175 1.218 -7.924 1.17 1.309 -2.007 1.331 -0.36 -0.181 1.206 -1.363 -3.148 1.4 -0.626 -0.396 -4.705 -1.031 -0.606
6 F -2.713 -9.339 -9.54 -10.047 -8.075 -9.822 -8.049 -9.636 -3.103 -2.468 -0.059 -9.561 -0.363 7.599 -6.617 -9.574 -7.402 1.441 5.239 -4.685
7 E 0.859 -0.264 1.269 -2.206 -7.828 2.143 2.487 -2.0 2.351 -0.451 1.094 0.829 -2.664 -3.558 -2.206 -2.155 -1.734 -4.697 -3.011 -0.908
8 E 0.083 2.009 1.037 -1.435 -5.015 0.603 2.226 -3.164 1.014 -0.712 -0.961 1.995 -4.241 -3.631 0.528 -0.526 -0.73 -9.159 -3.047 -0.516
9 V 1.172 -4.179 1.173 -0.768 -3.398 -2.818 -1.42 -1.176 -0.905 2.129 1.398 -5.409 -2.048 -2.682 -6.237 0.234 0.822 -9.042 -4.203 2.73