#Seq2Logo.py -Z on -y 0.25:2.0 -H ends -f 38081.peps -o YMFFMFSGGAILNTLFGQFEYFDIEEVRMHLGMT_el -I 2 --format PNG -b 50 -C 0 -l 1
Last position-specific scoring matrix computed, values are in halfbits
A R N D C Q E G H I L K M F P S T W Y V
1 F -8.566 -9.399 -9.809 -10.196 -7.617 -9.802 -10.099 -9.962 -7.643 2.953 2.367 -9.546 -0.289 6.038 -10.7 -9.788 -8.592 2.501 4.119 0.843
2 K 0.282 2.157 -0.749 -1.308 -7.836 1.176 1.358 -2.346 1.626 0.389 -1.362 1.754 -5.343 -0.322 -9.253 -0.2 -0.615 -1.203 0.32 0.345
3 S 1.813 -2.481 -1.444 -0.383 -4.853 -1.015 -2.765 1.804 0.449 -1.53 -2.37 -1.639 -2.762 1.435 -1.204 2.122 -0.839 -0.078 2.802 -1.044
4 K -0.977 -0.079 -2.888 -2.958 -7.931 -1.274 1.944 -4.333 3.89 0.107 -5.327 4.356 -4.275 -4.814 -7.164 -0.103 1.91 -4.733 -8.023 -0.145
5 K -0.444 0.445 0.392 1.006 -7.869 0.891 0.504 -0.937 1.173 -0.695 -0.438 1.889 -1.025 -2.784 0.617 -0.277 -0.187 -1.999 -1.556 -0.413
6 F -5.618 -9.434 -9.61 -10.145 -8.195 -10.006 -10.046 -9.762 -6.891 -2.961 -0.791 -9.707 -3.173 7.89 -8.065 -9.74 -9.082 1.452 5.379 -5.183
7 L 0.202 1.374 1.762 -4.968 -7.981 2.445 1.567 -4.02 3.562 -0.931 1.094 2.08 -2.142 -2.424 -4.728 -4.777 -1.921 -3.021 -1.814 -1.28
8 K -0.616 1.905 0.957 -0.006 -5.025 0.603 1.94 -3.421 0.839 -1.221 -1.487 2.414 -4.249 -2.82 -0.208 -0.528 -0.499 -9.128 -2.595 0.466
9 V 0.823 -4.205 1.005 -1.375 -3.371 -3.657 -3.084 -2.184 -3.397 2.518 1.19 -6.128 -0.908 -1.571 -6.253 0.552 1.092 -9.062 -8.174 3.336