#Seq2Logo.py -Z on -y 0.25:2.0 -H ends -f 38081.peps -o YMFFQFSGGAILNTLFGQFEYFAIEKVRMHLGMT_el -I 2 --format PNG -b 50 -C 0 -l 1
Last position-specific scoring matrix computed, values are in halfbits
A R N D C Q E G H I L K M F P S T W Y V
1 F -8.724 -9.407 -9.694 -10.135 -7.87 -9.825 -10.051 -9.894 -7.197 3.128 -0.029 -7.774 -0.336 6.672 -7.998 -9.763 -8.746 3.174 5.141 -0.888
2 R 0.079 2.525 -0.598 -0.725 -7.86 0.8 1.562 -3.444 2.244 1.409 -2.746 1.158 -4.188 -2.109 -9.287 -0.817 -0.291 -0.107 0.865 0.631
3 S 1.536 -2.755 -4.197 -0.77 -4.798 -0.839 -4.184 0.78 0.832 0.553 -2.32 -3.059 -0.714 0.499 -1.204 2.226 1.026 -1.157 3.16 -0.284
4 E -1.657 -4.464 -1.586 3.423 -7.813 -0.76 3.328 -4.741 -0.011 0.474 -1.369 -1.435 -1.37 -1.911 -6.129 0.251 2.051 -9.239 -8.374 0.489
5 K -0.531 0.356 0.496 1.015 -7.964 1.086 1.52 -2.523 1.623 -1.238 -0.66 1.699 -2.751 -2.176 1.664 -0.441 -0.091 -4.718 -1.858 -1.18
6 F 0.776 -4.796 -5.157 -6.372 -7.888 -7.06 -3.171 -3.268 -3.132 -2.126 -1.832 -4.629 -1.679 7.106 -2.538 -2.804 -4.474 -0.401 4.583 -4.339
7 E -0.0 -1.356 1.698 -0.959 -7.977 2.146 2.827 -2.737 2.355 -0.054 1.208 1.381 -4.111 -3.533 -2.732 -3.294 -1.918 -4.671 -1.016 -1.988
8 E -0.37 2.113 0.054 -1.275 -5.048 0.264 2.489 -3.185 0.001 -0.838 -0.586 2.454 -4.242 -3.207 1.726 -2.153 -0.509 -9.211 -3.59 -1.056
9 V -0.454 -2.097 -1.759 0.11 -4.721 -4.209 -1.593 -3.282 -4.318 3.25 2.112 -4.51 -3.021 0.281 -9.822 -2.419 -2.287 -8.588 0.001 3.591