#Seq2Logo.py -Z on -y 0.25:2.0 -H ends -f 38081.peps -o YMFFQFSGGAILNTLYLQFEYFDLERVRMHLDVT_el -I 2 --format PNG -b 50 -C 0 -l 1
Last position-specific scoring matrix computed, values are in halfbits
A R N D C Q E G H I L K M F P S T W Y V
1 R -8.421 7.114 -7.772 -8.705 -8.773 -5.732 -7.813 -9.143 -6.758 -0.89 -4.942 1.312 -5.495 2.385 -9.72 -8.545 -8.414 -4.406 2.992 -3.906
2 V 1.519 2.563 -3.37 -1.874 -7.569 0.889 1.185 -7.272 0.44 0.592 -1.143 0.549 -3.285 -0.31 -9.305 -2.163 0.005 -2.99 0.318 2.182
3 A 3.126 -1.466 -6.592 -2.843 -7.259 -1.215 -1.268 -0.411 -0.261 -0.532 -0.911 -3.325 -2.164 0.917 -1.204 0.964 -0.49 0.71 2.988 0.706
4 L 1.724 -8.418 -5.822 -2.846 -4.667 -1.901 1.478 -8.756 -5.677 2.746 1.905 -3.388 1.053 -2.044 -7.431 -2.9 1.017 -8.936 -5.006 2.899
5 L 0.862 -0.792 -0.085 -0.034 -7.58 1.414 1.351 -4.027 -2.066 1.012 0.867 0.601 -2.629 -2.136 0.429 -2.163 0.096 -4.726 -5.053 1.186
6 A 5.875 -8.459 -3.456 -6.024 -4.452 -6.596 -5.058 -3.416 -5.633 -1.317 -4.888 -6.755 -7.576 -6.72 2.136 -0.626 -1.069 -9.467 -8.652 0.848
7 A 4.005 -3.31 -0.798 -4.554 -7.208 1.156 1.964 -2.666 0.816 -0.198 1.409 -3.001 -0.963 -2.407 -2.718 -3.017 -5.846 -8.957 -3.015 0.081
8 A 1.391 2.304 -1.662 -3.339 -7.768 1.177 1.193 -2.338 1.172 -1.063 0.0 2.081 -4.17 -3.587 0.619 -1.718 -0.859 -4.702 -1.86 -0.05
9 A 3.1 -3.305 3.47 0.876 -7.392 -0.469 0.699 -0.476 -0.257 -1.501 -0.719 -4.661 0.248 -6.628 -6.112 0.466 -0.954 -9.321 -8.549 -0.128