#Seq2Logo.py -Z on -y 0.25:2.0 -H ends -f 38081.peps -o YMFFMFSGGAILNTLFGQFEYFDIEKVRMHLVMT_el -I 2 --format PNG -b 50 -C 0 -l 1
Last position-specific scoring matrix computed, values are in halfbits
A R N D C Q E G H I L K M F P S T W Y V
1 I -8.151 -9.417 -9.982 -10.177 -7.103 -9.668 -10.161 -10.113 -8.822 5.114 3.121 -7.691 1.795 2.373 -10.428 -9.75 -8.117 -1.91 0.359 2.913
2 V 0.65 1.781 -0.914 -1.476 -7.638 -0.148 1.606 -3.181 1.616 1.0 -1.628 1.437 -4.141 -2.137 -9.226 -0.359 0.441 -3.029 -1.538 1.765
3 S 1.7 -3.352 -1.872 -0.9 -7.395 -1.022 -3.844 1.803 -0.008 -0.56 -3.433 -1.986 -2.744 1.179 -1.564 1.978 0.751 -2.927 2.601 0.689
4 E -1.076 -4.369 -1.421 0.037 -7.799 1.108 4.535 -5.209 -1.176 0.913 -2.216 -0.864 -1.363 -4.142 -9.049 0.186 1.815 -9.203 -8.43 0.759
5 K 0.15 1.092 0.873 1.292 -7.969 0.129 1.715 -2.327 0.838 -0.974 -1.049 2.077 -1.389 -4.135 1.038 -0.438 -0.982 -9.166 -1.878 -1.439
6 F -4.087 -7.459 -9.585 -10.06 -8.059 -9.876 -6.936 -9.719 -3.144 -2.442 0.803 -7.789 -1.605 7.683 -5.69 -9.671 -8.984 0.494 4.731 -4.276
7 L 0.802 -1.747 1.624 -1.279 -7.762 1.804 2.623 -3.715 1.886 -0.418 1.83 0.217 -0.962 -2.108 -4.209 -2.875 -2.743 -4.67 -2.173 -0.287
8 K -0.988 2.01 0.498 0.285 -5.032 0.26 1.852 -2.525 0.451 -1.54 -1.135 2.294 -4.267 -4.772 0.878 -0.272 0.272 -9.179 -2.224 -0.43
9 V 1.399 -3.416 0.55 -1.728 -4.685 -1.684 -2.419 -0.949 -2.681 2.51 1.37 -6.096 -2.03 -1.336 -9.501 0.09 0.283 -8.866 -1.846 2.89