#Seq2Logo.py -Z on -y 0.25:2.0 -H ends -f 38081.peps -o YMFFQFSGGAILNTLHLQFEYFDIEEVRVHLDVT_el -I 2 --format PNG -b 50 -C 0 -l 1
Last position-specific scoring matrix computed, values are in halfbits
A R N D C Q E G H I L K M F P S T W Y V
1 R -8.476 6.005 -8.289 -9.112 -8.361 -7.586 -8.395 -9.382 -7.01 1.234 -1.678 0.032 -0.985 4.437 -10.018 -8.892 -8.473 -1.092 3.351 -1.387
2 R 0.697 3.184 -3.768 -2.797 -7.693 1.081 0.696 -6.46 1.172 0.87 -1.059 1.099 -1.321 -0.03 -9.352 -1.739 -0.093 -1.201 0.006 1.584
3 A 3.245 -1.47 -5.55 -2.843 -7.293 -2.167 -2.798 0.728 0.656 -0.807 -2.608 -4.784 -1.756 0.734 -3.366 1.787 -1.098 1.338 4.033 -0.579
4 T 2.205 -5.584 -2.364 -3.368 -7.166 -1.602 -0.346 -3.933 2.224 1.01 -2.709 1.414 -5.277 -2.772 -7.186 1.183 3.086 -4.709 -4.166 1.822
5 L 0.15 0.439 -0.767 -1.487 -7.676 1.338 1.131 -4.039 1.474 0.502 0.729 1.43 -4.071 -3.998 0.126 -1.6 0.434 -8.908 -0.578 1.008
6 A 5.611 -8.629 -5.056 -8.746 -6.701 -6.721 -7.267 -3.476 -8.204 -0.114 -2.428 -8.094 -2.707 1.322 2.236 -2.206 -2.047 -8.943 -2.981 0.324
7 A 2.994 -0.654 0.661 -7.811 -7.498 1.798 1.699 -5.114 3.625 -0.019 1.475 -0.547 -1.673 -2.713 -4.716 -4.057 -4.738 -8.818 -1.513 -0.459
8 K 0.914 2.306 0.272 -2.997 -7.856 0.131 1.612 -4.725 1.175 -1.075 -0.508 2.294 -3.375 -6.578 1.47 -1.996 -0.505 -3.056 -1.87 -0.057
9 V 1.915 -4.678 1.928 -1.363 -7.079 -2.827 -1.571 -3.18 -3.372 2.666 1.267 -6.096 0.876 -2.673 -7.441 -0.636 -0.834 -9.094 -8.238 3.039