#Seq2Logo.py -Z on -y 0.25:2.0 -H ends -f 38081.peps -o YMFFMFSGGAISNTLFGQFEYFDIEKVRVHLGMT_el -I 2 --format PNG -b 50 -C 0 -l 1
Last position-specific scoring matrix computed, values are in halfbits
A R N D C Q E G H I L K M F P S T W Y V
1 F -8.629 -9.403 -9.761 -10.18 -7.728 -9.819 -10.076 -9.919 -7.456 2.55 1.614 -9.566 -0.07 6.423 -10.749 -9.774 -8.666 3.165 4.504 0.636
2 R 0.59 2.048 -1.258 -0.868 -7.712 0.24 1.353 -2.534 1.479 0.711 -1.638 1.027 -5.32 -0.321 -9.266 -0.278 0.437 -0.11 -0.172 1.059
3 S 1.66 -3.353 -1.862 -0.629 -7.483 -1.019 -3.53 2.167 0.65 -0.831 -3.89 -2.577 -2.774 0.376 -1.378 2.124 0.525 0.709 3.215 -0.707
4 E -1.396 -6.445 -1.826 0.908 -7.755 -1.285 4.688 -4.362 -1.574 0.91 -3.093 -2.064 -2.214 -6.683 -7.188 0.393 2.742 -9.273 -8.565 0.696
5 K -0.62 0.703 0.179 1.413 -7.935 0.694 1.087 -2.728 1.884 -0.588 -0.124 1.747 -1.366 -2.791 1.261 -0.445 -0.291 -9.095 -1.859 -1.291
6 F -2.882 -9.35 -9.638 -10.051 -7.831 -9.816 -6.94 -8.001 -7.364 -0.13 1.976 -9.534 -0.08 7.23 -4.965 -8.042 -6.324 -2.544 4.219 -2.789
7 E 1.108 -0.377 1.265 -3.964 -7.823 2.5 2.76 -3.431 2.352 -0.789 1.536 0.763 -0.975 -3.117 -3.372 -4.077 -1.916 -4.683 -2.999 -1.388
8 E 0.151 1.955 1.354 -0.33 -5.004 1.094 1.939 -3.986 0.652 -0.371 -1.04 1.808 -5.426 -3.634 -0.208 -0.523 -0.184 -9.182 -3.582 -0.414
9 V 0.591 -6.087 0.003 0.122 -3.383 -4.195 -1.893 -2.042 -4.335 2.991 1.963 -7.11 -0.881 -2.628 -7.508 -0.947 -0.081 -8.969 -3.029 3.316