#Seq2Logo.py -Z on -y 0.25:2.0 -H ends -f 38081.peps -o YMFFMFSGGAISNTLFGQFEYFALEEVRMHLGMT_el -I 2 --format PNG -b 50 -C 0 -l 1
Last position-specific scoring matrix computed, values are in halfbits
A R N D C Q E G H I L K M F P S T W Y V
1 F -8.507 -9.436 -9.818 -10.178 -7.57 -9.82 -10.112 -9.954 -7.789 3.447 1.752 -9.554 0.563 6.003 -10.689 -9.769 -8.522 2.844 3.634 1.552
2 R 0.213 2.739 -0.325 -2.251 -7.879 0.485 1.61 -3.721 1.762 0.911 -2.207 1.807 -5.353 -0.803 -9.29 -1.021 -0.736 0.685 0.468 0.69
3 A 1.96 -3.334 -1.647 -0.893 -7.507 -0.343 -2.55 1.717 1.627 -0.832 -3.667 -1.975 -2.231 1.004 -1.563 1.903 -0.176 -0.563 3.218 -1.038
4 K -0.344 -1.522 -1.841 -1.629 -7.592 -0.935 1.889 -4.337 3.094 1.056 -3.6 2.477 -2.185 -2.803 -7.217 0.635 2.557 -9.125 -8.041 1.334
5 K -0.707 0.542 0.394 1.082 -7.965 1.508 0.91 -2.338 1.012 -0.593 -1.038 2.245 -1.765 -1.902 1.261 -0.36 -0.733 -9.048 -1.28 -0.719
6 F -1.527 -9.299 -9.441 -9.922 -8.034 -9.752 -6.888 -6.861 -5.035 -1.89 -1.204 -7.724 -1.271 7.608 -4.959 -6.237 -5.616 -2.438 5.319 -3.653
7 E 0.137 0.8 1.7 -4.393 -8.028 2.272 2.267 -4.015 4.135 -0.818 0.572 1.899 -2.686 -2.146 -3.756 -3.795 -2.107 -4.672 -2.518 -1.164
8 E -0.708 2.162 0.87 -0.005 -8.038 0.812 2.109 -3.701 0.84 -0.835 -1.8 2.171 -7.621 -3.209 1.114 -0.809 -1.117 -9.183 -2.601 0.17
9 V -0.136 -6.107 -0.523 0.576 -7.186 -6.745 -0.118 -3.027 -4.332 3.125 1.788 -6.233 -0.876 0.264 -9.749 -2.576 -1.403 -8.8 -2.539 3.659