#Seq2Logo.py -Z on -y 0.25:2.0 -H ends -f 38081.peps -o YMFFMFSGGAILNTLFGQFEYFALEKVRMHLGMT_el -I 2 --format PNG -b 50 -C 0 -l 1
Last position-specific scoring matrix computed, values are in halfbits
A R N D C Q E G H I L K M F P S T W Y V
1 F -8.628 -9.358 -9.755 -10.178 -7.727 -9.75 -10.047 -9.907 -7.446 2.309 1.896 -9.524 1.215 6.23 -7.985 -9.763 -8.667 3.818 4.537 0.358
2 E 0.7 1.603 -0.458 -0.134 -7.769 0.24 1.458 -1.699 1.757 0.846 -1.748 1.023 -3.353 -0.984 -9.28 -0.911 0.094 1.011 0.163 0.629
3 S 1.364 -2.745 -2.632 0.048 -4.849 -1.211 -3.243 1.579 1.621 -0.823 -3.275 -2.164 -1.776 1.18 -0.736 2.157 0.525 -0.573 2.672 -0.602
4 E -1.396 -6.44 -0.854 2.486 -7.874 -0.718 4.641 -4.327 -1.171 -0.271 -4.178 -3.159 -5.563 -8.722 -7.166 0.976 2.317 -9.371 -8.666 0.403
5 E -0.707 0.521 -0.178 1.538 -7.914 0.691 1.711 -1.848 1.754 -0.821 -0.065 0.465 -2.2 -2.161 1.331 -0.199 -0.19 -4.712 -1.856 -0.821
6 F -4.099 -9.413 -9.57 -10.085 -8.177 -9.965 -8.088 -9.691 -6.922 -3.881 -1.111 -9.669 -1.64 7.932 -8.051 -8.085 -7.451 1.171 5.218 -5.745
7 E 0.805 -0.908 1.696 -1.265 -7.841 1.588 2.727 -1.695 1.624 -0.68 1.094 0.826 -0.692 -3.142 -1.976 -2.661 -1.414 -3.047 -4.19 -1.268
8 E -0.447 1.673 1.201 -0.002 -5.024 0.807 2.266 -2.339 0.451 -0.709 -1.213 1.554 -3.407 -4.149 0.877 -0.904 -0.288 -9.209 -3.061 -0.15
9 V -0.061 -6.093 -0.376 0.895 -4.721 -5.619 -0.699 -2.795 -3.402 2.956 2.049 -7.116 -1.568 -0.419 -6.315 -1.648 -0.286 -8.834 -2.172 3.209