#Seq2Logo.py -Z on -y 0.25:2.0 -H ends -f 38081.peps -o YMFFQFSGGAILNTLFGQFEYFAIEKVRMHLDVT_el -I 2 --format PNG -b 50 -C 0 -l 1
Last position-specific scoring matrix computed, values are in halfbits
A R N D C Q E G H I L K M F P S T W Y V
1 F -8.605 -2.375 -9.633 -10.07 -7.761 -9.637 -9.948 -9.902 -7.343 3.544 0.505 -5.802 -0.878 6.23 -7.954 -9.702 -8.618 1.897 4.834 0.303
2 R 0.584 2.696 -1.88 -1.321 -7.801 0.993 1.356 -4.379 1.334 0.854 -2.315 1.553 -2.174 -0.98 -9.303 -1.602 -0.506 1.013 0.467 1.277
3 S 1.777 -3.349 -3.332 -1.531 -7.365 -0.504 -4.573 0.72 0.006 0.312 -3.812 -2.368 -1.754 0.395 -1.975 2.227 1.091 0.716 3.676 0.21
4 E -1.655 -5.681 -3.658 2.151 -7.753 -1.764 4.313 -7.331 -2.585 1.694 -1.344 -1.913 -4.165 -1.653 -7.26 -0.27 2.096 -9.176 -8.361 1.071
5 K -0.622 0.628 -0.058 0.63 -7.999 0.596 1.896 -4.014 1.757 -0.171 -0.959 2.328 -3.4 -3.184 1.904 -1.345 -0.192 -9.144 -1.864 -0.933
6 F 1.819 -3.825 -4.488 -6.215 -7.676 -6.85 -0.411 -5.853 -4.027 -1.275 -0.48 -4.543 -0.961 6.414 -1.243 -2.081 -3.346 -1.729 3.637 -2.464
7 E 0.396 -1.361 1.189 -1.977 -7.915 2.146 3.185 -3.449 2.012 0.315 1.569 1.208 -4.064 -4.02 -2.733 -5.197 -2.308 -8.942 -1.849 -1.515
8 K 0.215 1.963 0.057 -1.435 -8.017 0.715 2.419 -4.341 0.236 -1.396 -0.737 2.783 -4.255 -3.657 1.538 -1.582 -0.619 -9.24 -4.245 -1.441
9 L -0.551 1.63 -1.738 0.219 -4.827 -3.174 -0.196 -4.914 -3.323 3.043 1.683 -2.807 -2.007 1.017 -9.772 -3.944 -2.52 -8.422 0.874 2.54