#Seq2Logo.py -Z on -y 0.25:2.0 -H ends -f 38081.peps -o YMFFQFSGGAILNTLFGQFEYFDIEKVRVHLGMT_el -I 2 --format PNG -b 50 -C 0 -l 1
Last position-specific scoring matrix computed, values are in halfbits
A R N D C Q E G H I L K M F P S T W Y V
1 F -8.648 -9.393 -9.698 -10.13 -7.792 -9.778 -10.039 -9.926 -7.194 3.46 0.405 -7.752 -1.205 6.323 -7.971 -9.747 -8.671 2.125 5.328 -0.096
2 R 0.281 2.612 -1.255 -0.861 -7.803 0.995 1.66 -4.372 1.625 0.919 -2.892 1.22 -4.18 -0.99 -9.263 -0.815 -0.089 -1.966 0.316 1.327
3 S 2.035 -3.047 -3.337 -1.712 -7.305 -2.466 -4.209 1.183 0.226 0.4 -2.734 -2.588 -0.717 0.14 -1.377 2.294 0.608 -1.161 3.101 0.362
4 E -0.609 -4.472 -2.921 2.286 -7.676 -0.593 3.628 -4.769 -0.86 1.192 -0.475 -1.439 -1.337 -2.785 -7.274 -0.114 1.608 -9.198 -8.38 1.234
5 K -0.135 1.093 0.179 1.351 -7.956 0.994 1.09 -2.935 1.173 -0.961 -0.805 2.205 -2.216 -2.492 1.47 -1.009 -0.291 -4.746 -4.221 -0.828
6 F 1.741 -4.798 -7.135 -7.511 -7.64 -7.05 -4.058 -2.587 -4.069 -0.851 -0.084 -5.099 -0.133 6.663 -1.427 -2.982 -4.032 -1.013 3.496 -2.443
7 L 0.633 -0.14 1.343 -2.69 -7.926 2.662 2.379 -3.186 2.845 0.137 1.36 1.439 -2.645 -3.11 -3.377 -5.195 -2.757 -3.026 -1.83 -1.974
8 K 0.08 2.62 0.585 -2.011 -7.946 0.008 1.802 -2.729 -0.251 -0.589 -0.652 2.568 -5.412 -3.629 0.794 -1.462 -0.504 -9.164 -3.057 -0.415
9 V 0.917 -0.241 -0.995 -1.583 -4.673 -4.83 -2.877 -1.893 -5.734 3.308 1.849 -4.459 -3.773 -1.774 -9.7 -1.785 -1.551 -8.942 -3.541 3.638