#Seq2Logo.py -Z on -y 0.25:2.0 -H ends -f 38081.peps -o YMFFMFSGGAILNTLYLQFEYFAIEKVRVHLDVT_el -I 2 --format PNG -b 50 -C 0 -l 1
Last position-specific scoring matrix computed, values are in halfbits
A R N D C Q E G H I L K M F P S T W Y V
1 R -8.372 8.094 -7.359 -8.393 -9.125 -5.368 -7.388 -8.959 -6.819 -9.428 -8.913 1.086 -8.108 -4.977 -9.514 -8.268 -8.327 -9.081 -5.151 -9.027
2 A 2.018 2.193 -2.407 -2.297 -7.537 0.35 1.007 -4.739 1.004 0.799 -0.529 0.141 -0.983 0.109 -9.302 -1.724 -0.091 -1.196 0.471 1.072
3 A 2.713 -3.38 -3.792 -1.715 -4.772 -0.844 -1.545 0.843 -0.015 -0.773 -0.689 -4.372 -3.331 1.816 -1.042 1.066 -0.179 -0.081 2.244 0.431
4 E 1.734 -8.022 -4.188 0.465 -4.766 -1.353 3.343 -4.321 -3.3 1.383 -0.746 -5.168 -0.988 -8.145 -9.06 0.518 2.481 -9.233 -8.532 1.6
5 L 0.751 -0.669 -0.78 0.16 -4.876 1.569 1.503 -4.051 -2.062 1.272 1.308 -0.249 -3.211 -0.791 -1.388 -2.693 -0.293 -3.022 -1.539 1.246
6 A 5.325 -8.629 -6.885 -7.134 -4.475 -6.701 -6.354 -3.004 -8.436 -0.705 -4.477 -8.068 -5.35 -8.388 2.795 -1.053 -1.842 -9.509 -8.648 2.992
7 A 3.953 -4.517 0.022 -3.666 -7.209 0.879 2.212 -2.462 -0.279 -0.412 0.731 -2.995 -0.16 -2.764 -1.751 -2.432 -2.707 -9.104 -6.229 0.449
8 A 1.604 1.416 -0.921 -0.475 -7.642 0.987 1.657 -2.932 -1.194 -0.663 0.231 0.691 -1.722 -3.138 -0.092 -1.007 -0.391 -1.996 -1.866 0.422
9 D 1.477 -8.058 2.027 4.016 -7.758 -3.43 2.925 -2.485 -1.188 -0.682 -1.205 -7.54 -0.209 -4.148 -5.328 -0.263 -2.069 -9.417 -8.641 0.866