#Seq2Logo.py -Z on -y 0.25:2.0 -H ends -f 38081.peps -o YMFFMFSGGAISNTLYLQFEYFDLEEVRVHLDVT_el -I 2 --format PNG -b 50 -C 0 -l 1
Last position-specific scoring matrix computed, values are in halfbits
A R N D C Q E G H I L K M F P S T W Y V
1 R -8.414 8.211 -7.389 -8.458 -9.116 -6.416 -7.463 -9.014 -6.813 -6.548 -7.818 -0.991 -8.073 -3.759 -9.583 -8.311 -8.349 -9.023 -4.276 -8.96
2 A 1.6 2.429 -2.69 -1.887 -7.578 0.681 0.26 -6.389 1.007 0.341 -0.745 0.39 -0.163 0.116 -9.333 -1.471 0.434 1.019 0.998 1.179
3 A 2.766 -1.474 -3.021 -2.117 -7.426 -1.027 -2.021 1.387 -0.245 -1.344 -1.453 -5.314 -3.373 1.759 -1.57 0.685 -0.501 1.046 3.727 -0.689
4 K 1.483 -2.373 -2.133 -3.372 -4.811 -1.584 0.82 -5.178 2.643 1.554 -0.81 2.351 -0.976 -1.851 -9.18 -0.902 1.661 -3.026 -2.158 1.691
5 L 0.339 0.133 -0.358 -1.188 -7.538 1.239 0.549 -5.823 -2.618 1.723 1.691 0.366 -2.064 -1.821 0.225 -2.526 -0.506 -3.028 -1.546 1.255
6 A 5.391 -8.615 -5.803 -7.112 -6.672 -8.516 -7.235 -2.995 -8.387 -0.396 -3.037 -8.043 -7.383 -4.753 3.077 -1.048 -1.215 -9.481 -8.604 2.077
7 A 3.897 -1.098 -0.223 -6.633 -7.274 1.722 1.552 -2.284 1.612 -0.649 1.145 -2.296 0.074 -3.115 -2.444 -2.62 -4.697 -8.989 -3.538 -0.653
8 A 1.304 1.836 -1.085 -0.6 -7.671 0.692 1.459 -2.336 -0.542 -1.47 0.433 1.091 -2.685 -3.143 -0.46 -0.711 -0.287 -1.997 -2.206 0.555
9 A 2.449 -4.495 3.545 1.947 -7.574 -0.456 1.614 -0.998 0.65 -1.228 -1.91 -4.635 -0.746 -6.713 -3.347 0.704 -1.227 -9.394 -8.56 -0.058