#Seq2Logo.py -Z on -y 0.25:2.0 -H ends -f 38081.peps -o YMFFMFSGGAILNTLYLQFEYFDIEEVRMHLDVT_el -I 2 --format PNG -b 50 -C 0 -l 1
Last position-specific scoring matrix computed, values are in halfbits
A R N D C Q E G H I L K M F P S T W Y V
1 R -8.4 8.248 -7.357 -8.425 -9.14 -6.373 -7.421 -8.992 -6.818 -9.466 -7.874 -0.515 -8.11 -9.372 -9.554 -8.284 -8.337 -9.144 -8.67 -9.042
2 R 1.432 2.562 -2.143 -2.085 -7.592 0.683 0.555 -5.213 0.642 0.345 -0.329 0.47 -0.981 -0.156 -9.34 -1.73 0.183 -0.101 0.743 1.389
3 A 2.626 -1.474 -3.385 -2.342 -4.82 -0.846 -2.201 1.386 -0.252 -1.196 -1.353 -4.805 -3.362 2.344 -2.216 0.625 -0.091 1.842 3.334 -0.792
4 K 1.022 -0.724 -2.107 -4.523 -4.893 -0.755 1.135 -6.339 3.177 1.363 -1.729 3.47 -1.0 -3.562 -9.094 -0.8 1.268 -4.69 -2.549 0.772
5 L 0.143 0.141 -0.356 -2.079 -7.583 1.41 0.819 -5.827 -0.867 1.451 1.623 0.811 -2.072 -2.374 0.327 -3.108 -0.193 -3.027 -1.271 1.196
6 A 5.358 -8.635 -5.808 -7.115 -6.696 -8.532 -7.245 -2.042 -8.4 0.09 -2.878 -8.051 -7.393 -8.421 3.263 -1.16 -2.033 -9.534 -8.69 1.913
7 A 3.606 -1.256 -0.495 -5.802 -7.288 1.646 1.344 -2.127 1.61 -0.75 1.711 -1.76 0.677 -3.999 -2.45 -3.246 -3.248 -8.977 -3.541 -0.545
8 A 1.118 1.484 -0.76 -1.154 -7.67 0.794 1.407 -2.524 -0.009 -1.17 0.179 1.326 -0.698 -3.135 -0.333 -0.53 -0.498 -1.995 -1.86 0.752
9 A 2.541 -6.615 3.679 0.65 -7.462 -0.622 1.354 -1.232 0.835 -0.47 -1.787 -5.741 -0.737 -6.667 -2.71 1.232 -0.471 -9.361 -8.5 -0.046