#Seq2Logo.py -Z on -y 0.25:2.0 -H ends -f 38081.peps -o YMFFQFSGGAILNTLYLQFEYFAIEEVRMHLGMT_el -I 2 --format PNG -b 50 -C 0 -l 1
Last position-specific scoring matrix computed, values are in halfbits
A R N D C Q E G H I L K M F P S T W Y V
1 F -8.71 -9.395 -9.641 -10.119 -7.902 -9.768 -10.014 -9.915 -6.908 3.249 -0.76 -9.522 -2.018 6.541 -10.714 -9.732 -8.744 0.84 5.972 -0.78
2 R 0.911 2.969 -0.612 -1.485 -7.77 1.176 1.356 -5.753 1.482 0.862 -2.306 1.221 -2.689 -0.64 -9.313 -2.169 -1.729 -3.006 -0.361 1.805
3 A 2.101 -1.298 -4.23 -2.334 -7.405 -2.791 -3.287 1.337 0.651 -0.054 -2.336 -3.327 -0.448 0.025 -0.335 1.863 0.364 0.351 3.721 -0.897
4 V 0.168 -5.055 -2.393 -0.888 -7.265 -0.815 0.614 -5.756 1.306 1.978 0.115 -0.081 -1.654 -1.169 -9.268 0.851 2.36 -4.69 -4.953 2.422
5 K -0.795 1.5 0.29 -0.12 -7.996 1.092 1.09 -3.416 1.888 -1.113 -1.807 2.489 -2.771 -4.774 2.018 -0.192 0.186 -4.735 -1.868 -1.067
6 A 4.228 -8.752 -5.019 -4.301 -7.141 -8.735 -4.309 -0.588 -5.436 -0.66 -3.168 -8.333 -3.354 4.458 1.784 -0.517 -1.899 -7.894 1.858 -0.657
7 E 1.249 -0.372 2.183 -3.559 -7.9 2.445 2.525 -5.147 3.632 -0.466 0.326 0.833 -2.691 -3.547 -3.751 -3.272 -2.51 -1.984 -1.247 -0.919
8 K 0.344 2.575 -0.607 -2.717 -7.929 0.004 1.976 -2.736 -0.259 0.117 -0.874 2.336 -7.477 -3.205 1.961 -1.86 -0.861 -9.236 -4.245 -0.504
9 V 0.218 -6.181 -2.018 -1.427 -4.626 -5.734 -2.101 -4.523 -5.841 3.687 1.867 -6.341 -0.553 -1.745 -9.839 -3.202 -2.269 -8.921 -3.525 4.467