#Seq2Logo.py -Z on -y 0.25:2.0 -H ends -f 38081.peps -o YMFFMFSGGAISNTLYLQFEYFDLERVRMHLDVT_el -I 2 --format PNG -b 50 -C 0 -l 1
Last position-specific scoring matrix computed, values are in halfbits
A R N D C Q E G H I L K M F P S T W Y V
1 R -8.392 8.218 -7.353 -8.415 -9.142 -6.369 -7.41 -8.982 -6.812 -9.478 -8.935 -0.023 -8.122 -9.35 -9.542 -8.277 -8.334 -9.127 -6.421 -9.049
2 A 1.798 2.041 -3.792 -0.894 -7.52 -0.029 1.006 -5.738 -0.855 0.435 -0.199 0.303 -1.312 0.112 -9.331 -1.474 -0.188 1.015 0.323 1.681
3 A 2.597 -1.144 -3.812 -1.914 -4.797 -1.026 -1.407 0.454 -0.541 -0.894 -0.682 -4.355 -1.722 2.278 -1.211 0.502 -0.286 0.712 2.612 0.36
4 V 1.396 -8.324 -3.881 -2.817 -4.69 -0.83 1.726 -4.821 -1.264 2.395 1.583 -4.394 0.882 -3.899 -9.418 -1.88 1.444 -8.995 -5.027 2.893
5 L 0.524 -0.945 -0.348 0.157 -7.551 1.241 1.067 -5.251 -3.286 1.613 1.383 0.284 -3.202 -0.973 -0.469 -2.341 0.094 -3.031 -2.186 1.143
6 A 5.435 -8.583 -5.773 -5.343 -4.484 -6.67 -6.315 -2.199 -8.358 -1.126 -4.539 -8.004 -7.474 -8.497 2.92 -0.742 -1.51 -9.53 -8.693 2.303
7 A 3.766 -3.668 -0.498 -5.769 -7.203 1.327 1.831 -1.804 0.426 -0.4 1.304 -4.265 0.848 -2.118 -3.022 -2.122 -2.712 -8.971 -4.181 0.236
8 A 1.434 1.836 -0.767 -1.659 -7.68 1.081 1.458 -2.002 -0.008 -0.541 0.234 1.151 -2.156 -2.753 -0.884 -1.86 -0.986 -3.029 -1.026 0.818
9 A 2.48 -6.576 3.685 2.685 -7.661 -0.018 1.985 -0.379 -0.515 -3.004 -3.378 -7.371 -0.77 -5.676 -4.665 1.037 -1.224 -9.443 -8.68 -1.196