#Seq2Logo.py -Z on -y 0.25:2.0 -H ends -f 38081.peps -o YMFFQFSGGAILNTLYGQFEYFDLEKVRVHLDVT_el -I 2 --format PNG -b 50 -C 0 -l 1
Last position-specific scoring matrix computed, values are in halfbits
A R N D C Q E G H I L K M F P S T W Y V
1 F -7.377 0.455 -9.367 -9.862 -7.77 -7.029 -9.591 -9.795 -4.022 3.57 -0.218 -2.083 -1.22 5.576 -10.467 -9.512 -8.504 1.651 4.92 1.235
2 R 0.641 3.187 -3.337 -1.86 -7.764 0.125 1.353 -7.304 0.835 0.787 -2.579 1.71 -4.157 -0.172 -9.28 -2.01 0.589 -1.199 0.607 1.432
3 A 2.426 -1.473 -7.866 -1.209 -7.257 -1.901 -2.791 -0.147 -0.839 0.787 -3.778 -5.302 -2.712 0.507 -1.973 2.123 0.895 -0.07 3.48 0.836
4 E -0.205 -7.856 -4.616 3.133 -7.798 -1.757 4.464 -7.265 -5.333 1.633 -2.09 -3.212 -4.217 -3.192 -9.091 -1.103 1.811 -9.292 -8.571 0.768
5 E 0.01 0.452 0.06 0.636 -7.903 0.807 2.49 -5.185 0.833 -0.156 -0.872 1.941 -3.381 -4.13 0.878 -1.848 0.513 -9.196 -3.053 -0.052
6 A 3.783 -5.244 -3.919 -6.023 -7.19 -3.616 0.522 -3.951 -3.297 0.878 0.056 -3.38 -1.301 3.791 0.015 -1.997 -1.41 -8.104 0.786 -0.331
7 E 2.378 -2.157 -0.343 -1.997 -7.664 1.511 3.293 -7.166 2.238 0.406 1.735 0.303 -2.623 -4.615 -1.972 -5.636 -3.924 -9.022 -3.539 -1.778
8 K 0.754 3.022 -0.596 -2.967 -8.019 0.721 2.19 -3.996 -0.828 -1.406 -0.594 3.144 -5.45 -5.63 0.88 -1.848 -1.123 -9.26 -5.122 -2.21
9 R 0.961 3.994 0.76 -1.34 -7.687 -0.448 -0.34 -4.765 -2.028 0.871 -0.025 0.64 -0.681 -2.733 -9.389 -1.878 -2.086 -8.863 -0.798 1.488