#Seq2Logo.py -Z on -y 0.25:2.0 -H ends -f 38081.peps -o YMFFMFSGGAISNTLYLQFEYFDIEKVRVHLDVT_el -I 2 --format PNG -b 50 -C 0 -l 1
Last position-specific scoring matrix computed, values are in halfbits
A R N D C Q E G H I L K M F P S T W Y V
1 R -8.394 8.23 -7.351 -8.414 -9.144 -6.366 -7.409 -8.982 -6.817 -9.484 -8.937 -0.114 -8.123 -9.387 -9.543 -8.277 -8.333 -9.148 -8.672 -9.053
2 A 2.053 2.334 -2.411 -1.692 -7.51 -0.167 0.754 -5.713 -0.012 0.177 -0.328 0.052 -1.317 0.687 -9.319 -1.468 0.004 0.321 0.174 1.39
3 A 2.656 -1.847 -3.802 -1.719 -7.346 -1.659 -1.408 0.78 -0.266 -0.895 -0.474 -4.368 -2.164 2.09 -1.384 0.797 -0.284 -0.075 2.54 0.287
4 E 1.884 -8.116 -3.777 -0.72 -4.736 -1.166 2.969 -4.73 -1.235 1.876 -0.246 -5.227 -0.665 -6.36 -9.161 0.041 1.868 -9.134 -5.088 2.277
5 L 0.752 -1.103 -0.218 0.158 -4.856 1.24 1.181 -4.787 -4.163 1.613 1.044 -0.459 -1.285 -0.975 -0.218 -2.687 0.353 -3.032 -2.188 1.304
6 A 5.175 -8.643 -5.029 -5.366 -6.678 -8.542 -7.247 -3.251 -8.435 -0.068 -4.473 -8.08 -7.339 -8.379 2.999 -0.755 -1.51 -9.529 -8.656 2.934
7 A 3.989 -4.08 -0.102 -5.093 -7.167 0.873 1.738 -1.648 0.208 -0.515 1.149 -4.7 0.077 -2.74 -2.195 -1.964 -3.227 -9.006 -3.554 0.308
8 A 1.723 1.89 -0.763 -1.008 -7.649 1.171 1.355 -2.717 -0.537 -1.174 0.385 0.9 -3.317 -3.127 -0.735 -1.115 -0.853 -3.033 -1.03 0.557
9 A 2.685 -7.88 3.405 2.199 -7.551 -0.781 1.805 -0.472 0.452 -2.97 -2.419 -6.446 -0.479 -4.82 -5.288 1.376 -1.081 -9.379 -8.563 -0.834