#Seq2Logo.py -Z on -y 0.25:2.0 -H ends -f 38081.peps -o YMFFMFSGGAILNTLFGQFEYFALEKLRMHLDVT_el -I 2 --format PNG -b 50 -C 0 -l 1
Last position-specific scoring matrix computed, values are in halfbits
A R N D C Q E G H I L K M F P S T W Y V
1 F -8.473 4.086 -8.81 -9.425 -7.999 -4.118 -5.805 -9.575 -3.197 1.968 0.87 -0.67 -0.625 5.128 -7.786 -9.198 -7.118 1.865 3.312 0.091
2 R -0.066 2.933 -0.919 -1.668 -7.835 1.174 0.957 -3.737 0.835 0.923 -1.731 1.658 -2.165 -0.038 -9.343 -1.874 -0.0 0.684 -0.354 1.059
3 S 2.035 -2.764 -2.648 -1.525 -7.383 -2.168 -3.858 1.673 0.455 -0.699 -3.866 -3.974 -5.471 1.018 -3.747 2.394 1.026 -0.061 3.815 -0.592
4 E -1.511 -4.907 -2.027 2.064 -7.819 -1.08 4.501 -6.333 -0.835 0.026 -4.691 -0.866 -7.728 -6.782 -7.154 0.87 2.849 -9.335 -8.6 0.479
5 E -1.095 0.348 -0.453 0.369 -7.902 0.695 2.103 -2.543 1.883 -0.349 -0.055 1.206 -1.354 -1.888 1.331 -0.538 -0.396 -9.052 -2.189 -0.052
6 F 0.544 -9.219 -9.443 -9.803 -7.779 -5.936 -5.426 -9.272 -5.174 -0.697 0.215 -7.625 -3.915 7.13 -3.148 -7.777 -6.268 -1.636 4.652 -0.97
7 E 1.473 -1.368 0.857 -2.917 -7.818 1.885 3.428 -4.725 2.751 -0.145 1.357 0.547 -3.286 -5.414 -2.724 -2.659 -2.511 -9.036 -3.537 -1.972
8 E -0.133 2.062 0.494 -0.684 -5.061 1.104 2.798 -5.163 0.457 -2.737 -1.061 1.908 -2.774 -4.185 1.906 -0.526 -1.405 -9.259 -3.596 -1.461
9 V -0.374 -3.762 0.845 2.356 -7.467 -5.432 1.39 -4.079 -0.577 2.299 1.363 -5.38 -0.93 -0.602 -7.479 -1.768 -1.561 -8.914 -2.179 2.694