#Seq2Logo.py -Z on -y 0.25:2.0 -H ends -f 38081.peps -o YMFFQFSGGAILNTLYGQFEYFALERVRMHLVMT_el -I 2 --format PNG -b 50 -C 0 -l 1
Last position-specific scoring matrix computed, values are in halfbits
A R N D C Q E G H I L K M F P S T W Y V
1 I -8.261 -9.541 -9.965 -10.156 -7.207 -9.801 -10.231 -10.113 -8.639 5.642 2.019 -9.49 1.395 3.886 -10.494 -9.787 -8.188 -2.871 1.047 2.097
2 R 1.015 2.973 -1.877 -1.83 -7.801 0.378 2.261 -5.209 0.837 0.559 -2.083 1.762 -5.341 -1.873 -9.217 -2.156 -0.505 -3.015 -0.374 1.326
3 A 1.996 -4.134 -3.783 -3.14 -7.315 -1.668 -5.632 1.07 -0.263 1.185 -3.55 -1.664 -1.351 1.448 -1.208 1.783 0.526 -0.561 3.163 0.712
4 E -0.276 -4.596 -4.852 0.437 -7.332 -2.124 2.36 -5.838 -1.646 2.497 1.1 -3.057 -0.928 -0.783 -9.377 0.23 1.501 -8.955 -4.987 2.209
5 K -0.532 1.492 -0.3 1.769 -8.014 0.252 1.369 -2.936 1.48 -1.248 -1.806 2.078 -1.788 -3.651 1.847 -0.806 0.002 -4.752 -3.053 -0.732
6 F 2.177 -7.205 -4.489 -7.317 -7.605 -5.755 -1.469 -2.562 -4.074 -1.578 -1.738 -5.629 -1.306 6.634 -1.419 -1.652 -3.338 -1.031 2.942 -1.236
7 E 0.396 -1.943 2.122 -1.785 -7.846 1.508 2.885 -3.716 2.458 -0.325 1.703 0.133 -0.671 -2.394 -4.211 -2.875 -2.747 -1.981 -1.527 -0.896
8 K -0.209 2.064 -0.903 -0.23 -7.989 0.379 1.939 -3.181 -0.254 -0.958 -0.515 2.746 -5.426 -3.631 1.537 -1.121 -1.122 -9.184 -2.611 -0.518
9 V -0.457 -2.866 -2.868 -2.438 -7.057 -4.921 -2.115 -4.567 -8.597 3.634 2.441 -8.751 -1.139 0.526 -9.993 -6.085 -3.904 -8.55 -0.35 4.213