#Seq2Logo.py -Z on -y 0.25:2.0 -H ends -f 38081.peps -o YMFFMFSGGAILNTLYLQFEYFALERVRMHLDVT_el -I 2 --format PNG -b 50 -C 0 -l 1
Last position-specific scoring matrix computed, values are in halfbits
A R N D C Q E G H I L K M F P S T W Y V
1 R -8.377 8.094 -7.366 -8.403 -9.123 -6.385 -7.402 -8.965 -6.816 -9.415 -8.902 1.023 -8.105 -4.305 -9.521 -8.275 -8.331 -9.048 -4.282 -9.021
2 A 1.601 2.146 -2.143 -1.674 -7.599 0.236 1.602 -4.756 -0.009 0.657 -0.462 0.618 -0.984 -0.461 -9.311 -1.867 -0.504 0.316 -0.0 1.44
3 A 2.539 -1.651 -4.297 -1.719 -4.788 -0.669 -0.899 0.239 -0.854 -0.528 -0.209 -4.356 -2.151 1.958 -1.21 0.31 0.187 0.342 2.396 0.437
4 L 1.306 -8.303 -4.356 -1.874 -4.708 -1.002 2.355 -5.83 -3.371 2.732 1.645 -5.334 -0.101 -6.144 -9.369 -1.872 1.863 -9.065 -6.263 2.332
5 L 0.753 -0.799 -0.341 0.351 -4.885 1.646 1.455 -4.772 -2.054 0.88 1.114 -0.056 -3.237 -0.979 -0.601 -1.874 -0.189 -3.027 -1.543 1.075
6 A 5.582 -8.598 -5.789 -6.096 -4.467 -6.679 -6.331 -1.313 -8.367 -0.859 -4.262 -8.023 -7.437 -8.458 2.339 -1.26 -2.221 -9.485 -8.681 2.305
7 A 3.785 -5.79 -0.229 -3.679 -7.222 0.566 2.287 -1.958 -0.282 0.089 1.229 -3.907 0.291 -1.858 -2.198 -2.449 -3.872 -9.018 -5.02 0.238
8 A 1.562 1.417 -1.886 -0.601 -7.64 1.17 1.751 -2.939 -1.194 -0.326 0.234 0.83 -3.312 -2.758 -0.594 -1.341 -0.187 -1.991 -1.281 0.63
9 D 1.157 -7.952 2.316 4.636 -7.993 -1.787 3.252 -2.479 -1.17 -1.552 -1.823 -7.409 -1.073 -4.199 -6.127 -0.99 -2.279 -9.49 -8.737 -0.343