#Seq2Logo.py -Z on -y 0.25:2.0 -H ends -f 38081.peps -o YMFFMFSGGAILNTLFGQFEYFDFEKVRMHLGMT_el -I 2 --format PNG -b 50 -C 0 -l 1
Last position-specific scoring matrix computed, values are in halfbits
A R N D C Q E G H I L K M F P S T W Y V
1 F -8.749 -9.365 -9.671 -10.154 -7.926 -9.811 -10.018 -9.869 -7.083 1.635 0.585 -7.777 -1.223 6.852 -10.8 -9.754 -8.81 3.321 5.362 -0.323
2 R 0.406 2.814 -0.609 -1.325 -7.769 0.585 0.829 -2.544 1.332 0.993 -2.188 1.275 -4.158 -0.984 -9.334 -1.241 -0.617 0.314 0.162 1.577
3 S 1.577 -3.346 -2.653 -1.701 -4.846 -0.347 -3.007 1.625 1.485 -0.368 -2.933 -2.575 -2.221 0.609 -0.335 2.05 0.195 -0.07 3.481 -1.029
4 E -0.268 -4.899 -1.623 0.401 -7.665 0.265 3.97 -4.737 -0.54 0.987 -1.97 0.054 -1.357 -8.397 -7.205 0.258 2.274 -9.255 -8.496 0.948
5 K -0.531 0.937 0.059 0.934 -7.9 0.893 1.025 -2.004 0.831 -0.363 -0.646 1.647 -1.028 -3.166 1.663 -0.715 -0.091 -4.719 -1.563 -0.507
6 F -0.599 -7.361 -9.411 -9.842 -7.889 -7.223 -6.844 -9.388 -3.983 -1.092 0.66 -5.205 -1.248 7.219 -2.84 -5.15 -5.574 0.474 4.688 -3.904
7 E 1.43 0.064 1.416 -2.442 -7.798 1.808 2.3 -2.333 1.759 -0.144 0.89 1.325 -3.304 -2.761 -2.455 -2.851 -2.096 -3.035 -2.184 -1.137
8 E 0.011 2.163 0.684 -1.277 -5.022 0.812 2.107 -3.697 1.013 -0.593 -0.88 2.255 -5.426 -3.2 0.62 -0.808 -0.983 -9.171 -3.573 -0.419
9 V 1.848 -4.156 1.619 -0.627 -2.502 -1.437 -2.197 -0.24 -0.897 1.576 0.881 -5.361 -3.211 -3.99 -6.2 0.798 0.608 -9.163 -6.276 2.455