#Seq2Logo.py -Z on -y 0.25:2.0 -H ends -f 38081.peps -o YMFFMFSGGAISNTLYLQFEYFDIEEVRVHLDVT_el -I 2 --format PNG -b 50 -C 0 -l 1
Last position-specific scoring matrix computed, values are in halfbits
A R N D C Q E G H I L K M F P S T W Y V
1 R -8.424 8.156 -7.423 -8.486 -9.088 -6.458 -7.5 -9.03 -6.819 -5.124 -7.02 -1.133 -8.028 -2.251 -9.606 -8.336 -8.359 -4.68 -3.061 -8.874
2 R 1.389 2.52 -2.138 -2.082 -7.612 0.468 0.556 -5.741 1.007 -0.011 -0.748 0.762 -0.165 0.356 -9.327 -1.472 0.269 -0.099 0.748 1.334
3 A 2.738 -2.057 -2.711 -2.589 -7.419 -1.44 -2.598 1.233 -0.24 -0.923 -1.173 -5.352 -4.186 2.043 -2.216 0.682 -0.616 1.054 4.118 -0.788
4 K 1.17 -2.62 -2.389 -4.129 -4.818 -1.588 0.48 -4.739 3.007 1.605 -1.134 2.39 -1.315 -1.378 -9.189 -0.706 2.052 -1.976 -1.239 1.598
5 L 0.145 -0.181 -0.793 -1.517 -7.531 1.151 0.477 -6.512 -1.619 1.873 1.659 0.666 -2.063 -2.37 0.611 -2.355 -0.191 -3.031 -1.548 1.257
6 A 5.434 -8.614 -3.919 -7.11 -6.665 -8.522 -7.242 -3.485 -8.361 0.094 -2.57 -8.055 -7.326 -3.18 2.753 -1.156 -1.515 -9.414 -8.517 1.874
7 A 3.706 -1.255 -0.1 -6.658 -7.297 1.647 1.5 -2.675 1.612 -0.523 1.443 -1.757 0.293 -2.728 -2.722 -3.243 -4.709 -8.919 -2.564 -0.45
8 A 1.258 1.837 -0.921 -1.318 -7.673 0.69 1.133 -2.338 -0.264 -1.174 0.435 1.383 -2.16 -3.13 -0.211 -0.809 -0.392 -1.227 -1.555 0.488
9 A 2.387 -5.081 3.472 1.725 -7.505 -1.373 1.408 -1.783 0.645 -0.347 -1.028 -5.773 -0.728 -4.127 -3.019 0.642 -1.088 -9.332 -8.45 0.418