#Seq2Logo.py -Z on -y 0.25:2.0 -H ends -f 38081.peps -o YMFFQFSGGAILNTLFGQFEYFDFEEVRMHLGMT_el -I 2 --format PNG -b 50 -C 0 -l 1
Last position-specific scoring matrix computed, values are in halfbits
A R N D C Q E G H I L K M F P S T W Y V
1 F -8.682 -9.449 -9.733 -10.148 -7.793 -9.882 -10.096 -9.923 -7.361 3.46 0.307 -7.791 -1.567 6.657 -10.761 -9.78 -8.693 2.325 4.745 -0.181
2 R 0.405 3.325 -1.659 -3.031 -7.851 1.181 1.462 -4.382 1.179 1.176 -2.454 1.861 -5.326 -1.398 -9.282 -1.357 -1.12 -0.61 -0.18 1.114
3 S 1.737 -2.753 -3.739 -2.326 -7.463 -1.651 -3.274 1.484 1.889 -0.153 -3.846 -2.369 -1.77 0.504 0.018 2.12 -0.487 -0.068 3.629 -0.044
4 K 0.226 -1.328 -2.096 -2.479 -7.647 -0.757 1.512 -3.702 2.834 0.926 -1.08 3.273 -1.72 -1.648 -7.243 -0.269 1.608 -9.057 -7.976 0.829
5 K -0.29 1.105 -0.309 0.621 -8.044 1.589 0.515 -2.164 1.334 -1.253 -0.889 3.04 -2.223 -2.814 1.726 -1.589 -0.623 -3.052 -1.557 -2.044
6 F 2.338 -3.858 -7.089 -7.48 -7.586 -9.125 -4.832 -1.727 -2.009 -0.743 -0.481 -6.359 -1.673 6.191 -0.363 -3.172 -4.419 -1.724 4.116 -1.927
7 K -0.003 1.748 1.197 -3.979 -8.093 2.669 1.986 -5.202 3.345 -0.828 0.374 2.642 -3.331 -3.136 -4.193 -4.407 -2.309 -3.02 -1.001 -1.563
8 K -0.368 2.407 -0.597 -1.46 -8.017 0.141 1.665 -3.437 0.448 -1.087 -0.803 3.256 -5.424 -2.816 1.114 -1.594 -1.123 -9.11 -2.209 -0.152
9 V 1.122 -1.886 -0.392 -2.17 -4.633 -6.813 -3.996 -2.389 -4.371 2.935 1.788 -4.961 -1.556 -2.314 -9.661 -0.851 -1.098 -8.984 -4.186 4.007