#Seq2Logo.py -Z on -y 0.25:2.0 -H ends -f 38081.peps -o YMFFMFSGGAISNTLYLQFEYFDIEEVRMHLGMT_el -I 2 --format PNG -b 50 -C 0 -l 1
Last position-specific scoring matrix computed, values are in halfbits
A R N D C Q E G H I L K M F P S T W Y V
1 F -8.752 -1.373 -9.516 -10.052 -7.997 -9.576 -9.862 -9.843 -6.919 1.927 -0.169 -6.535 -1.608 6.802 -10.72 -9.672 -8.806 1.43 5.684 -1.052
2 V 0.754 2.61 -2.391 -1.866 -7.71 1.342 1.132 -4.388 1.175 0.938 -1.935 1.155 -3.308 -0.463 -9.335 -1.482 -1.259 -1.2 0.607 2.019
3 Y 2.102 -3.064 -4.225 -2.338 -7.451 -2.474 -3.883 1.846 0.255 -1.521 -3.451 -4.826 -1.774 1.221 -3.038 2.292 -0.602 1.612 4.667 -0.92
4 K 0.235 -2.592 -2.351 -3.052 -7.456 -2.078 -0.244 -3.995 3.619 0.803 -1.727 2.796 -5.266 -1.2 -6.122 0.691 2.633 -4.692 -4.892 1.769
5 L -0.53 -0.051 0.045 -1.011 -7.755 0.981 0.563 -3.19 1.476 0.32 0.39 1.535 -1.715 -2.408 1.534 -0.451 0.271 -8.869 -0.016 -0.034
6 A 3.948 -8.915 -8.98 -6.312 -7.136 -5.76 -6.582 -4.303 -7.863 0.957 -0.48 -8.602 -0.958 5.074 1.027 -2.879 -2.753 -4.334 1.876 -0.059
7 E 1.676 0.357 1.627 -5.54 -7.813 2.082 2.557 -6.323 3.764 -0.045 0.891 0.765 -3.293 -4.043 -3.752 -4.067 -3.272 -8.95 -2.54 -0.792
8 E 0.215 2.255 0.487 -1.449 -7.895 0.132 1.978 -5.178 1.48 -0.067 -1.116 1.709 -2.737 -2.819 1.333 -1.113 0.27 -9.185 -4.21 -0.603
9 V 1.215 -6.033 2.326 -0.281 -2.491 -4.171 -2.418 -4.033 -3.38 2.561 1.411 -7.031 -1.597 -3.024 -9.558 -0.552 -0.711 -9.125 -6.231 3.583