#Seq2Logo.py -Z on -y 0.25:2.0 -H ends -f 38081.peps -o YMFFMFSGGAISNTLFGQFEYFALEKLRMHLVMT_el -I 2 --format PNG -b 50 -C 0 -l 1
Last position-specific scoring matrix computed, values are in halfbits
A R N D C Q E G H I L K M F P S T W Y V
1 I -7.095 -9.432 -9.986 -10.169 -7.046 -9.654 -10.15 -10.103 -8.92 5.085 3.062 -9.394 1.796 1.717 -7.844 -9.709 -8.052 -8.297 0.031 3.431
2 E 0.471 2.528 -0.746 -1.459 -7.792 0.132 2.061 -3.707 1.483 0.048 -1.982 1.608 -7.387 -1.408 -9.188 -0.903 0.948 -3.015 -0.568 0.934
3 G 1.66 -2.75 -1.868 -1.193 -7.463 -1.216 -3.847 2.277 1.173 -0.359 -3.655 -1.984 -4.267 0.803 -1.565 1.94 0.196 -1.166 2.799 0.114
4 E -0.587 -5.654 -2.923 0.208 -7.506 -1.123 3.744 -4.01 -1.208 1.001 -2.32 -1.433 -4.171 -3.607 -9.038 1.025 3.019 -9.202 -8.411 1.725
5 E -0.898 0.943 0.188 1.989 -8.087 0.257 2.193 -2.338 1.335 -1.898 -1.412 1.897 -2.246 -3.209 1.47 -0.905 -0.293 -9.2 -2.217 -1.077
6 F -2.521 -9.315 -9.559 -9.928 -7.914 -9.747 -4.955 -7.957 -5.218 -0.459 0.934 -7.727 -0.101 7.368 -2.851 -8.003 -7.317 0.072 4.3 -2.238
7 E 0.52 -2.904 2.007 -1.592 -7.821 1.809 3.068 -4.015 2.244 -0.777 1.604 0.048 -0.675 -3.1 -3.759 -2.491 -1.91 -4.679 -2.178 -0.583
8 K -0.364 2.16 0.396 0.944 -5.041 0.258 1.762 -2.933 0.449 -1.111 -1.707 2.04 -5.527 -6.746 1.847 -0.44 -0.732 -9.318 -3.079 -0.53
9 V -1.212 -8.919 -1.001 0.392 -7.166 -4.878 -1.063 -2.627 -8.478 3.597 2.331 -7.27 -1.936 -0.107 -9.889 -3.698 -2.091 -8.722 -1.252 3.734