#Seq2Logo.py -Z on -y 0.25:2.0 -H ends -f 38081.peps -o YMFFMFSGGAILNTLFGQFEYFEIEEVRMHLGMT_el -I 2 --format PNG -b 50 -C 0 -l 1
Last position-specific scoring matrix computed, values are in halfbits
A R N D C Q E G H I L K M F P S T W Y V
1 F -8.522 -9.42 -9.826 -10.19 -7.564 -9.81 -10.115 -9.975 -7.757 3.361 2.267 -9.546 -0.047 5.92 -10.678 -9.784 -8.538 2.101 3.818 1.197
2 R 0.407 2.254 -0.457 -1.149 -7.856 0.801 1.462 -2.532 1.486 0.304 -1.458 1.754 -5.357 -0.175 -9.263 -0.363 -0.856 -0.106 0.469 0.269
3 S 1.775 -3.022 -1.44 -0.157 -7.521 -1.642 -2.551 1.761 1.015 -1.532 -2.649 -1.486 -3.424 1.272 -1.563 2.087 -0.275 -1.155 3.162 -1.045
4 K -0.781 -0.319 -2.582 -2.199 -7.863 -1.726 2.308 -4.712 3.626 0.112 -4.667 3.926 -4.268 -4.804 -7.164 0.324 2.098 -4.735 -8.068 0.026
5 K -0.363 0.621 0.594 1.148 -7.885 0.988 0.506 -1.288 1.008 -0.821 -0.649 1.982 -1.371 -2.462 0.526 -0.275 -0.187 -2.001 -1.86 -0.416
6 F -6.177 -9.464 -9.605 -10.146 -8.24 -10.063 -10.065 -9.767 -6.875 -3.251 -1.67 -9.747 -5.031 8.041 -8.078 -9.756 -9.118 0.87 5.355 -5.76
7 L 0.269 1.238 1.629 -4.979 -7.936 2.144 1.614 -4.023 3.63 -0.676 1.135 1.989 -2.136 -1.865 -5.37 -4.416 -1.579 -3.022 -2.521 -0.913
8 E -0.893 1.62 0.78 -0.006 -5.025 0.908 2.108 -3.428 1.013 -0.943 -1.483 2.252 -4.241 -2.821 0.13 -0.712 -0.392 -9.152 -3.041 0.67
9 V 0.596 -4.214 0.828 -1.067 -3.382 -3.662 -2.237 -2.764 -3.395 2.78 1.379 -6.15 -0.899 -0.942 -5.431 -0.063 0.678 -8.958 -4.168 3.313