#Seq2Logo.py -Z on -y 0.25:2.0 -H ends -f 38081.peps -o YMFFMFSGGAISNTLYLQFEYFEIEKVRMHLDVT_el -I 2 --format PNG -b 50 -C 0 -l 1
Last position-specific scoring matrix computed, values are in halfbits
A R N D C Q E G H I L K M F P S T W Y V
1 R -8.387 8.187 -7.354 -8.409 -9.138 -6.37 -7.405 -8.976 -6.809 -9.469 -8.934 0.317 -8.121 -9.316 -9.533 -8.274 -8.332 -9.107 -5.172 -9.045
2 A 1.983 2.29 -2.7 -2.296 -7.527 -0.161 1.236 -5.723 -0.012 0.508 -0.669 0.466 -0.983 0.467 -9.301 -1.725 -0.188 -0.6 0.006 1.539
3 A 2.539 -1.653 -4.287 -1.722 -4.803 -1.028 -1.549 0.839 -0.261 -0.776 -0.836 -3.982 -2.693 2.219 -1.572 0.502 -0.089 0.714 2.872 0.21
4 E 1.401 -8.056 -3.777 -1.296 -4.751 -0.621 3.088 -5.741 -1.232 1.924 -0.183 -4.283 -0.961 -5.34 -9.172 -0.518 2.518 -9.084 -4.232 2.202
5 L 0.963 -0.415 -0.217 0.161 -4.865 1.156 1.4 -5.774 -5.413 1.33 1.308 0.033 -2.092 -2.106 -0.339 -3.083 0.183 -3.039 -2.202 1.084
6 A 5.256 -8.646 -5.043 -6.115 -6.679 -8.537 -5.679 -3.012 -8.428 0.201 -3.011 -8.083 -7.294 -8.338 2.919 -1.166 -2.224 -9.508 -8.649 2.656
7 A 3.708 -3.309 -0.101 -5.064 -7.244 0.878 2.13 -1.519 0.426 -0.3 1.264 -2.999 0.29 -2.743 -3.021 -2.625 -2.965 -9.029 -5.028 0.233
8 A 1.347 1.671 -0.606 -0.722 -7.746 1.347 1.662 -3.164 -0.256 -1.643 0.002 1.654 -3.342 -3.578 -0.209 -1.34 -0.983 -1.996 -1.56 0.616
9 E 1.879 -7.875 2.972 2.761 -7.663 -0.448 2.419 -1.643 0.236 -1.525 -1.693 -5.705 0.02 -4.783 -4.681 0.868 -1.091 -9.348 -6.364 0.02