#Seq2Logo.py -Z on -y 0.25:2.0 -H ends -f 38081.peps -o YMFFMFSGGAILNTLYLQFEYFDIEEVRMHLGMT_el -I 2 --format PNG -b 50 -C 0 -l 1
Last position-specific scoring matrix computed, values are in halfbits
A R N D C Q E G H I L K M F P S T W Y V
1 F -7.514 1.954 -9.27 -9.874 -8.036 -9.115 -9.554 -9.747 -6.956 1.774 -0.439 -4.984 -1.254 6.409 -10.586 -9.511 -8.725 2.126 5.355 -0.527
2 R 0.967 2.734 -1.886 -2.777 -7.677 1.342 0.765 -4.368 1.479 1.062 -1.941 1.096 -3.314 -0.318 -9.293 -0.816 -0.287 -1.963 0.002 1.486
3 A 2.363 -2.511 -5.504 -2.338 -7.447 -2.469 -3.291 1.76 1.022 -1.225 -2.633 -4.372 -2.754 0.842 -2.46 2.12 -0.97 2.47 4.349 -1.277
4 K 0.98 -2.298 -1.635 -3.691 -7.508 -2.053 -0.234 -3.969 3.551 0.787 -2.462 3.548 -7.306 -3.597 -5.292 0.389 2.232 -9.103 -4.958 1.334
5 L 0.15 -0.157 -0.077 -1.321 -7.696 1.164 0.562 -3.187 1.616 0.787 0.542 1.639 -1.322 -3.998 0.705 -0.915 0.354 -4.673 -0.379 -0.023
6 A 4.174 -8.909 -8.972 -9.197 -7.145 -6.953 -9.047 -4.278 -7.768 0.349 -0.857 -8.58 -2.634 5.187 1.528 -2.865 -2.754 -4.305 2.363 -0.947
7 A 2.186 0.257 1.265 -7.578 -7.701 2.078 2.142 -5.137 4.131 -0.136 1.176 0.312 -2.132 -5.393 -3.751 -3.512 -3.268 -9.001 -4.118 -1.008
8 E 0.644 2.159 0.774 -1.444 -7.886 -0.131 2.063 -4.329 1.009 -0.48 -1.297 1.948 -3.401 -2.835 1.333 -1.11 -0.187 -9.254 -6.255 -0.414
9 V 1.989 -6.982 3.114 -1.342 -3.379 -5.562 -2.615 -2.149 -3.35 2.388 0.724 -6.961 -1.635 -3.957 -9.438 -0.045 -0.475 -9.205 -8.365 3.2