#Seq2Logo.py -Z on -y 0.25:2.0 -H ends -f 38081.peps -o YMFFQFSGGAILNTLFGQFEYFEIEKVRMHLDVT_el -I 2 --format PNG -b 50 -C 0 -l 1
Last position-specific scoring matrix computed, values are in halfbits
A R N D C Q E G H I L K M F P S T W Y V
1 I -8.433 -0.894 -9.508 -9.93 -7.648 -7.093 -9.721 -9.878 -7.432 4.31 0.359 -2.103 -1.194 5.095 -10.464 -9.584 -8.435 1.643 4.789 1.311
2 R 0.753 2.857 -4.815 -1.864 -7.728 0.248 1.607 -8.605 0.443 1.258 -2.418 2.036 -2.676 -1.38 -9.304 -2.881 -0.619 -0.109 0.314 2.102
3 A 2.265 -1.131 -3.02 -3.809 -7.306 -1.217 -2.8 -0.419 0.23 1.592 -3.346 -1.981 -3.326 1.017 -2.459 1.577 0.367 -1.149 3.327 0.905
4 E -0.446 -7.988 -5.509 0.953 -7.617 -0.439 4.192 -8.751 -4.151 2.595 -0.062 -3.877 -0.965 -0.637 -9.291 -1.244 0.74 -9.014 -6.181 1.561
5 E 0.01 1.234 -0.744 -0.218 -7.934 0.812 2.697 -5.73 0.835 -0.261 -0.723 2.08 -5.403 -3.619 0.959 -1.851 0.433 -9.143 -2.599 -0.409
6 A 3.482 -2.74 -2.176 -3.067 -7.322 -2.747 1.59 -3.365 -2.595 -0.774 -0.983 -1.48 -1.002 3.233 -0.093 -0.893 -0.499 -8.311 0.202 -0.277
7 L 1.754 -1.213 -0.943 -3.015 -7.67 1.732 2.481 -5.757 2.237 0.423 2.125 1.258 -2.078 -2.377 -3.039 -5.71 -3.592 -8.802 -1.255 -0.977
8 K 0.697 2.945 -1.074 -2.987 -8.006 0.612 1.896 -3.424 1.178 -1.397 -0.074 3.049 -7.467 -5.586 0.879 -1.998 -1.267 -9.204 -4.238 -2.204
9 R -1.126 5.622 -1.67 -3.792 -8.104 -3.783 -1.635 -6.56 -3.178 0.628 -0.347 2.77 -2.679 -1.859 -9.452 -4.499 -3.604 -8.695 0.301 0.416