#Seq2Logo.py -Z on -y 0.25:2.0 -H ends -f 38081.peps -o YMFFMFSGGAISNTLYLQFEYFDIEKVRMHLDVT_el -I 2 --format PNG -b 50 -C 0 -l 1
Last position-specific scoring matrix computed, values are in halfbits
A R N D C Q E G H I L K M F P S T W Y V
1 R -8.395 8.236 -7.352 -8.416 -9.144 -6.367 -7.411 -8.984 -6.816 -9.485 -8.937 -0.209 -8.123 -9.386 -9.545 -8.278 -8.334 -9.148 -8.672 -9.053
2 A 1.76 2.518 -2.146 -2.085 -7.541 0.105 0.622 -5.729 -0.012 0.264 -0.394 0.618 -1.317 0.467 -9.316 -1.726 0.27 -0.6 0.006 1.489
3 A 2.57 -1.656 -4.871 -2.12 -7.343 -1.434 -1.41 0.589 -0.544 -0.425 -0.47 -4.81 -2.679 2.279 -1.571 1.063 -0.387 0.347 2.611 0.216
4 E 1.486 -8.012 -3.777 -1.288 -4.777 -0.16 3.34 -4.366 -0.568 1.872 0.05 -4.267 -0.664 -5.352 -9.185 -0.436 1.715 -9.101 -5.071 2.002
5 L 0.911 -0.807 -0.094 0.06 -4.866 1.154 1.292 -5.239 -4.157 1.39 1.272 -0.156 -2.091 -0.976 0.013 -3.089 -0.093 -3.033 -2.189 1.14
6 A 5.222 -8.662 -5.046 -7.14 -6.675 -8.566 -7.274 -2.795 -8.45 0.372 -3.543 -8.099 -7.297 -8.339 2.959 -1.167 -1.847 -9.512 -8.649 2.753
7 A 3.668 -2.718 -0.101 -5.081 -7.249 0.876 1.919 -1.387 0.628 -0.406 1.373 -3.267 0.08 -2.735 -2.721 -2.449 -2.717 -8.984 -3.549 0.077
8 A 1.391 1.894 -0.329 -1.003 -7.716 1.261 1.462 -2.935 -0.256 -1.179 0.119 1.387 -3.329 -3.135 -0.735 -1.462 -0.855 -3.034 -1.03 0.686
9 A 2.511 -7.829 3.441 2.201 -7.598 -0.153 2.189 -1.108 0.241 -2.965 -2.554 -6.407 -0.479 -4.823 -4.666 1.234 -1.221 -9.384 -8.562 -0.525