#Seq2Logo.py -Z on -y 0.25:2.0 -H ends -f 38081.peps -o YMFFMFSGGAILNTLYLQFEYFALEKVRMHLDVT_el -I 2 --format PNG -b 50 -C 0 -l 1
Last position-specific scoring matrix computed, values are in halfbits
A R N D C Q E G H I L K M F P S T W Y V
1 R -8.372 8.126 -7.351 -8.39 -9.132 -5.36 -7.382 -8.959 -6.82 -9.454 -8.932 0.962 -8.116 -7.104 -9.512 -8.264 -8.324 -9.123 -6.41 -9.04
2 A 2.019 2.043 -2.405 -1.501 -7.519 0.232 1.347 -4.737 -0.012 0.659 -0.394 0.308 -0.982 -0.311 -9.277 -1.722 -0.187 -1.964 -0.177 1.393
3 A 2.628 -2.048 -3.384 -1.716 -4.787 -0.508 -1.545 0.901 -0.544 -0.897 -0.688 -4.358 -2.692 1.887 -1.383 0.798 -0.283 0.341 2.395 0.43
4 E 1.311 -7.952 -3.318 0.644 -4.822 -0.765 3.878 -4.347 -3.278 1.321 -0.27 -5.131 -0.988 -8.148 -9.098 -0.104 1.961 -9.228 -8.536 1.401
5 L 0.583 -0.535 -0.475 0.773 -4.898 1.494 1.557 -4.04 -2.053 0.807 1.227 -0.055 -3.239 -1.172 -0.89 -2.171 0.001 -3.028 -1.546 0.838
6 A 5.325 -8.638 -6.907 -7.144 -4.489 -5.598 -6.357 -2.586 -8.437 -0.713 -3.371 -8.07 -5.352 -8.395 3.115 -1.915 -2.033 -9.524 -8.664 2.749
7 A 3.747 -4.515 -0.095 -2.726 -7.264 0.881 2.477 -2.114 -0.277 -0.525 0.729 -3.257 -0.683 -2.44 -1.752 -1.964 -2.956 -9.103 -6.226 0.513
8 A 1.724 1.417 -1.661 -0.358 -7.63 0.892 1.658 -2.717 -0.85 -0.551 0.066 0.83 -2.167 -3.562 -0.331 -1.221 0.097 -1.995 -1.562 0.351
9 D 1.162 -7.993 1.786 4.214 -7.866 -2.335 3.221 -2.13 -0.53 -1.082 -1.696 -7.46 -0.472 -4.795 -5.322 -0.183 -2.27 -9.423 -6.422 0.536