#Seq2Logo.py -Z on -y 0.25:2.0 -H ends -f 38081.peps -o YMFFQFSGGAILNTLYLQFEYFALEKVRMHLDVT_el -I 2 --format PNG -b 50 -C 0 -l 1
Last position-specific scoring matrix computed, values are in halfbits
A R N D C Q E G H I L K M F P S T W Y V
1 R -8.535 5.195 -8.453 -9.242 -8.392 -7.846 -8.569 -9.444 -6.648 1.109 -2.797 0.411 -4.111 4.776 -10.09 -8.997 -8.572 -0.446 5.391 -1.818
2 R 0.965 3.185 -2.674 -1.672 -7.694 1.085 1.354 -6.427 -0.005 0.654 -1.721 1.102 -2.675 -0.478 -9.293 -1.732 -0.502 -4.637 -0.564 1.936
3 A 2.715 -1.645 -6.486 -1.913 -7.244 -1.024 -3.276 -0.231 -0.01 0.407 -2.182 -3.627 -2.7 1.1 -1.561 1.453 1.559 -0.568 2.865 0.224
4 E 0.541 -6.714 -4.219 0.539 -7.302 -1.371 2.878 -8.523 -3.328 1.972 -0.063 -3.022 -1.67 -3.531 -9.181 -0.347 3.017 -9.149 -8.371 2.164
5 E -0.449 0.351 -1.652 0.454 -7.849 1.174 2.104 -3.452 -0.011 0.313 0.228 1.595 -3.332 -4.084 1.6 -1.728 0.267 -9.142 -2.218 -0.039
6 A 5.529 -8.55 -5.018 -6.072 -6.725 -5.562 -4.241 -3.217 -5.633 -0.428 -3.806 -6.826 -5.414 -0.205 2.796 -1.628 -1.523 -9.197 -4.207 0.85
7 A 2.733 -3.968 1.262 -1.793 -7.58 1.874 2.885 -2.904 1.621 -0.13 0.935 -0.891 -3.295 -4.054 -1.969 -3.034 -4.276 -9.056 -3.028 -0.286
8 K 1.013 2.492 -1.084 -1.641 -7.914 0.603 1.804 -5.183 -0.256 -1.684 0.266 2.748 -7.381 -4.75 1.537 -3.056 -0.992 -4.736 -3.059 -0.933
9 D 1.011 -3.367 1.342 2.86 -7.547 -1.392 2.054 -3.72 -1.617 2.108 0.424 -5.897 0.673 -1.852 -9.434 -2.515 -3.888 -9.158 -6.249 2.157