#Seq2Logo.py -Z on -y 0.25:2.0 -H ends -f 38081.peps -o YMFFMFSGGAILNTLHLQFEYFDIEEVRVHLDVT_el -I 2 --format PNG -b 50 -C 0 -l 1
Last position-specific scoring matrix computed, values are in halfbits
A R N D C Q E G H I L K M F P S T W Y V
1 R -8.41 8.254 -7.371 -8.444 -9.132 -6.391 -7.444 -9.007 -6.808 -7.661 -7.853 -1.113 -8.096 -7.071 -9.572 -8.298 -8.344 -9.087 -5.164 -9.007
2 A 1.759 2.475 -1.681 -2.541 -7.565 0.884 0.261 -5.719 1.004 0.5 -0.6 0.47 -0.411 0.106 -9.319 -1.593 0.27 0.687 0.009 1.069
3 A 2.82 -1.475 -3.032 -3.131 -4.795 -1.03 -2.027 1.337 -0.54 -0.447 -0.621 -4.801 -3.342 1.821 -1.045 0.626 -0.391 1.327 2.742 -0.889
4 A 2.234 -2.892 -1.648 -4.07 -4.767 -1.575 0.825 -3.934 2.546 1.06 -2.726 2.017 -1.731 -4.691 -7.182 0.816 2.402 -4.717 -4.18 1.075
5 L 0.524 -0.539 -0.099 -1.181 -7.537 1.565 0.754 -4.802 -3.289 1.562 1.489 0.202 -1.647 -2.097 0.7 -2.893 -0.291 -3.038 -2.196 1.304
6 A 5.347 -8.615 -6.857 -8.68 -6.657 -8.517 -7.248 -2.577 -8.406 0.186 -2.571 -8.051 -7.32 -8.357 2.795 -0.653 -0.943 -9.485 -8.655 2.04
7 A 3.803 -1.991 -0.499 -8.014 -7.231 1.718 1.179 -2.476 1.16 -0.3 1.614 -1.605 -0.141 -2.728 -2.721 -2.63 -3.878 -8.961 -3.535 -0.348
8 A 1.481 1.726 -0.47 -1.85 -7.602 0.69 0.893 -3.411 -0.545 -1.023 0.126 1.598 -1.717 -4.063 -0.332 -0.617 -0.283 -1.999 -2.207 1.111
9 A 3.052 -5.765 3.359 0.194 -7.316 -1.606 0.694 -1.626 0.64 -0.553 -1.276 -4.27 -0.194 -4.733 -3.347 0.819 -0.261 -9.301 -8.425 0.76