#Seq2Logo.py -Z on -y 0.25:2.0 -H ends -f 38081.peps -o YMFFMFSGGAILNTLFGQFEYFDIEKVRVHLGMT_el -I 2 --format PNG -b 50 -C 0 -l 1
Last position-specific scoring matrix computed, values are in halfbits
A R N D C Q E G H I L K M F P S T W Y V
1 F -8.632 -9.392 -9.761 -10.183 -7.727 -9.808 -10.072 -9.918 -7.454 2.392 1.774 -9.56 0.154 6.408 -10.749 -9.774 -8.671 3.165 4.504 0.568
2 R 0.588 2.149 -0.601 -0.481 -7.737 0.359 1.075 -2.006 2.008 0.783 -2.079 0.963 -4.175 -1.18 -9.282 -0.624 0.005 -0.608 0.161 1.276
3 S 1.536 -3.353 -2.958 -0.508 -4.834 -0.837 -3.253 1.625 1.331 -0.359 -2.929 -2.579 -2.751 0.808 -0.737 2.157 0.283 -0.079 2.926 -0.307
4 E -0.775 -5.578 -0.869 1.572 -7.777 -0.113 4.428 -4.33 -0.834 0.46 -3.897 -1.88 -3.424 -8.611 -7.176 0.922 2.276 -9.325 -8.592 0.621
5 K -0.531 0.696 -0.058 1.281 -7.862 0.688 0.902 -2.004 1.172 -0.355 -0.057 1.377 -1.018 -2.772 1.112 -0.362 -0.091 -9.022 -1.031 -0.601
6 F -3.321 -9.401 -9.606 -10.11 -8.066 -9.942 -10.012 -9.687 -7.037 -2.679 0.118 -9.643 -0.625 7.766 -6.63 -9.636 -7.412 0.108 4.984 -4.288
7 E 0.962 -0.153 1.626 -2.957 -7.78 2.013 2.449 -2.726 1.624 -0.231 1.138 0.828 -1.318 -3.121 -3.034 -2.155 -1.731 -4.689 -2.571 -0.581
8 E -0.208 2.006 1.199 -0.971 -5.009 0.907 2.106 -3.169 1.014 -0.701 -0.725 1.659 -3.383 -4.131 0.234 -0.528 -0.612 -9.158 -3.048 -0.061
9 V 1.356 -4.197 0.834 -0.776 -3.383 -3.642 -2.046 -1.177 -1.666 2.18 1.402 -6.102 -1.614 -2.675 -6.243 0.299 0.528 -9.042 -4.206 3.034