#Seq2Logo.py -Z on -y 0.25:2.0 -H ends -f 38081.peps -o YMFFMFSGGAILNTLYLQFEYFEIEEVRVHLDVT_el -I 2 --format PNG -b 50 -C 0 -l 1
Last position-specific scoring matrix computed, values are in halfbits
A R N D C Q E G H I L K M F P S T W Y V
1 R -8.4 8.248 -7.357 -8.425 -9.14 -6.373 -7.421 -8.992 -6.818 -9.466 -7.874 -0.515 -8.11 -9.372 -9.554 -8.284 -8.337 -9.144 -8.67 -9.042
2 A 1.519 2.292 -2.394 -1.877 -7.586 0.467 0.557 -6.379 1.477 0.168 -0.748 0.69 -0.165 0.234 -9.301 -1.232 0.591 -0.101 0.475 1.122
3 A 2.766 -2.052 -3.38 -2.116 -7.434 -0.672 -1.854 1.436 -0.247 -1.502 -1.454 -5.324 -4.21 2.162 -1.769 0.685 -0.289 1.601 3.538 -1.022
4 K 1.528 -1.905 -2.367 -4.072 -4.835 -1.561 1.242 -4.697 2.923 1.249 -2.06 2.73 -1.722 -3.129 -9.072 0.044 1.816 -3.034 -2.169 1.129
5 L 0.21 0.42 -0.795 -1.515 -7.536 1.488 0.752 -5.842 -3.293 1.777 1.756 0.369 -1.63 -2.691 0.011 -3.115 -0.398 -3.032 -1.856 1.411
6 A 5.336 -8.638 -5.816 -7.126 -6.687 -8.54 -7.253 -2.581 -8.415 0.097 -2.574 -8.063 -7.346 -8.383 3.19 -1.273 -1.678 -9.522 -8.673 2.079
7 A 3.746 -1.421 -0.356 -5.781 -7.276 1.413 1.449 -2.475 1.469 -0.881 1.371 -1.445 0.29 -2.735 -2.447 -2.626 -3.543 -8.951 -3.01 -0.358
8 A 1.02 1.946 -1.266 -1.159 -7.673 0.586 1.246 -2.727 -0.267 -0.902 0.285 1.44 -1.719 -3.146 -0.211 -0.444 -0.39 -1.233 -3.034 0.753
9 A 2.292 -5.755 3.363 1.725 -7.528 -1.166 1.511 -1.94 1.174 -0.348 -1.027 -5.173 -0.45 -3.183 -3.02 0.581 -1.09 -9.295 -8.366 0.346