#Seq2Logo.py -Z on -y 0.25:2.0 -H ends -f 38081.peps -o YMFFQFSGGAILNTLYLQFEYFDIEEVRVHLDVT_el -I 2 --format PNG -b 50 -C 0 -l 1
Last position-specific scoring matrix computed, values are in halfbits
A R N D C Q E G H I L K M F P S T W Y V
1 R -8.47 6.42 -8.104 -8.97 -8.514 -7.343 -8.189 -9.297 -6.9 0.681 -2.848 0.549 -1.731 3.969 -9.921 -8.772 -8.465 -1.103 3.345 -2.362
2 R 0.911 2.967 -2.684 -3.068 -7.696 1.258 1.013 -6.449 1.48 0.936 -1.232 0.906 -0.987 -0.459 -9.34 -2.331 -0.094 -1.953 0.609 1.488
3 A 2.795 -0.578 -4.261 -2.344 -7.392 -1.655 -3.032 0.844 0.842 -0.804 -2.208 -4.774 -2.199 1.207 -2.461 1.447 -0.973 2.066 3.863 -0.39
4 T 1.651 -3.946 -1.893 -3.733 -7.299 -1.601 0.253 -5.155 2.334 1.151 -0.968 1.918 -3.268 -0.637 -7.266 -0.428 2.556 -3.028 -3.48 2.034
5 L 0.082 0.861 -1.094 -1.665 -7.71 1.34 0.956 -4.381 1.166 0.72 0.772 1.842 -3.274 -4.031 0.705 -1.023 -0.09 -4.701 -1.857 0.434
6 A 5.701 -8.605 -5.036 -8.692 -6.683 -6.706 -7.239 -2.969 -8.191 -0.431 -3.038 -8.061 -5.38 1.561 2.024 -1.261 -2.445 -8.96 -4.121 0.091
7 A 2.943 -0.064 0.364 -5.733 -7.512 1.869 1.604 -5.119 3.825 0.494 1.184 -0.89 -2.625 -3.498 -3.754 -3.774 -5.263 -8.851 -1.515 -0.182
8 K 0.528 2.574 -0.327 -3.313 -7.847 -0.0 1.461 -4.01 0.828 -0.579 -0.306 2.212 -2.72 -5.548 1.787 -1.462 0.003 -3.071 -5.081 -0.407
9 A 2.193 -1.848 2.726 -1.34 -7.162 -3.173 -1.28 -2.708 -2.65 2.338 0.938 -5.343 0.507 -3.477 -6.228 -0.534 -0.96 -9.153 -8.321 2.464