#Seq2Logo.py -Z on -y 0.25:2.0 -H ends -f 38081.peps -o YMFFQFSGGAILNTLFGQFEYFDFEKVRMHLGMT_el -I 2 --format PNG -b 50 -C 0 -l 1
Last position-specific scoring matrix computed, values are in halfbits
A R N D C Q E G H I L K M F P S T W Y V
1 F -8.728 -9.385 -9.639 -10.119 -7.927 -9.785 -10.01 -9.903 -6.92 3.093 -0.764 -7.758 -3.867 6.635 -10.734 -9.738 -8.766 1.687 5.909 -0.788
2 R 0.147 3.577 -1.46 -3.363 -7.784 0.595 0.956 -7.327 1.011 1.0 -3.994 1.907 -3.335 -1.391 -9.303 -2.017 -0.091 -3.0 0.312 2.136
3 A 2.266 -2.046 -5.575 -3.143 -7.369 -1.908 -4.235 1.125 -0.25 0.777 -1.733 -2.59 -0.711 -0.101 0.429 1.659 -0.842 -1.141 3.9 -0.37
4 E 0.921 -5.054 -2.396 0.531 -7.369 -0.172 2.252 -5.756 -2.639 1.775 1.048 -0.687 -0.379 -2.112 -9.26 -0.278 1.501 -4.712 -8.24 1.561
5 K -0.132 1.239 0.292 0.865 -8.03 1.267 0.914 -2.712 1.758 -2.096 -2.422 2.526 -3.461 -4.829 2.478 -1.002 -0.091 -4.763 -3.057 -0.965
6 F 3.068 -3.409 -5.021 -7.15 -7.433 -4.797 -1.732 -1.286 -1.192 -0.776 -1.305 -2.218 -1.334 4.861 1.253 -1.605 -1.003 -4.294 2.961 -1.785
7 E 1.108 -0.029 0.677 -1.278 -7.891 1.883 2.525 -4.006 2.245 -0.054 0.89 1.986 -2.152 -3.115 -3.366 -3.066 -2.747 -3.023 -1.013 -1.823
8 K 0.078 2.749 -0.065 -3.284 -8.042 0.815 1.805 -2.17 0.452 -1.715 -0.522 2.952 -7.534 -3.641 1.262 -2.656 -0.402 -9.137 -2.604 -1.444
9 V 1.804 0.379 -1.749 -2.386 -3.374 -2.834 -2.433 -1.582 -3.412 2.783 1.309 -4.015 -0.896 -2.058 -9.576 -1.268 -1.882 -8.999 -5.018 3.562