#Seq2Logo.py -Z on -y 0.25:2.0 -H ends -f 38081.peps -o YMFFMFSGGAILNTLFGQFEYFEIEKVRMHLGMT_el -I 2 --format PNG -b 50 -C 0 -l 1
Last position-specific scoring matrix computed, values are in halfbits
A R N D C Q E G H I L K M F P S T W Y V
1 F -8.637 -7.45 -9.738 -10.17 -7.741 -9.737 -10.031 -9.907 -7.407 2.266 1.894 -7.74 0.732 6.276 -10.735 -9.761 -8.678 3.575 4.641 0.283
2 E 0.587 1.888 -0.604 -0.597 -7.758 0.361 1.75 -2.173 1.621 1.115 -1.959 0.692 -2.704 -1.18 -9.291 -0.625 -0.289 1.009 -0.176 0.944
3 S 1.451 -3.034 -2.956 -0.388 -4.839 -0.664 -3.0 1.579 1.011 -0.578 -3.09 -2.576 -2.219 1.186 -1.04 2.157 0.366 -1.157 3.046 -0.308
4 E -1.177 -5.56 -1.207 1.693 -7.851 -0.246 4.674 -4.727 -0.831 0.454 -3.91 -1.705 -4.29 -8.648 -7.172 0.581 2.357 -9.326 -8.604 0.341
5 L -0.709 0.609 0.175 1.347 -7.896 0.581 1.14 -2.006 1.621 -0.813 0.165 0.955 -2.19 -2.434 1.186 -0.364 -0.291 -3.035 -0.579 -0.607
6 F -4.102 -9.414 -9.594 -10.126 -8.167 -9.977 -10.025 -9.706 -6.929 -4.251 -0.714 -9.683 -0.933 7.907 -10.926 -9.678 -7.457 1.449 5.218 -6.404
7 L 0.75 -0.383 1.267 -2.214 -7.8 2.077 2.413 -2.733 2.009 -0.23 1.29 0.827 -0.679 -3.118 -2.459 -2.49 -1.414 -3.037 -3.006 -0.897
8 E -0.617 2.11 1.122 -0.33 -3.601 0.602 2.107 -2.726 1.014 -0.83 -1.214 1.903 -4.251 -4.147 0.433 -0.618 -0.614 -9.188 -3.053 0.016
9 L 0.592 -4.205 1.004 -0.401 -3.405 -3.647 -1.294 -1.58 -2.131 2.474 1.834 -6.128 -1.595 -1.132 -6.277 -0.554 0.443 -8.938 -3.534 2.86