#Seq2Logo.py -Z on -y 0.25:2.0 -H ends -f 38081.peps -o YMFFMFSGGAILNTLYLQFEYFDIEKVRMHLDVT_el -I 2 --format PNG -b 50 -C 0 -l 1
Last position-specific scoring matrix computed, values are in halfbits
A R N D C Q E G H I L K M F P S T W Y V
1 R -8.401 8.26 -7.353 -8.424 -9.147 -6.369 -7.419 -8.991 -6.814 -9.49 -8.935 -0.623 -8.123 -9.384 -9.555 -8.282 -8.337 -9.145 -8.672 -9.054
2 A 1.873 2.334 -2.414 -2.089 -7.504 0.225 0.687 -5.2 0.221 0.664 -0.137 -0.227 -1.309 0.357 -9.337 -1.597 0.184 -0.598 0.325 1.395
3 A 2.48 -2.056 -4.287 -1.06 -7.368 -1.436 -1.407 0.653 -0.268 -0.645 -0.15 -4.82 -2.675 2.155 -1.212 0.849 -0.851 0.344 2.47 0.433
4 E 1.53 -7.937 -2.964 0.202 -4.811 -0.288 3.811 -5.162 -2.063 1.545 -0.826 -5.711 -1.329 -6.507 -9.075 0.189 2.01 -9.217 -8.482 1.351
5 L 0.962 -1.102 -0.219 0.162 -7.558 1.064 1.6 -4.391 -4.16 1.271 1.345 -0.457 -1.662 -1.171 0.328 -3.313 -0.293 -3.037 -2.578 1.083
6 A 5.017 -8.671 -5.046 -7.142 -6.715 -8.581 -7.286 -3.031 -8.463 0.455 -2.843 -8.114 -5.31 -8.311 3.262 -0.961 -1.515 -9.526 -8.65 2.753
7 A 3.727 -3.324 0.352 -5.087 -4.724 0.452 1.783 -1.656 0.207 -0.192 1.41 -3.577 -0.393 -2.738 -2.721 -1.973 -2.958 -9.042 -5.032 0.454
8 A 1.212 1.948 -0.921 -1.159 -7.689 1.082 1.192 -2.34 -0.261 -1.032 0.435 1.495 -4.128 -3.553 -0.736 -0.812 -1.255 -3.037 -1.283 0.875
9 A 2.825 -7.861 3.293 1.616 -7.445 -0.616 1.308 -0.662 0.837 -3.248 -3.008 -6.443 -0.48 -5.634 -5.273 1.958 0.214 -9.369 -8.536 -1.058