#Seq2Logo.py -Z on -y 0.25:2.0 -H ends -f 38081.peps -o YMFFMFSGGAISNTLFGQFEYFEIEEVRMHLDVT_el -I 2 --format PNG -b 50 -C 0 -l 1
Last position-specific scoring matrix computed, values are in halfbits
A R N D C Q E G H I L K M F P S T W Y V
1 F -6.519 3.706 -8.902 -9.441 -7.807 -4.752 -5.252 -9.613 -4.109 3.16 1.049 -0.358 -0.604 4.501 -10.19 -9.205 -7.038 -0.034 2.899 1.058
2 R -0.144 3.323 -1.274 -3.07 -7.875 1.261 0.42 -6.481 1.762 1.056 -2.174 1.71 -1.337 0.111 -9.397 -2.184 -0.865 0.326 1.336 1.171
3 Y 2.099 -2.765 -4.798 -2.118 -7.458 -1.902 -3.286 0.959 0.856 -0.817 -4.063 -3.65 -2.747 1.632 -4.204 2.012 0.362 1.353 4.8 -0.909
4 K -2.066 -0.561 -3.658 -3.269 -7.957 -0.723 2.344 -6.422 3.695 0.541 -3.451 4.06 -5.405 -0.666 -9.069 -1.111 1.907 -3.027 -2.947 0.341
5 K -0.621 0.458 -0.454 -0.854 -7.927 1.177 1.361 -3.438 2.349 0.122 -0.432 2.52 -1.742 -1.413 0.957 -1.122 0.267 -4.681 -1.259 -1.277
6 F 0.718 -5.468 -7.304 -9.726 -7.686 -5.032 -4.908 -7.733 -7.351 0.467 0.884 -9.169 -2.521 6.87 -3.141 -6.819 -4.948 -3.941 4.17 -1.183
7 E 0.33 1.241 0.772 -3.582 -8.047 2.668 2.732 -6.417 3.895 -0.467 1.426 1.66 -4.085 -3.538 -6.181 -4.427 -3.945 -8.859 -1.817 -2.959
8 E -0.453 2.867 0.389 -1.783 -8.132 0.617 2.765 -5.196 1.184 -1.717 -1.224 2.5 -5.48 -2.506 0.878 -1.721 -1.57 -9.174 -4.213 -0.634
9 V 0.344 -0.579 1.475 0.426 -7.355 -1.649 -0.007 -3.745 -0.884 1.895 1.603 -4.794 -1.62 -0.768 -9.547 -0.646 -0.846 -8.852 -1.837 2.661