#Seq2Logo.py -Z on -y 0.25:2.0 -H ends -f 38081.peps -o YMFFMFSGGAISNTLFGQFEYFAIEKVRMHLDVT_el -I 2 --format PNG -b 50 -C 0 -l 1
Last position-specific scoring matrix computed, values are in halfbits
A R N D C Q E G H I L K M F P S T W Y V
1 F -7.398 0.541 -9.42 -9.858 -7.741 -5.821 -6.806 -9.797 -5.332 3.198 1.183 -2.701 -0.08 5.741 -6.546 -9.545 -8.529 2.495 3.946 0.77
2 R -0.374 2.854 -1.665 -1.174 -7.835 0.475 0.953 -4.06 1.177 0.994 -1.623 1.497 -2.683 -0.023 -9.382 -1.88 0.179 1.31 0.874 1.226
3 A 1.812 -3.363 -3.332 -1.055 -7.428 -0.843 -5.035 1.285 0.244 -0.686 -3.841 -3.07 -3.398 1.027 -2.732 1.864 1.211 1.339 4.115 -0.041
4 E -2.341 -4.933 -2.902 1.179 -7.706 -0.416 4.076 -5.755 -0.543 0.991 -3.622 -0.43 -7.439 -2.818 -7.215 0.452 2.848 -4.742 -8.363 1.626
5 E -0.715 0.62 -0.06 0.786 -7.956 1.346 1.665 -4.368 2.349 -0.059 -0.116 1.597 -1.355 -1.421 1.187 -1.237 -0.508 -9.047 -2.561 -0.921
6 F -0.511 -9.227 -9.438 -9.748 -7.844 -9.563 -3.781 -6.823 -5.182 -0.26 0.663 -7.628 -0.916 7.119 -1.636 -6.903 -6.287 -3.865 4.583 -2.423
7 E 0.691 -0.896 1.195 -1.409 -7.958 2.273 3.404 -5.725 3.185 -0.253 1.207 0.625 -4.112 -4.065 -2.727 -3.525 -2.104 -9.023 -3.52 -2.157
8 E -0.806 2.063 0.869 -0.316 -8.137 0.918 2.925 -5.188 0.656 -1.256 -0.817 2.088 -4.271 -4.178 1.601 -1.229 -1.732 -9.271 -4.248 -1.319
9 L -1.008 -4.692 -0.105 1.962 -7.409 -3.607 1.22 -3.806 -2.672 2.913 1.927 -5.442 -2.01 0.002 -9.688 -2.755 -1.733 -8.832 -2.169 2.83