#Seq2Logo.py -Z on -y 0.25:2.0 -H ends -f 38081.peps -o YMFFQFSGGAILNTLYLQFEYFDLEKVRMHLDVT_el -I 2 --format PNG -b 50 -C 0 -l 1
Last position-specific scoring matrix computed, values are in halfbits
A R N D C Q E G H I L K M F P S T W Y V
1 R -8.382 7.27 -7.669 -8.614 -8.838 -5.64 -7.688 -9.081 -6.75 -2.364 -5.352 1.796 -5.546 1.498 -9.643 -8.464 -8.381 -4.462 2.602 -3.376
2 R 1.434 2.692 -3.009 -3.732 -7.594 1.08 1.07 -5.749 -0.005 0.582 -0.98 0.968 -1.703 -0.462 -9.287 -1.726 0.271 -1.957 0.464 1.632
3 A 3.126 -1.65 -4.292 -2.344 -7.238 -1.222 -2.195 -0.41 -0.266 0.161 -1.33 -3.973 -2.685 1.599 -1.565 1.018 0.107 0.342 2.607 0.513
4 E 1.766 -7.967 -3.365 0.089 -4.789 -0.02 3.473 -8.433 -5.452 1.87 -0.127 -2.998 -0.968 -4.035 -7.275 -1.451 1.609 -9.146 -6.301 1.96
5 L 0.862 -0.526 0.266 0.358 -7.628 1.575 1.51 -4.748 -1.204 0.581 0.903 0.455 -3.268 -3.123 0.231 -1.596 -0.287 -4.719 -3.044 0.953
6 A 5.693 -8.516 -3.904 -6.063 -6.632 -5.548 -5.62 -4.381 -5.666 -0.88 -4.284 -6.794 -7.488 -8.512 2.797 -1.488 -1.358 -9.514 -8.664 1.691
7 A 4.006 -2.991 -0.101 -4.07 -7.209 1.413 2.051 -3.606 0.212 -0.011 1.029 -3.252 -1.307 -3.541 -2.193 -3.218 -2.711 -9.062 -4.208 0.159
8 K 1.475 2.745 -0.608 -2.491 -7.837 1.591 1.025 -2.719 -0.836 -2.031 -0.005 2.494 -4.186 -3.177 0.235 -3.047 -0.862 -3.046 -2.21 -0.51
9 A 2.978 -2.707 2.833 0.715 -4.787 -0.316 0.765 -0.998 -1.19 -1.488 -0.787 -3.249 0.638 -4.726 -6.106 1.133 -0.822 -9.236 -5.123 0.199