#Seq2Logo.py -Z on -y 0.25:2.0 -H ends -f 38081.peps -o YMFFQFSGGAILNTLFGQFEYFAIEKVRVHLDVT_el -I 2 --format PNG -b 50 -C 0 -l 1
Last position-specific scoring matrix computed, values are in halfbits
A R N D C Q E G H I L K M F P S T W Y V
1 F -8.572 -3.195 -9.654 -10.072 -7.72 -9.647 -9.952 -9.901 -7.434 3.547 0.694 -4.706 -0.583 6.167 -7.949 -9.7 -8.588 2.112 4.603 0.717
2 R 0.343 2.696 -1.876 -1.16 -7.807 0.592 1.56 -4.38 1.335 0.562 -1.959 1.5 -2.7 -1.379 -9.291 -1.238 -0.092 1.013 0.605 1.274
3 S 1.738 -3.347 -3.324 -1.362 -7.394 -0.666 -5.014 0.783 0.842 -0.244 -4.058 -2.368 -2.21 0.281 -1.762 2.294 0.893 0.719 3.903 0.277
4 E -1.649 -5.692 -3.25 2.295 -7.726 -1.763 4.294 -7.3 -2.585 1.533 -1.744 -2.712 -5.354 -3.18 -7.241 -0.032 2.437 -9.247 -8.482 1.233
5 K -0.21 0.449 -0.059 0.629 -7.933 -0.141 1.893 -3.427 1.755 -0.479 -0.581 2.073 -2.74 -2.468 1.726 -1.117 0.182 -9.104 -1.859 -1.045
6 F 1.324 -5.39 -7.108 -7.413 -7.665 -9.05 -1.477 -5.349 -4.044 -0.607 0.032 -5.078 -0.646 6.556 -1.615 -2.42 -2.578 -1.713 3.781 -1.916
7 E 0.746 -1.371 1.341 -1.783 -7.858 1.811 3.155 -3.189 2.128 0.319 1.732 0.825 -4.051 -4.025 -3.375 -4.777 -2.306 -8.995 -3.016 -1.509
8 K 0.081 2.168 0.389 -1.114 -8.015 0.502 2.382 -4.721 -0.523 -1.396 -1.051 2.784 -4.264 -3.662 1.335 -1.111 -0.616 -9.252 -4.254 -1.064
9 V -0.634 1.034 -1.151 0.403 -4.8 -3.621 -0.291 -4.5 -3.347 3.015 1.621 -3.997 -1.583 1.013 -9.773 -3.413 -1.912 -8.536 0.008 2.952