#Seq2Logo.py -Z on -y 0.25:2.0 -H ends -f 38081.peps -o YMFFMFSGGAISNTLYGQFEYFDLEKVRVHLDVT_el -I 2 --format PNG -b 50 -C 0 -l 1
Last position-specific scoring matrix computed, values are in halfbits
A R N D C Q E G H I L K M F P S T W Y V
1 R -8.409 7.158 -7.75 -8.675 -8.743 -6.873 -7.783 -9.12 -5.04 -1.014 -2.788 1.639 -4.252 2.487 -9.703 -8.53 -8.395 -2.927 1.124 -4.235
2 R 1.114 2.607 -3.369 -3.713 -7.648 0.892 1.699 -5.771 -0.532 0.726 -1.06 0.625 -1.323 0.686 -9.31 -1.599 0.353 -2.969 0.745 1.286
3 A 2.601 -2.51 -5.541 -1.369 -7.317 -0.671 -2.19 0.72 -1.561 -0.13 -2.069 -4.801 -3.35 1.534 -3.754 1.313 0.955 -1.133 3.725 0.138
4 E 0.293 -6.449 -3.228 2.209 -7.764 -0.252 4.657 -8.34 -4.062 0.386 -4.642 -2.25 -5.495 -4.182 -8.971 -0.251 2.315 -9.304 -8.589 1.052
5 E 0.212 -0.522 -1.277 -0.352 -7.712 1.256 2.409 -4.399 0.435 0.87 0.906 0.749 -3.258 -1.181 -0.465 -2.503 -0.001 -8.916 -1.843 0.772
6 A 3.686 -8.849 -5.989 -9.126 -6.964 -2.888 -3.679 -8.339 -8.316 2.387 1.154 -8.501 -2.029 2.825 1.325 -3.322 -2.973 -8.445 -0.723 2.182
7 A 3.045 -2.685 0.139 -4.446 -7.448 0.473 3.148 -4.306 1.472 -0.104 1.863 -1.297 -2.607 -2.728 -3.746 -3.765 -3.901 -8.965 -3.534 -0.266
8 E 1.015 2.311 -0.188 -1.271 -7.964 1.279 2.632 -6.327 -0.242 -2.469 -0.521 2.34 -7.515 -3.634 0.622 -1.989 -1.121 -9.114 -2.216 -0.728
9 E 1.167 -2.009 2.505 2.283 -7.6 -0.788 2.101 -2.311 -0.844 -0.213 -0.845 -5.148 0.819 -2.778 -7.311 0.316 -1.097 -9.162 -3.589 1.574