#Seq2Logo.py -Z on -y 0.25:2.0 -H ends -f 38081.peps -o YMFFMFSGGAILNTLFGQFEYFDIEKVRVHLDVT_el -I 2 --format PNG -b 50 -C 0 -l 1
Last position-specific scoring matrix computed, values are in halfbits
A R N D C Q E G H I L K M F P S T W Y V
1 R -8.357 7.202 -7.723 -8.642 -8.705 -6.818 -7.736 -9.105 -6.969 -0.636 -2.371 1.887 -5.447 1.238 -9.656 -8.498 -8.344 -1.937 0.743 -2.63
2 R 0.86 2.892 -3.795 -5.174 -7.664 0.792 1.067 -5.801 -0.257 1.26 -1.402 1.387 -0.982 0.471 -9.357 -2.176 -0.191 -1.944 0.872 1.635
3 A 2.6 -3.074 -4.282 -2.125 -7.331 -1.231 -2.394 0.958 -1.558 0.063 -2.06 -6.01 -3.344 1.974 -3.764 1.214 0.277 -0.051 3.95 0.292
4 E -0.271 -6.358 -4.049 1.811 -7.929 -0.091 5.169 -6.349 -2.527 0.196 -5.013 -1.857 -7.772 -4.837 -8.934 0.262 1.764 -9.283 -6.388 0.184
5 L 0.212 0.054 -1.898 -1.157 -7.694 1.08 2.097 -5.802 1.322 0.586 1.479 1.429 -3.226 -1.381 -1.209 -2.026 -0.399 -8.896 -2.173 0.645
6 L 2.783 -7.259 -7.275 -9.47 -7.043 -3.306 -4.842 -8.759 -5.686 2.6 2.428 -7.321 -1.951 3.656 -0.621 -4.57 -6.787 -8.106 0.224 2.303
7 A 3.069 -2.425 -0.104 -6.622 -7.369 0.573 2.17 -3.151 1.61 -0.183 2.34 -0.062 -1.265 -3.951 -5.354 -4.069 -4.289 -8.909 -2.568 -0.081
8 K 1.164 2.869 -0.058 -2.199 -7.982 1.109 2.421 -4.309 0.012 -2.983 -0.978 2.79 -5.481 -5.625 -0.203 -0.798 -1.898 -9.197 -3.599 -1.322
9 N 1.483 -1.619 3.003 0.283 -7.468 -1.381 1.237 -1.968 0.441 0.501 -0.473 -4.683 0.269 -1.866 -9.255 0.69 -0.072 -9.023 -2.582 1.336