#Seq2Logo.py -Z on -y 0.25:2.0 -H ends -f 38081.peps -o YMFFMFSGGAISNTLYGQFEYFAIEKVRMHLDVT_el -I 2 --format PNG -b 50 -C 0 -l 1
Last position-specific scoring matrix computed, values are in halfbits
A R N D C Q E G H I L K M F P S T W Y V
1 F -7.441 1.368 -9.303 -9.822 -7.892 -5.794 -7.833 -9.75 -5.197 2.721 -0.049 -2.681 -1.233 6.133 -7.9 -9.499 -8.605 2.112 4.637 0.485
2 R -0.215 3.043 -1.88 -1.323 -7.849 0.591 1.354 -4.795 1.014 0.854 -2.066 1.447 -3.333 -0.028 -9.343 -1.481 -0.0 0.321 0.871 1.223
3 S 1.697 -2.76 -3.736 -1.366 -7.412 -1.025 -4.589 1.126 0.012 -0.247 -3.831 -3.339 -2.74 0.932 -2.732 2.051 1.39 1.338 4.074 -0.207
4 E -1.512 -5.637 -2.602 1.111 -7.659 -1.309 4.196 -5.214 -1.591 1.185 -3.416 -1.424 -5.386 -2.813 -7.218 0.453 2.813 -4.742 -8.399 1.629
5 E -0.623 -0.156 -0.449 1.012 -7.929 1.174 1.98 -3.72 2.453 0.301 -0.366 1.264 -2.715 -1.643 1.187 -1.351 -0.095 -9.027 -1.842 -0.497
6 F 0.987 -9.11 -9.303 -7.586 -7.668 -7.103 -3.187 -5.985 -5.242 0.379 0.655 -7.489 -1.253 6.475 -0.015 -6.075 -4.927 -3.992 4.317 -0.953
7 E 0.959 -1.928 1.271 -1.239 -7.904 2.021 3.677 -5.717 2.933 -0.148 1.356 -0.121 -3.293 -5.437 -2.453 -3.282 -2.301 -9.093 -5.002 -1.98
8 E 0.146 1.675 0.389 0.004 -8.047 0.913 2.923 -4.733 0.652 -1.548 -0.739 1.61 -4.266 -3.657 1.905 -1.853 -1.265 -9.271 -4.245 -0.95
9 V -0.814 -4.678 -0.224 2.214 -7.47 -3.155 1.779 -4.113 -2.655 2.873 1.406 -6.06 -1.613 0.252 -9.642 -2.747 -2.094 -8.8 -1.528 2.764