#Seq2Logo.py -Z on -y 0.25:2.0 -H ends -f 38081.peps -o YMFFMFSGGAILNTLYGQFEYFAIEKVRVHLDVT_el -I 2 --format PNG -b 50 -C 0 -l 1
Last position-specific scoring matrix computed, values are in halfbits
A R N D C Q E G H I L K M F P S T W Y V
1 F -8.494 4.212 -8.741 -9.39 -8.079 -4.1 -7.427 -9.535 -4.011 2.052 0.143 0.212 -0.934 5.281 -7.772 -9.163 -8.516 1.367 3.57 -0.437
2 R 0.525 2.569 -2.373 -1.323 -7.792 1.261 1.248 -4.378 1.483 0.849 -1.736 1.333 -2.17 -0.466 -9.296 -1.352 0.351 1.014 0.471 0.632
3 S 2.238 -3.727 -3.72 -1.357 -7.339 -1.9 -3.548 1.239 -0.243 -1.361 -3.651 -4.36 -4.257 1.2 -3.743 2.428 1.507 1.045 3.816 -0.694
4 E -0.96 -7.713 -4.024 2.477 -7.669 -1.102 4.139 -6.32 -2.037 0.133 -4.652 -2.472 -7.647 -5.617 -7.158 1.133 3.208 -9.335 -8.613 1.052
5 E -0.533 -0.398 -0.753 0.365 -7.811 0.689 2.1 -2.748 2.003 0.149 0.439 0.75 -1.717 -1.195 0.704 -1.128 0.181 -8.977 -2.176 0.124
6 F 1.229 -9.124 -9.362 -9.615 -7.597 -4.341 -3.755 -7.663 -5.302 0.394 0.662 -7.517 -1.609 6.665 -2.045 -6.079 -5.481 -4.008 3.783 0.094
7 E 1.907 -2.388 1.557 -3.211 -7.726 1.739 3.4 -4.322 2.656 -0.337 1.5 -0.644 -3.274 -4.644 -3.746 -2.844 -2.737 -9.042 -4.174 -1.25
8 E 0.345 1.621 0.39 -0.685 -8.026 1.192 2.83 -4.715 0.455 -2.276 -1.059 2.086 -5.499 -5.615 1.788 -1.111 -1.407 -9.26 -3.068 -0.737
9 D -0.143 -5.971 0.762 3.076 -7.521 -5.411 1.694 -4.066 -1.632 2.293 1.209 -6.022 -2.078 -0.781 -7.457 -2.046 -1.563 -8.994 -2.577 2.456