#Seq2Logo.py -Z on -y 0.25:2.0 -H ends -f 38081.peps -o YMFFQFSGGAILNTLFGQFEYFEIEKVRVHLDVT_el -I 2 --format PNG -b 50 -C 0 -l 1
Last position-specific scoring matrix computed, values are in halfbits
A R N D C Q E G H I L K M F P S T W Y V
1 I -8.408 -0.62 -9.492 -9.912 -7.627 -7.074 -9.695 -9.873 -7.477 4.353 0.361 -1.918 -0.58 4.978 -10.443 -9.566 -8.409 1.379 4.657 1.465
2 R 0.584 3.151 -4.82 -1.87 -7.713 -0.008 1.455 -8.638 0.225 1.202 -2.159 1.806 -3.302 -0.982 -9.329 -2.691 -0.506 -0.607 -0.005 2.294
3 A 2.455 -0.982 -4.847 -4.706 -7.249 -0.838 -3.03 -0.708 0.229 1.253 -3.747 -2.798 -3.331 0.614 -1.564 1.785 0.606 -1.895 3.325 1.242
4 E -0.131 -8.028 -4.783 1.486 -7.58 -0.951 3.943 -6.508 -4.164 2.633 -0.375 -3.562 -1.304 -1.187 -9.275 -1.24 1.015 -9.073 -6.223 1.7
5 E 0.011 0.795 -1.065 0.375 -7.924 0.908 2.419 -5.19 0.833 -0.586 -0.878 2.33 -5.422 -4.137 1.19 -1.99 0.808 -9.177 -2.604 -0.319
6 A 3.587 -3.05 -1.512 -4.157 -7.262 -4.062 1.164 -3.93 -3.277 0.071 -0.596 -2.582 -2.149 3.483 0.127 -0.7 -0.498 -8.279 0.047 -0.546
7 L 1.869 -0.915 -1.115 -3.325 -7.623 1.342 2.516 -5.751 2.003 0.583 2.098 1.138 -2.077 -3.057 -3.376 -4.433 -3.279 -8.823 -1.26 -0.646
8 K 0.698 3.163 -1.253 -3.301 -7.987 0.501 1.666 -3.699 0.649 -1.55 -0.133 3.081 -7.463 -4.16 0.879 -1.717 -0.99 -9.185 -4.236 -2.033
9 R -0.731 5.531 -0.764 -3.774 -8.071 -2.28 -1.484 -6.524 -2.529 0.227 -0.622 2.7 -1.341 -3.126 -9.417 -4.479 -3.288 -8.796 -0.2 0.747