#Seq2Logo.py -Z on -y 0.25:2.0 -H ends -f 38081.peps -o YMFFQFSGGAILNTLYGQFEYFDIEKVRMHLVMT_el -I 2 --format PNG -b 50 -C 0 -l 1
Last position-specific scoring matrix computed, values are in halfbits
A R N D C Q E G H I L K M F P S T W Y V
1 I -8.176 -9.608 -9.993 -10.139 -7.132 -9.833 -10.261 -10.153 -8.806 6.128 1.423 -9.49 -0.244 2.855 -10.441 -9.783 -8.088 -4.47 0.906 2.65
2 V 0.47 2.692 -2.4 -2.761 -7.637 -0.766 1.925 -6.467 0.218 1.763 -2.271 1.496 -4.101 -0.994 -9.307 -1.361 -0.39 -3.025 -1.836 2.443
3 A 2.603 -2.772 -4.887 -4.257 -7.219 -1.67 -5.65 0.388 -0.55 1.853 -4.423 -2.188 -1.004 0.5 -0.336 1.49 -0.271 -0.08 2.925 1.353
4 E 0.151 -5.747 -2.656 1.777 -7.618 -1.56 3.812 -6.466 -2.064 1.713 0.152 -2.122 -0.976 -0.996 -9.258 -1.126 0.593 -9.066 -6.205 1.643
5 K -0.528 1.1 0.071 1.02 -8.033 -0.128 1.899 -2.332 0.834 -0.86 -2.413 2.743 -3.456 -3.678 1.848 -0.612 0.185 -9.322 -4.257 -1.317
6 F 2.892 -3.772 -2.473 -5.317 -7.427 -4.776 -0.296 -1.045 -1.594 -0.644 -1.036 -2.868 -1.322 5.206 -1.397 -0.543 -1.744 -2.823 1.699 -0.988
7 L -0.006 -1.205 1.261 -2.223 -7.883 2.203 2.59 -4.798 1.891 0.072 2.231 1.142 -1.279 -2.353 -4.746 -4.14 -4.783 -2.992 0.315 -1.643
8 K 0.281 2.869 -0.453 -1.814 -8.025 -0.259 1.851 -2.34 -0.526 -1.395 -0.812 3.23 -7.566 -3.213 0.795 -1.343 -1.567 -9.164 -3.059 -1.065
9 V 0.339 2.871 -2.499 -2.648 -4.756 -2.176 -2.629 -3.534 -5.607 2.748 1.719 -2.332 -0.884 -2.028 -9.743 -4.577 -2.735 -8.777 -1.018 3.513