#Seq2Logo.py -Z on -y 0.25:2.0 -H ends -f 38081.peps -o YMFFMFSGGAILNTLHLQFEYFDLEKVRVHLDVT_el -I 2 --format PNG -b 50 -C 0 -l 1
Last position-specific scoring matrix computed, values are in halfbits
A R N D C Q E G H I L K M F P S T W Y V
1 R -8.395 8.236 -7.352 -8.416 -9.144 -6.367 -7.411 -8.984 -6.816 -9.485 -8.937 -0.209 -8.123 -9.386 -9.545 -8.278 -8.334 -9.148 -8.672 -9.053
2 A 2.088 2.382 -1.285 -2.528 -7.52 0.682 0.947 -5.173 0.441 0.341 -0.464 -0.421 -1.321 0.105 -9.291 -1.718 0.271 -1.199 0.167 1.18
3 A 2.712 -1.657 -4.306 -1.727 -4.759 -2.179 -1.861 0.455 -0.865 -0.303 0.086 -3.653 -2.662 1.44 -0.741 0.739 -0.607 0.335 2.082 0.835
4 E 2.603 -8.019 -2.355 0.799 -4.756 -1.349 3.318 -4.262 -3.282 1.249 -1.736 -7.494 -2.176 -8.297 -8.979 0.979 1.92 -9.282 -8.579 1.079
5 L 1.345 -2.201 0.147 0.261 -4.863 1.569 1.555 -3.437 -4.152 1.265 0.995 -0.252 -2.109 -1.615 -0.097 -2.674 -0.394 -3.047 -3.561 1.023
6 A 5.079 -8.645 -5.801 -7.115 -6.712 -8.546 -7.255 -2.8 -8.438 0.017 -4.49 -8.073 -7.381 -8.417 3.403 -0.662 -1.075 -9.558 -8.678 2.718
7 A 3.88 -3.325 -0.228 -4.103 -4.705 0.562 1.545 -1.95 -1.224 -0.296 1.15 -3.28 -0.398 -2.422 -1.556 -1.558 -2.066 -9.065 -5.048 0.454
8 A 1.684 1.722 -0.766 -1.318 -7.622 0.986 1.245 -2.52 -0.543 -0.653 0.338 1.089 -2.675 -3.553 -0.461 -1.117 -1.114 -3.04 -1.56 0.88
9 A 3.106 -7.891 3.136 1.553 -7.374 -0.97 0.901 -0.193 0.232 -4.245 -2.554 -5.136 -0.478 -8.652 -5.269 2.174 -0.809 -9.4 -8.622 -0.52