#Seq2Logo.py -Z on -y 0.25:2.0 -H ends -f 38081.peps -o YMFFQFSGGAILNTLYGQFEYFAIEKVRVHLDVT_el -I 2 --format PNG -b 50 -C 0 -l 1
Last position-specific scoring matrix computed, values are in halfbits
A R N D C Q E G H I L K M F P S T W Y V
1 F -8.622 -4.356 -9.663 -10.077 -7.772 -9.699 -8.076 -9.902 -7.328 3.317 0.599 -5.839 -0.879 6.365 -7.964 -9.719 -8.645 2.118 4.868 0.297
2 R 0.528 2.25 -1.08 -0.599 -7.784 0.798 1.658 -3.716 1.178 0.708 -1.964 1.155 -4.173 -1.383 -9.273 -0.913 0.004 1.011 0.463 1.112
3 S 1.495 -3.347 -4.171 -0.512 -7.414 -0.837 -4.999 1.017 0.653 -0.356 -4.314 -2.366 -1.379 0.616 -2.203 2.361 1.45 0.717 3.676 -0.3
4 E -1.767 -6.551 -3.226 2.343 -7.724 -1.757 4.314 -5.207 -2.041 1.176 -2.92 -3.205 -5.422 -4.144 -7.21 0.516 2.778 -9.287 -8.544 1.118
5 E -0.449 0.058 -0.313 0.94 -7.917 0.121 1.936 -3.434 2.238 -0.259 -0.244 1.541 -2.199 -2.789 1.725 -0.911 0.001 -9.099 -1.855 -0.814
6 F 1.087 -7.295 -9.174 -5.578 -7.693 -9.237 -2.302 -5.386 -4.039 -0.592 0.413 -6.456 -0.368 6.678 -1.622 -3.715 -4.923 -1.694 4.044 -1.469
7 E 0.519 -1.729 1.56 -1.766 -7.9 1.883 3.428 -3.186 2.243 -0.447 1.6 0.468 -2.132 -3.553 -2.731 -4.082 -1.918 -9.034 -4.179 -1.527
8 E 0.008 2.012 0.778 -0.441 -5.05 0.386 2.597 -4.726 -0.246 -1.396 -1.051 2.416 -3.418 -2.841 1.334 -1.712 -0.506 -9.234 -4.244 -1.185
9 V -0.457 -1.881 -1.339 0.659 -4.76 -3.647 0.221 -4.501 -3.372 3.151 1.593 -6.144 -1.208 0.822 -9.766 -3.181 -1.566 -8.579 -0.168 3.367