#Seq2Logo.py -Z on -y 0.25:2.0 -H ends -f 38081.peps -o YMFFMFSGGAISNTLFGQFEYFALEKVRMHLDVT_el -I 2 --format PNG -b 50 -C 0 -l 1
Last position-specific scoring matrix computed, values are in halfbits
A R N D C Q E G H I L K M F P S T W Y V
1 F -7.405 1.62 -9.288 -9.778 -7.817 -5.76 -6.75 -9.75 -5.278 2.833 1.058 -2.055 -0.597 5.722 -7.877 -9.477 -8.546 2.305 4.113 0.562
2 R -0.215 2.855 -1.878 -0.877 -7.822 0.588 1.133 -4.053 1.175 0.857 -1.527 1.499 -2.685 -0.033 -9.344 -1.737 0.35 0.317 0.169 1.171
3 S 1.776 -2.501 -3.321 -0.907 -7.426 -1.22 -4.581 1.436 0.656 -0.154 -4.076 -3.637 -4.25 0.727 -2.73 2.087 1.088 0.722 3.947 -0.3
4 E -1.763 -5.573 -2.895 1.184 -7.733 -0.731 4.314 -6.393 -0.538 0.777 -3.854 -0.643 -7.507 -2.825 -7.198 0.578 2.778 -4.743 -8.376 1.328
5 E -1.0 0.537 0.061 0.791 -7.997 1.265 2.066 -3.718 1.887 -0.262 -0.505 1.7 -1.365 -1.893 1.187 -1.35 -0.294 -9.023 -1.546 -0.817
6 F 0.103 -9.164 -9.403 -9.659 -7.771 -5.895 -3.469 -6.785 -5.216 0.296 0.838 -7.558 -0.916 6.796 -0.377 -7.776 -6.251 -3.932 4.435 -1.89
7 E 0.746 -1.534 1.033 -1.755 -7.972 2.152 3.678 -5.729 3.417 -0.255 1.244 0.475 -4.115 -4.667 -2.453 -3.527 -2.753 -9.026 -3.518 -2.338
8 E -0.138 2.01 0.779 -0.433 -8.11 1.012 2.893 -4.727 0.657 -2.504 -0.746 1.908 -4.283 -3.662 1.847 -1.459 -1.412 -9.244 -3.591 -1.599
9 L -1.007 -4.689 -0.228 1.963 -7.428 -4.708 1.487 -3.517 -2.115 2.978 1.711 -5.432 -1.599 0.13 -9.668 -2.393 -1.732 -8.827 -2.166 2.735