#Seq2Logo.py -Z on -y 0.25:2.0 -H ends -f 38081.peps -o YMFFMFSGGAISNTLFGQFEYFDLEKVRVHLGMT_el -I 2 --format PNG -b 50 -C 0 -l 1
Last position-specific scoring matrix computed, values are in halfbits
A R N D C Q E G H I L K M F P S T W Y V
1 F -8.62 -9.397 -9.752 -10.172 -7.723 -9.797 -10.068 -9.925 -7.416 2.772 1.515 -9.548 0.152 6.336 -10.73 -9.765 -8.653 2.857 4.674 0.574
2 R 0.409 2.296 -0.322 -0.477 -7.762 0.242 1.246 -2.733 1.011 0.48 -1.968 1.153 -5.348 -0.473 -9.273 -0.445 0.272 -0.108 0.317 1.11
3 S 1.498 -3.036 -2.35 -0.503 -7.464 -1.422 -3.254 2.204 0.446 -0.954 -3.119 -2.575 -2.77 -0.139 -1.038 2.328 0.604 0.337 2.982 -0.504
4 E -1.28 -6.427 -1.813 1.198 -7.798 -1.488 4.836 -4.733 -1.177 0.458 -3.298 -2.447 -3.423 -8.592 -7.166 0.868 2.595 -9.303 -8.601 0.345
5 K -0.711 0.784 -0.054 1.476 -7.96 0.48 1.417 -2.945 1.755 -0.706 -0.184 1.797 -1.027 -2.171 1.401 -0.624 -0.397 -9.124 -2.584 -1.294
6 F -2.514 -9.311 -9.64 -10.016 -7.77 -9.732 -6.115 -9.687 -7.407 0.327 2.331 -9.465 0.15 6.945 -3.518 -8.021 -6.299 -2.571 4.213 -2.558
7 E 0.907 -0.379 1.558 -2.933 -7.86 2.082 3.01 -3.431 2.243 -0.673 1.533 0.763 -2.646 -3.126 -3.372 -3.789 -1.915 -4.693 -3.528 -1.392
8 E 0.218 2.259 1.122 -0.329 -7.921 0.91 2.067 -4.325 0.007 -0.271 -1.392 1.906 -4.245 -4.773 -0.089 -0.522 -0.086 -9.19 -3.062 -0.511
9 V 0.533 -6.07 0.545 0.028 -3.391 -4.184 -1.58 -1.73 -3.407 3.117 1.749 -6.188 -1.579 -2.644 -6.293 -0.748 -0.382 -9.031 -4.205 3.263