#Seq2Logo.py -Z on -y 0.25:2.0 -H ends -f 38081.peps -o YMFFMFSGGAILNTLYGQFEYFAIEKVRMHLDVT_el -I 2 --format PNG -b 50 -C 0 -l 1
Last position-specific scoring matrix computed, values are in halfbits
A R N D C Q E G H I L K M F P S T W Y V
1 F -8.553 3.494 -8.927 -9.532 -8.029 -4.168 -6.586 -9.614 -3.176 1.966 0.652 -0.934 -1.248 5.664 -7.826 -9.288 -7.169 2.097 3.901 -0.626
2 R 0.464 2.39 -1.661 -1.324 -7.788 1.081 1.189 -3.728 1.757 1.053 -1.626 1.154 -1.723 -0.03 -9.333 -1.476 0.092 1.308 0.174 0.7
3 S 1.777 -3.049 -3.315 -0.905 -7.424 -2.17 -4.195 1.288 0.242 -1.362 -4.09 -3.341 -4.264 1.758 -2.729 2.457 1.025 1.337 3.818 -0.499
4 E -1.513 -6.427 -3.203 2.161 -7.796 -0.4 4.554 -6.359 -1.182 0.126 -4.39 -2.059 -7.668 -5.628 -7.167 0.583 2.917 -9.317 -8.579 0.871
5 E -0.448 0.05 -0.6 0.455 -7.826 0.36 2.101 -2.958 1.328 0.051 0.282 1.018 -2.169 -1.403 0.791 -0.627 0.094 -8.95 -1.269 -0.212
6 F 0.486 -9.182 -9.413 -9.719 -7.786 -4.362 -4.1 -7.752 -7.22 -0.583 0.214 -7.589 -3.153 7.096 -2.549 -7.765 -6.263 -1.645 4.513 -1.087
7 E 1.341 -1.212 1.267 -2.919 -7.821 1.741 3.375 -3.172 2.657 -0.45 1.463 0.145 -4.09 -5.4 -2.727 -3.279 -2.299 -9.019 -3.016 -1.39
8 E 0.01 1.851 0.592 -0.685 -8.07 1.192 2.733 -4.72 0.456 -1.903 -1.413 2.174 -4.293 -4.189 1.906 -1.222 -1.12 -9.269 -3.597 -1.075
9 V -0.141 -5.241 0.571 2.816 -7.488 -4.665 1.547 -3.757 -2.097 2.032 1.211 -5.379 -1.644 0.112 -7.463 -1.762 -1.406 -8.939 -3.001 2.658