#Seq2Logo.py -Z on -y 0.25:2.0 -H ends -f 38081.peps -o YMFFMFSGGAILNTLFGQFEYFAIEEVRMHLGMT_el -I 2 --format PNG -b 50 -C 0 -l 1
Last position-specific scoring matrix computed, values are in halfbits
A R N D C Q E G H I L K M F P S T W Y V
1 F -8.544 -9.421 -9.824 -10.192 -7.593 -9.815 -10.112 -9.959 -7.748 3.3 2.132 -9.552 0.17 5.97 -10.702 -9.789 -8.56 3.156 3.775 1.084
2 R 0.644 2.348 -0.754 -2.258 -7.817 0.697 1.355 -2.732 1.89 0.84 -1.548 1.705 -5.338 -0.628 -9.265 -0.282 -0.984 -0.104 0.742 0.201
3 A 2.133 -2.733 -1.255 -0.385 -7.51 -0.659 -3.24 1.535 1.761 -0.956 -2.642 -1.483 -3.415 0.909 -1.564 1.705 -0.604 -1.155 3.217 -1.037
4 E -0.265 -1.337 -2.317 -1.792 -7.683 -1.104 2.559 -3.99 3.41 0.697 -3.853 2.63 -2.205 -4.761 -7.19 0.695 2.399 -9.165 -8.095 0.692
5 K -0.362 0.701 0.287 1.28 -7.862 0.985 0.205 -1.289 0.83 -0.698 -0.441 1.794 -2.202 -2.792 0.957 -0.043 -0.186 -2.003 -1.864 -0.414
6 F -5.624 -9.426 -9.575 -10.132 -8.254 -9.987 -10.024 -9.754 -6.755 -3.264 -2.242 -9.698 -3.202 7.942 -10.952 -9.723 -9.109 0.876 5.724 -5.773
7 L 0.458 0.795 2.009 -3.601 -7.925 1.74 1.935 -3.704 3.341 -0.68 0.891 1.941 -1.709 -1.624 -6.185 -3.792 -1.576 -4.664 -2.15 -0.915
8 E -1.203 1.901 1.039 0.19 -7.983 0.6 1.982 -3.71 0.838 -0.692 -1.293 2.081 -4.233 -2.809 0.335 -0.911 -0.502 -9.114 -2.207 0.736
9 V -0.059 -4.746 -0.384 0.217 -4.694 -6.772 -0.933 -3.26 -4.351 3.188 1.757 -6.229 -1.198 -0.272 -7.548 -1.925 -0.283 -8.9 -4.145 3.683