#Seq2Logo.py -Z on -y 0.25:2.0 -H ends -f 38081.peps -o YMFFQFSGGAILNTLYLQFEYFALERVRMHLDVT_el -I 2 --format PNG -b 50 -C 0 -l 1
Last position-specific scoring matrix computed, values are in halfbits
A R N D C Q E G H I L K M F P S T W Y V
1 R -7.431 5.177 -8.492 -9.282 -8.376 -7.913 -8.629 -9.459 -6.675 1.046 -2.501 -0.105 -5.226 5.066 -10.128 -9.023 -8.591 -1.708 5.313 -1.973
2 R 0.64 3.115 -4.227 -1.171 -7.75 0.8 1.559 -7.344 1.009 0.58 -1.331 1.337 -2.671 -0.979 -9.316 -2.686 -0.507 -4.613 0.462 1.935
3 A 2.685 -1.466 -3.381 -2.344 -7.292 -1.025 -3.283 -0.606 -0.834 0.487 -2.433 -3.329 -2.176 1.022 -1.379 1.07 1.271 0.353 3.63 0.224
4 V 0.414 -8.47 -5.765 -1.921 -7.076 -1.913 0.855 -8.876 -2.72 3.022 1.905 -4.054 -0.876 -1.788 -7.444 -1.494 2.23 -8.976 -8.103 3.019
5 K 0.149 0.616 -0.465 0.074 -7.751 1.08 1.462 -4.758 -1.196 0.323 0.287 1.696 -2.678 -3.141 1.187 -1.469 0.27 -9.085 -1.872 0.426
6 A 5.623 -8.513 -4.98 -6.036 -6.686 -6.621 -3.883 -2.182 -5.612 -1.174 -4.301 -7.946 -5.445 -0.509 2.187 -0.293 -1.513 -9.193 -4.219 0.656
7 A 2.92 -3.993 1.257 -2.982 -7.474 1.165 2.479 -3.131 1.475 0.25 1.182 -0.668 -2.638 -2.417 -2.725 -2.467 -4.708 -4.693 -3.01 0.067
8 K 0.915 2.487 -1.881 -2.736 -7.823 0.254 1.799 -2.949 0.64 -1.066 -0.061 2.169 -5.356 -4.741 1.402 -2.479 -0.0 -4.735 -3.583 0.03
9 D 1.009 -3.708 1.42 3.118 -7.621 -0.8 2.41 -4.02 -1.211 1.867 0.415 -5.851 0.285 -3.525 -9.394 -3.09 -3.894 -9.187 -4.248 1.908