#Seq2Logo.py -Z on -y 0.25:2.0 -H ends -f 38081.peps -o YMFFMFSGGAISNTLYLQFEYFAIEEVRIHLDVT_el -I 2 --format PNG -b 50 -C 0 -l 1
Last position-specific scoring matrix computed, values are in halfbits
A R N D C Q E G H I L K M F P S T W Y V
1 R -8.477 6.861 -7.956 -8.857 -8.639 -5.019 -6.911 -9.246 -6.876 0.094 -3.405 0.008 -4.21 3.643 -9.868 -8.686 -8.459 -1.858 2.755 -3.272
2 R 1.062 3.385 -4.229 -2.082 -7.75 1.172 0.632 -6.429 1.483 0.156 -1.944 0.912 -1.001 0.466 -9.339 -1.872 -0.294 -0.098 0.877 1.276
3 A 2.542 -2.508 -3.359 -2.577 -7.463 -0.672 -3.284 1.389 0.664 -1.227 -3.45 -5.326 -4.257 1.769 -2.736 1.579 -0.085 2.472 4.352 -1.541
4 T 0.773 -5.654 -2.115 -3.061 -7.267 -2.116 0.326 -4.725 2.542 1.152 -2.145 0.796 -3.284 -0.173 -9.147 0.392 3.526 -3.013 -1.806 2.192
5 L 0.213 -0.178 -1.289 -0.747 -7.64 0.973 1.008 -4.403 0.214 1.137 1.151 0.599 -3.244 -2.385 1.398 -2.177 0.35 -3.024 -0.378 0.584
6 A 4.963 -8.793 -5.93 -7.288 -6.837 -6.834 -5.769 -4.966 -8.216 0.455 -1.288 -8.336 -4.077 3.054 2.072 -3.988 -3.526 -8.526 -0.951 1.877
7 A 2.647 -3.562 1.336 -6.37 -7.587 1.805 2.788 -4.3 3.181 -0.123 1.366 -0.336 -0.972 -2.741 -4.709 -3.268 -5.897 -8.947 -3.498 -0.667
8 E 0.966 1.427 -0.605 -0.992 -7.812 0.593 1.89 -4.34 1.004 -0.812 -0.244 1.849 -4.199 -3.616 1.726 -1.585 -0.29 -4.739 -3.574 -0.137
9 V 0.639 -8.326 2.18 3.114 -7.475 -3.126 1.452 -5.736 -4.192 1.412 1.125 -5.976 -0.956 -2.728 -7.413 -2.335 -0.849 -9.248 -8.424 2.652