#Seq2Logo.py -Z on -y 0.25:2.0 -H ends -f 38081.peps -o YMFFMFSGGAISNTLYLQFEYFAIEEVRMHLGMT_el -I 2 --format PNG -b 50 -C 0 -l 1
Last position-specific scoring matrix computed, values are in halfbits
A R N D C Q E G H I L K M F P S T W Y V
1 F -8.749 -6.33 -9.648 -10.139 -7.934 -9.771 -10.004 -9.885 -6.988 2.248 0.289 -9.508 -1.593 6.726 -10.769 -9.745 -8.8 2.706 5.66 -0.809
2 R 0.963 3.078 -1.664 -1.168 -7.779 0.992 1.246 -4.377 1.334 0.643 -1.954 1.038 -5.307 -0.468 -9.322 -2.017 -1.264 -1.201 0.607 1.576
3 A 1.961 -3.733 -4.211 -2.111 -7.466 -1.222 -3.562 1.969 0.849 -0.953 -3.454 -4.374 -2.224 0.94 -3.037 2.086 0.193 1.344 4.422 -1.151
4 T 0.173 -4.957 -2.106 -2.759 -7.323 -1.597 0.881 -5.174 2.641 1.501 -1.915 1.061 -3.283 -0.481 -9.14 1.172 3.052 -4.683 -4.902 2.074
5 K -0.365 0.623 -0.19 -0.031 -7.854 1.341 0.356 -3.181 1.619 -0.053 -0.432 2.115 -2.188 -3.575 1.903 -0.913 0.003 -4.707 -1.028 -0.134
6 F 3.561 -8.912 -8.948 -5.511 -7.238 -6.945 -4.787 -4.33 -7.737 -0.08 -0.285 -8.626 -0.391 5.38 1.25 -2.187 -3.014 -7.478 2.442 -0.161
7 E 1.295 -0.896 1.887 -4.37 -7.844 2.61 2.729 -7.163 3.631 0.139 0.627 0.622 -2.148 -4.049 -3.369 -4.065 -2.51 -8.965 -2.543 -0.486
8 E 0.148 2.155 0.584 -1.127 -7.908 -0.134 2.223 -3.706 0.833 -0.062 -0.719 1.554 -3.38 -3.189 1.401 -1.463 -0.291 -9.187 -3.577 -0.315
9 V 0.343 -7.115 0.825 1.251 -4.707 -4.805 -0.486 -5.327 -4.33 3.188 1.56 -7.105 -1.573 -2.044 -9.686 -2.746 -1.55 -9.061 -5.026 3.838