#Seq2Logo.py -Z on -y 0.25:2.0 -H ends -f 38081.peps -o YMFFQFSGGAILNTLHLQFEYFDLEKVRVHLDVT_el -I 2 --format PNG -b 50 -C 0 -l 1
Last position-specific scoring matrix computed, values are in halfbits
A R N D C Q E G H I L K M F P S T W Y V
1 R -8.406 6.804 -7.87 -8.772 -8.683 -7.033 -7.907 -9.172 -6.759 -0.996 -4.595 1.621 -4.251 2.873 -9.754 -8.598 -8.418 -2.839 3.49 -2.073
2 R 1.559 3.002 -2.405 -3.067 -7.603 0.69 1.239 -7.267 0.828 0.658 -0.529 0.323 -0.982 -0.466 -9.319 -2.164 -0.189 -1.965 -0.359 1.49
3 A 3.467 -1.469 -2.693 -1.365 -7.181 -1.428 -2.787 0.47 -1.207 -0.778 -1.638 -4.334 -1.741 0.587 -1.199 1.076 0.199 -0.588 1.817 0.572
4 A 2.853 -8.069 -2.981 -0.993 -4.671 -1.374 2.439 -5.061 -5.502 1.384 -1.928 -4.699 -3.305 -8.203 -7.169 0.823 2.989 -9.253 -8.546 1.831
5 E 0.757 -0.938 -0.475 -0.03 -7.585 1.65 1.84 -3.723 -1.207 0.81 0.453 -0.145 -3.268 -2.747 0.017 -2.008 0.355 -4.705 -2.205 1.635
6 A 5.79 -8.515 -5.777 -8.579 -6.597 -6.632 -5.623 -3.437 -8.301 -1.151 -4.856 -6.788 -7.52 -8.54 2.623 -1.133 -1.072 -9.502 -8.681 1.551
7 A 4.006 -5.064 0.137 -4.064 -7.173 0.974 2.05 -4.59 0.427 -0.405 0.904 -2.998 -2.124 -3.544 -1.962 -2.428 -1.708 -9.079 -4.206 0.719
8 A 1.641 2.658 -0.471 -2.756 -7.747 0.898 0.897 -3.166 -0.009 -0.565 -0.175 2.083 -4.17 -4.719 0.707 -3.27 -0.619 -2.006 -3.048 0.195
9 A 2.794 -3.037 2.285 0.065 -3.411 -1.204 -0.66 -1.256 -0.876 0.887 0.259 -4.762 1.004 -3.538 -7.311 0.691 -1.524 -9.19 -8.36 1.69