#Seq2Logo.py -Z on -y 0.25:2.0 -H ends -f 38081.peps -o YMFFMFSGGAILNTLFGQFEYFDIEEVRMHLDVT_el -I 2 --format PNG -b 50 -C 0 -l 1
Last position-specific scoring matrix computed, values are in halfbits
A R N D C Q E G H I L K M F P S T W Y V
1 R -7.348 4.764 -8.682 -9.354 -8.006 -4.67 -6.464 -9.539 -4.044 2.012 1.11 -0.753 -1.248 4.609 -10.161 -9.107 -6.166 0.383 3.021 0.01
2 R 0.639 2.735 -1.275 -2.788 -7.751 1.502 0.344 -4.777 1.335 0.927 -1.719 1.274 -1.333 0.355 -9.356 -1.873 0.0 -0.097 1.115 1.063
3 A 2.394 -2.508 -4.772 -1.052 -7.444 -1.656 -2.789 1.581 0.661 -1.085 -4.604 -4.361 -3.418 1.972 -3.755 2.014 -0.278 -0.048 4.158 -0.917
4 K -1.656 -1.074 -3.227 -3.228 -8.086 -1.465 2.603 -7.194 4.074 -0.61 -5.016 4.764 -5.515 -2.513 -7.155 -0.893 1.55 -9.099 -6.05 -0.336
5 K -0.37 0.448 -0.072 -1.307 -7.87 1.424 1.248 -1.857 1.882 0.697 0.232 1.982 -1.339 -1.634 0.955 -1.601 -0.4 -4.693 -2.18 -1.133
6 F -0.349 -7.423 -9.536 -9.93 -7.805 -9.701 -6.087 -9.447 -7.23 0.041 1.013 -7.686 -2.511 7.187 -6.559 -7.891 -6.295 -1.63 4.619 -2.049
7 L 0.904 0.953 0.767 -4.935 -7.939 2.718 2.561 -6.395 3.265 -1.197 1.696 1.708 -3.262 -3.531 -4.718 -4.777 -3.288 -8.866 -1.826 -2.337
8 K 0.15 2.582 0.174 -1.987 -8.013 0.506 2.492 -5.694 0.654 -2.949 -0.89 2.717 -4.254 -2.502 0.53 -0.709 -1.117 -9.164 -4.218 -0.435
9 V 1.217 -0.446 2.117 -0.378 -4.75 -1.42 -1.685 -3.16 -0.88 1.231 1.086 -3.945 -1.652 -1.833 -6.214 0.68 0.606 -9.017 -3.548 2.308