#Seq2Logo.py -Z on -y 0.25:2.0 -H ends -f 38081.peps -o YMFFQFSGGAILNTLYLQFEYFEIEEVRVHLDVT_el -I 2 --format PNG -b 50 -C 0 -l 1
Last position-specific scoring matrix computed, values are in halfbits
A R N D C Q E G H I L K M F P S T W Y V
1 R -8.463 6.499 -8.046 -8.916 -8.569 -5.968 -8.113 -9.262 -6.867 0.522 -3.57 0.906 -3.358 3.83 -9.884 -8.732 -8.461 -0.525 3.344 -2.571
2 R 0.523 3.15 -2.994 -2.285 -7.768 1.346 1.3 -7.34 0.835 0.648 -1.419 1.102 -0.993 0.347 -9.343 -2.334 -0.095 -1.953 0.325 1.384
3 A 2.901 -1.14 -4.262 -2.583 -7.367 -1.427 -2.797 0.595 0.463 -0.805 -2.609 -4.779 -3.381 0.742 -3.034 1.449 -0.279 1.848 4.349 -0.388
4 T 1.446 -3.951 -2.665 -3.369 -7.29 -1.376 0.55 -4.709 1.868 1.208 -2.153 1.728 -5.228 -0.182 -9.105 -0.098 3.145 -4.668 -2.968 1.993
5 L 0.343 0.527 -1.279 -1.167 -7.698 1.419 1.131 -4.042 0.635 1.0 0.775 1.538 -4.069 -3.104 0.873 -1.875 -0.292 -4.69 -1.276 0.577
6 A 5.539 -8.618 -5.044 -8.721 -6.718 -5.604 -6.363 -3.223 -8.161 -0.314 -2.567 -8.095 -5.343 1.859 1.91 -1.271 -2.449 -8.844 -2.522 0.533
7 A 2.758 -0.52 0.757 -5.016 -7.57 2.073 2.057 -5.641 3.557 -0.119 1.293 -0.432 -2.631 -3.995 -3.751 -4.059 -5.264 -8.872 -1.522 -0.192
8 R 0.468 2.822 -0.327 -3.65 -7.913 -0.131 1.563 -4.35 0.645 -1.088 -0.512 2.377 -4.224 -4.134 1.904 -1.344 -0.505 -2.01 -3.045 -0.613
9 V 1.563 -1.653 2.332 -0.374 -7.25 -2.784 0.074 -2.941 -2.647 2.253 0.937 -5.323 0.31 -2.094 -6.237 -0.723 -0.599 -9.111 -8.249 2.531