#Seq2Logo.py -Z on -y 0.25:2.0 -H ends -f 38081.peps -o YMFFQFSGGAILNTLFGQFEYFDLEKVRMHLVMT_el -I 2 --format PNG -b 50 -C 0 -l 1
Last position-specific scoring matrix computed, values are in halfbits
A R N D C Q E G H I L K M F P S T W Y V
1 I -8.196 -9.585 -10.004 -10.143 -7.123 -9.794 -10.264 -10.169 -8.835 6.215 1.819 -9.465 0.951 2.253 -10.432 -9.797 -8.094 -4.492 0.771 2.157
2 R 0.467 3.255 -2.686 -3.058 -7.695 -0.762 1.453 -6.477 0.824 1.709 -2.542 1.901 -4.111 -1.191 -9.326 -2.178 -0.734 -1.984 -1.833 2.37
3 A 2.392 -2.27 -3.819 -3.835 -7.263 -1.668 -4.642 0.522 -0.019 1.95 -3.931 -2.185 -0.426 0.009 0.125 1.163 -0.275 0.335 2.668 1.353
4 E 0.588 -5.788 -3.778 0.859 -7.468 -1.369 3.09 -6.484 -0.571 2.323 1.244 -1.791 -1.645 -0.974 -9.328 -0.824 0.593 -8.996 -6.149 1.316
5 K -0.208 1.101 -0.169 1.419 -8.042 0.601 1.476 -3.156 1.332 -1.575 -2.046 2.743 -2.793 -3.686 2.074 -0.799 0.184 -9.353 -5.098 -1.896
6 F 2.785 -1.651 -1.142 -4.703 -7.519 -4.735 -0.29 -0.616 -3.236 -0.785 -1.913 -1.221 -1.004 5.024 -0.346 -1.13 -1.923 -2.838 1.692 -1.509
7 L 0.202 -0.503 0.85 -1.82 -7.881 1.876 2.374 -3.74 2.13 0.242 2.064 1.376 -2.096 -3.447 -3.772 -3.574 -3.941 -0.607 0.158 -1.951
8 K 0.08 2.982 -1.254 -2.035 -8.031 -0.125 1.254 -1.297 -0.254 -1.88 -0.195 3.287 -7.503 -3.636 1.333 -1.864 -1.914 -9.151 -2.611 -1.066
9 V 0.582 3.65 -3.475 -2.904 -7.376 -3.136 -2.408 -2.059 -4.247 2.268 1.262 -0.892 -2.029 -2.342 -7.525 -4.935 -3.265 -8.831 -1.274 3.381