#Seq2Logo.py -Z on -y 0.25:2.0 -H ends -f 38081.peps -o YMFFMFSGGAISNTLFGQFEYFAIEEVRMHLGMT_el -I 2 --format PNG -b 50 -C 0 -l 1
Last position-specific scoring matrix computed, values are in halfbits
A R N D C Q E G H I L K M F P S T W Y V
1 F -8.51 -9.444 -9.827 -10.182 -7.567 -9.831 -10.12 -9.96 -7.809 3.53 1.814 -9.559 0.168 5.97 -10.692 -9.778 -8.522 3.003 3.586 1.506
2 R 0.078 2.658 -0.6 -1.831 -7.923 0.806 1.708 -3.443 2.133 0.767 -2.475 1.902 -5.376 -0.985 -9.275 -0.918 -0.988 0.318 0.741 0.554
3 A 1.922 -2.738 -1.451 -0.897 -7.518 -0.498 -2.554 1.287 1.487 -0.703 -3.095 -1.977 -2.754 1.444 -1.566 1.785 -0.278 -0.068 3.381 -0.918
4 K -0.513 -1.033 -3.278 -2.244 -7.617 -0.593 1.61 -4.354 3.552 1.245 -3.392 2.552 -1.734 -2.16 -7.241 0.384 2.438 -3.043 -4.92 1.284
5 K -0.617 0.54 0.495 0.936 -7.934 1.26 0.648 -2.338 1.481 -0.588 -0.956 2.202 -2.211 -2.17 1.332 -0.359 -0.502 -4.712 -1.553 -0.418
6 F -2.061 -9.38 -9.483 -9.986 -8.085 -9.889 -8.046 -6.119 -5.06 -2.489 -1.476 -9.577 -2.579 7.828 -6.61 -6.267 -6.382 -0.887 5.102 -3.979
7 E -0.076 0.715 1.763 -3.595 -8.016 2.083 2.146 -4.025 4.017 -0.808 0.93 1.752 -2.151 -1.862 -4.206 -4.097 -2.11 -3.015 -1.504 -1.158
8 E -0.994 2.21 0.779 -0.22 -8.019 1.004 2.108 -3.708 0.654 -0.827 -1.487 1.904 -4.251 -3.187 0.958 -0.623 -1.117 -9.095 -1.563 0.323
9 V -0.536 -6.116 -0.989 0.402 -7.186 -6.76 -0.033 -3.036 -4.347 3.28 1.999 -6.247 -1.551 0.498 -9.778 -2.408 -1.257 -8.806 -3.485 3.591