#Seq2Logo.py -Z on -y 0.25:2.0 -H ends -f 38081.peps -o YMFFMFSGGAISNTLYGQFEYFAIEKVRVHLDVT_el -I 2 --format PNG -b 50 -C 0 -l 1
Last position-specific scoring matrix computed, values are in halfbits
A R N D C Q E G H I L K M F P S T W Y V
1 F -8.54 1.304 -9.287 -9.802 -7.859 -5.778 -7.815 -9.757 -5.206 2.759 0.386 -2.064 -0.607 5.936 -7.884 -9.479 -7.165 1.651 4.634 0.557
2 R 0.582 3.078 -2.381 -1.666 -7.813 0.48 1.607 -5.235 1.015 0.708 -1.635 0.974 -4.156 -0.306 -9.323 -1.733 0.179 1.018 1.111 0.821
3 Y 1.813 -3.367 -3.327 -1.053 -7.412 -1.658 -4.59 1.127 0.017 -0.463 -4.075 -3.344 -4.248 0.525 -3.032 1.979 1.664 1.605 4.347 -0.392
4 E -1.386 -5.663 -2.907 1.035 -7.567 -1.538 3.881 -5.196 -1.598 1.366 -3.602 -1.743 -5.374 -3.617 -7.206 1.025 3.147 -4.746 -8.436 1.586
5 E -0.368 -0.514 -0.747 0.862 -7.858 1.258 1.979 -3.721 2.005 -0.044 -0.051 1.018 -1.349 -2.151 1.331 -1.351 0.001 -9.043 -1.849 0.037
6 F 1.088 -9.125 -9.383 -9.589 -7.565 -7.112 -3.46 -5.992 -5.336 0.706 1.35 -7.495 -0.904 6.238 0.096 -7.653 -5.473 -6.886 3.774 0.021
7 E 1.155 -2.631 1.191 -1.244 -7.859 2.148 3.676 -6.374 3.019 0.141 1.534 -0.754 -3.272 -5.408 -3.031 -3.529 -3.276 -9.075 -4.992 -1.517
8 E 0.077 1.79 0.492 0.204 -8.077 1.101 2.985 -5.178 0.239 -1.398 -1.226 1.559 -4.284 -3.667 2.018 -1.854 -1.733 -9.295 -4.253 -0.734
9 V -1.012 -6.007 -0.092 2.852 -7.515 -3.159 1.593 -3.793 -3.333 2.836 1.184 -6.073 -0.926 0.368 -9.641 -3.383 -1.911 -8.82 -1.531 2.698