#Seq2Logo.py -Z on -y 0.25:2.0 -H ends -f 38081.peps -o YNFHERXFATVLHILYFGGTYYDVRTETVHLETT_el -I 2 --format PNG -b 50 -C 0 -l 1
Last position-specific scoring matrix computed, values are in halfbits
A R N D C Q E G H I L K M F P S T W Y V
1 Y -1.855 -9.14 -7.262 -4.015 -7.578 -7.042 -3.749 -9.538 -3.991 3.781 -1.981 -9.0 -0.922 3.42 0.201 -9.172 -3.998 3.436 5.683 2.546
2 A 3.124 1.005 0.38 -4.534 -7.383 -0.02 0.187 -2.66 2.555 -1.999 -4.322 0.756 -0.198 -2.136 -9.037 -0.769 1.557 -3.006 0.158 0.877
3 A 3.457 -2.733 -2.596 -2.767 -7.007 -1.406 -4.514 1.26 -2.067 -2.722 -6.799 -4.263 -5.575 -1.907 -2.409 3.218 3.093 -4.684 -0.808 -2.331
4 A 4.483 -8.697 -6.807 -2.625 -6.837 -3.236 -4.293 0.856 -5.649 1.404 -1.286 -8.266 -2.636 0.982 -7.287 -0.69 -1.869 -1.972 -1.821 2.46
5 A 2.028 -0.051 -0.595 -0.139 -7.478 0.683 0.114 -0.321 0.22 0.148 -3.25 1.589 -2.73 -4.695 -4.68 0.049 1.023 -9.014 -1.04 1.43
6 A 4.917 -8.52 -5.686 -2.354 -6.634 -6.628 -4.229 -5.916 -8.355 -0.352 -5.788 -8.013 -5.306 -8.275 0.804 0.288 1.572 -9.384 -6.383 3.245
7 A 3.239 -1.078 2.075 0.877 -7.638 2.55 1.717 -2.092 2.355 -1.903 -3.748 -2.91 -5.572 -5.585 -0.324 -1.415 -2.267 -9.147 -1.562 -0.723
8 P 1.566 1.83 -1.093 -2.278 -7.718 0.347 0.021 0.008 -1.208 -0.965 -1.047 0.76 -4.273 -5.582 3.467 -1.332 0.094 -4.765 -2.633 -1.046
9 A 4.187 -5.168 -1.078 -0.37 -2.473 -0.655 -0.991 1.865 -3.314 -0.683 -3.664 -6.637 -1.388 -6.683 -8.912 1.995 -0.936 -9.294 -6.43 0.635