#Seq2Logo.py -Z on -y 0.25:2.0 -H ends -f 38081.peps -o YNFHERXFATVLHILYFGLTYYAVGTETVHLETT_el -I 2 --format PNG -b 50 -C 0 -l 1
Last position-specific scoring matrix computed, values are in halfbits
A R N D C Q E G H I L K M F P S T W Y V
1 I -2.96 -9.265 -7.337 -6.445 -7.29 -5.849 -3.765 -9.654 -5.56 5.101 -2.025 -9.002 -1.571 0.974 1.582 -7.805 -3.287 2.064 3.774 3.561
2 A 2.766 1.213 0.484 -2.482 -7.419 -0.155 1.072 -3.112 2.652 -1.32 -3.839 -0.323 -1.028 -2.767 -9.075 -1.078 1.766 -4.661 -0.568 1.377
3 T 2.649 -3.685 -4.587 -3.047 -6.927 -3.545 -6.113 -0.198 -1.225 -4.2 -6.719 -5.808 -2.242 -2.169 -2.403 3.498 4.618 -4.682 -1.036 -1.809
4 A 3.219 -8.84 -5.053 -0.553 -4.575 -4.224 -3.649 -1.556 -8.609 2.888 0.656 -8.48 -1.232 -0.445 -7.413 -2.018 -0.274 -9.005 -8.094 3.542
5 A 1.611 -0.768 -0.18 0.276 -7.585 0.117 1.412 -1.398 1.005 -0.247 -3.275 1.642 -2.747 -2.791 -3.344 -0.096 1.715 -8.979 -1.031 0.688
6 A 4.811 -8.474 -3.436 -2.113 -4.5 -5.494 -1.018 -4.905 -8.27 -0.348 -4.717 -7.966 -4.143 -8.248 0.033 -0.308 1.037 -9.359 -6.38 3.348
7 E 2.412 -1.972 1.899 2.05 -4.975 1.878 2.987 -2.88 2.133 -0.982 -3.171 -4.535 -5.576 -4.791 -0.205 -2.269 -2.282 -2.014 -2.598 -0.522
8 P 1.723 1.655 -0.929 -1.665 -7.741 0.228 0.825 -0.617 -0.267 -1.229 -0.656 0.055 -4.255 -4.099 3.33 -2.144 -0.621 -3.054 -0.597 -0.819
9 A 3.101 -6.822 -1.438 2.82 -7.343 -0.64 1.559 0.179 -4.156 0.165 -2.454 -6.645 0.253 -3.146 -9.125 -0.179 -2.06 -9.093 -1.582 1.809