#Seq2Logo.py -Z on -y 0.25:2.0 -H ends -f 38081.peps -o YNFHQRXFATVTHILFFGLTYYVVRTETVHVGGI_el -I 2 --format PNG -b 50 -C 0 -l 1
Last position-specific scoring matrix computed, values are in halfbits
A R N D C Q E G H I L K M F P S T W Y V
1 I -2.13 -9.179 -4.608 -6.483 -7.394 -3.783 -4.903 -9.633 -4.1 4.441 -1.051 -9.068 0.721 3.371 -2.819 -7.848 -5.365 1.628 4.903 3.086
2 A 2.82 1.35 0.864 -2.475 -7.44 0.114 0.893 -2.666 2.748 -1.343 -3.454 -0.219 -1.375 -2.785 -9.047 -0.769 1.816 -8.915 -1.264 0.689
3 A 3.624 -5.887 -3.643 -2.779 -7.091 -3.575 -5.534 3.164 1.314 -4.812 -5.895 -6.676 -4.395 -4.131 -1.731 2.745 2.367 -8.961 -0.4 -4.109
4 A 3.887 -8.759 -5.001 -2.897 -6.694 -8.696 -6.46 -1.657 -8.571 2.705 -2.052 -8.343 -5.037 -2.104 -9.199 1.019 -0.15 -9.157 -8.283 3.857
5 T 0.711 0.059 -0.048 0.942 -7.662 0.48 1.617 -2.916 1.329 -0.05 -4.927 1.38 -3.411 -3.617 -2.438 -0.174 2.231 -9.086 -1.867 1.049
6 A 4.199 -8.57 -4.856 2.11 -6.902 -8.317 -1.523 -6.062 -8.296 0.904 -3.336 -8.038 -4.148 -8.258 0.882 -0.869 0.685 -9.476 -8.668 3.08
7 A 2.895 -0.787 0.956 0.803 -7.68 2.499 2.734 -3.346 2.357 -1.703 -2.981 -3.439 -3.43 -4.71 -2.709 -1.678 -1.398 -4.68 -0.195 -0.061
8 P 1.305 1.474 -1.676 -2.498 -7.775 0.577 1.296 -0.936 -1.197 -1.087 -1.04 0.39 -4.258 -2.169 3.467 -1.343 -0.86 -4.713 -0.592 -0.415
9 V 2.793 -8.813 -3.922 -0.196 -6.939 -3.681 -1.734 -1.565 -5.73 3.663 -0.867 -8.428 1.035 -1.797 -9.484 -1.256 -2.69 -8.965 -2.579 3.64