#Seq2Logo.py -Z on -y 0.25:2.0 -H ends -f 38081.peps -o YNFHQRXFATVTHILFFGLTYYDVGTETVHVAGI_el -I 2 --format PNG -b 50 -C 0 -l 1
Last position-specific scoring matrix computed, values are in halfbits
A R N D C Q E G H I L K M F P S T W Y V
1 I 0.697 -7.178 -1.373 -3.552 -7.102 -1.072 -2.669 -9.043 -3.385 4.483 -0.606 -7.195 1.204 -0.542 -1.8 -3.937 -1.113 -0.593 1.33 3.579
2 A 3.027 1.542 0.777 -3.663 -7.41 -0.153 0.11 -2.274 3.337 -2.224 -4.119 0.06 -1.041 -4.09 -9.008 0.065 1.717 -4.675 -1.011 0.341
3 A 4.036 -2.25 -3.277 -4.121 -7.106 -1.881 -3.824 2.942 0.424 -6.059 -6.97 -4.276 -5.689 -1.928 -0.575 2.412 1.401 -9.013 -1.297 -4.486
4 A 5.383 -8.512 -8.252 -7.05 -4.436 -6.637 -6.323 -0.539 -5.663 0.19 -2.556 -8.016 -4.139 -2.784 -8.824 1.477 -0.563 -9.198 -8.417 2.003
5 A 1.991 0.542 -1.867 -0.744 -7.473 1.169 -0.517 -2.141 0.634 -0.763 -2.599 2.518 -1.015 -5.479 -4.162 -0.693 1.211 -9.058 -1.869 1.932
6 A 4.557 -8.85 -8.951 -7.353 -4.448 -8.792 -6.529 -7.986 -8.767 2.567 -2.675 -8.409 -1.637 -7.787 -0.46 -3.466 -0.16 -9.295 -8.431 4.317
7 A 3.687 1.72 0.86 -1.837 -7.482 2.548 0.282 -3.871 3.019 -1.865 -2.509 -1.692 -1.035 -4.093 -3.345 -1.303 -2.955 -1.988 -1.011 -0.405
8 A 2.354 2.094 -0.776 -4.115 -7.655 -0.31 0.258 0.09 -2.053 -0.371 -1.204 0.829 -1.771 -4.739 2.995 -2.138 -1.73 -3.063 -1.582 -0.918
9 A 4.8 -5.904 -1.092 -2.297 -6.846 -1.891 -2.359 1.699 -3.329 -0.564 -5.244 -6.677 -1.044 -6.678 -7.101 1.963 -1.199 -9.285 -6.417 0.643