#Seq2Logo.py -Z on -y 0.25:2.0 -H ends -f 38081.peps -o YNFHQRXFATVTHILYFGLSSFAIRKATVHLETT_el -I 2 --format PNG -b 50 -C 0 -l 1
Last position-specific scoring matrix computed, values are in halfbits
A R N D C Q E G H I L K M F P S T W Y V
1 V -0.999 -8.98 -7.13 -4.371 -7.279 -3.277 -1.332 -5.444 -7.999 3.768 -3.085 -8.666 -0.923 1.39 1.833 -4.614 -0.508 2.058 3.11 3.965
2 A 1.952 0.683 0.688 0.282 -7.603 -0.603 2.017 -1.669 2.241 -0.462 -4.096 -1.005 -1.772 -1.009 -9.114 -0.335 1.387 -8.829 -0.567 0.62
3 T 0.023 -6.661 -5.871 -2.248 -6.897 -5.343 -5.448 -1.77 -2.636 -5.782 -7.456 -7.582 -7.7 -3.193 -5.939 3.776 6.189 -9.018 -2.226 -5.157
4 V 0.642 -8.639 -4.825 3.523 -3.438 -1.668 0.331 -3.485 -5.671 3.108 0.3 -8.211 -0.637 -3.962 -9.511 -3.348 -0.185 -9.268 -8.471 3.335
5 E 0.817 -2.657 -0.437 1.429 -7.721 -0.757 3.157 -1.544 1.33 -0.251 -3.106 0.046 -2.223 -1.427 -4.681 -0.509 1.813 -8.991 -1.854 0.619
6 E 3.243 -8.035 -4.21 1.031 -7.366 -2.987 4.134 -5.065 -7.679 -0.02 -3.251 -7.419 -5.434 -8.517 -0.321 -0.778 -0.485 -9.405 -8.688 2.138
7 E -0.381 -3.992 0.63 4.536 -8.396 0.396 4.544 -2.514 -0.807 -1.451 -3.235 -4.959 -5.733 -6.856 -1.751 -2.64 -3.005 -3.089 -3.113 -1.628
8 P 0.214 1.534 -0.197 0.448 -7.876 0.577 1.458 -1.703 -0.535 -0.158 -0.243 -0.322 -4.213 -1.631 2.475 -0.918 -1.265 -1.99 -0.198 -0.705
9 E 0.206 -8.339 -4.896 1.807 -7.542 -0.334 2.362 -2.049 -1.624 2.117 1.185 -5.991 3.084 0.256 -7.489 -3.377 -3.283 0.686 -0.763 1.658