#Seq2Logo.py -Z on -y 0.25:2.0 -H ends -f 38081.peps -o YNFHERXFATVLHILYFGLTHYSVRTETVHVGGI_el -I 2 --format PNG -b 50 -C 0 -l 1
Last position-specific scoring matrix computed, values are in halfbits
A R N D C Q E G H I L K M F P S T W Y V
1 I -2.791 -9.09 -6.071 -7.603 -7.485 -3.312 -3.454 -7.946 -4.015 4.074 -1.959 -8.962 -1.6 3.027 -1.621 -6.155 -2.549 2.673 5.561 3.077
2 A 2.598 1.717 -0.597 -1.831 -7.478 0.476 1.459 -2.484 2.653 -1.055 -3.446 -0.745 -1.03 -3.577 -9.069 -0.501 1.501 -4.673 -1.016 0.936
3 T 2.446 -8.076 -4.018 -2.047 -6.922 -4.629 -5.467 0.351 -2.075 -4.695 -6.806 -7.652 -3.458 -3.174 -3.662 3.731 4.871 -8.938 -0.598 -4.01
4 V 2.98 -8.819 -6.892 -1.765 -6.804 -4.852 -3.106 -3.174 -8.642 3.335 -0.579 -8.448 -3.122 -0.955 -9.392 -0.05 0.375 -4.707 -8.115 3.948
5 E 0.358 -0.786 -0.168 1.663 -7.701 -0.146 2.341 -1.28 0.228 0.3 -4.114 0.304 -4.272 -2.473 -3.013 0.39 1.961 -9.056 -1.566 0.62
6 A 3.243 -8.357 -4.123 3.68 -4.751 -6.354 1.196 -5.508 -7.967 -0.315 -4.084 -7.771 -5.488 -8.572 1.194 -0.089 1.027 -9.588 -8.829 2.137
7 E 1.474 -2.667 1.051 2.434 -8.045 1.672 3.889 -2.696 2.358 -1.916 -3.195 -5.528 -5.624 -4.164 0.338 -2.126 -2.738 -3.06 -1.562 -0.54
8 P 1.065 1.409 -0.923 -0.472 -7.857 0.354 1.795 -1.422 -0.007 -0.712 -0.584 -0.222 -7.555 -2.157 3.072 -2.003 -0.742 -1.23 -0.386 -1.166
9 D 1.984 -5.85 -3.649 3.796 -7.644 -0.622 2.697 -0.613 -2.597 0.989 -2.198 -5.809 0.812 -1.888 -7.295 -1.008 -2.974 -4.72 -2.225 1.117