#Seq2Logo.py -Z on -y 0.25:2.0 -H ends -f 38081.peps -o YNFHERXFATVLHILYFGLTHYDVRTETVHVGGI_el -I 2 --format PNG -b 50 -C 0 -l 1
Last position-specific scoring matrix computed, values are in halfbits
A R N D C Q E G H I L K M F P S T W Y V
1 I -1.977 -9.074 -7.255 -5.63 -7.423 -2.922 -4.869 -9.547 -2.551 3.984 -1.254 -8.942 -0.342 2.514 -0.927 -6.834 -2.543 2.668 5.303 3.242
2 A 3.003 1.537 0.17 -2.491 -7.354 -0.452 0.417 -2.658 2.554 -2.195 -4.092 -0.639 -0.73 -4.067 -9.014 -0.008 2.101 -4.663 -0.375 0.876
3 S 3.024 -4.552 -4.556 -3.335 -6.909 -3.537 -4.946 0.992 -2.083 -5.279 -6.885 -6.545 -5.603 -4.175 -2.15 3.83 4.344 -9.157 -3.085 -4.792
4 A 4.064 -8.784 -6.865 -1.406 -3.279 -4.838 -3.949 -1.808 -8.565 3.014 -1.715 -8.352 -5.025 -2.1 -7.31 -0.609 -0.473 -9.137 -6.241 3.612
5 E 1.126 -0.653 -0.735 0.374 -7.565 0.117 2.261 -1.408 1.325 0.146 -4.082 0.135 -5.432 -3.606 -3.726 -0.174 2.274 -9.078 -2.208 1.477
6 A 3.902 -8.44 -5.41 3.276 -7.06 -8.087 -0.237 -6.772 -8.09 -0.398 -5.547 -7.873 -5.448 -8.482 0.884 0.065 1.031 -9.532 -6.468 2.643
7 E 2.256 -1.767 1.049 2.245 -7.868 2.268 3.193 -2.477 1.765 -1.268 -4.218 -4.972 -5.611 -4.802 0.026 -1.09 -2.72 -3.064 -1.874 -0.63
8 P 1.435 1.279 -0.614 -1.011 -7.777 0.681 0.828 -1.163 0.224 -1.229 -0.728 0.225 -3.406 -3.154 3.185 -1.585 -0.738 -1.998 -0.203 -0.821
9 A 3.886 -4.131 -1.672 0.051 -7.054 -0.344 -0.879 0.976 -3.323 0.797 -2.434 -4.325 -0.183 -2.154 -9.054 1.03 -1.221 -9.095 -3.591 1.448