#Seq2Logo.py -Z on -y 0.25:2.0 -H ends -f 38081.peps -o YNFHQRXFATVTHILFFGGTYYDIEDSTVHLETT_el -I 2 --format PNG -b 50 -C 0 -l 1
Last position-specific scoring matrix computed, values are in halfbits
A R N D C Q E G H I L K M F P S T W Y V
1 Y -3.22 -9.073 -6.058 -5.594 -7.684 -3.311 -2.304 -9.577 -5.138 3.315 -1.661 -8.96 -0.923 4.734 -0.13 -6.175 -4.015 2.312 5.52 2.058
2 R 1.068 3.118 -0.315 -4.062 -7.806 0.804 0.835 -2.159 3.265 -0.583 -3.667 1.285 -3.399 -3.541 -9.195 -1.106 0.947 -0.606 0.604 0.545
3 A 2.611 -0.092 -1.059 -2.523 -7.261 -1.196 -4.526 1.196 0.642 -1.251 -4.409 -4.242 -2.783 -1.609 -1.024 2.737 2.197 -2.984 1.62 -2.34
4 F 0.313 -0.723 -8.913 -9.428 -7.802 -3.26 -6.583 -6.667 1.014 0.887 -2.078 -0.75 -2.623 5.042 -10.162 -4.296 -2.361 6.595 4.155 1.183
5 K 0.223 1.807 -0.176 -1.644 -7.864 1.184 0.132 -1.686 1.76 -0.957 -3.691 3.424 -2.759 -3.609 -2.711 -0.793 1.206 -8.934 -0.581 0.253
6 A 3.961 -8.485 -4.297 -1.056 -4.558 -4.737 -2.382 -3.312 -3.398 1.034 -3.331 -8.0 -3.314 -8.214 1.119 1.136 1.677 -9.4 -8.569 2.847
7 R 0.904 3.728 1.36 -1.292 -8.181 2.274 0.517 -2.714 4.939 -1.751 -2.555 0.868 -4.296 -5.492 -3.034 -3.058 -4.777 -4.66 -0.352 -1.338
8 P 0.588 2.251 -0.463 -3.025 -7.912 0.117 0.7 -0.249 1.477 -0.727 -0.966 1.754 -2.763 -4.753 2.914 -1.719 -0.51 -9.166 -1.57 -1.868
9 A 3.659 -4.082 -0.185 -0.141 -7.151 1.319 -1.357 2.065 -2.07 -2.204 -2.962 -4.689 -2.765 -4.785 -8.969 1.955 -1.211 -9.245 -5.155 1.049