#Seq2Logo.py -Z on -y 0.25:2.0 -H ends -f 38081.peps -o YNFHQRXFATVTHILYFAYTYYDVRTEAVHLETT_el -I 2 --format PNG -b 50 -C 0 -l 1
Last position-specific scoring matrix computed, values are in halfbits
A R N D C Q E G H I L K M F P S T W Y V
1 V 1.797 -8.794 -7.029 -2.395 -7.222 -1.951 -0.934 -8.786 -4.238 3.075 -1.225 -8.432 -0.641 1.023 1.952 -3.894 -1.409 2.051 2.243 3.231
2 A 3.488 0.433 0.062 -3.66 -7.422 0.236 0.111 0.547 3.262 -4.303 -5.401 0.225 -1.411 -4.088 -8.951 0.534 0.957 -1.215 0.154 -1.716
3 A 4.088 -2.042 -2.334 -3.374 -7.164 -2.778 -4.568 3.811 -0.024 -8.484 -7.84 -5.225 -5.761 -3.208 -1.945 2.213 0.456 -8.948 -0.218 -7.869
4 G 4.947 -8.66 -7.71 -4.659 -7.03 -8.495 -8.6 5.237 -8.154 -6.21 -7.936 -8.026 -8.42 -9.059 -7.136 0.668 -5.8 -9.355 -9.184 -4.96
5 A 2.096 0.251 -1.87 -0.366 -7.453 0.233 0.633 -1.152 0.433 0.248 -2.079 1.64 -2.706 -4.667 -5.313 -0.261 0.888 -8.987 -1.036 1.673
6 A 4.954 -8.736 -8.775 -8.908 -4.454 -8.664 -7.365 -7.723 -8.627 0.939 -3.857 -8.23 -7.024 -8.111 1.965 -2.404 0.124 -9.427 -8.542 3.914
7 A 3.711 -1.086 0.948 -1.621 -7.359 1.871 1.754 -1.626 1.332 -1.223 -2.011 -2.47 -4.247 -4.124 -3.332 0.339 -1.53 -9.078 -2.207 -0.303
8 A 2.229 1.467 -1.286 -3.723 -7.512 -0.983 0.329 -0.239 -4.164 -0.349 -0.942 -0.137 -2.733 -2.175 2.915 -0.608 0.189 -9.194 -2.616 0.043
9 A 3.998 -6.916 0.474 -2.304 -1.776 -3.606 -4.214 1.04 -2.664 0.87 -3.577 -7.932 -1.358 -6.557 -6.075 1.881 0.974 -9.275 -6.385 1.69