#Seq2Logo.py -Z on -y 0.25:2.0 -H ends -f 38081.peps -o YNFHERXFATVLHILYFGLTYYDVRTETVHLETT_el -I 2 --format PNG -b 50 -C 0 -l 1
Last position-specific scoring matrix computed, values are in halfbits
A R N D C Q E G H I L K M F P S T W Y V
1 I 0.335 -9.006 -9.178 -4.405 -7.288 -2.903 -2.686 -9.191 -4.21 3.838 -1.463 -8.717 -0.917 1.481 1.948 -7.516 -1.578 2.464 3.587 3.421
2 A 3.266 0.852 0.491 -1.836 -7.396 -0.778 0.111 -1.498 2.841 -2.922 -4.967 0.615 -0.742 -2.78 -8.976 0.068 1.559 -4.656 -0.186 -0.052
3 A 3.305 -3.688 -3.612 -2.504 -7.03 -1.874 -4.513 2.07 -0.873 -5.996 -7.65 -5.191 -5.647 -2.5 -1.933 3.268 3.535 -4.708 -1.885 -4.853
4 A 4.716 -8.701 -5.746 -3.865 -2.41 -5.615 -4.296 1.199 -8.447 1.881 -2.79 -8.217 -2.652 -3.131 -7.225 -0.583 -0.585 -9.203 -8.471 2.824
5 A 2.36 -0.786 -1.445 -0.25 -7.39 0.103 0.631 -0.916 0.631 0.07 -2.9 1.135 -3.362 -2.451 -5.306 -0.097 1.447 -8.988 -1.556 1.673
6 A 4.877 -8.616 -6.837 -4.774 -6.614 -8.493 -3.918 -7.663 -8.479 0.491 -5.67 -8.115 -4.105 -8.159 1.12 -0.852 1.226 -9.373 -6.364 3.715
7 A 3.526 -2.433 1.772 1.665 -7.517 1.579 1.853 -2.249 1.887 -1.257 -4.455 -4.572 -5.588 -4.817 -0.582 -0.238 -1.873 -9.284 -3.589 -0.714
8 A 2.093 1.063 -0.776 -3.057 -7.58 -0.633 0.254 -0.071 -1.607 -0.154 -1.031 0.044 -4.241 -5.492 3.295 -1.331 -0.089 -4.737 -1.053 -0.127
9 A 4.302 -5.884 -0.463 -1.024 -3.349 -0.497 -1.823 2.03 -3.317 -0.68 -4.347 -6.659 -1.045 -6.683 -8.915 1.806 -0.811 -9.289 -6.428 0.827