#Seq2Logo.py -Z on -y 0.25:2.0 -H ends -f 38081.peps -o YNFHERXFATVLHILYFGLTYYVVGAETVHVGGI_el -I 2 --format PNG -b 50 -C 0 -l 1
Last position-specific scoring matrix computed, values are in halfbits
A R N D C Q E G H I L K M F P S T W Y V
1 I -3.933 -9.312 -7.403 -9.897 -7.38 -5.898 -6.884 -9.828 -4.122 4.852 -0.951 -9.218 0.149 3.374 -2.543 -9.44 -5.373 1.081 4.964 3.094
2 A 2.596 1.718 1.032 -2.478 -7.471 -0.017 0.953 -2.678 2.453 -0.339 -3.835 -0.218 -0.723 -3.154 -9.102 -1.191 1.501 -4.683 -1.541 1.057
3 S 2.892 -3.016 -3.235 -3.702 -7.027 -2.136 -4.142 1.04 0.627 -2.71 -5.027 -5.192 -4.313 -3.598 -1.937 3.29 3.746 -4.683 -0.592 -2.326
4 A 3.336 -8.789 -4.402 -0.674 -6.823 -5.665 -4.714 -2.149 -8.56 2.95 0.037 -8.412 -2.541 -1.151 -9.344 0.03 0.118 -2.0 -8.143 3.444
5 T 0.925 0.442 0.184 0.631 -7.67 0.48 1.567 -1.979 1.618 -0.465 -4.378 1.268 -4.273 -4.156 -1.55 -0.417 2.273 -9.188 -3.578 0.808
6 A 4.992 -8.475 -4.821 1.744 -6.798 -6.557 -3.228 -2.779 -8.181 -0.876 -5.981 -7.913 -4.249 -8.518 0.805 0.153 0.462 -9.495 -8.733 2.109
7 A 2.533 -0.93 1.897 1.666 -7.756 2.14 2.231 -3.105 2.247 -1.095 -2.823 -2.256 -3.436 -6.555 -1.555 -1.966 -2.719 -1.996 -0.385 0.178
8 P 1.257 1.939 -1.101 -3.052 -7.823 0.574 0.339 -0.621 -0.012 -1.541 -0.659 0.619 -4.263 -1.9 3.723 -1.592 -1.416 -4.712 -0.589 -1.302
9 A 3.077 -7.089 -4.401 -0.302 -6.962 -2.207 -1.292 -0.722 -5.688 3.013 -0.136 -7.019 1.329 -2.355 -9.413 -0.635 -4.64 -4.694 -3.032 3.288