#Seq2Logo.py -Z on -y 0.25:2.0 -H ends -f 38081.peps -o YNFHQRXFATVTHILFFGLTYYDVRTETVHLETT_el -I 2 --format PNG -b 50 -C 0 -l 1
Last position-specific scoring matrix computed, values are in halfbits
A R N D C Q E G H I L K M F P S T W Y V
1 I 0.858 -8.854 -2.823 -1.584 -7.261 -2.234 -1.595 -8.955 -4.234 3.709 -1.48 -8.515 -0.364 0.631 1.775 -4.563 -1.263 1.319 2.535 3.317
2 A 3.487 0.773 -0.185 -3.683 -7.33 -0.301 -0.332 -1.361 3.099 -3.2 -4.973 0.541 -1.049 -3.149 -8.938 0.073 2.056 -4.648 -0.009 -0.499
3 A 3.743 -4.109 -3.641 -3.71 -7.065 -1.638 -4.539 3.0 -0.284 -6.94 -7.717 -5.217 -5.688 -2.503 -1.938 2.912 2.449 -4.703 -1.58 -4.896
4 A 5.153 -8.642 -6.761 -5.364 -4.457 -8.539 -6.393 0.56 -8.419 1.1 -3.317 -8.144 -5.252 -4.073 -7.155 0.215 -0.356 -9.241 -8.508 2.79
5 A 2.297 -0.396 -2.126 -1.504 -7.319 0.1 0.02 -2.143 0.627 0.101 -2.296 1.635 -1.719 -3.13 -5.317 -0.426 1.274 -8.979 -1.553 2.509
6 A 4.838 -8.686 -6.928 -6.168 -6.581 -8.582 -4.295 -7.748 -8.585 0.813 -3.83 -8.211 -3.25 -8.035 0.341 -1.41 0.463 -9.354 -8.498 4.157
7 A 3.748 -0.528 1.352 -0.105 -7.472 2.14 2.148 -2.623 1.89 -2.271 -3.339 -3.445 -5.534 -4.78 -2.427 -0.402 -2.253 -4.723 -2.206 -0.51
8 A 2.228 1.14 -1.477 -3.058 -7.569 -0.467 0.334 -0.328 -3.281 -0.155 -0.718 0.82 -4.228 -5.517 3.149 -1.449 0.006 -4.749 -1.896 -0.489
9 A 4.473 -6.833 0.047 -1.497 -4.59 -1.642 -1.991 1.416 -4.207 -0.79 -5.244 -6.67 -1.776 -6.677 -8.868 2.142 -0.565 -9.304 -6.421 1.231