#Seq2Logo.py -Z on -y 0.25:2.0 -H ends -f 38081.peps -o YNFHERXFATVLHILYFGLTHYDVRTETVHVAGI_el -I 2 --format PNG -b 50 -C 0 -l 1
Last position-specific scoring matrix computed, values are in halfbits
A R N D C Q E G H I L K M F P S T W Y V
1 I -1.009 -9.12 -4.586 -4.966 -7.165 -2.922 -4.868 -9.464 -2.68 4.769 -1.3 -8.897 1.208 0.205 -0.123 -7.681 -2.51 1.036 3.164 3.939
2 A 2.951 1.476 0.865 -2.483 -7.376 -0.02 0.344 -2.866 2.653 -1.493 -4.615 -0.638 -1.379 -4.689 -9.021 -0.402 2.19 -4.677 -0.789 0.877
3 T 2.974 -6.717 -3.585 -3.027 -6.901 -4.032 -5.464 0.754 -1.624 -6.723 -5.837 -6.57 -5.589 -4.163 -2.15 3.752 4.524 -9.129 -2.628 -4.385
4 A 4.011 -8.769 -6.878 -2.165 -3.276 -4.204 -3.955 -2.128 -8.58 3.173 -1.32 -8.347 -3.942 -2.096 -9.238 -0.432 -0.064 -9.136 -8.273 3.47
5 T 1.355 -0.928 -1.054 1.353 -7.575 -0.445 1.977 -1.678 1.473 -0.338 -3.099 0.533 -5.439 -3.602 -3.725 -0.504 2.273 -9.071 -1.867 1.271
6 A 4.114 -8.451 -4.764 2.927 -7.013 -8.096 0.022 -6.032 -8.111 0.008 -4.815 -7.89 -4.221 -8.413 0.441 -0.577 0.897 -9.488 -6.451 2.679
7 E 2.382 -1.234 1.132 2.428 -7.895 2.446 3.25 -3.108 2.136 -1.418 -4.223 -4.948 -7.888 -5.594 -1.028 -1.961 -2.726 -4.727 -1.29 -0.631
8 P 1.684 2.041 -0.769 -2.274 -7.782 0.574 0.558 -0.616 0.225 -0.843 -1.215 -0.218 -3.423 -3.16 3.399 -1.46 -1.413 -3.043 -0.029 -1.426
9 A 3.848 -4.138 -1.485 -1.193 -7.036 -0.663 -0.777 0.855 -2.1 1.142 -1.601 -3.964 0.656 -2.427 -9.115 0.519 -1.526 -4.704 -3.047 1.693