#Seq2Logo.py -Z on -y 0.25:2.0 -H ends -f 38081.peps -o YNFHQRXFATVTHILYFGGTYYDVRTETVHLETT_el -I 2 --format PNG -b 50 -C 0 -l 1
Last position-specific scoring matrix computed, values are in halfbits
A R N D C Q E G H I L K M F P S T W Y V
1 Y -1.594 -9.048 -6.025 -2.969 -7.613 -4.932 -2.697 -9.443 -3.149 3.543 -2.646 -8.88 -0.936 3.163 0.499 -7.727 -3.644 3.81 5.659 2.54
2 A 3.1 1.286 0.165 -4.078 -7.404 -0.45 0.266 -2.869 2.654 -1.347 -4.602 0.758 -0.729 -2.132 -9.033 -0.494 1.557 -3.001 0.461 0.49
3 A 3.326 -1.813 -2.593 -3.049 -7.04 -1.629 -4.955 1.459 -1.213 -3.557 -7.517 -3.884 -5.592 -2.174 -2.41 3.095 3.277 -4.675 -0.393 -2.341
4 A 4.343 -8.719 -5.795 -2.899 -4.576 -3.242 -4.303 0.028 -5.63 1.466 -1.556 -8.318 -2.114 1.876 -7.32 -0.89 -1.537 -0.104 -0.975 2.597
5 A 1.692 -0.157 -0.749 -0.734 -7.5 0.578 0.347 -0.512 0.823 0.328 -3.419 1.837 -2.722 -4.078 -4.169 -0.181 1.086 -8.991 -1.034 1.761
6 A 4.661 -8.569 -6.723 -2.138 -6.643 -6.658 -4.244 -5.408 -8.425 0.241 -5.705 -8.081 -5.251 -8.18 0.345 0.213 1.572 -9.364 -6.37 3.69
7 A 3.121 -0.281 1.834 0.472 -7.693 2.659 1.855 -2.098 3.187 -2.742 -3.757 -2.893 -5.578 -4.792 -0.325 -1.542 -2.484 -9.124 -1.854 -0.732
8 P 1.565 1.991 -1.094 -1.869 -7.719 0.224 -0.641 -0.243 0.215 -1.231 -1.128 0.617 -3.419 -4.753 3.467 -1.579 0.002 -4.746 -1.578 -0.611
9 A 4.302 -5.142 -1.441 -0.37 -2.475 0.325 -1.366 1.95 -2.629 -1.08 -4.379 -5.821 -0.744 -6.718 -8.882 2.105 -1.503 -9.292 -6.427 0.048