#Seq2Logo.py -Z on -y 0.25:2.0 -H ends -f 38081.peps -o YNFHERXFATVLHILYFGLSSFDIRKARVHLETT_el -I 2 --format PNG -b 50 -C 0 -l 1
Last position-specific scoring matrix computed, values are in halfbits
A R N D C Q E G H I L K M F P S T W Y V
1 V -1.013 -9.044 -7.187 -3.973 -7.304 -3.743 -2.112 -6.812 -4.195 3.987 -1.736 -8.817 0.124 2.372 -0.008 -7.595 -0.748 2.276 3.78 3.617
2 A 2.766 -0.411 0.057 -0.467 -7.435 -0.613 1.456 -1.801 2.126 -1.351 -3.457 -0.773 -1.38 -0.997 -9.041 -0.493 2.187 -4.627 0.313 0.121
3 T 0.978 -7.98 -5.883 -3.005 -6.863 -6.338 -4.502 -1.1 -5.481 -6.629 -8.402 -7.575 -7.748 -2.829 -6.965 4.042 5.915 -9.066 -3.072 -5.72
4 A 2.68 -8.546 -6.396 3.465 -3.429 -1.655 0.485 -0.716 -8.16 2.887 -0.578 -8.039 -3.265 -4.635 -9.283 -2.0 -0.609 -9.329 -8.619 1.968
5 E 1.022 -1.084 -0.316 0.942 -7.624 -0.446 2.447 -1.84 1.002 0.991 -2.322 0.129 -1.357 -1.88 -4.699 -0.998 1.385 -8.966 -1.551 1.175
6 A 4.183 -8.378 -4.928 -1.673 -4.605 -6.369 2.084 -6.091 -8.125 1.162 -3.723 -7.817 -5.285 -8.255 0.625 -0.327 -0.26 -9.393 -8.594 3.052
7 E 1.387 -4.935 -0.023 3.677 -8.185 1.454 4.811 -2.695 -1.529 -1.299 -4.275 -4.91 -8.102 -6.903 -2.702 -2.272 -2.99 -9.4 -4.326 -1.611
8 P 0.012 1.537 -0.2 -0.596 -7.842 0.234 1.557 -2.35 -0.258 0.462 -0.499 0.227 -4.202 -1.404 2.379 -0.45 -0.617 -3.031 -0.195 -0.695
9 A 2.419 -5.905 -2.168 -0.386 -4.725 -0.197 0.871 -1.287 -1.636 1.517 0.719 -5.328 2.382 -0.78 -7.366 0.237 -1.542 -1.218 -2.555 1.747