#Seq2Logo.py -Z on -y 0.25:2.0 -H ends -f 38081.peps -o YNFHERXFATVLHILYFAYTYYAVRTETVHLETT_el -I 2 --format PNG -b 50 -C 0 -l 1
Last position-specific scoring matrix computed, values are in halfbits
A R N D C Q E G H I L K M F P S T W Y V
1 V 0.638 -9.045 -9.195 -4.91 -7.234 -4.27 -2.287 -9.123 -4.278 3.937 -1.873 -8.722 -2.041 1.216 2.219 -5.451 -1.912 3.268 2.542 3.662
2 A 3.632 -0.063 0.589 -1.638 -7.369 -0.158 0.767 -0.383 2.128 -1.888 -5.002 -0.133 -1.794 -3.581 -8.943 0.409 0.752 -3.018 0.146 -1.155
3 A 3.237 -3.027 -3.217 -2.5 -7.078 -2.432 -3.805 2.762 0.206 -6.916 -6.407 -6.562 -8.032 -3.663 -2.975 3.29 3.092 -9.102 -2.237 -4.481
4 A 5.144 -8.563 -6.421 -3.426 -4.572 -8.399 -6.314 4.119 -8.15 -3.552 -6.889 -7.971 -8.041 -6.848 -8.834 1.345 -2.908 -9.34 -8.95 -0.596
5 A 2.061 0.051 -0.904 0.452 -7.517 -0.295 1.611 -1.533 -0.014 0.06 -2.917 1.375 -4.218 -3.598 -4.163 -0.423 0.955 -9.072 -1.873 1.527
6 A 5.08 -8.629 -6.891 -6.114 -4.455 -8.482 -2.833 -5.955 -8.471 0.246 -4.378 -8.115 -7.113 -8.16 1.044 -1.169 -0.153 -9.376 -6.365 3.759
7 A 3.241 -1.969 1.355 0.651 -7.588 1.349 3.014 -2.094 1.628 -1.722 -3.348 -3.458 -5.564 -4.78 -1.741 -0.012 -2.256 -9.137 -1.873 -0.615
8 A 1.803 1.531 -1.1 -1.021 -7.61 -0.798 0.483 -1.043 -2.608 0.132 -0.714 0.048 -5.405 -3.601 3.034 -0.709 -0.499 -4.744 -1.888 0.042
9 A 2.953 -6.983 -1.104 1.804 -3.391 -4.096 0.085 -0.413 -3.358 2.111 -1.674 -6.86 0.069 -3.107 -9.249 0.037 -0.959 -3.06 -4.246 2.692