#Seq2Logo.py -Z on -y 0.25:2.0 -H ends -f 38081.peps -o YNFHQRXFATVTHILYFGLTHYSVRTETVHVGGI_el -I 2 --format PNG -b 50 -C 0 -l 1
Last position-specific scoring matrix computed, values are in halfbits
A R N D C Q E G H I L K M F P S T W Y V
1 I -2.606 -9.074 -4.573 -6.43 -7.442 -3.309 -3.746 -7.933 -2.012 4.165 -1.84 -8.943 -0.901 2.78 -1.822 -6.839 -2.327 1.872 5.357 3.217
2 A 2.419 1.718 -0.061 -1.645 -7.516 0.474 1.076 -1.81 2.841 -1.067 -3.458 -0.632 -1.376 -2.774 -9.084 -0.25 1.556 -4.66 -0.568 0.554
3 T 2.476 -6.738 -3.581 -2.047 -6.954 -6.396 -4.96 0.87 -1.223 -4.265 -6.265 -6.603 -3.464 -3.183 -2.965 3.71 4.6 -8.987 -1.047 -3.711
4 V 2.822 -8.883 -5.078 -1.771 -6.815 -4.87 -3.117 -3.722 -8.695 3.671 -0.937 -8.522 -2.017 -0.949 -9.471 -0.732 -0.265 -3.046 -8.082 4.171
5 E 0.479 -0.778 -0.432 1.606 -7.719 -0.005 2.49 -1.986 0.646 -0.253 -4.127 0.756 -7.633 -3.173 -3.345 -0.098 2.143 -9.007 -0.805 0.869
6 D 2.765 -8.327 -3.603 4.541 -4.82 -6.299 1.524 -5.532 -7.872 -1.029 -3.89 -7.731 -5.539 -8.646 0.341 -0.332 0.677 -9.629 -8.899 2.129
7 E 1.431 -2.668 0.789 2.342 -8.05 2.085 3.776 -1.98 1.894 -2.515 -3.569 -5.529 -5.634 -3.656 1.039 -3.023 -2.297 -2.009 -1.564 -0.262
8 P 0.808 1.594 -0.925 -0.476 -4.984 0.107 1.653 -2.171 0.642 -0.586 -0.509 -0.425 -5.429 -1.879 3.033 -1.353 -1.415 -0.623 -0.194 -0.608
9 D 1.836 -5.84 -3.237 4.06 -7.699 -0.784 2.955 -1.158 -2.052 1.05 -2.463 -6.546 0.809 -2.464 -7.286 -1.338 -2.497 -9.202 -3.077 1.002