#Seq2Logo.py -Z on -y 0.25:2.0 -H ends -f 38081.peps -o YNFHERXFATVLHILFLGLTYYDVGTETVHVAGI_el -I 2 --format PNG -b 50 -C 0 -l 1
Last position-specific scoring matrix computed, values are in halfbits
A R N D C Q E G H I L K M F P S T W Y V
1 I -0.379 -7.285 -2.872 -5.571 -7.161 -2.262 -3.438 -9.371 -2.67 4.565 -0.131 -8.811 1.357 0.662 -1.813 -6.078 -3.572 -0.071 3.05 3.743
2 A 3.0 2.15 0.949 -3.676 -7.447 -0.151 0.027 -3.607 3.017 -3.138 -3.862 0.319 0.446 -3.567 -9.058 -0.771 1.272 -4.657 -0.369 0.809
3 A 4.07 -1.127 -4.152 -3.733 -7.075 -1.41 -3.515 2.367 -0.873 -4.324 -5.43 -4.256 -3.489 -2.192 -0.442 2.248 1.726 -4.699 -1.298 -3.473
4 A 5.258 -8.57 -4.958 -4.758 -4.455 -6.677 -7.245 -0.749 -5.678 1.391 -2.022 -8.085 -3.293 -2.44 -7.133 0.832 -0.353 -9.176 -8.381 1.8
5 A 1.991 0.54 -1.447 -1.329 -7.468 0.89 -0.421 -2.315 1.747 -1.012 -2.597 2.402 -0.71 -4.708 -3.728 -0.887 1.271 -9.072 -2.585 2.054
6 A 4.85 -8.741 -8.766 -7.267 -4.444 -6.78 -7.385 -7.778 -8.622 1.812 -3.401 -8.269 -3.232 -7.949 0.437 -1.668 0.126 -9.321 -6.335 3.939
7 A 3.687 1.281 1.344 -2.041 -7.442 2.6 -0.135 -3.873 3.262 -1.508 -2.498 -2.444 -1.372 -4.091 -2.44 -1.809 -2.954 -4.687 -1.26 0.415
8 A 2.477 2.383 -1.908 -5.856 -7.618 -0.623 -0.163 0.455 -1.604 -0.706 -0.508 0.897 -1.762 -5.504 2.79 -2.296 -1.123 -3.059 -1.582 -1.404
9 A 4.746 -4.59 -0.917 -2.523 -6.889 -0.828 -2.162 1.83 -2.639 -1.074 -4.956 -5.227 -2.238 -6.729 -7.093 2.109 -1.495 -9.313 -8.665 0.287