#Seq2Logo.py -Z on -y 0.25:2.0 -H ends -f 38081.peps -o YNFHERXFATVLHILYFGGTYYAVRTETVHLETT_el -I 2 --format PNG -b 50 -C 0 -l 1
Last position-specific scoring matrix computed, values are in halfbits
A R N D C Q E G H I L K M F P S T W Y V
1 Y -4.576 -9.23 -7.332 -7.708 -7.635 -7.117 -4.916 -9.728 -7.085 3.882 -3.614 -9.15 -3.147 4.012 -0.642 -9.356 -3.66 4.041 5.956 2.805
2 A 2.417 1.833 -0.069 -2.484 -7.537 0.692 1.3 -2.904 2.35 -0.447 -3.84 0.064 -1.756 -2.752 -9.121 -1.432 1.268 -3.006 0.31 1.111
3 T 2.317 -1.816 -1.816 -2.504 -7.002 -3.539 -4.142 -0.57 -3.273 -2.237 -5.707 -5.781 -5.502 -1.411 -3.307 3.451 4.363 -8.803 0.14 -1.378
4 A 3.048 -8.833 -5.846 -0.814 -7.001 -2.877 -2.865 -1.562 -3.405 2.703 0.096 -8.506 -2.042 2.213 -7.461 -2.186 -1.397 -0.596 -1.205 3.207
5 K 0.656 -0.152 0.179 0.367 -7.668 0.117 1.251 -0.613 0.224 0.134 -3.658 1.934 -5.45 -2.176 -2.714 -0.179 1.765 -9.047 -1.867 0.992
6 A 4.545 -8.403 -4.851 0.148 -6.821 -6.477 -0.171 -3.818 -8.151 -0.972 -5.497 -7.86 -5.39 -8.406 0.803 0.717 1.038 -9.423 -6.417 2.838
7 E 1.637 -1.571 2.56 2.203 -8.04 2.018 3.193 -2.681 2.664 -1.423 -3.196 -3.438 -5.619 -6.699 -0.09 -3.015 -3.261 -2.01 -1.562 -0.851
8 P 1.019 2.044 -0.465 -0.862 -7.857 0.354 1.132 -0.246 -1.587 -0.975 -1.137 0.397 -7.682 -4.15 3.294 -1.34 -0.738 -2.016 -1.89 -1.178
9 A 2.711 -4.624 -2.359 2.968 -7.357 -0.648 1.244 0.319 -4.201 1.32 -0.905 -6.69 -0.176 -3.568 -9.21 -0.351 -2.476 -9.216 -4.281 1.73