#Seq2Logo.py -Z on -y 0.25:2.0 -H ends -f 38081.peps -o YNFHERXFATVLHILFFGGTYYDIEDSTVHLETT_el -I 2 --format PNG -b 50 -C 0 -l 1
Last position-specific scoring matrix computed, values are in halfbits
A R N D C Q E G H I L K M F P S T W Y V
1 Y -3.013 -9.094 -6.06 -4.969 -7.675 -4.301 -2.712 -9.585 -3.962 3.431 -1.66 -8.995 -0.922 4.522 -0.64 -6.884 -3.664 2.851 5.665 2.061
2 R 1.522 2.819 -0.74 -3.322 -7.761 0.999 0.962 -2.509 3.417 -1.37 -3.476 1.284 -1.768 -3.128 -9.144 -0.891 1.014 -1.967 0.464 0.257
3 S 2.495 -0.089 -1.229 -2.768 -7.247 -1.399 -3.801 1.197 -0.537 -2.292 -5.381 -3.861 -2.798 -1.861 -0.58 2.879 2.821 -4.604 1.617 -3.208
4 F 0.839 -3.801 -7.098 -7.54 -7.643 -2.25 -6.612 -6.649 0.645 1.285 -0.753 -1.732 -1.65 4.972 -10.121 -3.701 -2.805 6.001 4.029 1.454
5 K 0.536 1.572 -0.053 -2.029 -7.832 1.813 0.133 -1.542 1.761 -0.709 -3.688 3.225 -2.756 -4.121 -2.711 -0.696 1.082 -8.96 -0.797 0.18
6 A 4.015 -8.493 -4.887 -1.72 -4.546 -4.745 -3.037 -3.064 -4.32 0.901 -3.155 -8.007 -3.313 -8.215 1.267 1.375 1.625 -9.402 -8.578 2.846
7 R 1.2 3.259 1.961 -0.839 -8.129 2.211 0.722 -2.914 4.894 -1.585 -2.556 0.505 -4.301 -5.505 -2.73 -2.843 -4.316 -3.027 -0.762 -1.467
8 P 0.471 2.568 -0.071 -3.021 -7.911 -0.013 0.699 0.002 1.171 -0.849 -0.887 1.5 -2.227 -4.765 2.704 -1.462 -0.4 -9.198 -2.223 -1.87
9 A 3.7 -5.81 0.176 0.069 -7.128 0.765 -1.645 2.106 -2.612 -2.424 -3.138 -4.705 -2.774 -5.585 -8.942 2.341 -1.502 -9.253 -4.303 0.871