#Seq2Logo.py -Z on -y 0.25:2.0 -H ends -f 38081.peps -o YNFHQRXFATVTHILFFGLTYYDVGAETVHVAGI_el -I 2 --format PNG -b 50 -C 0 -l 1
Last position-specific scoring matrix computed, values are in halfbits
A R N D C Q E G H I L K M F P S T W Y V
1 I 0.582 -8.868 -1.378 -4.363 -7.113 -1.487 -2.469 -9.087 -2.692 4.424 -0.146 -7.229 1.054 -0.232 -1.413 -3.678 -2.28 -0.589 1.538 3.626
2 A 2.925 1.836 0.685 -3.322 -7.467 -0.014 0.112 -2.462 3.413 -2.229 -3.893 0.475 -1.385 -3.585 -9.027 -0.163 1.447 -4.668 -0.778 0.264
3 A 4.018 -1.635 -3.68 -4.129 -7.124 -1.01 -4.16 3.027 -0.281 -6.05 -6.382 -4.267 -5.681 -1.926 -0.576 2.281 1.222 -8.993 -1.046 -4.124
4 A 5.437 -8.487 -8.222 -6.052 -4.439 -5.54 -6.303 -0.634 -4.303 0.002 -2.708 -7.99 -4.152 -2.162 -8.808 1.479 -0.564 -9.177 -8.37 1.744
5 A 2.095 0.54 -1.259 -0.88 -7.471 0.985 -0.623 -2.314 0.823 -0.418 -2.89 2.517 -0.71 -4.692 -4.165 -0.99 0.955 -9.026 -1.56 1.975
6 A 4.542 -8.858 -8.959 -7.361 -4.451 -8.808 -7.494 -7.994 -8.772 2.679 -2.397 -8.417 -1.635 -7.777 -0.21 -3.469 -0.16 -9.296 -8.433 4.224
7 A 3.607 1.72 1.114 -1.835 -7.487 2.656 0.125 -3.871 2.753 -2.05 -2.248 -1.691 -1.034 -4.094 -3.345 -0.975 -2.703 -1.988 -1.013 -0.502
8 A 2.477 2.095 -0.937 -5.128 -7.626 -0.62 0.333 0.243 -2.595 -0.371 -1.117 0.961 -1.769 -4.118 2.748 -1.985 -1.564 -3.059 -1.581 -1.03
9 A 4.84 -5.903 -1.27 -2.077 -6.845 -1.889 -2.17 1.7 -3.329 -0.683 -5.26 -6.671 -1.78 -6.69 -7.095 2.0 -1.495 -9.293 -6.42 0.641