#Seq2Logo.py -Z on -y 0.25:2.0 -H ends -f 38081.peps -o YNFHQRXFATVTHILYFGLTHYVVRTETVHVGGI_el -I 2 --format PNG -b 50 -C 0 -l 1
Last position-specific scoring matrix computed, values are in halfbits
A R N D C Q E G H I L K M F P S T W Y V
1 I -3.416 -9.161 -5.261 -9.741 -7.398 -3.783 -5.417 -8.005 -3.222 4.192 -0.596 -9.085 0.348 3.333 -4.346 -7.85 -2.781 1.372 5.168 3.274
2 A 2.094 2.29 0.17 -1.48 -7.497 0.471 0.42 -2.493 2.652 -0.552 -2.908 -0.863 -0.718 -2.78 -9.138 -0.024 1.389 -8.945 -1.84 1.22
3 S 3.069 -5.824 -3.614 -1.665 -7.029 -4.04 -3.802 1.258 0.814 -3.256 -5.397 -5.225 -3.466 -1.906 -1.936 3.314 3.642 -8.952 -1.034 -3.727
4 V 2.483 -8.901 -5.07 -1.1 -4.561 -4.876 -3.378 -3.738 -8.718 3.648 -0.935 -8.548 -2.506 -1.343 -9.498 -1.035 0.289 -4.709 -6.164 4.34
5 E 0.421 -0.167 0.699 1.606 -7.694 -0.288 2.106 -1.676 0.445 -0.255 -3.689 0.307 -5.499 -4.751 -2.438 0.639 1.866 -9.146 -1.882 0.807
6 D 2.813 -8.342 -2.757 6.033 -7.741 -7.79 0.407 -4.969 -7.706 -3.244 -7.747 -7.691 -4.467 -9.044 -0.322 -0.973 -0.608 -9.836 -9.166 0.589
7 E 1.473 -2.181 1.508 2.601 -8.022 1.813 3.461 -2.694 1.898 -1.565 -3.974 -3.767 -5.611 -2.804 -0.731 -2.452 -2.293 -1.992 -0.022 -0.166
8 P 1.017 0.92 -1.272 -0.366 -7.823 1.414 0.7 -0.938 -0.007 -0.369 -0.953 0.05 -3.398 -1.201 3.185 -1.125 -2.096 -3.031 0.145 -0.71
9 V 1.985 -8.753 -4.435 -0.307 -7.063 -1.943 -0.813 -1.877 -4.318 3.501 0.479 -8.416 1.611 -0.577 -7.49 -2.056 -2.074 -4.633 -0.778 3.294