#Seq2Logo.py -Z on -y 0.25:2.0 -H ends -f 38081.peps -o YNFHERXFATVLHILFFGLTYYDVRTETVHVAGI_el -I 2 --format PNG -b 50 -C 0 -l 1
Last position-specific scoring matrix computed, values are in halfbits
A R N D C Q E G H I L K M F P S T W Y V
1 V -0.296 -9.072 -4.055 -6.404 -7.128 -3.305 -3.74 -9.371 -4.279 4.243 0.04 -8.859 1.211 0.762 -0.364 -7.62 -2.095 -0.074 2.93 3.997
2 A 3.196 1.72 0.491 -3.318 -7.419 -0.151 0.421 -1.786 3.016 -2.681 -3.902 -0.026 -1.045 -3.588 -8.988 -0.4 1.914 -8.865 -0.571 -0.405
3 A 4.089 -3.038 -3.667 -4.581 -7.025 -2.444 -3.831 2.885 -0.569 -6.027 -6.366 -5.217 -5.668 -1.936 -1.531 2.448 2.448 -9.08 -2.62 -5.34
4 A 5.327 -8.564 -6.713 -5.337 -4.442 -8.454 -6.343 -0.267 -8.326 0.678 -2.997 -8.061 -5.278 -3.155 -7.112 1.197 -0.928 -9.224 -8.458 2.315
5 V 1.846 -0.27 -1.451 -0.878 -7.405 0.885 0.028 -2.506 1.161 -0.095 -2.184 1.788 -1.725 -4.678 -4.17 -0.513 1.503 -9.058 -2.203 2.328
6 A 4.558 -8.779 -8.785 -7.29 -6.596 -8.719 -7.427 -7.904 -8.682 2.104 -3.562 -8.325 -2.596 -7.883 0.338 -1.813 0.69 -9.308 -6.325 4.182
7 A 3.767 -0.064 0.771 -0.582 -7.423 2.321 1.616 -4.185 2.244 -1.518 -3.292 -2.673 -1.382 -5.473 -3.715 -0.77 -2.695 -3.034 -0.579 0.269
8 A 2.324 1.595 -1.685 -5.831 -7.597 0.223 0.096 0.167 -2.592 -0.704 -0.872 0.464 -1.764 -3.155 2.955 -1.573 -0.189 -3.043 -0.396 -1.272
9 A 4.487 -5.947 -2.146 -2.099 -6.847 -2.468 -2.377 1.458 -4.257 0.504 -3.782 -5.951 -0.715 -5.49 -7.162 1.512 -0.936 -9.227 -5.15 1.866