#Seq2Logo.py -Z on -y 0.25:2.0 -H ends -f 38081.peps -o YNFHERXFATVLHILYFGLTYYAVRTETVHLETT_el -I 2 --format PNG -b 50 -C 0 -l 1
Last position-specific scoring matrix computed, values are in halfbits
A R N D C Q E G H I L K M F P S T W Y V
1 I -1.953 -9.162 -7.255 -4.936 -7.281 -5.799 -2.303 -6.855 -8.036 4.541 -2.574 -8.869 -2.017 0.865 1.77 -6.777 -1.917 2.462 3.535 3.911
2 A 2.765 0.682 0.953 -0.716 -7.493 -0.3 1.189 -1.382 2.842 -1.671 -4.361 -1.139 -1.387 -1.632 -9.074 -0.869 1.609 -8.757 0.157 0.482
3 T 1.838 -5.121 -4.019 -1.849 -6.966 -4.634 -5.478 0.415 -2.619 -5.163 -5.768 -7.656 -4.309 -2.458 -3.67 3.606 5.037 -8.871 -0.208 -2.508
4 V 2.684 -8.865 -5.82 -0.094 -3.322 -4.223 -2.862 -1.859 -8.659 3.186 -0.064 -8.501 -2.023 -0.954 -9.479 -1.745 0.019 -9.062 -8.152 4.028
5 E 0.976 -1.389 -0.053 0.869 -7.642 -0.292 2.061 -1.406 1.328 -0.142 -2.936 0.951 -4.242 -2.456 -3.014 -0.026 1.662 -8.98 -1.028 1.05
6 A 4.116 -8.453 -3.812 0.425 -4.587 -6.489 0.396 -4.563 -8.192 0.541 -3.531 -7.927 -4.147 -8.24 0.44 0.062 0.832 -9.393 -6.399 3.134
7 E 1.386 -3.991 1.908 3.399 -8.094 1.742 3.589 -2.488 1.345 -1.75 -4.809 -5.553 -5.689 -6.784 0.338 -2.623 -3.261 -3.077 -1.891 -0.355
8 P 1.39 1.469 -0.618 -0.868 -7.784 -0.166 1.294 -1.29 -0.854 -0.707 -0.511 -0.326 -5.442 -1.017 3.329 -1.857 -0.74 -3.047 -1.03 -1.16
9 D 1.478 -8.206 -1.834 3.878 -7.653 -0.626 2.629 -0.246 -5.401 1.064 -1.345 -6.616 0.256 -3.153 -9.252 -1.231 -2.725 -4.742 -3.086 1.627