#Seq2Logo.py -Z on -y 0.25:2.0 -H ends -f 38081.peps -o YNFHQRXFATVTHILYFGLTHYDVGAETVHVAGI_el -I 2 --format PNG -b 50 -C 0 -l 1
Last position-specific scoring matrix computed, values are in halfbits
A R N D C Q E G H I L K M F P S T W Y V
1 I -2.255 -9.037 -2.871 -4.938 -7.238 -1.736 -3.438 -9.541 -3.337 5.055 -1.687 -6.39 0.144 0.088 -1.081 -6.811 -2.745 1.041 3.583 3.724
2 A 2.292 2.339 0.586 -2.747 -7.466 -0.774 0.416 -4.653 3.015 -0.665 -4.574 -0.117 -1.369 -4.662 -9.102 -1.081 2.273 -4.668 -0.57 1.429
3 T 2.678 -3.676 -2.561 -3.03 -6.934 -3.118 -6.088 -0.027 -1.62 -4.692 -7.497 -5.782 -5.566 -2.824 -1.927 3.521 4.765 -4.71 -2.224 -3.164
4 A 3.61 -8.755 -5.842 -1.583 -4.57 -2.527 -3.094 -2.922 -4.356 2.813 -0.26 -8.391 -1.25 -0.011 -7.385 -1.469 -0.713 -0.119 -3.493 3.443
5 A 1.264 -0.637 -0.437 1.351 -7.629 -0.293 1.414 -1.978 1.751 0.046 -4.345 1.59 -4.254 -2.176 -4.163 -0.256 1.765 -9.06 -2.196 1.107
6 A 3.92 -8.497 -4.777 2.997 -6.99 -8.191 -0.643 -5.485 -8.192 0.123 -3.761 -6.813 -5.345 -8.308 -0.324 -0.868 1.094 -9.461 -6.438 3.185
7 A 2.085 0.041 1.575 2.191 -7.895 2.141 2.234 -3.365 3.021 -1.72 -3.541 -2.901 -4.332 -4.769 0.435 -2.625 -2.501 -4.725 -1.278 0.006
8 P 1.21 1.938 -0.335 -1.493 -7.87 0.782 -0.063 0.004 0.639 -1.108 -0.592 0.469 -5.488 -3.607 3.597 -2.006 -2.302 -2.007 -0.808 -1.72
9 A 3.978 -2.479 -1.266 -0.493 -7.105 0.766 -0.755 1.454 -3.287 -0.235 -2.757 -3.898 0.25 -4.708 -8.996 1.373 -2.437 -9.094 -2.236 0.767