#Seq2Logo.py -Z on -y 0.25:2.0 -H ends -f 38081.peps -o YNFHQRXFATVTHILFFGLTYYDVRTETVHVAGI_el -I 2 --format PNG -b 50 -C 0 -l 1
Last position-specific scoring matrix computed, values are in halfbits
A R N D C Q E G H I L K M F P S T W Y V
1 I 0.213 -8.929 -3.188 -3.567 -7.094 -1.719 -1.927 -9.197 -2.149 4.408 -0.265 -8.657 0.895 -0.237 -0.765 -4.616 -1.897 -2.97 1.223 3.977
2 A 3.028 1.781 0.286 -3.312 -7.443 -0.011 0.424 -2.101 3.182 -2.461 -4.143 0.477 -1.391 -4.72 -8.97 0.139 1.867 -8.927 -1.017 -0.407
3 A 4.206 -3.048 -3.676 -3.728 -7.062 -2.777 -3.839 3.297 -0.033 -6.068 -6.396 -5.845 -4.41 -3.225 -1.177 2.04 1.922 -9.087 -1.895 -5.949
4 A 5.383 -8.541 -8.275 -7.058 -4.43 -8.427 -6.334 -0.352 -8.317 0.447 -3.349 -8.034 -5.29 -4.09 -8.83 1.52 -1.191 -9.248 -8.498 2.386
5 V 1.808 0.158 -1.869 -0.489 -7.424 0.787 0.03 -2.703 1.319 0.176 -2.873 1.838 -1.007 -4.082 -5.315 -0.261 1.333 -9.067 -2.586 2.254
6 A 4.438 -8.832 -7.024 -5.474 -4.46 -8.779 -7.461 -7.99 -8.728 2.564 -2.998 -8.387 -3.189 -7.812 0.021 -2.619 0.378 -9.297 -6.319 4.241
7 A 3.709 0.431 1.034 -0.843 -7.454 2.438 1.417 -3.857 2.244 -1.868 -2.965 -2.049 -1.774 -4.722 -3.714 -0.408 -2.94 -3.038 -1.023 -0.223
8 A 2.417 1.715 -1.289 -5.796 -7.621 -0.31 0.689 0.09 -4.118 -0.369 -1.116 0.826 -2.748 -2.789 2.79 -1.842 -0.986 -3.045 -0.597 -1.028
9 A 4.532 -5.928 -1.683 -2.803 -4.575 -1.65 -1.397 1.46 -4.241 0.418 -4.022 -6.722 -1.023 -8.318 -7.151 1.599 -1.663 -9.255 -5.165 1.732