#Seq2Logo.py -Z on -y 0.25:2.0 -H ends -f 38081.peps -o YNFHQRXFATVTHILYFAYTYYDVRTETVHLETT_el -I 2 --format PNG -b 50 -C 0 -l 1
Last position-specific scoring matrix computed, values are in halfbits
A R N D C Q E G H I L K M F P S T W Y V
1 V 1.759 -8.801 -7.025 -2.17 -7.231 -1.952 -1.053 -8.789 -4.242 3.106 -1.315 -8.437 -0.643 1.022 2.063 -3.895 -1.41 2.259 2.164 3.205
2 A 3.53 0.433 0.176 -4.049 -7.408 0.235 0.028 0.548 3.261 -4.744 -5.406 0.225 -1.805 -4.095 -8.946 0.655 0.821 -1.216 -0.011 -1.434
3 A 4.089 -2.26 -2.332 -3.372 -7.156 -2.777 -4.565 3.768 -0.024 -8.475 -7.836 -4.721 -5.757 -3.208 -2.171 2.281 0.535 -8.946 -0.218 -7.859
4 A 4.96 -8.662 -7.715 -4.66 -7.028 -8.496 -8.602 5.237 -8.156 -6.209 -7.935 -8.028 -8.419 -9.059 -7.136 0.609 -5.803 -9.355 -9.184 -4.958
5 A 2.062 0.253 -1.651 -0.484 -7.467 0.234 0.633 -1.035 0.634 -0.022 -1.967 1.741 -2.708 -4.669 -5.313 -0.342 0.887 -8.984 -1.035 1.671
6 A 4.877 -8.738 -8.776 -8.9 -4.459 -8.661 -6.442 -7.752 -8.63 0.942 -3.852 -8.235 -7.015 -8.103 2.02 -2.088 -0.06 -9.431 -8.54 3.997
7 A 3.75 -1.243 0.948 -1.447 -7.358 1.87 1.754 -1.626 1.48 -1.223 -2.13 -2.472 -4.25 -4.131 -2.998 0.205 -1.694 -9.104 -2.594 -0.214
8 A 2.229 1.403 -1.105 -3.37 -7.518 -0.983 0.329 -0.238 -4.158 -0.248 -0.943 -0.137 -2.734 -2.172 2.874 -0.519 0.101 -9.172 -2.226 -0.123
9 A 3.98 -6.899 0.475 -2.3 -1.778 -3.599 -3.557 0.984 -2.661 0.798 -3.581 -6.771 -1.359 -6.563 -6.072 1.92 0.975 -9.276 -6.386 1.643