#Seq2Logo.py -Z on -y 0.25:2.0 -H ends -f 38081.peps -o YNFHQRXFATVTHILLFAYTYYDIRTETVHVAGI_el -I 2 --format PNG -b 50 -C 0 -l 1
Last position-specific scoring matrix computed, values are in halfbits
A R N D C Q E G H I L K M F P S T W Y V
1 I 0.963 -9.106 -6.071 -6.388 -7.051 -4.944 -3.443 -9.159 -4.342 4.408 -0.593 -8.836 1.055 1.301 -0.004 -4.281 -2.977 -0.583 1.546 3.915
2 A 3.38 0.771 -0.182 -2.038 -7.368 -0.3 0.191 -0.043 2.554 -3.833 -3.926 0.388 -1.788 -5.494 -8.95 0.344 1.392 -4.679 -0.582 -0.141
3 A 4.19 -3.374 -4.133 -3.376 -7.114 -3.15 -3.536 3.657 0.421 -7.052 -7.048 -6.642 -4.439 -3.664 -0.715 2.347 0.377 -9.075 -1.311 -6.03
4 A 5.587 -8.429 -7.825 -6.864 -6.667 -8.277 -8.33 3.012 -8.082 -4.7 -6.854 -7.847 -7.942 -8.78 -8.676 2.42 -3.407 -9.348 -8.852 -1.014
5 A 2.39 0.619 -2.651 -1.166 -7.427 0.689 0.567 -1.972 0.434 -0.424 -2.901 1.981 -1.743 -6.507 -4.673 -0.597 1.212 -9.002 -1.038 1.805
6 A 4.658 -8.801 -8.859 -7.301 -4.456 -8.735 -6.49 -7.89 -8.7 2.103 -2.714 -8.334 -3.209 -7.9 0.795 -2.11 -0.361 -9.348 -8.475 4.123
7 A 3.63 0.517 0.582 -1.297 -7.383 1.801 1.251 -2.846 1.48 -1.51 -1.574 -1.262 -2.205 -5.488 -3.715 -0.165 -1.382 -4.702 -1.559 -0.041
8 A 2.738 1.827 -1.686 -4.137 -7.505 -0.315 -0.161 -0.234 -5.411 -0.691 -0.946 0.757 -2.207 -3.184 2.705 -1.325 -0.612 -9.191 -2.234 -0.302
9 A 4.253 -4.659 -1.109 -2.563 -4.569 -3.183 -3.571 1.149 -3.366 1.264 -3.751 -6.793 -1.348 -5.47 -6.082 1.553 -0.151 -9.25 -6.37 2.078