#Seq2Logo.py -Z on -y 0.25:2.0 -H ends -f 38081.peps -o YNFHQRXFATVTHILYFGLSSFDIRKARVHLETT_el -I 2 --format PNG -b 50 -C 0 -l 1
Last position-specific scoring matrix computed, values are in halfbits
A R N D C Q E G H I L K M F P S T W Y V
1 I -0.63 -9.016 -7.159 -3.952 -7.272 -3.284 -1.474 -6.778 -4.237 4.233 -2.738 -8.73 -0.91 1.632 0.773 -6.014 -0.743 2.462 3.169 3.711
2 A 2.655 0.138 0.492 -0.349 -7.449 -0.612 1.189 -2.877 2.556 -1.069 -4.093 -0.888 -1.038 -1.4 -9.045 -0.323 2.274 -4.631 0.314 0.121
3 T 1.355 -7.996 -7.007 -2.483 -6.868 -5.349 -5.449 -0.767 -3.316 -6.635 -6.824 -7.587 -7.753 -4.158 -4.569 3.912 5.817 -9.105 -3.08 -5.725
4 A 2.737 -8.655 -5.542 3.065 -3.398 -1.924 -1.119 -0.617 -8.305 3.03 -0.491 -8.186 -2.61 -4.009 -9.334 -1.595 -0.722 -9.291 -8.547 2.604
5 E 1.308 -1.084 -0.452 0.459 -7.584 -0.607 2.297 -1.412 1.326 0.921 -2.598 0.128 -1.747 -2.436 -4.693 -0.515 1.443 -8.917 -0.794 1.063
6 A 4.392 -8.382 -4.343 -1.868 -6.904 -5.378 1.78 -6.051 -8.13 0.611 -4.2 -7.816 -5.319 -8.322 1.338 -0.582 -0.471 -9.427 -8.612 3.049
7 E 1.387 -4.408 0.621 3.732 -8.174 1.754 4.49 -2.492 -0.229 -1.607 -5.536 -4.921 -8.148 -8.965 -1.744 -2.613 -2.293 -9.431 -4.322 -1.216
8 P 0.216 1.594 -0.474 -1.16 -7.814 0.228 1.183 -1.855 -0.262 0.303 -0.431 -0.226 -4.202 -1.869 2.993 -0.919 -0.738 -3.031 0.143 -0.306
9 A 2.45 -4.607 -2.423 0.146 -4.736 0.438 0.612 -0.932 -1.629 1.514 -0.052 -4.788 2.378 -0.964 -7.358 0.028 -1.705 -1.979 -1.538 2.001