#Seq2Logo.py -Z on -y 0.25:2.0 -H ends -f 38081.peps -o YNFHERXFATVLHILYFGLTHYDVRTETVHLETT_el -I 2 --format PNG -b 50 -C 0 -l 1
Last position-specific scoring matrix computed, values are in halfbits
A R N D C Q E G H I L K M F P S T W Y V
1 I -1.113 -9.125 -7.238 -4.944 -7.296 -4.295 -3.44 -7.827 -5.526 4.255 -2.454 -8.85 -1.605 1.564 1.946 -7.623 -1.422 2.465 3.683 3.733
2 A 2.683 1.141 0.386 -1.151 -7.413 -0.453 0.764 -3.107 2.24 -1.994 -4.331 -0.76 -1.035 -2.423 -9.055 -0.493 2.274 -4.63 0.597 1.052
3 T 1.808 -5.779 -5.931 -3.017 -6.865 -6.356 -6.078 -0.559 -3.307 -5.822 -6.82 -6.547 -7.757 -3.203 -4.574 4.233 5.259 -9.081 -2.621 -3.413
4 A 3.311 -8.824 -5.836 -0.808 -1.77 -3.249 -2.244 -1.42 -8.629 3.583 -0.068 -8.423 -2.526 -3.929 -9.402 -2.016 -0.713 -9.168 -8.364 3.523
5 T 1.401 -1.392 -1.055 0.938 -7.568 -0.154 1.612 -0.814 1.325 -0.454 -3.465 0.95 -5.455 -2.167 -3.723 -0.171 2.315 -8.983 -1.279 0.935
6 A 4.361 -8.405 -3.786 0.99 -3.333 -8.057 0.616 -4.524 -8.128 -0.499 -5.142 -7.845 -5.405 -8.453 1.196 -0.231 1.097 -9.48 -8.695 2.679
7 E 1.873 -4.002 1.779 2.919 -7.956 1.182 3.512 -2.294 1.018 -1.279 -4.512 -5.009 -8.041 -6.847 1.041 -1.432 -2.28 -3.092 -4.287 -0.742
8 P 1.257 1.593 0.04 -1.016 -7.791 0.223 0.263 -1.046 0.44 -0.832 -0.73 -0.326 -7.575 -2.153 3.398 -1.013 -1.263 -1.995 -0.024 -0.932
9 A 3.248 -5.858 -0.197 0.438 -4.714 0.204 -0.073 1.084 -1.226 -0.017 -1.737 -5.873 0.458 -3.581 -9.099 1.227 -0.825 -3.058 -4.25 1.537