#Seq2Logo.py -Z on -y 0.25:2.0 -H ends -f 38081.peps -o YNFHQRXFATVTHILYFGLTHYDVGTETVHVAGI_el -I 2 --format PNG -b 50 -C 0 -l 1
Last position-specific scoring matrix computed, values are in halfbits
A R N D C Q E G H I L K M F P S T W Y V
1 I -1.821 -9.048 -2.563 -3.977 -7.218 -1.987 -3.435 -9.494 -3.346 4.99 -1.902 -7.356 0.723 -0.19 -0.922 -7.69 -2.511 1.037 3.38 3.812
2 A 2.449 1.939 0.863 -2.259 -7.441 -0.958 0.265 -4.264 3.098 -0.664 -4.577 -0.124 -1.757 -3.565 -9.096 -0.974 2.188 -4.67 -0.78 1.429
3 T 2.707 -3.675 -2.86 -2.75 -6.926 -3.535 -6.08 -0.107 -1.621 -5.225 -6.828 -5.778 -5.571 -2.828 -1.926 3.649 4.73 -4.716 -2.614 -3.707
4 A 3.421 -8.753 -5.057 -1.41 -4.576 -2.225 -3.094 -3.161 -4.36 2.985 -0.254 -8.396 -0.623 -0.148 -7.397 -1.474 -0.596 -0.619 -4.129 3.493
5 T 1.124 -0.909 -0.171 1.287 -7.63 -0.443 1.362 -1.977 1.751 0.22 -4.101 1.692 -4.256 -2.48 -3.344 -0.097 2.007 -9.119 -3.032 0.815
6 A 3.901 -8.491 -4.762 3.208 -7.011 -8.167 -0.435 -4.995 -8.175 0.121 -4.224 -6.807 -5.358 -8.327 -0.872 -1.295 1.218 -9.461 -6.444 3.184
7 A 2.085 0.144 1.575 2.094 -7.916 2.142 2.349 -2.485 3.022 -2.283 -3.549 -2.66 -4.34 -4.775 0.337 -3.233 -2.505 -4.724 -1.279 0.003
8 P 1.347 2.094 -0.335 -1.67 -7.85 0.68 0.023 -0.246 0.638 -0.973 -0.811 0.393 -5.491 -3.613 3.565 -2.003 -2.101 -2.009 -1.04 -1.434
9 A 3.941 -2.241 -1.095 -1.178 -7.112 0.962 -0.65 1.198 -3.278 0.06 -2.741 -3.898 0.454 -3.565 -9.027 1.083 -2.233 -8.97 -1.045 0.894