#Seq2Logo.py -Z on -y 0.25:2.0 -H ends -f 38081.peps -o YNFHERXFATVLHILYFGGTHYSVGASRVHVAGI_el -I 2 --format PNG -b 50 -C 0 -l 1
Last position-specific scoring matrix computed, values are in halfbits
A R N D C Q E G H I L K M F P S T W Y V
1 I -7.292 -9.395 -9.664 -7.825 -7.574 -9.604 -8.055 -9.939 -5.211 4.758 -2.022 -9.368 -2.479 4.47 -4.934 -9.633 -8.37 3.01 5.641 2.392
2 R 1.162 3.388 -0.461 -3.688 -7.751 0.902 1.018 -5.184 2.131 -0.669 -3.83 1.046 -1.75 -1.862 -9.237 -2.3 0.947 -0.605 0.463 1.52
3 S 2.375 -1.281 -1.422 -2.52 -7.078 -3.545 -3.819 -0.782 -0.862 -0.461 -2.775 -4.272 -2.207 -2.408 -1.948 3.188 3.366 -4.632 0.85 -0.994
4 F 1.372 -8.813 -6.887 1.364 -7.581 -1.961 -2.053 -5.331 -2.558 1.726 0.4 -8.618 0.503 4.054 -7.644 -4.591 -3.99 4.336 4.012 0.86
5 K 0.151 1.681 0.181 0.942 -7.946 -0.272 1.62 -2.931 0.836 -0.956 -3.136 2.778 -4.286 -1.919 -0.206 -1.219 0.185 -9.083 -1.863 0.466
6 A 4.115 -8.306 -1.056 3.248 -7.13 -4.631 -0.322 -2.23 -4.208 -1.199 -5.709 -7.742 -5.566 -6.782 0.444 0.54 1.096 -9.542 -8.795 0.999
7 E 0.457 0.608 2.081 2.286 -8.133 2.442 2.156 -2.921 3.188 -1.122 -1.93 -1.865 -4.313 -5.525 0.525 -3.048 -2.748 -0.629 -1.021 -0.849
8 P -0.137 2.605 -1.091 -2.059 -7.981 -0.302 0.415 -1.061 2.121 -0.497 -0.588 0.697 -2.76 -2.812 3.901 -1.735 -1.133 -9.205 -1.864 -2.383
9 A 2.741 -1.293 -2.401 0.91 -2.52 0.438 -0.351 0.387 -4.179 0.282 0.358 -3.934 -0.405 -4.543 -9.252 0.177 -1.704 -8.864 -0.033 1.988