#Seq2Logo.py -Z on -y 0.25:2.0 -H ends -f 38081.peps -o YNFHERXFATVLHILYFGLSSFAIRKATVHLETT_el -I 2 --format PNG -b 50 -C 0 -l 1
Last position-specific scoring matrix computed, values are in halfbits
A R N D C Q E G H I L K M F P S T W Y V
1 V -1.001 -8.985 -7.156 -5.51 -7.265 -3.281 -1.474 -6.039 -7.996 3.718 -2.091 -8.692 -0.354 1.629 1.649 -5.46 -0.296 1.594 3.168 3.924
2 A 2.059 0.236 0.393 0.546 -7.589 -0.153 1.932 -1.267 2.349 -0.812 -3.467 -1.14 -2.756 -1.009 -9.104 -0.334 1.444 -8.83 -0.567 0.551
3 T -0.429 -6.642 -5.836 -2.242 -6.872 -6.324 -5.435 -3.052 -3.313 -6.566 -7.459 -7.555 -7.688 -3.201 -8.592 4.043 6.254 -9.059 -3.068 -5.155
4 D 0.465 -8.603 -4.226 3.757 -3.46 -1.903 0.885 -2.772 -5.637 3.071 0.344 -8.153 -0.376 -3.975 -9.504 -2.916 -1.117 -9.284 -8.506 3.034
5 E 0.76 -2.41 -0.436 1.836 -7.758 -1.124 3.241 -1.835 1.008 -0.251 -3.279 -0.045 -2.225 -0.663 -5.315 -0.989 1.761 -8.941 -1.545 0.618
6 E 3.173 -8.053 -4.225 0.882 -4.79 -2.992 4.133 -5.591 -7.706 0.17 -2.749 -7.445 -5.4 -8.46 -0.45 -1.196 -0.379 -9.391 -8.67 2.293
7 E -0.146 -4.454 0.529 4.428 -8.338 0.025 4.595 -2.515 -1.535 -1.292 -3.225 -5.526 -5.716 -5.682 -1.751 -2.638 -2.519 -3.087 -3.112 -1.219
8 E 0.148 1.407 0.163 0.62 -7.863 0.231 1.508 -1.425 -0.845 -0.157 -0.001 -0.428 -3.368 -1.004 2.176 -0.539 -1.411 -1.992 -0.795 -0.92
9 E 0.071 -8.328 -4.908 1.638 -7.537 -0.188 2.472 -2.399 -2.084 2.029 1.298 -5.987 3.085 0.375 -7.494 -3.153 -3.93 0.685 -0.99 1.837