#Seq2Logo.py -Z on -y 0.25:2.0 -H ends -f 38081.peps -o YNFHERXFATVLHILLFAYTYYDIRTETVHVAGI_el -I 2 --format PNG -b 50 -C 0 -l 1
Last position-specific scoring matrix computed, values are in halfbits
A R N D C Q E G H I L K M F P S T W Y V
1 I 0.46 -9.194 -9.487 -9.656 -7.092 -4.98 -5.401 -9.339 -4.305 4.528 -0.251 -8.98 0.73 1.784 -0.63 -6.079 -3.572 0.348 2.746 3.853
2 A 3.53 0.603 -0.062 -2.749 -7.324 -0.964 -0.063 0.038 2.746 -2.926 -3.691 0.136 -0.464 -5.461 -8.961 0.21 1.391 -4.67 -0.38 -0.403
3 A 4.141 -2.756 -3.668 -4.118 -7.081 -2.15 -3.828 3.246 -0.027 -7.001 -7.013 -5.822 -4.42 -3.655 -0.859 2.628 0.971 -9.049 -1.055 -5.407
4 A 5.617 -8.427 -7.837 -5.227 -6.657 -8.274 -8.313 2.837 -8.086 -4.683 -6.277 -7.847 -7.912 -8.76 -8.672 2.323 -2.857 -9.348 -8.839 -0.896
5 A 2.36 -0.049 -3.319 -1.163 -7.417 0.356 0.956 -1.399 0.998 -0.422 -2.749 1.742 -2.715 -5.439 -4.674 -0.597 1.389 -8.966 -0.802 1.849
6 A 4.673 -8.789 -8.844 -8.981 -4.459 -8.723 -6.483 -7.872 -8.689 1.914 -2.879 -8.313 -4.009 -7.944 1.263 -2.106 -0.158 -9.37 -8.49 4.082
7 A 3.749 -0.29 0.272 -0.992 -7.338 1.421 1.512 -2.842 0.831 -1.352 -1.671 -1.273 -2.204 -3.593 -3.334 -0.012 -1.379 -4.699 -1.558 0.044
8 A 2.654 1.772 -2.146 -3.742 -7.516 -0.466 -0.252 -0.415 -3.272 -1.067 -0.867 0.957 -2.205 -2.464 2.616 -1.103 -0.729 -9.093 -1.297 -0.128
9 A 4.3 -4.672 -0.947 -2.572 -4.556 -4.745 -3.893 0.804 -3.372 1.391 -3.152 -6.832 -0.697 -5.43 -7.203 1.374 -0.689 -9.215 -5.13 2.384