#Seq2Logo.py -Z on -y 0.25:2.0 -H ends -f 38081.peps -o YNFHERXFATVLHILYFGLTHYVVGAETVHVGGI_el -I 2 --format PNG -b 50 -C 0 -l 1
Last position-specific scoring matrix computed, values are in halfbits
A R N D C Q E G H I L K M F P S T W Y V
1 I -3.678 -9.239 -6.136 -7.744 -7.469 -5.008 -6.851 -9.769 -2.549 4.399 -1.224 -9.182 0.138 3.728 -3.892 -9.407 -5.397 2.304 5.387 2.97
2 A 1.685 2.338 0.484 -1.841 -7.556 0.239 0.953 -4.695 2.239 0.242 -3.592 -0.311 -0.713 -1.87 -9.19 -0.992 1.554 -4.653 -0.565 1.482
3 T 2.383 -5.803 -4.572 -3.034 -6.954 -5.371 -3.807 0.048 -0.285 -2.693 -4.417 -5.213 -4.291 -2.795 -2.403 3.729 4.484 -8.962 -1.039 -2.698
4 V 1.764 -8.869 -4.456 -0.097 -6.974 -2.54 -2.25 -4.441 -5.78 3.485 0.437 -8.56 -0.594 0.491 -9.641 -2.06 -0.72 -3.021 -4.108 4.071
5 T -0.117 0.256 1.05 0.949 -7.747 -0.435 1.804 -1.537 0.833 -0.705 -4.151 1.267 -4.297 -3.205 -1.366 0.58 2.145 -9.156 -2.605 0.473
6 A 3.768 -8.3 -1.789 4.726 -7.365 -6.322 0.376 -2.236 -7.784 -2.932 -6.31 -7.689 -5.683 -8.884 -0.196 0.212 0.201 -9.666 -8.991 0.673
7 E 0.637 -1.763 2.304 2.248 -8.072 1.591 3.191 -3.666 3.108 -1.11 -3.002 -3.173 -4.329 -3.603 -0.21 -1.987 -2.505 -3.042 -0.377 0.084
8 P 0.529 1.475 -1.465 -1.497 -7.863 1.414 0.107 -0.342 0.827 -0.481 -0.652 0.388 -3.398 -2.448 3.466 -1.354 -1.417 -3.04 -0.024 -1.047
9 V 2.26 -7.076 -4.418 -0.938 -7.064 -1.459 -0.924 -1.31 -2.132 3.016 0.657 -7.045 1.337 -0.921 -9.541 -0.941 -3.225 -2.998 -0.181 3.182