#Seq2Logo.py -Z on -y 0.25:2.0 -H ends -f 38081.peps -o YNFHQRXFATVTHILYFGLTHYDVRTETVHLETT_el -I 2 --format PNG -b 50 -C 0 -l 1
Last position-specific scoring matrix computed, values are in halfbits
A R N D C Q E G H I L K M F P S T W Y V
1 V -0.715 -9.052 -6.013 -3.585 -7.235 -3.742 -2.689 -7.768 -5.58 4.148 -2.744 -8.744 -0.913 0.426 1.948 -6.67 -0.739 2.056 3.106 3.991
2 A 2.711 1.281 0.588 -1.83 -7.454 -0.449 0.953 -2.878 2.75 -1.831 -4.622 -0.531 -1.771 -1.872 -9.054 -0.494 2.054 -4.633 0.313 0.749
3 T 1.882 -5.781 -5.127 -3.017 -6.886 -4.612 -6.869 -0.37 -2.082 -5.229 -6.841 -7.578 -7.783 -3.205 -3.282 4.199 5.182 -9.086 -2.619 -4.759
4 V 3.289 -8.835 -5.84 -0.81 -1.768 -3.252 -2.641 -1.555 -8.646 3.502 -0.444 -8.439 -2.033 -3.453 -9.408 -2.168 -0.483 -4.731 -8.327 3.732
5 A 1.652 -0.917 -0.441 0.786 -7.567 -0.017 1.412 -0.918 1.002 -0.352 -4.112 1.259 -5.473 -2.18 -3.007 -0.249 2.143 -9.064 -2.204 0.813
6 A 4.133 -8.431 -4.262 1.266 -3.341 -8.089 0.476 -4.547 -8.154 -0.177 -4.798 -7.876 -4.206 -8.415 1.339 -0.007 0.967 -9.487 -8.694 2.838
7 E 1.836 -3.263 1.442 3.202 -7.989 1.353 3.437 -2.672 1.764 -1.76 -5.512 -5.555 -8.108 -8.847 1.118 -1.199 -2.493 -4.788 -3.622 -0.75
8 P 1.258 1.47 0.157 -1.16 -7.785 0.224 0.415 -1.043 0.439 -1.383 -0.809 -0.326 -7.617 -2.164 3.5 -0.711 -0.986 -3.048 -0.388 -0.938
9 A 3.247 -5.13 -0.195 0.527 -4.723 0.766 0.017 1.193 -2.621 -0.022 -2.194 -4.722 0.982 -4.098 -7.231 1.079 -0.825 -9.174 -4.272 1.387