#Seq2Logo.py -Z on -y 0.25:2.0 -H ends -f 38081.peps -o YNFHERXFATVLHILYFGLTHYVVRTETVHVAGI_el -I 2 --format PNG -b 50 -C 0 -l 1
Last position-specific scoring matrix computed, values are in halfbits
A R N D C Q E G H I L K M F P S T W Y V
1 I -2.107 -9.195 -5.262 -7.653 -7.195 -3.782 -5.413 -7.964 -3.334 4.805 -0.792 -9.037 0.733 1.94 -2.81 -7.772 -2.106 -1.117 3.911 3.834
2 A 2.259 1.829 0.586 -1.004 -7.495 0.235 0.699 -3.376 2.555 -0.334 -3.065 -0.751 -0.442 -2.437 -9.136 -0.88 1.662 -8.86 -0.782 1.058
3 S 2.446 -5.812 -5.199 -2.498 -6.977 -3.541 -4.512 0.621 -0.283 -4.27 -5.809 -7.634 -5.572 -2.805 -1.525 3.809 4.384 -8.966 -0.809 -3.438
4 V 2.57 -8.841 -4.435 -0.678 -4.576 -3.699 -2.865 -3.729 -8.649 3.536 -0.239 -8.486 -2.508 -1.141 -9.476 -0.929 0.202 -4.71 -8.127 4.011
5 E 0.876 -0.786 -0.038 1.722 -7.67 -0.762 2.38 -2.307 1.479 -0.705 -4.405 -0.038 -5.529 -2.189 -2.434 1.028 1.963 -9.117 -2.591 0.405
6 D 3.285 -8.339 -2.83 5.202 -7.503 -7.814 0.925 -4.184 -7.792 -2.219 -7.515 -7.709 -4.397 -8.87 0.138 -0.496 -0.717 -9.726 -9.019 1.51
7 E 1.296 -2.946 1.14 3.58 -8.109 2.083 3.439 -2.137 1.493 -2.313 -3.784 -4.521 -4.385 -3.219 -0.59 -2.629 -2.742 -3.06 -1.293 -0.649
8 P 0.862 0.922 -1.462 -0.25 -7.864 1.65 0.957 -1.423 -0.003 -1.526 -0.726 0.052 -2.747 -1.196 3.221 -1.597 -1.573 -1.982 0.591 -0.616
9 I 2.019 -8.659 -3.493 -0.418 -7.131 -1.685 -0.203 -2.034 -3.373 3.295 0.663 -6.17 1.856 0.267 -9.596 -2.372 -2.492 -2.986 -0.172 2.869