#Seq2Logo.py -Z on -y 0.25:2.0 -H ends -f 38081.peps -o YNFHERXFATVLHILYFAYTYYDDRTETVHLETT_el -I 2 --format PNG -b 50 -C 0 -l 1
Last position-specific scoring matrix computed, values are in halfbits
A R N D C Q E G H I L K M F P S T W Y V
1 V 1.639 -8.952 -9.113 -3.957 -7.175 -3.281 -2.899 -8.918 -4.266 3.442 -0.37 -8.634 0.115 1.125 2.006 -4.571 -2.294 2.054 2.468 3.291
2 A 3.402 0.435 0.175 -3.661 -7.413 -0.019 0.111 0.34 2.93 -3.245 -5.022 0.686 -1.405 -3.591 -8.958 0.593 0.821 -1.98 -0.188 -1.048
3 A 3.782 -2.253 -2.062 -2.762 -7.135 -2.765 -3.517 3.372 -0.867 -8.397 -8.827 -5.201 -5.737 -2.501 -2.684 2.911 1.403 -8.992 -0.821 -6.044
4 A 5.215 -8.632 -7.784 -4.669 -6.936 -8.469 -8.561 4.906 -8.16 -7.007 -7.837 -8.006 -8.308 -8.999 -8.859 0.491 -5.156 -9.351 -9.113 -3.006
5 A 2.36 -0.057 -2.109 -0.602 -7.418 -0.021 1.244 -0.919 -0.018 -0.022 -3.063 1.259 -2.193 -4.689 -4.162 -0.256 1.023 -9.023 -1.292 1.806
6 A 5.042 -8.703 -8.704 -7.215 -4.455 -8.622 -7.329 -7.654 -8.574 0.928 -4.11 -8.186 -7.084 -8.16 2.021 -1.527 -0.058 -9.438 -8.559 3.648
7 A 3.731 -2.685 0.68 -0.453 -4.778 1.5 1.977 -1.625 0.226 -0.95 -2.515 -2.707 -4.261 -4.143 -1.95 0.469 -1.088 -9.171 -3.059 -0.125
8 A 2.262 1.402 -1.284 -2.527 -7.501 -0.474 0.011 -0.326 -4.159 -0.455 -0.499 -0.436 -2.725 -3.595 2.832 -0.267 -0.181 -4.736 -1.889 -0.038
9 A 4.137 -6.898 0.038 -2.797 -1.774 -3.169 -3.027 1.205 -4.245 0.576 -3.793 -6.761 -1.021 -6.577 -7.16 1.805 1.04 -9.269 -6.4 1.548