#Seq2Logo.py -Z on -y 0.25:2.0 -H ends -f 38081.peps -o YNFHQRXFATVTHILYFGLTYYVVRTETVHVAGI_el -I 2 --format PNG -b 50 -C 0 -l 1
Last position-specific scoring matrix computed, values are in halfbits
A R N D C Q E G H I L K M F P S T W Y V
1 I -1.333 -9.245 -4.621 -7.642 -7.128 -4.324 -4.481 -9.606 -3.388 5.155 -1.096 -9.052 0.907 1.325 -2.81 -7.792 -4.301 -0.069 2.994 3.987
2 A 2.819 1.662 0.388 -1.296 -7.476 0.588 1.304 -3.103 2.453 -1.503 -3.875 -0.211 -1.38 -3.611 -9.025 -1.181 1.865 -9.01 -2.19 0.621
3 A 3.259 -5.86 -4.081 -2.773 -7.038 -4.061 -5.513 2.145 0.813 -4.309 -5.436 -6.649 -5.617 -2.47 -1.348 3.194 3.336 -4.676 -0.391 -3.752
4 V 3.105 -8.837 -6.877 -1.767 -6.783 -4.225 -4.738 -1.84 -8.669 3.245 -1.488 -8.457 -6.59 -1.155 -9.37 -0.122 0.457 -4.716 -8.159 4.148
5 T 0.926 0.248 -0.303 0.71 -7.593 0.118 1.709 -2.505 1.88 -0.338 -3.86 0.614 -2.744 -3.188 -3.347 0.123 2.232 -9.13 -3.56 1.374
6 A 3.901 -8.528 -4.182 3.496 -7.048 -8.211 -1.22 -4.979 -8.168 0.675 -5.111 -7.972 -4.213 -8.402 0.241 -0.496 0.454 -9.542 -8.763 2.838
7 A 2.473 -1.77 1.841 2.639 -7.838 1.947 2.738 -3.098 2.357 -1.567 -3.98 -4.53 -7.883 -5.561 -1.367 -1.815 -1.895 -4.72 -0.804 -0.432
8 P 1.392 1.474 -1.28 -1.669 -7.779 0.978 0.629 -1.418 -1.197 -0.828 -1.297 0.389 -4.261 -1.896 3.598 -2.15 -0.508 -1.999 -0.389 -0.509
9 A 2.766 -7.085 -3.105 -0.538 -7.005 -1.688 -1.295 -0.834 -8.289 3.293 -0.131 -7.025 1.331 -1.34 -9.453 -1.249 -1.705 -8.881 -1.851 3.045