#Seq2Logo.py -Z on -y 0.25:2.0 -H ends -f 38081.peps -o YNFHERXFATVLHILFFGLTYYDVRTETVHLETT_el -I 2 --format PNG -b 50 -C 0 -l 1
Last position-specific scoring matrix computed, values are in halfbits
A R N D C Q E G H I L K M F P S T W Y V
1 V 0.803 -8.965 -4.539 -3.241 -7.234 -3.281 -2.471 -9.077 -4.239 3.662 -0.71 -8.664 0.117 0.948 1.833 -5.97 -2.298 1.833 2.991 3.494
2 A 3.529 0.688 0.282 -2.746 -7.34 -0.303 -0.148 -1.114 2.93 -3.499 -5.311 -0.038 -0.212 -3.137 -8.958 -0.001 1.768 -4.636 0.457 -0.501
3 A 3.801 -3.7 -3.636 -3.359 -7.037 -2.146 -4.535 2.885 -0.567 -6.932 -7.716 -4.707 -5.686 -2.849 -2.162 2.993 2.568 -4.721 -2.627 -4.887
4 A 5.093 -8.644 -8.333 -5.359 -4.471 -8.539 -6.395 1.155 -8.401 1.156 -2.677 -8.143 -4.123 -4.074 -8.948 0.537 -0.812 -9.231 -8.528 2.459
5 A 2.572 -0.649 -2.378 -1.175 -7.316 -0.168 0.104 -1.669 0.992 -0.007 -2.186 1.477 -1.729 -3.141 -4.163 -0.337 1.448 -9.004 -1.858 1.982
6 A 4.89 -8.709 -6.95 -7.22 -6.582 -8.617 -5.174 -7.739 -8.601 1.203 -4.055 -8.224 -4.049 -8.043 0.798 -1.662 0.299 -9.37 -8.506 4.039
7 A 3.768 -0.663 1.2 0.551 -7.422 1.802 1.713 -1.917 1.887 -2.062 -3.519 -3.464 -4.301 -5.572 -3.33 -0.081 -1.869 -9.142 -2.212 -0.14
8 A 2.388 0.993 -1.68 -2.52 -7.544 -0.799 0.408 0.013 -3.278 -0.943 -0.65 0.534 -4.238 -4.723 2.995 -1.324 0.272 -4.735 -1.308 -0.495
9 A 4.503 -6.852 -0.332 -3.07 -3.313 -1.893 -2.777 1.464 -3.329 -0.333 -4.887 -6.696 -1.769 -8.418 -8.868 2.178 -0.048 -9.271 -5.17 1.182