#Seq2Logo.py -Z on -y 0.25:2.0 -H ends -f 38081.peps -o YNFHQRXFATVTHILYFGGTYYDIEDSTVHLETT_el -I 2 --format PNG -b 50 -C 0 -l 1
Last position-specific scoring matrix computed, values are in halfbits
A R N D C Q E G H I L K M F P S T W Y V
1 Y -3.974 -9.101 -7.253 -5.628 -7.755 -4.306 -3.187 -9.641 -3.097 3.341 -2.357 -9.034 -0.634 4.662 -0.935 -6.917 -4.031 3.446 6.022 1.761
2 R 1.302 3.291 -0.904 -3.676 -7.8 0.704 1.021 -3.413 3.104 -0.817 -4.352 1.345 -2.747 -2.752 -9.191 -1.218 0.666 -0.109 0.606 0.803
3 A 2.64 -0.826 -1.232 -2.521 -7.211 -1.405 -4.527 0.976 0.828 -1.396 -4.686 -4.255 -2.782 -2.112 -1.543 2.624 3.023 -2.982 1.715 -2.723
4 F 0.997 -2.07 -7.028 -4.919 -7.608 -2.534 -4.767 -5.914 0.227 1.514 -1.074 -0.995 -1.282 4.506 -10.004 -3.427 -2.138 5.83 3.76 1.647
5 K 0.415 1.508 -0.053 -1.148 -7.846 1.181 -0.037 -0.929 1.625 -0.48 -4.136 3.282 -2.763 -4.118 -1.963 -0.794 0.95 -8.964 -0.585 0.255
6 A 3.997 -8.437 -4.25 0.331 -6.874 -4.716 -2.361 -2.832 -3.383 0.518 -3.994 -7.931 -3.354 -8.343 1.339 1.285 1.829 -9.441 -8.626 2.378
7 R 1.105 2.857 2.301 -0.452 -8.104 2.269 0.849 -2.32 4.711 -1.417 -2.162 -0.185 -5.521 -5.517 -1.206 -3.507 -3.928 -3.037 -1.245 -0.964
8 P 0.866 2.199 0.161 -3.022 -7.877 -0.298 0.561 -0.246 1.002 -1.557 -0.974 1.33 -4.293 -4.17 3.433 -1.458 -0.508 -9.309 -3.067 -1.582
9 A 3.578 -3.322 -0.446 0.168 -3.405 1.236 -0.855 1.903 -2.068 -1.844 -3.134 -4.25 -2.77 -4.799 -8.955 2.136 -1.21 -9.277 -6.399 0.685