#Seq2Logo.py -Z on -y 0.25:2.0 -H ends -f 38081.peps -o YNFHQRXFATVTHILYFGGTYYAVRTETVHLETT_el -I 2 --format PNG -b 50 -C 0 -l 1
Last position-specific scoring matrix computed, values are in halfbits
A R N D C Q E G H I L K M F P S T W Y V
1 I -4.243 -9.231 -7.302 -4.032 -7.591 -5.866 -4.9 -9.697 -5.216 4.16 -2.89 -9.123 -2.531 3.8 -0.506 -9.331 -3.652 4.143 5.491 2.779
2 A 2.417 2.098 0.053 -3.01 -7.563 -0.01 1.299 -3.645 2.932 -0.687 -3.645 0.067 -1.761 -2.13 -9.111 -0.783 1.269 -2.999 0.463 0.556
3 T 2.12 -2.016 -1.808 -2.266 -7.031 -2.75 -4.949 -0.202 -2.058 -2.466 -6.182 -5.775 -3.438 -1.412 -3.681 3.624 4.301 -4.648 0.141 -2.139
4 A 3.073 -8.877 -5.865 -1.101 -7.002 -4.235 -2.873 -2.009 -3.395 2.739 -0.386 -8.556 -3.15 2.619 -9.557 -2.188 -1.398 -0.093 -0.135 3.312
5 K 0.481 -0.039 0.068 0.371 -7.715 0.48 1.517 -0.819 0.831 0.037 -4.361 1.982 -3.414 -2.807 -3.013 -0.026 1.662 -9.038 -1.562 0.809
6 A 4.363 -8.389 -3.784 0.515 -6.846 -5.43 0.005 -4.154 -8.136 -0.713 -4.793 -7.861 -5.364 -8.36 0.141 0.598 1.345 -9.402 -6.41 2.958
7 E 1.34 -1.75 2.46 2.105 -8.075 2.557 3.137 -3.374 2.851 -1.422 -3.192 -3.149 -5.602 -4.772 -0.09 -2.817 -2.987 -3.053 -1.028 -0.852
8 P 0.81 2.518 -0.199 -0.6 -7.92 0.235 0.894 -1.049 -0.848 -0.978 -1.503 0.402 -7.727 -3.644 3.598 -1.59 -1.414 -2.018 -1.886 -0.947
9 A 2.539 -5.196 -2.644 3.004 -7.366 -0.334 1.299 0.013 -4.2 1.495 -0.979 -6.696 0.057 -3.557 -9.229 -0.439 -2.265 -9.189 -3.616 1.906