#Seq2Logo.py -Z on -y 0.25:2.0 -H ends -f 38081.peps -o YNFHERXFATVLHILFFGGTYYDVGTETVHVAGI_el -I 2 --format PNG -b 50 -C 0 -l 1
Last position-specific scoring matrix computed, values are in halfbits
A R N D C Q E G H I L K M F P S T W Y V
1 I -1.706 -9.194 -5.26 -4.992 -7.309 -5.831 -3.763 -9.616 -2.602 4.6 -1.305 -9.048 0.542 2.273 -3.126 -7.828 -6.851 1.619 4.707 3.626
2 A 2.791 2.39 0.167 -3.34 -7.489 -0.291 0.27 -3.358 3.015 -1.493 -3.646 0.904 -0.726 -4.076 -9.071 -1.304 1.387 -4.669 -0.782 0.874
3 A 3.681 -1.284 -2.345 -4.125 -7.099 -1.201 -3.818 1.906 -1.605 -2.986 -4.448 -4.259 -4.335 -1.651 -0.577 2.596 2.019 -4.665 -0.029 -2.96
4 A 4.405 -8.724 -5.053 -3.534 -4.544 -4.207 -5.758 -1.947 -5.676 1.742 -0.222 -8.349 -1.277 1.085 -7.32 -0.697 -0.959 1.571 -2.13 2.57
5 K 1.218 1.372 -0.898 -1.153 -7.65 0.995 0.432 -2.147 1.478 -0.677 -2.927 2.634 -1.368 -4.1 -4.679 -0.426 1.387 -8.982 -1.28 1.048
6 A 4.98 -8.647 -8.537 -5.395 -4.446 -8.562 -7.301 -4.911 -8.505 1.121 -3.659 -8.158 -3.275 -8.081 0.344 -0.481 0.972 -9.329 -6.357 3.408
7 A 2.995 1.353 1.635 0.081 -7.692 2.603 0.365 -3.904 3.766 -1.387 -2.133 -1.248 -1.77 -3.569 -3.356 -2.439 -2.726 -1.98 -0.176 -0.82
8 P 1.521 2.69 -0.473 -4.112 -7.797 0.107 -0.155 0.31 -0.264 -0.971 -1.042 0.903 -1.043 -4.732 2.994 -1.852 -1.126 -3.055 -1.046 -1.709
9 A 4.634 -4.129 -1.894 -3.087 -6.871 -0.663 -2.559 1.783 -4.228 -0.907 -2.621 -4.746 -2.207 -6.637 -8.889 1.806 -1.501 -9.259 -6.409 1.125