#Seq2Logo.py -Z on -y 0.25:2.0 -H ends -f 38081.peps -o YNFHERXFATVLHILYFGLTYYVVGTETVHVGGI_el -I 2 --format PNG -b 50 -C 0 -l 1
Last position-specific scoring matrix computed, values are in halfbits
A R N D C Q E G H I L K M F P S T W Y V
1 I -3.666 -9.275 -6.152 -9.846 -7.385 -4.345 -6.863 -9.783 -4.126 4.834 -1.478 -9.175 0.726 3.372 -2.542 -9.395 -4.826 1.867 4.841 3.093
2 A 2.765 1.538 1.033 -2.247 -7.436 -0.018 0.828 -3.107 2.453 -0.794 -4.068 -0.421 -0.725 -2.78 -9.077 -1.185 1.816 -4.677 -1.265 0.998
3 S 2.813 -4.562 -3.616 -3.045 -7.018 -2.434 -4.965 1.256 0.813 -2.713 -5.03 -5.824 -4.316 -2.802 -1.937 3.405 3.797 -8.969 -1.037 -2.517
4 V 3.152 -8.793 -5.005 -0.675 -6.811 -5.667 -4.715 -2.926 -8.592 3.147 -0.075 -8.417 -3.894 -1.577 -9.346 0.307 0.457 -3.051 -8.184 3.591
5 T 1.172 0.258 0.068 0.371 -7.637 -0.145 1.465 -2.313 1.881 -0.253 -4.12 1.543 -4.266 -4.144 -1.55 -0.251 2.231 -9.157 -3.042 0.684
6 A 4.797 -8.482 -4.803 2.062 -6.829 -8.249 -2.746 -3.011 -8.184 -0.513 -5.534 -7.927 -4.236 -8.479 0.445 0.219 0.763 -9.488 -8.73 2.263
7 A 2.255 -0.93 1.957 1.235 -7.77 2.076 2.382 -2.676 2.357 -1.093 -2.821 -2.459 -3.433 -5.477 -1.371 -1.689 -1.72 -3.037 -0.197 0.254
8 P 1.52 1.939 -1.101 -2.772 -7.79 0.574 0.34 -1.047 -0.262 -1.696 -0.731 0.691 -5.465 -2.454 3.566 -1.857 -1.266 -4.696 0.137 -0.826
9 A 2.874 -7.085 -3.901 -0.538 -6.985 -2.206 -1.164 -0.83 -5.671 3.078 -0.194 -7.021 1.601 -2.06 -9.437 -0.375 -4.639 -3.031 -2.194 3.262