#Seq2Logo.py -Z on -y 0.25:2.0 -H ends -f 38081.peps -o YNFHERXFATVLHILYFGLTYYVVRTETVHVGGI_el -I 2 --format PNG -b 50 -C 0 -l 1
Last position-specific scoring matrix computed, values are in halfbits
A R N D C Q E G H I L K M F P S T W Y V
1 I -2.619 -9.22 -4.617 -9.775 -7.42 -4.999 -6.051 -9.685 -4.072 4.4 -1.595 -9.135 0.889 3.725 -3.135 -9.302 -4.374 1.375 5.17 3.057
2 A 2.539 1.214 0.586 -1.829 -7.45 0.89 1.017 -3.358 2.348 -0.919 -3.632 -0.637 -0.723 -2.45 -9.073 -0.412 1.767 -4.674 -1.263 0.997
3 S 2.944 -6.766 -3.616 -2.764 -7.038 -3.134 -4.535 1.863 1.156 -3.256 -5.812 -6.633 -4.342 -2.479 -1.727 3.29 3.642 -8.988 -1.289 -2.955
4 V 2.982 -8.83 -5.013 -1.409 -6.785 -6.832 -5.21 -1.691 -8.644 3.058 -1.131 -8.453 -4.953 -1.821 -9.356 0.307 0.613 -9.106 -6.215 4.146
5 E 0.656 -0.779 -0.432 1.358 -7.66 -0.009 2.147 -2.703 1.753 -0.15 -3.674 0.613 -4.264 -4.133 -1.748 0.261 2.231 -9.149 -2.597 0.811
6 A 4.232 -8.462 -3.695 3.497 -7.041 -8.149 -1.482 -4.147 -8.087 -1.142 -6.031 -7.888 -4.279 -8.583 0.966 -0.003 0.376 -9.587 -8.817 2.4
7 A 2.476 -1.772 1.285 2.194 -7.74 2.141 2.801 -2.472 1.185 -1.1 -3.944 -4.534 -5.555 -5.522 -2.19 -0.88 -1.887 -4.706 -0.394 0.327
8 P 0.916 0.998 -1.096 -0.737 -7.806 1.161 0.829 -1.557 -0.54 -0.697 -0.871 0.463 -2.74 -1.202 3.185 -1.469 -0.99 -3.033 -0.021 -0.317
9 V 2.596 -7.143 -5.827 -0.088 -6.984 -2.216 -0.925 -2.187 -8.445 3.663 0.115 -8.386 1.041 -0.941 -9.521 -1.501 -3.217 -8.94 -3.534 3.399