#Seq2Logo.py -Z on -y 0.25:2.0 -H ends -f 38081.peps -o YNFHQRXFATVTHILFLGLTYYDVGTETVHVAGI_el -I 2 --format PNG -b 50 -C 0 -l 1
Last position-specific scoring matrix computed, values are in halfbits
A R N D C Q E G H I L K M F P S T W Y V
1 I 0.582 -6.15 -1.193 -3.563 -7.094 -1.72 -3.143 -9.095 -2.706 4.485 -0.264 -6.298 1.352 -0.098 -2.02 -4.262 -2.279 -0.595 0.873 3.741
2 A 2.873 1.663 0.683 -3.676 -7.444 0.238 -0.146 -2.465 3.486 -2.416 -4.356 0.314 -0.732 -4.07 -9.044 -0.325 1.557 -4.659 -0.367 0.809
3 A 4.0 -1.824 -3.281 -3.729 -7.137 -1.204 -4.158 2.999 0.626 -6.041 -6.374 -3.9 -4.397 -1.681 -0.577 2.213 1.097 -9.019 -1.571 -3.803
4 A 5.393 -8.505 -5.675 -6.058 -3.227 -6.638 -7.197 -0.844 -4.307 0.187 -2.701 -8.015 -4.144 -2.159 -8.825 1.388 -0.346 -9.178 -8.365 1.877
5 A 2.129 0.792 -1.645 -0.488 -7.489 1.257 -0.513 -2.495 0.824 -0.895 -3.066 2.52 -0.715 -5.502 -4.16 -0.986 1.211 -9.083 -2.211 1.802
6 A 4.542 -8.854 -8.954 -7.361 -4.45 -8.805 -7.494 -7.993 -8.771 2.642 -2.268 -8.416 -1.635 -7.773 -0.332 -3.467 -0.063 -9.291 -8.431 4.224
7 A 3.628 1.662 1.27 -2.033 -7.482 2.708 0.205 -3.87 2.752 -1.69 -2.509 -1.858 -1.377 -4.106 -3.01 -1.189 -2.951 -1.993 -1.538 -0.222
8 A 2.385 1.994 -0.933 -4.106 -7.665 -0.025 0.413 0.091 -1.596 -0.711 -1.039 1.21 -2.221 -5.541 2.833 -2.136 -1.73 -3.066 -1.891 -1.037
9 A 4.746 -5.891 -0.331 -2.069 -6.89 -1.417 -1.993 1.913 -3.319 -0.808 -5.278 -6.657 -1.785 -8.544 -7.105 1.849 -1.499 -9.309 -6.438 0.571