#Seq2Logo.py -Z on -y 0.25:2.0 -H ends -f 38081.peps -o YNFHERXFATVLHILYFGLTHYVVGTETVHVAGI_el -I 2 --format PNG -b 50 -C 0 -l 1
Last position-specific scoring matrix computed, values are in halfbits
A R N D C Q E G H I L K M F P S T W Y V
1 I -3.392 -9.16 -4.601 -7.62 -7.266 -2.587 -4.091 -9.702 -1.631 4.856 -1.287 -9.012 0.55 2.439 -2.814 -6.896 -3.937 -1.109 3.999 3.789
2 A 1.84 2.294 0.276 -2.259 -7.544 -0.15 0.828 -4.307 2.747 -0.222 -3.228 0.398 -1.018 -2.763 -9.161 -1.096 1.554 -8.859 -0.78 1.576
3 T 2.354 -4.082 -4.56 -3.687 -6.932 -3.537 -4.954 -0.284 -1.222 -2.704 -5.764 -6.556 -7.716 -2.8 -2.4 3.868 4.657 -4.688 -1.04 -3.149
4 V 1.801 -8.9 -5.093 -0.321 -4.632 -2.243 -2.875 -4.095 -5.776 3.823 0.632 -8.6 -0.325 0.606 -9.674 -2.384 -0.846 -1.975 -2.958 3.713
5 T 0.482 0.167 0.407 0.873 -7.752 0.371 1.668 -1.973 2.009 -1.099 -4.426 1.65 -4.307 -3.652 -1.548 0.641 2.008 -9.166 -3.042 0.018
6 A 4.164 -8.334 -2.58 4.154 -7.207 -7.909 0.288 -2.229 -7.869 -1.669 -6.212 -7.73 -5.615 -8.769 -0.444 0.215 0.205 -9.601 -8.914 0.993
7 E 0.638 -1.765 2.026 2.6 -8.066 1.81 2.989 -2.503 3.419 -0.98 -3.354 -3.777 -5.584 -4.12 -1.037 -1.576 -2.291 -1.999 -0.788 0.083
8 P 0.528 1.994 -0.762 -2.054 -7.92 1.337 0.346 -0.831 1.478 -1.105 -1.218 0.623 -4.275 -2.462 3.466 -1.47 -1.269 -3.043 -0.197 -1.061
9 A 2.709 -7.05 -3.495 -1.945 -7.065 -1.245 -0.925 -0.733 -2.675 2.735 0.873 -6.144 1.606 -0.916 -9.513 -1.622 -3.535 -1.956 0.461 2.771