#Seq2Logo.py -Z on -y 0.25:2.0 -H ends -f 38081.peps -o YNFHQRXFATVTHILYFGLTYYDVRTETVHLETT_el -I 2 --format PNG -b 50 -C 0 -l 1
Last position-specific scoring matrix computed, values are in halfbits
A R N D C Q E G H I L K M F P S T W Y V
1 V 0.75 -8.863 -5.938 -1.971 -7.293 -1.713 -1.908 -9.009 -4.227 3.682 -2.133 -7.168 -1.265 0.526 2.468 -5.924 -1.267 1.83 2.927 3.366
2 A 3.266 0.928 0.283 -2.489 -7.373 -0.61 0.027 -2.267 3.182 -3.187 -4.965 0.308 -1.048 -3.138 -8.966 -0.154 2.189 -4.64 0.312 -0.134
3 A 3.372 -4.573 -3.619 -2.763 -7.035 -1.88 -4.966 2.471 -0.875 -6.004 -7.674 -5.82 -7.997 -2.834 -1.935 3.146 3.423 -4.706 -1.581 -4.451
4 A 4.757 -8.698 -6.802 -4.785 -2.398 -6.739 -4.701 0.342 -8.477 1.887 -3.097 -8.222 -5.184 -2.757 -7.214 -0.011 -0.36 -9.198 -8.415 3.146
5 A 2.132 -0.522 -1.257 -0.608 -7.392 0.679 0.344 -0.811 0.214 0.25 -3.053 1.075 -2.712 -2.779 -4.682 -0.023 1.558 -8.996 -1.559 1.809
6 A 4.688 -8.645 -6.856 -4.787 -6.62 -8.538 -4.28 -7.748 -8.528 0.345 -4.097 -8.163 -5.193 -8.094 1.042 -0.763 1.164 -9.364 -6.355 4.015
7 A 3.568 -2.42 1.64 1.097 -7.533 1.732 2.15 -1.919 2.352 -2.093 -3.974 -3.472 -5.592 -5.632 -0.721 -0.402 -1.875 -9.264 -3.582 -0.938
8 A 2.26 1.209 -0.477 -2.764 -7.602 -0.465 0.483 -0.416 -2.056 -0.586 -1.208 0.537 -4.259 -5.519 3.149 -1.213 -0.391 -3.066 -1.307 -0.403
9 A 4.302 -5.158 0.052 -0.487 -3.353 -0.493 -1.659 1.695 -3.302 -1.065 -4.641 -6.624 -1.393 -6.69 -8.893 1.997 -0.933 -9.284 -5.177 0.697