#Seq2Logo.py -Z on -y 0.25:2.0 -H ends -f 38081.peps -o YNFHQRXFATVTHILYFGLTHYVVGTETVHVGGI_el -I 2 --format PNG -b 50 -C 0 -l 1
Last position-specific scoring matrix computed, values are in halfbits
A R N D C Q E G H I L K M F P S T W Y V
1 I -3.659 -9.146 -4.067 -6.479 -7.384 -2.934 -5.405 -8.003 -2.587 4.579 -0.807 -9.05 1.056 2.875 -4.345 -9.272 -3.032 2.086 4.807 3.145
2 A 1.876 2.606 0.383 -1.662 -7.577 0.238 0.268 -3.668 2.84 0.235 -3.604 0.068 -0.716 -2.432 -9.193 -1.209 1.268 -4.655 -0.564 1.223
3 S 2.622 -5.805 -2.863 -2.494 -6.981 -3.537 -4.131 0.87 0.422 -3.242 -4.738 -6.578 -5.561 -4.756 -2.403 3.748 4.106 -9.083 -1.884 -2.94
4 V 1.766 -8.903 -3.964 -1.256 -6.905 -3.711 -2.457 -4.092 -8.701 3.754 0.444 -8.593 -0.081 -0.931 -9.628 -1.772 -0.173 -3.037 -6.116 4.173
5 T -0.188 0.259 0.603 0.636 -7.702 -0.593 1.711 -1.538 0.443 -1.074 -4.395 1.596 -4.289 -3.204 -1.55 0.756 2.317 -9.149 -2.606 0.923
6 D 3.566 -8.334 -2.248 5.35 -7.494 -6.317 0.388 -4.16 -7.771 -2.458 -5.841 -7.707 -4.409 -8.901 -0.32 -0.962 -0.277 -9.726 -9.043 0.735
7 E 0.695 -1.39 2.305 1.789 -8.068 2.208 2.897 -2.697 3.565 -2.092 -3.556 -2.665 -4.344 -4.735 -0.209 -1.836 -1.41 -1.995 -0.374 -0.087
8 P 0.917 1.346 -1.466 -1.502 -7.826 1.492 -0.432 0.08 0.436 -0.834 -0.727 0.464 -2.218 -2.459 3.532 -1.47 -1.416 -2.0 -0.588 -1.17
9 V 2.292 -7.117 -3.507 -1.76 -7.041 -1.696 -1.445 -0.741 -3.383 2.954 0.521 -8.403 1.856 -0.736 -9.584 -1.765 -3.231 -2.987 0.314 3.417