#Seq2Logo.py -Z on -y 0.25:2.0 -H ends -f 38081.peps -o YNFHQRXFATVTHILYFGLTYYAVRTETVHLETT_el -I 2 --format PNG -b 50 -C 0 -l 1
Last position-specific scoring matrix computed, values are in halfbits
A R N D C Q E G H I L K M F P S T W Y V
1 I -2.243 -9.154 -7.245 -3.971 -7.243 -4.288 -1.945 -6.862 -8.237 4.748 -2.423 -8.836 -2.006 0.186 1.83 -6.779 -2.098 2.053 2.738 4.038
2 A 2.682 1.073 1.118 -1.636 -7.503 -0.017 1.132 -1.802 2.75 -1.351 -3.876 -0.322 -1.771 -2.445 -9.074 -0.972 1.555 -4.658 -0.37 0.619
3 T 1.875 -5.123 -4.555 -2.504 -6.988 -4.042 -5.488 0.616 -1.219 -5.789 -5.761 -7.668 -2.785 -1.643 -2.971 3.605 4.853 -8.814 -0.026 -2.515
4 V 2.796 -8.882 -5.81 -0.202 -3.312 -5.686 -3.103 -1.706 -8.696 3.187 -0.878 -8.502 -4.929 -1.358 -9.438 -1.874 0.68 -9.109 -8.208 4.224
5 E 0.873 -1.936 -0.439 1.018 -7.674 0.246 2.265 -1.829 1.173 -0.68 -2.944 1.26 -4.249 -2.458 -3.011 -0.101 1.662 -8.963 -0.797 1.103
6 A 4.133 -8.51 -4.887 0.908 -4.576 -8.21 -0.001 -4.992 -8.255 0.774 -3.141 -7.994 -3.307 -8.168 -0.202 -0.166 0.614 -9.377 -6.392 3.349
7 E 1.298 -3.603 1.582 3.168 -8.077 1.668 3.539 -2.309 2.018 -2.308 -3.789 -5.56 -5.669 -6.754 0.796 -2.283 -2.987 -4.754 -1.578 -0.265
8 P 1.392 1.205 -0.619 -1.008 -7.768 -0.463 1.293 -1.165 -0.855 -0.83 -0.728 -0.432 -5.467 -1.896 3.565 -1.586 -0.508 -2.003 -0.804 -0.928
9 D 1.476 -6.771 -1.834 3.852 -7.703 -0.029 2.796 -0.521 -3.263 1.186 -1.741 -5.809 -0.192 -2.16 -9.253 -1.723 -3.255 -4.735 -3.072 1.531