#Seq2Logo.py -Z on -y 0.25:2.0 -H ends -f 38081.peps -o YNFHQRXFATVTHILYFGLTHYVVRTETVHVAGI_el -I 2 --format PNG -b 50 -C 0 -l 1
Last position-specific scoring matrix computed, values are in halfbits
A R N D C Q E G H I L K M F P S T W Y V
1 I -2.101 -9.157 -4.069 -7.619 -7.157 -2.932 -4.895 -9.605 -3.364 4.682 -0.572 -8.994 0.904 1.792 -2.528 -7.751 -2.1 -1.136 3.28 4.102
2 A 2.324 2.244 0.587 -1.154 -7.507 0.113 0.493 -3.642 2.748 -0.338 -3.834 -0.413 -1.027 -2.778 -9.125 -0.687 1.445 -8.918 -1.263 1.167
3 S 2.733 -4.568 -5.236 -2.762 -7.007 -3.546 -4.144 1.097 0.425 -3.55 -5.396 -7.653 -4.327 -2.464 -1.724 3.539 4.037 -8.902 -0.39 -3.438
4 V 1.808 -8.915 -5.877 -1.592 -4.578 -4.24 -2.885 -4.082 -5.838 3.677 -0.351 -8.593 -2.484 -0.433 -9.58 -0.842 0.287 -4.692 -6.097 4.43
5 E 0.601 -0.516 0.702 1.723 -7.686 -0.435 2.228 -1.972 0.444 -0.584 -5.723 0.615 -5.537 -3.211 -3.34 0.701 2.146 -9.188 -3.06 0.804
6 D 2.92 -8.327 -1.98 5.655 -7.657 -7.77 0.995 -4.562 -7.722 -1.695 -6.89 -7.69 -4.423 -8.923 -0.583 -1.079 -0.607 -9.764 -9.084 0.974
7 E 1.25 -1.771 1.369 3.362 -8.071 1.738 3.051 -2.693 2.357 -1.739 -3.769 -3.774 -4.37 -3.205 -0.09 -2.455 -2.296 -3.056 -1.033 -0.445
8 P 1.017 1.072 -0.761 -0.139 -7.863 1.65 0.636 -1.289 -0.005 -1.536 -1.046 0.227 -4.268 -1.647 3.399 -1.347 -1.909 -3.04 -0.024 -0.621
9 V 2.257 -8.694 -3.926 -0.546 -7.086 -1.464 -1.301 -0.958 -3.377 3.266 0.474 -6.189 2.083 -0.57 -9.583 -2.541 -2.719 -4.602 0.314 3.017