#Seq2Logo.py -Z on -y 0.25:2.0 -H ends -f 38081.peps -o YNYHERRFATVLHIVYFGGTHYDVGASRVHVAGI_el -I 2 --format PNG -b 50 -C 0 -l 1
Last position-specific scoring matrix computed, values are in halfbits
A R N D C Q E G H I L K M F P S T W Y V
1 I -7.352 -7.455 -7.425 -10.042 -7.607 -7.221 -9.951 -9.951 -4.02 4.774 -0.132 -7.656 -1.97 4.635 -6.548 -9.669 -8.435 2.505 5.569 1.273
2 R 1.015 3.666 -0.92 -3.689 -7.773 -0.425 1.458 -6.398 1.337 -0.657 -2.601 1.511 -2.186 -2.12 -9.256 -2.155 0.003 -1.963 0.733 1.797
3 A 3.107 -0.565 -1.082 -1.695 -7.171 -1.64 -5.516 -0.045 -1.595 0.216 -3.242 -3.013 0.035 -0.975 -0.725 2.237 1.621 -1.958 1.318 -1.232
4 F 2.244 -7.155 -5.92 -1.794 -4.823 -2.547 -3.994 -5.291 -2.53 0.97 0.449 -7.245 0.86 4.06 -7.618 -3.396 -2.784 4.138 4.718 0.734
5 K 0.533 1.303 0.176 0.451 -7.816 0.123 0.576 -2.327 0.446 -0.581 -2.957 2.633 -4.267 -3.175 0.338 -0.521 0.439 -3.045 -0.803 0.675
6 A 4.012 -4.12 0.069 2.932 -7.12 -5.386 -2.288 -2.59 -5.482 -3.164 -5.773 -3.917 -7.877 -8.78 1.271 1.197 1.568 -9.59 -8.843 0.811
7 Q 0.854 1.006 2.294 -0.225 -7.922 2.811 1.201 -4.71 3.023 -0.469 -0.243 -1.117 -2.713 -4.034 0.23 -2.854 -2.295 -1.983 -0.009 -0.411
8 P 0.813 1.943 -1.268 -2.28 -7.856 -0.025 -0.241 -0.523 1.877 -0.723 -1.131 1.382 -2.233 -4.771 3.754 -1.014 -1.265 -9.283 -2.219 -1.433
9 A 3.533 0.229 -1.435 -0.601 -4.762 2.372 0.117 1.302 -2.584 -2.924 -2.018 -4.147 -1.385 -4.789 -5.278 1.509 -1.222 -9.182 -4.282 -0.224