#Seq2Logo.py -Z on -y 0.25:2.0 -H ends -f 38081.peps -o YNYHQRXFATVLHSLFFGGTYYDVGTETVHVAGI_el -I 2 --format PNG -b 50 -C 0 -l 1
Last position-specific scoring matrix computed, values are in halfbits
A R N D C Q E G H I L K M F P S T W Y V
1 I -2.435 -9.278 -6.15 -6.498 -7.259 -5.868 -4.116 -9.729 -3.338 5.024 -0.114 -9.135 0.558 2.498 -3.131 -7.896 -5.992 1.345 3.826 3.367
2 A 2.736 2.526 0.585 -3.018 -7.576 0.247 0.567 -2.886 2.843 -1.845 -3.669 1.037 -1.381 -4.072 -9.083 -1.812 0.951 -3.018 -0.186 0.548
3 A 3.997 -0.439 -1.873 -3.749 -7.189 -0.493 -4.159 2.364 -0.55 -2.993 -4.179 -3.263 -1.066 -1.416 -0.448 1.763 -0.477 -3.012 0.444 -2.974
4 A 4.557 -8.619 -6.811 -4.303 -4.543 -3.666 -5.158 -1.0 -2.698 1.345 -0.788 -6.983 -1.677 0.984 -7.268 0.263 -0.705 1.302 -2.947 2.09
5 K 0.974 1.105 -0.9 -1.157 -7.684 1.265 0.127 -2.512 1.479 -0.788 -2.766 3.1 -1.364 -4.092 -4.682 -0.432 0.672 -8.967 -1.027 1.47
6 A 4.729 -8.723 -6.934 -5.43 -4.462 -6.77 -7.37 -5.466 -8.603 1.904 -2.741 -8.253 -2.105 -7.97 0.623 -1.539 0.615 -9.34 -8.501 3.654
7 A 3.142 1.777 1.274 -0.59 -7.666 2.262 0.842 -3.344 3.765 -2.253 -1.689 -1.694 -2.749 -2.781 -2.719 -2.805 -2.98 -1.983 -0.769 -0.513
8 A 1.8 2.524 -1.471 -5.155 -7.742 0.353 -0.436 -0.245 0.221 -0.371 -0.575 1.703 -1.757 -3.592 2.523 -2.149 -1.266 -4.708 -1.038 -1.545
9 A 4.592 -5.186 -0.762 -2.791 -6.886 -0.836 -3.004 2.15 -4.22 -0.797 -3.665 -6.673 -4.264 -8.501 -8.877 2.035 -1.345 -9.299 -6.44 0.949