#Seq2Logo.py -Z on -y 0.25:2.0 -H ends -f 38081.peps -o YNYHQRXFATVTHILFFGLTYYVVRTETVHVGGI_el -I 2 --format PNG -b 50 -C 0 -l 1
Last position-specific scoring matrix computed, values are in halfbits
A R N D C Q E G H I L K M F P S T W Y V
1 I -2.452 -9.164 -6.113 -6.487 -7.463 -3.779 -4.097 -9.674 -3.206 4.377 -0.819 -9.07 0.538 3.576 -3.485 -7.879 -6.066 1.876 5.253 2.693
2 A 3.027 1.541 0.281 -2.724 -7.42 0.693 1.077 -2.867 2.653 -1.665 -3.875 -0.311 -1.379 -3.177 -9.008 -0.241 1.504 -8.989 -2.183 0.621
3 A 3.91 -5.179 -3.278 -3.383 -7.136 -2.16 -4.567 3.32 1.743 -4.352 -6.363 -5.889 -4.396 -2.475 -1.54 2.312 0.898 -4.672 -0.204 -3.002
4 A 4.12 -8.675 -4.955 -3.172 -6.679 -8.595 -6.411 -0.894 -8.478 2.087 -2.606 -8.239 -5.119 -2.74 -9.098 1.545 0.044 -9.196 -8.363 3.628
5 T 0.872 0.155 0.067 0.938 -7.642 0.893 1.254 -2.32 1.171 -0.241 -3.655 1.022 -2.747 -3.61 -1.751 -0.177 1.913 -9.088 -1.867 1.161
6 A 4.601 -8.591 -5.629 1.566 -6.8 -8.38 -2.562 -6.732 -8.342 0.906 -3.515 -8.063 -4.138 -8.237 0.626 -0.962 0.458 -9.451 -8.64 3.082
7 A 3.023 -1.075 1.122 0.8 -7.636 2.606 2.384 -3.9 2.563 -1.695 -2.818 -2.907 -3.422 -4.702 -3.344 -1.425 -1.714 -4.678 -0.193 0.104
8 P 1.393 1.344 -1.895 -1.66 -7.758 -0.025 1.401 -1.049 -0.852 -0.951 -1.296 0.307 -3.413 -2.161 3.365 -1.586 -0.507 -4.703 -0.204 -0.229
9 V 2.766 -8.83 -3.476 0.653 -6.969 -4.202 -2.054 -1.177 -5.721 3.555 -1.207 -8.435 0.318 -1.564 -9.479 -1.617 -2.255 -8.965 -2.195 3.684