#Seq2Logo.py -Z on -y 0.25:2.0 -H ends -f 38081.peps -o YNYHQRXFATVLHSLFFGLTYYDIEDSTVHLETT_el -I 2 --format PNG -b 50 -C 0 -l 1
Last position-specific scoring matrix computed, values are in halfbits
A R N D C Q E G H I L K M F P S T W Y V
1 I -0.554 -8.914 -4.518 -2.418 -7.463 -2.547 -1.463 -9.246 -2.574 3.464 -1.784 -8.662 -0.635 2.492 1.243 -6.029 -2.535 2.077 4.537 3.039
2 A 3.148 1.545 0.052 -4.523 -7.403 -0.15 0.419 -2.659 2.84 -1.502 -5.244 0.898 -0.203 -4.684 -9.005 -1.069 1.816 -3.024 -0.572 0.557
3 A 3.777 -0.97 -1.845 -2.772 -7.182 -1.404 -3.23 2.365 0.216 -4.829 -6.939 -3.258 -5.669 -1.664 -0.443 2.178 1.824 -8.882 -0.029 -4.895
4 A 4.601 -8.673 -5.787 -4.8 -4.527 -3.233 -4.702 -0.045 -5.673 1.785 -1.557 -8.245 -2.112 0.228 -7.264 -0.503 -0.827 -1.982 -2.552 2.635
5 K 1.73 0.372 -0.744 -0.86 -7.621 1.263 0.645 -1.034 0.829 -0.67 -3.648 2.874 -2.208 -5.527 -4.675 -0.695 0.193 -9.083 -1.873 1.614
6 A 4.993 -8.631 -6.875 -6.131 -6.591 -6.697 -4.275 -6.685 -8.504 0.792 -5.642 -8.13 -3.286 -8.151 0.884 -0.955 0.619 -9.384 -8.536 3.739
7 A 3.12 1.727 1.203 -0.835 -7.746 2.609 1.423 -1.788 3.632 -2.53 -4.221 -0.393 -7.815 -4.79 -1.549 -1.81 -2.971 -9.041 -1.54 -1.319
8 P 1.914 2.048 -1.671 -2.515 -7.724 0.108 0.187 -0.241 -1.594 -1.383 -1.397 1.494 -3.425 -4.141 3.186 -1.843 -0.618 -9.192 -1.305 -0.716
9 A 4.442 -4.576 0.279 -0.483 -4.649 0.078 -1.652 2.073 -3.289 -1.694 -5.003 -5.811 -2.253 -6.746 -8.869 1.886 -1.665 -9.294 -5.188 -0.041