#Seq2Logo.py -Z on -y 0.25:2.0 -H ends -f 38081.peps -o YNYHQRXFATVTHILFFGLTYYDIEDSTVHLETT_el -I 2 --format PNG -b 50 -C 0 -l 1
Last position-specific scoring matrix computed, values are in halfbits
A R N D C Q E G H I L K M F P S T W Y V
1 I 0.202 -8.617 -3.131 -1.742 -7.544 -0.859 0.447 -9.005 -1.56 2.963 -2.301 -7.037 -0.389 1.929 1.174 -4.57 -1.751 1.348 4.499 2.427
2 A 3.075 2.2 -0.317 -4.518 -7.443 -0.289 0.564 -3.901 3.261 -1.679 -4.941 0.555 -1.384 -5.444 -9.002 -0.492 1.766 -3.019 -0.185 0.269
3 A 3.64 -1.12 -1.627 -2.774 -7.185 -1.197 -3.807 2.329 0.216 -5.347 -6.339 -3.262 -4.38 -1.431 -0.717 2.037 2.322 -8.838 0.138 -4.472
4 A 4.328 -8.651 -6.856 -4.311 -4.563 -3.672 -3.949 -0.69 -2.7 2.161 -1.647 -5.468 -1.672 0.988 -7.306 -0.694 -0.595 1.01 -1.802 2.467
5 K 1.483 1.242 -0.9 -0.863 -7.686 1.431 0.436 -1.828 1.754 -0.343 -4.336 2.877 -2.21 -5.53 -3.727 -1.324 0.519 -9.07 -1.864 1.47
6 A 4.716 -8.621 -8.558 -4.781 -6.622 -4.162 -3.069 -6.77 -5.752 1.434 -6.504 -8.14 -3.264 -8.076 0.028 -0.766 0.619 -9.353 -8.495 3.977
7 A 2.619 2.699 1.128 -0.836 -7.924 2.718 1.211 -2.667 4.565 -3.325 -4.503 -0.083 -5.596 -5.596 -1.751 -2.27 -3.261 -9.008 -1.524 -1.757
8 A 1.95 2.297 -0.922 -3.047 -7.751 0.111 0.025 -0.328 0.637 -1.39 -1.497 1.602 -5.503 -4.152 2.915 -1.985 -0.737 -9.206 -1.881 -0.827
9 A 4.187 -5.094 0.691 0.363 -4.712 1.151 -0.63 2.334 -2.592 -2.995 -5.854 -5.748 -3.494 -6.827 -8.865 1.886 -1.842 -9.318 -5.199 -1.047