#Seq2Logo.py -Z on -y 0.25:2.0 -H ends -f 38081.peps -o YNYHQRXFATVTHILYFGLSSFDIRKARVHLETT_el -I 2 --format PNG -b 50 -C 0 -l 1
Last position-specific scoring matrix computed, values are in halfbits
A R N D C Q E G H I L K M F P S T W Y V
1 I -0.546 -8.966 -7.135 -3.564 -7.344 -3.715 -0.838 -7.759 -4.168 4.029 -3.25 -8.676 -0.36 1.566 0.857 -6.012 -1.132 2.649 3.953 3.496
2 A 2.847 -0.18 0.388 -0.59 -7.432 -0.454 1.299 -2.468 2.655 -1.504 -4.097 -1.147 -1.039 -1.396 -9.043 -0.163 1.865 -4.622 0.602 0.346
3 T 1.839 -4.55 -4.521 -2.49 -6.985 -4.618 -4.137 1.094 -1.621 -5.893 -7.545 -6.563 -4.339 -2.189 -4.092 3.608 5.133 -8.998 -1.881 -5.254
4 A 3.098 -8.629 -6.379 3.728 -3.415 -2.48 -0.75 -0.15 -8.217 2.637 -1.041 -8.113 -4.095 -4.654 -9.265 -1.852 -1.887 -9.37 -8.662 2.278
5 E 1.567 -1.773 -0.453 1.013 -7.555 -0.778 2.336 -1.41 1.0 0.86 -3.059 0.21 -4.204 -2.778 -4.692 -0.794 1.019 -9.026 -1.558 1.764
6 A 4.528 -8.361 -5.665 -0.744 -6.904 -5.356 2.002 -6.034 -8.108 -0.262 -4.478 -7.787 -5.342 -8.367 0.884 -1.407 -0.366 -9.424 -8.625 3.186
7 E 1.64 -3.572 0.204 3.435 -8.133 1.682 4.507 -3.129 0.253 -1.295 -4.823 -4.066 -8.077 -6.856 -1.744 -2.116 -3.565 -4.768 -3.093 -1.336
8 P 0.699 1.595 -0.929 -1.011 -7.813 0.23 1.402 -2.176 -0.011 0.302 -0.498 0.141 -5.38 -1.005 2.872 -1.6 -0.863 -3.036 -0.578 -0.398
9 A 2.927 -4.11 -1.466 0.77 -4.743 0.084 1.18 -0.504 -2.076 0.876 -0.894 -4.735 1.299 -1.617 -7.279 0.511 -0.961 -4.688 -2.202 1.449