#Seq2Logo.py -Z on -y 0.25:2.0 -H ends -f 38081.peps -o YNYHQRXFATVLHSLYFGLTHYDVRTETVHLETT_el -I 2 --format PNG -b 50 -C 0 -l 1
Last position-specific scoring matrix computed, values are in halfbits
A R N D C Q E G H I L K M F P S T W Y V
1 I -2.594 -9.24 -7.345 -7.67 -7.333 -4.996 -6.027 -9.634 -5.446 4.463 -1.714 -9.05 -1.581 2.205 1.09 -9.199 -3.298 2.475 4.501 3.737
2 A 2.873 1.475 0.164 -1.851 -7.386 -0.304 0.265 -3.623 2.125 -1.47 -4.062 -0.129 -1.369 -2.126 -9.076 -0.679 1.766 -4.627 0.599 1.378
3 T 3.021 -4.089 -4.063 -2.51 -6.95 -2.759 -5.473 0.623 -1.617 -3.528 -6.233 -5.203 -5.553 -2.172 -2.968 3.453 4.172 -4.681 -0.807 -2.508
4 A 3.845 -8.803 -5.815 -0.31 -1.768 -3.684 -2.63 -0.71 -8.56 3.013 -0.083 -8.38 -2.054 -2.701 -7.36 -2.153 -2.252 -9.156 -8.346 3.316
5 A 1.401 -1.39 -0.301 1.416 -7.599 -0.607 1.614 -0.605 0.225 -0.571 -4.375 1.138 -5.497 -2.798 -3.343 0.054 1.961 -9.006 -0.806 0.989
6 A 4.602 -8.373 -3.357 1.398 -3.327 -8.028 0.408 -4.892 -8.077 -1.001 -7.855 -7.804 -5.459 -8.544 0.887 -0.068 1.161 -9.492 -8.721 2.37
7 E 2.191 -3.619 1.712 2.801 -7.882 1.087 3.107 -2.469 0.841 -1.924 -3.789 -4.554 -8.029 -6.822 1.729 -0.783 -3.538 -4.785 -3.089 -0.743
8 P 1.393 1.277 -0.927 -1.853 -7.785 0.678 0.694 -0.426 0.637 -0.716 -0.806 -0.039 -7.584 -1.897 3.433 -1.228 -1.124 -2.001 -0.799 -1.292
9 A 3.405 -5.869 -0.754 0.689 -3.405 0.202 -0.347 1.726 -2.632 0.064 -2.464 -5.258 0.038 -3.17 -9.076 1.131 -0.827 -4.732 -4.269 1.23