#Seq2Logo.py -Z on -y 0.25:2.0 -H ends -f 38081.peps -o YNYHERRFATVLHIVYFGLTYYDVRTETVHLETT_el -I 2 --format PNG -b 50 -C 0 -l 1
Last position-specific scoring matrix computed, values are in halfbits
A R N D C Q E G H I L K M F P S T W Y V
1 I -1.021 -5.425 -5.199 -3.599 -7.398 -2.908 -2.918 -9.391 -3.262 4.313 -1.743 -8.776 -0.614 2.075 0.406 -5.54 -3.298 2.656 4.465 3.052
2 A 3.099 1.477 0.483 -4.062 -7.42 -0.449 0.762 -2.87 2.457 -2.638 -3.46 -0.032 -1.036 -2.738 -9.047 -0.675 1.556 -1.961 0.984 0.553
3 A 3.798 -3.364 -2.623 -2.293 -7.019 -3.15 -4.558 2.029 -2.626 -2.277 -6.762 -5.86 -2.262 -1.431 -1.015 2.477 2.715 -4.682 -0.809 -2.515
4 A 4.928 -8.653 -6.816 -1.236 -4.493 -3.223 -4.259 -1.483 -8.394 2.029 -1.871 -8.182 -3.248 -2.416 -7.22 -0.497 -2.658 -3.059 -6.26 2.919
5 A 1.992 -2.182 -0.189 0.446 -7.428 0.679 0.831 -1.032 0.433 0.416 -3.05 0.524 -1.357 -3.142 -5.317 -0.1 1.332 -4.694 -1.283 1.765
6 A 4.299 -8.626 -4.351 -0.296 -6.711 -8.481 -3.582 -7.825 -8.47 1.193 -6.074 -8.142 -7.079 -8.135 0.24 -0.491 1.623 -9.405 -8.564 3.912
7 A 3.375 -3.282 2.015 1.665 -4.864 1.42 1.982 -2.636 1.484 -1.538 -1.915 -4.598 -4.292 -6.608 -0.725 -0.87 -2.701 -4.728 -1.294 -0.507
8 A 2.922 1.53 -1.292 -3.059 -7.568 0.341 0.482 -0.704 -2.595 -1.375 -0.88 -0.535 -5.463 -2.469 3.33 -2.286 -1.408 -2.005 -1.042 -1.035
9 A 4.033 -5.768 -0.286 2.136 -4.743 0.676 0.647 1.698 -2.581 -5.376 -8.771 -7.433 -3.531 -6.906 -7.08 2.536 -2.637 -9.405 -6.484 -1.731