#Seq2Logo.py -Z on -y 0.25:2.0 -H ends -f 38081.peps -o YNYHERRFATVLHIVYFGGTYYDIEDSTVHLETT_el -I 2 --format PNG -b 50 -C 0 -l 1
Last position-specific scoring matrix computed, values are in halfbits
A R N D C Q E G H I L K M F P S T W Y V
1 Y -8.659 -9.177 -9.409 -6.569 -8.086 -7.137 -6.839 -9.816 -4.706 2.275 -3.321 -9.264 -3.214 5.653 -4.385 -8.034 -8.762 3.473 7.239 -0.157
2 R 0.964 3.666 -0.913 -5.118 -7.804 0.252 0.421 -4.018 3.34 -0.239 -2.612 1.401 -2.19 -3.517 -9.276 -2.003 0.267 -0.108 0.607 1.214
3 A 2.664 -0.696 -1.081 -3.4 -7.248 -1.638 -3.839 0.471 -0.261 -0.362 -2.918 -3.581 0.033 -0.449 -0.454 2.269 1.823 -1.937 2.151 -1.653
4 F 1.049 -0.208 -4.998 -0.198 -7.664 -0.676 -1.861 -7.463 -0.85 1.559 -0.357 0.086 -0.66 3.465 -7.582 -4.22 -2.33 5.173 2.703 1.193
5 K -0.358 1.571 0.181 -0.59 -7.918 1.269 0.213 -1.287 1.482 -1.23 -3.502 3.311 -3.425 -3.639 -0.589 -1.104 1.08 -4.715 -1.864 0.465
6 A 4.17 -5.875 -1.447 0.349 -4.613 -3.125 -0.647 -2.595 -2.65 -1.183 -7.23 -6.624 -4.282 -5.611 0.889 1.649 2.2 -9.428 -8.625 1.177
7 A 1.554 2.202 2.017 -0.344 -7.982 1.735 0.435 -1.977 4.613 -0.858 -1.224 0.074 -4.265 -3.591 -0.463 -2.651 -3.582 -3.034 -1.242 -1.881
8 P 0.868 2.341 -0.465 -2.498 -7.865 -0.021 0.344 -0.334 0.823 -1.556 -1.505 1.032 -3.448 -4.827 3.784 -0.906 -1.121 -9.412 -4.273 -0.951
9 A 3.058 -2.709 -0.727 1.71 -4.8 1.93 0.574 1.638 -3.249 -2.236 -2.533 -3.847 -2.775 -4.164 -9.007 1.675 -2.234 -9.221 -3.632 0.475