#Seq2Logo.py -Z on -y 0.25:2.0 -H ends -f 38081.peps -o YNYHERRFATVLHIVYFGLTYYAVRTETVHLETT_el -I 2 --format PNG -b 50 -C 0 -l 1
Last position-specific scoring matrix computed, values are in halfbits
A R N D C Q E G H I L K M F P S T W Y V
1 I -1.822 -9.033 -7.132 -2.2 -7.325 -2.902 -1.932 -7.831 -3.326 4.594 -1.529 -8.764 -1.224 1.563 0.408 -3.721 -1.576 1.84 3.488 3.276
2 A 2.681 0.848 -0.325 -1.465 -7.539 0.361 1.886 -2.305 2.558 -1.189 -2.77 -0.224 -2.204 -1.613 -9.115 -1.202 0.275 -8.646 0.863 1.05
3 T 2.282 -5.87 -3.638 -1.867 -7.014 -4.07 -4.178 1.032 -4.175 -2.901 -4.369 -7.785 -1.778 -0.816 -3.691 2.632 4.744 -4.626 0.446 -1.65
4 V 2.627 -8.895 -5.833 0.301 -6.863 -6.826 -2.245 -5.775 -8.688 3.824 -0.425 -8.516 -1.223 -2.062 -9.489 -1.038 -0.83 -9.122 -8.216 4.074
5 E 0.351 -1.24 -0.058 1.358 -7.732 -0.151 2.591 -1.695 -0.004 0.476 -2.62 0.043 -4.23 -1.201 -1.559 -0.896 1.497 -8.893 -0.382 0.996
6 A 3.466 -8.522 -3.386 1.964 -4.647 -6.509 0.614 -6.974 -8.241 1.297 -2.666 -7.998 -7.146 -8.183 0.621 -1.203 0.682 -9.455 -8.642 3.45
7 E 1.43 -5.0 1.363 3.064 -5.037 1.436 3.867 -2.908 -0.239 -1.115 -1.711 -6.286 -3.459 -2.838 0.024 -2.129 -3.26 -4.752 -3.07 -0.839
8 E 1.759 1.134 -1.1 -0.129 -7.762 -0.022 2.333 -1.998 -1.59 -0.255 -0.242 -1.136 -7.443 -1.42 2.703 -2.484 -1.912 -1.234 -1.559 -0.496
9 D -0.149 -5.679 -2.752 5.411 -8.525 -1.48 4.895 -2.51 -3.969 -2.385 -6.032 -7.098 -1.472 -2.894 -7.208 -1.841 -6.819 -4.787 -3.668 -2.904