#Seq2Logo.py -Z on -y 0.25:2.0 -H ends -f 38081.peps -o YNYHQRXFATVTHILFFGLTYYDVRTETVHVAGI_el -I 2 --format PNG -b 50 -C 0 -l 1
Last position-specific scoring matrix computed, values are in halfbits
A R N D C Q E G H I L K M F P S T W Y V
1 I 0.911 -8.791 -2.26 -2.917 -7.146 -1.065 -1.455 -9.024 -1.662 4.08 -0.039 -7.164 1.201 -0.387 -0.356 -4.584 -2.497 -1.941 1.536 3.55
2 A 3.244 1.544 -0.058 -3.015 -7.402 0.585 0.195 -1.782 2.841 -3.202 -4.674 0.236 -1.392 -3.592 -8.959 0.277 1.666 -8.857 -0.374 -0.226
3 A 4.335 -3.053 -2.948 -3.735 -7.151 -1.214 -3.539 3.895 -0.568 -6.13 -6.435 -5.241 -4.435 -2.216 -0.864 1.562 -0.593 -9.099 -2.243 -5.434
4 A 5.575 -8.485 -8.157 -6.032 -4.422 -8.367 -8.411 -0.081 -8.242 -0.01 -4.259 -7.958 -7.377 -4.736 -8.745 1.893 -1.185 -9.278 -8.559 1.651
5 V 1.991 -0.151 -2.114 -0.743 -7.422 1.253 0.274 -3.397 0.996 0.003 -2.868 2.067 -1.342 -4.077 -5.315 -0.892 1.022 -9.049 -2.2 2.506
6 A 4.313 -8.866 -7.064 -7.352 -4.461 -8.82 -7.503 -8.063 -8.786 2.754 -2.818 -8.431 -2.062 -7.774 0.019 -2.822 0.122 -9.308 -8.433 4.372
7 A 3.88 0.517 0.858 -2.027 -7.394 2.319 0.963 -3.563 2.558 -2.235 -2.376 -2.057 -1.378 -4.7 -3.338 -0.583 -2.942 -1.225 -1.016 -0.133
8 A 2.681 1.536 -1.688 -4.129 -7.557 -0.169 0.257 -0.067 -4.133 -0.258 -0.867 0.956 -2.206 -2.789 2.571 -1.703 -1.258 -3.049 -1.044 -0.906
9 A 4.648 -6.838 -0.466 -0.881 -4.586 -1.641 -1.52 1.317 -4.21 -0.792 -5.253 -6.663 -2.229 -8.513 -7.108 1.962 -1.343 -9.327 -6.435 1.177