#Seq2Logo.py -Z on -y 0.25:2.0 -H ends -f 38081.peps -o YNYHQRXFATVTHILYFGLSSFAIRKATVHLETT_el -I 2 --format PNG -b 50 -C 0 -l 1
Last position-specific scoring matrix computed, values are in halfbits
A R N D C Q E G H I L K M F P S T W Y V
1 V -1.438 -8.939 -7.124 -3.934 -7.343 -2.545 -0.836 -6.787 -7.799 3.715 -3.256 -8.648 -0.361 1.855 1.316 -4.63 -0.995 2.066 3.73 3.837
2 A 2.162 0.68 0.493 0.186 -7.542 -0.604 2.016 -2.486 2.454 -0.455 -3.861 -1.727 -1.768 -1.882 -9.094 0.124 1.272 -8.862 -0.57 0.875
3 T 0.531 -5.782 -5.918 -1.155 -6.954 -4.023 -4.935 -1.115 -1.624 -4.632 -5.356 -7.617 -7.664 -2.469 -5.965 3.502 5.877 -8.939 -1.293 -3.668
4 D 0.962 -8.602 -5.468 4.073 -3.46 -1.658 0.628 -3.215 -5.635 2.8 0.126 -8.141 -0.653 -3.992 -9.471 -4.147 -0.984 -9.316 -8.535 3.116
5 E 0.594 -2.168 -0.437 1.492 -7.776 -0.586 3.269 -1.413 0.646 -0.464 -3.115 0.303 -2.763 -1.221 -3.014 -0.602 1.497 -9.006 -1.858 0.68
6 E 3.125 -7.996 -4.2 1.242 -7.419 -2.971 4.33 -6.985 -7.635 -0.767 -3.264 -7.373 -5.455 -8.563 -0.082 -1.084 -0.487 -9.418 -8.697 2.249
7 E -0.383 -4.962 0.816 4.517 -8.453 0.515 4.781 -3.156 -0.8 -1.618 -3.832 -5.486 -5.758 -6.864 -2.191 -3.031 -3.59 -3.086 -2.655 -1.783
8 P 0.278 1.826 -0.756 0.855 -7.898 0.579 1.51 -2.175 -0.26 -0.159 -0.506 -0.421 -5.414 -1.414 2.568 -1.355 -1.126 -1.994 -0.583 -0.505
9 E 0.137 -6.814 -3.773 2.534 -7.66 0.09 2.584 -2.385 -1.608 1.869 0.849 -4.777 2.836 0.246 -7.455 -3.131 -2.756 0.684 -0.768 0.974