#Seq2Logo.py -Z on -y 0.25:2.0 -H ends -f 38081.peps -o YNYHERRFATVLHIVFFGLTYYDVRTETVHVAGI_el -I 2 --format PNG -b 50 -C 0 -l 1
Last position-specific scoring matrix computed, values are in halfbits
A R N D C Q E G H I L K M F P S T W Y V
1 I -0.466 -9.004 -2.036 -3.979 -7.221 -1.987 -4.052 -9.354 -2.654 4.504 -0.019 -7.354 0.897 1.407 -1.814 -6.763 -3.924 0.354 3.279 3.483
2 A 2.924 2.05 0.167 -3.67 -7.503 0.588 0.702 -1.955 2.842 -2.886 -3.875 0.554 -0.203 -3.571 -9.062 -0.875 0.673 -4.653 -0.185 0.806
3 A 4.069 -2.493 -2.637 -2.791 -7.115 -1.418 -3.83 2.792 -1.216 -4.764 -5.421 -3.92 -2.82 -1.024 -1.182 1.847 1.28 -4.663 -0.204 -2.981
4 A 5.105 -8.608 -6.755 -4.77 -4.451 -6.695 -7.267 -1.087 -8.379 1.924 -2.794 -8.121 -3.278 -3.553 -7.153 1.238 -1.197 -4.743 -8.42 2.432
5 A 1.957 -0.771 -1.873 -0.877 -7.388 0.786 0.27 -2.503 1.162 -0.002 -2.869 1.787 -0.429 -4.673 -4.682 -0.259 1.448 -9.032 -1.862 2.292
6 A 4.484 -8.729 -6.893 -2.901 -6.64 -8.645 -5.729 -7.882 -8.625 1.861 -3.404 -8.263 -4.025 -7.976 0.531 -1.805 1.342 -9.356 -8.504 3.96
7 A 3.567 -0.794 0.946 -0.984 -7.49 2.492 1.71 -2.647 2.844 -1.851 -2.128 -3.183 -3.401 -4.084 -1.748 -1.546 -3.229 -3.031 -0.572 0.265
8 A 2.224 2.146 -1.289 -3.743 -7.659 -0.031 -0.345 0.008 -2.589 -0.583 -0.503 1.208 -1.369 -4.076 2.747 -2.652 -1.414 -3.044 -0.398 -1.029
9 A 4.76 -5.842 -0.31 0.171 -6.986 -0.646 -0.859 2.078 -4.164 -2.989 -6.887 -7.592 -4.376 -8.825 -7.061 2.35 -2.628 -9.393 -8.813 -1.154