#Seq2Logo.py -Z on -y 0.25:2.0 -H ends -f 38081.peps -o YNYHQRXFATVLHSLYFGLTYYVVGAETVHVGGI_el -I 2 --format PNG -b 50 -C 0 -l 1
Last position-specific scoring matrix computed, values are in halfbits
A R N D C Q E G H I L K M F P S T W Y V
1 I -4.24 -9.367 -7.42 -9.937 -7.41 -9.521 -6.912 -9.868 -3.255 5.068 -1.284 -9.283 0.149 3.65 -3.494 -9.515 -6.947 1.632 4.966 2.771
2 A 2.653 1.775 0.482 -2.257 -7.46 0.237 0.828 -2.892 2.238 -0.332 -3.614 -0.03 -1.024 -2.443 -9.116 -1.087 1.085 -4.669 -1.013 1.329
3 A 3.497 -2.747 -3.282 -2.786 -7.121 -1.883 -3.823 2.143 0.627 -1.557 -4.712 -3.919 -3.462 -2.46 -0.578 2.594 1.827 -4.675 -0.204 -2.157
4 A 3.941 -8.662 -2.45 -0.534 -6.793 -5.61 -5.128 -0.901 -8.394 2.17 -0.932 -8.239 -3.223 -2.115 -9.168 0.808 -0.156 -4.731 -8.324 3.119
5 K 0.765 0.36 0.504 1.157 -7.745 0.593 1.367 -1.674 0.832 -0.824 -4.676 1.985 -2.777 -4.167 -1.55 -0.335 1.765 -9.198 -3.06 0.609
6 A 5.187 -8.517 -5.626 0.668 -4.516 -8.322 -3.258 -3.232 -8.256 -0.623 -4.024 -7.958 -4.214 -8.438 1.198 -0.556 0.38 -9.467 -8.693 2.114
7 A 2.733 -1.236 2.015 1.029 -7.71 2.077 2.597 -3.101 1.895 -1.695 -2.53 -2.915 -2.772 -5.472 -1.751 -2.265 -2.078 -4.686 -0.024 0.179
8 P 1.481 1.537 -1.898 -2.514 -7.775 0.101 0.625 0.083 -0.55 -1.233 -1.044 0.825 -4.272 -2.177 3.598 -1.589 -1.57 -4.725 -1.04 -0.615
9 V 2.599 -7.164 -3.933 -0.428 -6.922 -3.247 -2.244 -1.712 -8.505 3.479 -0.364 -7.121 1.04 -2.053 -9.518 -0.938 -3.83 -8.989 -3.026 3.947