#Seq2Logo.py -Z on -y 0.25:2.0 -H ends -f 38081.peps -o YNYHQRXFATVLHSLYFAYTYYDDRTETVHLETT_el -I 2 --format PNG -b 50 -C 0 -l 1
Last position-specific scoring matrix computed, values are in halfbits
A R N D C Q E G H I L K M F P S T W Y V
1 V 0.8 -9.068 -9.279 -4.424 -7.251 -4.285 -3.163 -9.16 -4.236 3.503 -0.562 -8.804 -0.614 2.364 1.711 -7.55 -3.591 2.271 3.229 3.566
2 A 3.174 0.525 0.284 -4.498 -7.462 0.112 0.269 0.542 3.181 -2.487 -3.328 0.757 -1.789 -4.703 -8.996 0.466 0.601 -1.221 -0.572 -1.167
3 A 4.188 -1.83 -2.086 -2.781 -7.233 -2.15 -3.253 3.745 0.996 -7.118 -8.858 -3.582 -5.763 -2.189 -1.737 1.645 -0.96 -8.875 0.131 -6.853
4 G 4.934 -8.69 -7.71 -5.934 -7.065 -8.524 -8.655 5.463 -8.163 -8.7 -9.127 -8.047 -8.514 -9.117 -8.925 0.226 -6.641 -9.351 -9.234 -6.886
5 A 2.164 0.053 -1.254 -0.245 -7.486 0.236 1.017 -0.606 -0.268 0.06 -2.471 1.59 -1.749 -4.686 -4.68 -0.179 0.675 -9.003 -1.041 1.329
6 A 5.091 -8.688 -8.685 -7.196 -4.466 -8.603 -7.309 -7.62 -8.543 0.778 -3.907 -8.154 -7.149 -8.219 2.528 -1.523 -0.156 -9.47 -8.586 3.354
7 A 3.731 -2.197 0.856 -2.018 -4.755 1.417 1.458 -1.772 -0.008 -1.341 -1.775 -1.914 -3.384 -4.106 -1.742 0.466 -1.226 -9.083 -1.873 0.561
8 A 1.881 1.591 -1.279 -2.072 -7.563 -0.983 0.011 0.24 -3.283 -0.458 -0.714 0.046 -2.732 -2.17 2.615 -0.435 0.099 -4.729 -2.224 -0.042
9 A 3.964 -8.39 0.268 -2.303 -1.231 -4.112 -4.605 1.409 -4.25 0.498 -3.803 -7.936 -1.751 -8.32 -7.162 2.104 1.29 -9.295 -6.419 1.641