#Seq2Logo.py -Z on -y 0.25:2.0 -H ends -f 38081.peps -o YNYHQRXFATVLHSLFFGLTYYSVGTETVHVAGI_el -I 2 --format PNG -b 50 -C 0 -l 1
Last position-specific scoring matrix computed, values are in halfbits
A R N D C Q E G H I L K M F P S T W Y V
1 I -1.231 -9.114 -4.07 -5.617 -7.229 -2.924 -3.754 -9.564 -3.329 4.872 -0.242 -7.432 1.754 1.654 -3.121 -9.159 -5.31 0.364 3.731 3.39
2 A 2.595 2.104 -0.188 -2.731 -7.564 0.699 1.25 -4.27 3.262 -1.829 -3.658 0.84 -1.375 -4.079 -9.065 -1.953 1.385 -8.862 -0.567 0.93
3 A 4.302 -2.5 -3.709 -3.085 -7.083 -2.158 -4.179 2.762 1.156 -3.273 -5.808 -4.735 -2.817 -1.225 -1.182 1.687 0.756 -4.679 -1.031 -2.748
4 A 5.212 -8.564 -4.365 -3.849 -6.597 -5.571 -6.338 -1.591 -8.31 1.51 -2.515 -8.082 -2.655 -2.143 -8.914 1.143 -1.495 -9.174 -8.35 2.284
5 K 1.443 -0.032 -1.245 -0.241 -7.573 1.585 0.966 -3.145 1.004 -0.658 -3.429 2.201 -1.023 -4.106 -3.724 -0.511 1.446 -9.047 -1.864 1.711
6 A 4.728 -8.762 -8.804 -6.221 -6.61 -5.653 -5.764 -7.861 -8.634 2.628 -2.3 -8.297 -3.202 -7.851 0.024 -2.26 0.21 -9.286 -6.324 3.659
7 A 3.284 0.143 1.113 -0.989 -7.545 2.493 1.465 -2.66 3.019 -1.357 -2.001 -2.458 -2.208 -4.065 -3.016 -2.109 -2.487 -1.984 -0.37 0.34
8 A 2.09 1.41 -1.916 -4.127 -7.628 0.46 0.756 -1.047 -1.207 -0.563 -0.112 0.612 -2.185 -3.142 2.954 -2.659 -1.264 -3.046 -0.806 -0.041
9 A 3.993 -8.281 -1.247 2.619 -7.158 -1.625 0.7 0.198 -4.187 0.06 -3.635 -7.75 -1.771 -3.622 -7.181 0.707 -2.04 -9.276 -4.293 1.386