#Seq2Logo.py -Z on -y 0.25:2.0 -H ends -f 38081.peps -o YNYHQRXFATVTHILFLGLTYYDVGTETVHVAGI_el -I 2 --format PNG -b 50 -C 0 -l 1
Last position-specific scoring matrix computed, values are in halfbits
A R N D C Q E G H I L K M F P S T W Y V
1 I 0.461 -8.803 -2.017 -3.554 -7.167 -0.544 -1.756 -9.133 -1.66 4.32 0.352 -7.196 1.491 0.175 -1.804 -4.615 -3.258 -0.585 1.638 3.381
2 A 2.975 1.999 0.491 -3.668 -7.502 -0.01 0.194 -2.464 3.763 -2.672 -4.129 0.698 -0.737 -4.685 -9.032 -0.584 1.21 -4.66 -0.366 0.185
3 A 4.285 -1.46 -3.711 -3.08 -7.191 -0.658 -3.249 3.269 0.629 -4.834 -5.471 -4.277 -3.513 -1.91 -0.72 1.335 -0.961 -4.667 -0.031 -4.129
4 A 5.427 -8.464 -6.648 -6.04 -3.228 -5.535 -7.167 -0.258 -5.643 -0.401 -3.031 -6.813 -4.17 -2.796 -8.794 1.609 -0.562 -9.211 -8.441 1.786
5 A 2.095 0.947 -1.45 -1.026 -7.482 0.986 -0.957 -2.499 0.824 -0.418 -3.052 2.665 -0.711 -5.458 -4.166 -0.697 0.445 -9.017 -1.285 2.055
6 A 4.483 -8.868 -8.991 -7.382 -4.454 -6.86 -8.966 -8.03 -8.783 2.824 -2.134 -8.437 -0.928 -7.737 -0.333 -3.479 -0.472 -9.283 -8.42 4.225
7 A 3.707 1.996 0.86 -2.04 -7.483 2.603 0.125 -3.871 2.933 -1.862 -2.956 -1.237 -1.768 -4.719 -3.723 -1.544 -3.226 -1.991 -1.264 0.031
8 A 2.595 1.993 -1.68 -3.061 -7.625 -0.618 0.337 0.169 -0.862 -0.826 -0.649 1.267 -2.212 -3.616 2.478 -2.295 -1.906 -4.733 -2.227 -1.033
9 A 4.854 -5.873 -0.328 -2.283 -6.856 -0.658 -2.345 1.657 -4.2 -1.074 -5.698 -7.692 -4.298 -8.623 -7.079 2.215 -1.65 -9.348 -8.717 0.432