#Seq2Logo.py -Z on -y 0.25:2.0 -H ends -f 38081.peps -o YNYHQRXFATVLHSLYFGLTHYVVRTETVHVGGI_el -I 2 --format PNG -b 50 -C 0 -l 1
Last position-specific scoring matrix computed, values are in halfbits
A R N D C Q E G H I L K M F P S T W Y V
1 I -4.566 -9.301 -7.407 -9.998 -7.454 -7.174 -9.86 -9.854 -4.045 4.256 -0.66 -9.276 0.144 3.942 -4.919 -9.501 -6.972 1.645 5.516 3.167
2 A 2.228 1.831 0.165 -1.848 -7.482 1.166 0.42 -3.132 2.124 -0.224 -2.462 -0.217 -2.183 -1.877 -9.146 -0.51 1.21 -8.863 -1.011 1.381
3 A 3.301 -5.168 -4.651 -1.501 -7.076 -4.062 -3.247 1.776 1.158 -1.888 -3.712 -6.675 -3.446 -1.008 -2.419 2.908 2.751 -8.795 -0.019 -2.936
4 V 3.079 -8.803 -5.783 -0.089 -4.558 -4.836 -2.629 -2.936 -8.614 3.122 -1.044 -8.407 -2.543 -2.373 -9.369 -0.45 -0.163 -9.159 -8.28 4.127
5 E 0.357 -0.401 0.79 1.779 -7.72 -0.764 2.379 -1.404 -0.259 -0.156 -2.962 0.224 -5.497 -4.148 -1.75 0.391 1.766 -9.219 -3.073 0.615
6 D 3.142 -8.366 -3.454 6.058 -7.708 -7.834 -0.074 -4.171 -7.73 -3.269 -7.795 -7.707 -5.808 -9.084 -0.082 -1.534 -0.285 -9.847 -9.188 -0.001
7 E 1.558 -3.605 1.436 2.642 -7.979 1.434 3.511 -2.496 1.633 -1.257 -3.005 -4.146 -5.587 -2.171 -0.878 -1.834 -2.29 -1.992 -0.196 -0.433
8 P 0.863 0.682 -1.674 -0.874 -7.803 1.16 1.071 -0.728 -0.009 -0.464 -0.178 0.218 -2.722 -1.398 2.872 -1.241 -2.098 -1.983 0.302 -0.501
9 V 2.02 -8.762 -6.877 0.307 -4.681 -2.213 -0.391 -1.728 -4.309 3.471 0.57 -8.407 1.041 -0.126 -7.488 -2.546 -2.08 -8.68 -0.365 3.104