#Seq2Logo.py -Z on -y 0.25:2.0 -H ends -f 38081.peps -o YNYHERRFATVLHIVYFGGTHYVVGASRVHVAGI_el -I 2 --format PNG -b 50 -C 0 -l 1
Last position-specific scoring matrix computed, values are in halfbits
A R N D C Q E G H I L K M F P S T W Y V
1 I -8.43 -7.479 -9.681 -10.081 -7.615 -9.627 -9.988 -9.974 -5.172 4.774 -1.046 -9.382 -2.469 4.69 -10.533 -9.676 -7.077 2.687 5.782 1.665
2 R -0.063 3.753 -1.457 -4.106 -4.964 0.129 1.015 -5.789 2.007 0.072 -1.532 1.666 -2.165 -1.87 -9.317 -1.734 0.182 -0.614 -1.252 1.801
3 S 1.927 0.214 -1.662 -3.099 -7.251 -0.826 -4.175 -1.665 -0.267 1.417 -1.616 -3.004 0.652 -1.566 -0.208 2.49 1.456 -4.578 1.809 -0.641
4 F -0.327 -3.805 -3.513 -0.814 -7.817 -0.875 -0.816 -9.082 -0.508 1.212 0.491 -6.243 -1.275 4.54 -10.099 -3.004 -4.419 5.526 4.59 0.08
5 K -0.282 1.099 0.602 1.417 -7.968 -1.12 0.971 -1.544 1.175 -1.248 -2.833 2.909 -3.452 -2.499 0.71 -0.521 0.437 -9.168 -2.213 -0.339
6 D 3.313 -3.662 0.429 4.391 -7.505 -5.255 -0.018 -1.093 -4.12 -6.059 -7.872 -1.6 -8.303 -9.09 0.248 1.382 0.533 -9.676 -9.0 -1.604
7 E 0.46 0.439 2.014 0.46 -7.941 2.38 1.087 -4.328 2.848 -0.585 -0.508 0.146 -2.725 -2.42 0.524 -1.858 -1.568 -8.793 0.599 -0.61
8 P 1.018 2.049 -1.273 -2.056 -7.84 0.58 0.631 -0.724 0.218 -1.091 -0.25 1.385 -3.392 -2.188 3.185 -1.469 -1.736 -4.747 -3.58 -1.17
9 V 1.917 0.739 -4.336 -2.128 -7.263 0.758 -0.785 0.44 -1.633 1.414 1.013 -3.591 -0.374 -3.025 -7.415 -0.549 -2.713 -8.766 -0.196 2.624