#Seq2Logo.py -Z on -y 0.25:2.0 -H ends -f 38081.peps -o YNYHQRXFATVTHILYFGLTHYSVRTETVHVGGI_el -I 2 --format PNG -b 50 -C 0 -l 1
Last position-specific scoring matrix computed, values are in halfbits
A R N D C Q E G H I L K M F P S T W Y V
1 I -2.443 -9.032 -5.21 -6.425 -7.513 -2.573 -3.738 -7.917 -1.161 4.026 -1.965 -8.912 -0.91 3.162 -1.62 -6.835 -2.335 2.303 5.513 2.81
2 A 2.479 1.994 0.281 -2.025 -7.546 0.244 1.355 -2.299 2.75 -1.068 -3.661 -0.309 -2.216 -2.778 -9.087 -0.252 0.954 -4.662 -0.569 0.748
3 T 2.676 -5.843 -2.574 -1.851 -7.034 -4.641 -3.511 1.307 -0.556 -2.719 -6.237 -7.702 -3.462 -2.151 -3.307 3.337 4.036 -8.793 0.442 -3.174
4 V 2.953 -8.866 -4.441 -1.094 -6.823 -4.86 -2.868 -2.949 -8.66 3.695 -1.195 -8.481 -3.122 -1.352 -9.435 -0.635 -0.588 -9.098 -8.173 4.092
5 E 0.597 -0.782 -0.17 1.546 -7.687 0.48 2.453 -1.83 -0.533 0.386 -3.877 0.386 -5.466 -3.602 -3.726 -0.023 2.053 -9.039 -1.043 0.752
6 D 2.71 -8.324 -4.044 4.625 -4.829 -6.289 1.624 -6.913 -7.864 -0.777 -4.373 -7.721 -5.549 -8.663 0.439 -0.417 0.676 -9.642 -8.907 2.09
7 E 1.343 -2.42 0.963 2.251 -8.062 1.596 3.953 -1.827 1.491 -2.513 -3.026 -5.533 -5.629 -3.215 1.039 -3.026 -2.513 -2.008 -1.566 -0.352
8 P 0.914 1.654 -0.924 -0.859 -4.992 0.355 1.884 -1.173 0.228 -0.27 -0.879 -0.421 -7.561 -2.151 2.954 -1.727 -1.417 -1.227 -0.023 -0.929
9 D 1.475 -6.761 -2.858 4.567 -7.826 -0.611 3.02 -1.039 -2.583 0.905 -3.097 -7.553 0.021 -1.913 -9.182 -1.007 -3.255 -4.751 -3.617 0.621