#Seq2Logo.py -Z on -y 0.25:2.0 -H ends -f 38081.peps -o YNYHQRXFATVTHILYFAYTYYDVRTEAVHLETT_el -I 2 --format PNG -b 50 -C 0 -l 1
Last position-specific scoring matrix computed, values are in halfbits
A R N D C Q E G H I L K M F P S T W Y V
1 V 1.758 -8.711 -5.869 -1.237 -7.275 -1.69 -0.204 -8.763 -4.209 2.872 -1.327 -7.056 -0.946 1.022 1.837 -4.515 -1.263 1.319 2.465 3.119
2 A 3.424 0.524 -0.057 -4.501 -7.445 0.581 0.029 0.861 3.183 -4.309 -4.749 0.467 -2.26 -6.522 -8.959 0.71 0.447 -0.613 0.306 -1.576
3 A 4.052 -1.468 -2.083 -3.065 -7.267 -2.158 -4.187 4.209 0.628 -8.616 -8.966 -4.72 -5.799 -2.84 -1.543 1.602 -1.097 -8.964 -0.406 -8.003
4 G 4.869 -8.709 -7.707 -5.23 -7.09 -8.542 -8.673 5.534 -8.175 -8.697 -9.137 -8.064 -8.528 -9.123 -8.946 -0.062 -5.854 -9.351 -9.251 -6.122
5 A 2.23 0.349 -1.652 -0.606 -7.463 0.355 0.768 -1.533 -0.014 0.067 -2.085 1.792 -2.711 -4.67 -4.164 -0.341 0.819 -8.974 -0.805 1.482
6 A 4.824 -8.747 -8.775 -7.242 -4.471 -8.669 -6.44 -6.779 -8.632 0.939 -3.859 -8.237 -7.036 -8.122 2.334 -2.413 -0.062 -9.452 -8.555 3.955
7 A 3.631 -0.66 0.77 -2.229 -7.359 2.005 1.41 -1.492 1.48 -1.078 -2.374 -2.074 -3.398 -3.609 -2.702 0.271 -1.377 -9.041 -1.861 0.041
8 A 1.917 1.273 -0.932 -2.524 -7.547 -0.634 -0.163 -0.329 -2.615 -0.35 -0.943 0.132 -2.734 -1.905 2.995 -0.434 0.275 -9.194 -2.611 0.041
9 A 3.999 -8.359 0.768 -2.071 -1.781 -4.71 -4.203 1.736 -3.336 0.235 -4.316 -7.895 -2.217 -8.411 -5.267 2.176 1.168 -9.315 -6.433 1.072