#Seq2Logo.py -Z on -y 0.25:2.0 -H ends -f 38081.peps -o YNYHQRXFATVTHILYFGLTHYDVRTETVHVGGI_el -I 2 --format PNG -b 50 -C 0 -l 1
Last position-specific scoring matrix computed, values are in halfbits
A R N D C Q E G H I L K M F P S T W Y V
1 I -1.844 -9.016 -5.21 -5.595 -7.486 -2.91 -3.172 -9.502 -1.553 3.933 -1.644 -8.881 -0.106 2.73 -1.429 -6.129 -3.037 2.84 5.435 2.93
2 A 2.713 1.598 0.487 -2.741 -7.376 0.354 0.49 -2.877 2.006 -1.987 -3.442 -0.871 -0.724 -3.567 -9.047 0.062 2.056 -4.666 -0.576 1.165
3 A 3.437 -3.699 -3.619 -1.668 -6.997 -3.13 -4.957 1.909 -1.223 -5.279 -7.584 -5.815 -3.489 -2.828 -2.16 3.291 3.337 -9.053 -1.581 -2.966
4 A 4.098 -8.792 -6.864 -1.405 -4.517 -6.784 -3.635 -1.66 -8.554 2.981 -1.824 -8.354 -5.034 -2.709 -7.307 -0.432 -0.821 -4.726 -5.064 3.658
5 E 1.128 -1.757 -0.309 0.547 -7.53 -0.016 2.06 -1.037 0.219 0.24 -3.84 0.678 -3.386 -3.607 -4.678 0.326 1.867 -9.116 -2.605 1.714
6 A 3.77 -8.436 -5.346 3.923 -7.135 -8.046 -0.048 -6.788 -8.061 -0.743 -6.51 -7.859 -5.482 -8.56 0.344 -0.405 0.963 -9.586 -8.819 2.704
7 A 2.563 -2.412 1.575 2.051 -7.853 2.267 3.019 -2.468 2.357 -2.75 -3.995 -4.518 -5.627 -4.792 0.239 -1.816 -3.246 -3.058 -1.286 -0.537
8 P 1.256 1.657 -1.278 -2.057 -7.814 0.464 0.888 -0.829 0.439 -1.23 -0.655 0.389 -4.25 -2.153 3.329 -2.003 -0.865 -1.992 -0.023 -0.934
9 A 3.831 -4.603 -1.258 0.92 -7.105 -0.056 -0.755 1.2 -2.632 0.779 -3.412 -6.65 0.036 -3.174 -7.194 1.507 -1.362 -9.182 -4.27 0.711