#Seq2Logo.py -Z on -y 0.25:2.0 -H ends -f 38081.peps -o YNYHQRXFATVLHSLFLGLTYYDVGTETVHVAGI_el -I 2 --format PNG -b 50 -C 0 -l 1
Last position-specific scoring matrix computed, values are in halfbits
A R N D C Q E G H I L K M F P S T W Y V
1 I -0.817 -9.113 -3.225 -5.594 -7.129 -3.311 -3.454 -9.479 -2.696 4.806 0.524 -8.923 1.221 0.764 -2.804 -6.119 -3.913 -0.568 2.539 3.725
2 A 3.001 1.892 0.865 -3.661 -7.454 0.118 0.348 -3.335 3.1 -2.215 -3.885 0.625 -1.77 -4.09 -9.022 -0.494 1.332 -8.903 -0.784 0.683
3 A 4.285 -1.462 -3.314 -3.743 -7.188 -1.207 -2.774 3.371 0.426 -4.833 -5.475 -4.281 -3.517 -2.185 -0.58 1.335 -1.094 -3.031 -0.396 -3.807
4 A 5.469 -8.497 -4.91 -6.031 -3.231 -8.381 -7.184 0.227 -5.641 0.169 -3.036 -7.983 -3.352 -3.602 -7.075 1.524 -0.8 -9.237 -8.505 1.256
5 K 1.806 0.713 -1.865 -0.874 -7.533 1.259 0.039 -2.701 1.167 -0.768 -2.462 2.594 -0.436 -5.478 -3.727 -0.604 0.747 -9.049 -1.865 1.801
6 A 4.601 -8.817 -8.894 -7.328 -4.463 -6.828 -8.875 -7.931 -8.713 2.48 -2.7 -8.355 -1.277 -7.863 0.959 -2.803 -0.16 -9.337 -8.467 3.964
7 A 3.804 1.476 0.673 -2.046 -7.409 1.938 0.352 -3.316 2.93 -1.835 -2.237 -1.399 -2.206 -3.586 -3.345 -1.674 -2.954 -3.033 -1.261 0.554
8 A 2.566 1.993 -1.478 -4.134 -7.579 -0.622 0.014 -0.151 -1.6 -0.361 -0.641 1.207 -1.754 -2.788 2.231 -1.841 -0.985 -4.709 -1.294 -1.021
9 A 4.76 -5.906 -0.333 -2.295 -6.846 -1.894 -3.004 1.699 -4.22 -1.051 -4.628 -6.685 -4.272 -5.58 -7.104 2.0 -1.06 -9.294 -6.416 1.066