#Seq2Logo.py -Z on -y 0.25:2.0 -H ends -f 38081.peps -o YNYHERRFATVLHIVYFGLTYYVVRTETVHVGGI_el -I 2 --format PNG -b 50 -C 0 -l 1
Last position-specific scoring matrix computed, values are in halfbits
A R N D C Q E G H I L K M F P S T W Y V
1 I -3.658 -9.304 -4.632 -9.829 -7.305 -4.352 -7.985 -9.791 -4.189 5.15 -0.71 -9.19 -0.065 2.967 -3.486 -7.921 -3.959 1.066 4.322 3.156
2 A 2.596 1.939 0.382 -1.654 -7.445 0.79 0.7 -3.638 2.346 -1.031 -3.072 -0.633 -2.194 -2.454 -9.11 -1.194 1.501 -8.951 -1.841 1.621
3 A 3.21 -4.593 -4.126 -3.069 -7.033 -2.776 -4.173 1.503 0.421 -1.231 -4.134 -5.876 -2.771 -1.206 -1.734 3.014 2.893 -4.664 -0.581 -1.658
4 V 2.713 -8.881 -5.005 0.884 -6.85 -6.838 -4.297 -5.201 -8.668 3.563 -0.95 -8.497 -3.883 -1.814 -9.432 -0.373 -0.163 -9.152 -8.233 4.15
5 E 0.594 -0.392 0.295 1.72 -7.734 -0.594 2.227 -2.706 0.83 -0.056 -3.481 1.083 -7.625 -3.625 -1.367 -0.509 1.912 -9.155 -2.218 0.809
6 A 4.095 -8.451 -2.313 4.472 -4.724 -8.094 -1.453 -4.508 -7.989 -1.472 -6.139 -7.857 -5.578 -8.713 0.715 -1.399 0.528 -9.661 -8.92 1.801
7 E 1.945 -2.421 1.208 2.599 -7.881 2.08 3.33 -4.281 1.188 -1.096 -2.83 -5.005 -5.537 -4.1 -1.555 -2.281 -2.086 -3.038 -0.027 0.324
8 P 1.391 0.844 -1.674 -0.875 -7.755 0.679 0.89 -1.554 0.438 -0.814 -0.796 0.46 -7.495 -1.632 3.11 -1.859 -0.739 -3.03 0.301 -0.054
9 V 2.417 -8.553 -2.42 2.209 -7.209 -1.905 0.47 -0.938 -3.356 2.724 -0.923 -8.114 0.849 -2.09 -9.388 -1.133 -3.224 -9.003 -1.867 2.915