#Seq2Logo.py -Z on -y 0.25:2.0 -H ends -f 38081.peps -o YNYHERRFATVLHIVFFGLTYYVVRTETVHVGGI_el -I 2 --format PNG -b 50 -C 0 -l 1
Last position-specific scoring matrix computed, values are in halfbits
A R N D C Q E G H I L K M F P S T W Y V
1 I -3.662 -9.26 -3.638 -9.768 -7.319 -3.8 -6.066 -9.778 -3.31 4.973 -0.236 -9.16 0.906 3.238 -3.887 -9.395 -5.352 0.744 4.087 3.126
2 A 2.478 2.151 0.684 -1.631 -7.562 0.899 1.463 -3.115 2.01 -1.832 -3.667 0.161 -2.217 -2.804 -9.066 -0.976 1.21 -8.98 -1.85 0.988
3 A 3.662 -5.171 -3.277 -2.532 -7.039 -2.453 -5.525 2.067 0.812 -2.483 -3.725 -6.675 -4.318 -2.163 -1.353 2.771 2.285 -3.029 -0.588 -2.154
4 V 3.031 -8.92 -8.704 -1.973 -6.748 -8.877 -5.824 -3.429 -8.763 3.723 -1.276 -8.548 -2.514 -1.569 -9.414 0.093 -0.062 -9.098 -8.173 4.191
5 E 0.763 0.439 -0.301 1.481 -7.697 0.247 1.981 -2.709 0.828 -0.455 -3.112 1.087 -5.458 -3.635 -1.962 -0.785 2.052 -9.192 -3.586 1.103
6 A 4.512 -8.443 -2.964 3.071 -4.634 -8.139 -1.219 -4.485 -8.078 -0.889 -4.893 -7.869 -4.273 -8.572 1.045 -0.565 0.757 -9.558 -8.797 1.898
7 E 2.473 -1.239 0.39 1.551 -7.765 2.327 3.218 -5.608 2.134 -0.946 -1.684 -4.118 -4.247 -5.436 -1.965 -3.02 -2.5 -4.675 0.144 0.407
8 P 1.563 1.144 -2.688 -2.763 -7.704 0.885 1.241 -1.695 0.434 -0.151 -0.714 0.614 -4.209 -2.159 2.994 -1.589 -0.737 -4.708 -1.03 -0.129
9 V 2.738 -7.041 -3.065 1.119 -7.088 -2.811 0.387 -1.42 -4.29 3.007 -0.682 -6.94 0.096 -2.371 -9.384 -0.727 -3.509 -4.701 -2.592 3.177