#Seq2Logo.py -Z on -y 0.25:2.0 -H ends -f 38081.peps -o YNYHERRFATVLHIVYFAYTYYDVRTETVHLETT_el -I 2 --format PNG -b 50 -C 0 -l 1
Last position-specific scoring matrix computed, values are in halfbits
A R N D C Q E G H I L K M F P S T W Y V
1 I 0.133 -7.156 -4.464 -0.548 -7.55 -2.525 -0.815 -9.02 -1.594 3.125 -2.43 -7.131 -0.145 1.92 2.56 -4.598 -3.606 3.276 3.867 2.462
2 A 3.445 0.773 -0.061 -3.336 -7.377 0.109 -0.33 -0.78 2.932 -2.699 -4.989 0.387 -1.052 -5.388 -8.967 0.767 0.823 -1.208 0.981 -0.604
3 A 3.892 -2.766 -2.93 -2.785 -7.193 -2.457 -4.191 3.955 -0.878 -6.124 -8.767 -4.309 -2.863 -2.207 -1.183 1.688 1.216 -9.027 -1.311 -5.442
4 A 5.362 -8.597 -7.804 -1.53 -4.583 -8.42 -7.166 4.324 -8.15 -4.345 -6.976 -7.977 -8.168 -8.915 -7.092 0.365 -4.2 -9.369 -9.04 -2.174
5 A 2.262 -0.168 -1.078 0.263 -7.468 -0.304 1.075 -0.919 0.218 -0.22 -1.973 1.198 -2.718 -4.664 -4.685 -0.425 0.674 -3.037 -0.804 1.576
6 A 4.587 -8.729 -8.68 -4.316 -3.262 -8.639 -5.167 -6.076 -8.593 0.729 -3.099 -8.229 -7.032 -6.458 2.284 -1.947 0.458 -9.411 -6.36 3.912
7 A 3.528 -1.585 1.353 0.378 -7.454 1.73 1.804 -2.627 1.76 -2.465 -3.717 -2.93 -2.782 -3.623 -1.36 0.272 -1.867 -9.065 -1.283 0.024
8 A 2.196 1.469 -1.28 -2.524 -7.555 -0.803 -0.253 -0.324 -3.282 -0.948 -1.036 0.135 -3.407 -2.815 3.4 -0.265 -0.085 -9.247 -2.234 -0.499
9 A 3.964 -5.162 0.494 0.069 -1.8 -1.88 -2.334 1.783 -3.299 -1.087 -4.407 -6.629 -2.249 -6.729 -6.037 2.713 -0.143 -9.339 -6.449 -0.122