#Seq2Logo.py -Z on -y 0.25:2.0 -H ends -f 38081.peps -o YNYHQRXFATVLHSLYFAYTYYDVRTETVHLETT_el -I 2 --format PNG -b 50 -C 0 -l 1
Last position-specific scoring matrix computed, values are in halfbits
A R N D C Q E G H I L K M F P S T W Y V
1 V 1.203 -9.037 -9.251 -4.418 -7.217 -4.277 -3.158 -9.078 -4.244 3.331 -0.363 -8.76 -0.105 2.116 1.833 -8.7 -3.004 1.837 3.056 3.541
2 A 3.103 0.526 0.063 -4.031 -7.493 0.585 0.635 0.673 2.931 -2.988 -4.446 0.69 -1.799 -4.103 -8.977 0.708 0.602 -1.219 -0.374 -1.433
3 A 3.981 -1.298 -2.931 -2.292 -7.306 -1.889 -3.26 4.19 0.818 -8.598 -8.946 -4.717 -5.795 -2.196 -1.545 1.425 -1.387 -8.9 -0.038 -6.935
4 G 4.803 -8.71 -7.689 -6.868 -7.108 -8.545 -8.693 5.616 -8.169 -8.781 -9.188 -8.065 -8.563 -9.141 -8.953 0.223 -7.797 -9.35 -9.268 -8.021
5 A 2.13 0.25 -1.651 -0.248 -7.455 0.11 1.016 -1.273 -0.268 0.159 -1.849 1.484 -1.012 -4.655 -9.094 -0.103 0.819 -8.955 -0.806 1.434
6 A 4.903 -8.73 -8.751 -8.879 -3.247 -8.656 -7.355 -6.741 -8.602 0.931 -3.278 -8.215 -7.055 -8.137 2.384 -1.536 -0.468 -9.453 -8.562 3.716
7 A 3.529 -1.241 0.767 -2.709 -4.787 1.727 1.657 -1.239 1.006 -1.201 -1.672 -1.422 -3.383 -4.111 -2.703 0.268 -1.867 -9.074 -2.208 0.49
8 A 1.952 1.338 -0.935 -1.872 -7.523 -0.987 -0.077 -0.331 -3.291 -0.338 -0.295 -0.048 -2.712 -1.649 2.57 -0.9 0.438 -9.144 -2.607 0.204
9 A 3.872 -8.383 0.479 -2.077 -0.777 -4.718 -4.21 1.505 -4.247 0.492 -4.285 -7.923 -1.758 -8.383 -5.272 2.175 1.407 -9.334 -8.69 1.447