#Seq2Logo.py -Z on -y 0.25:2.0 -H ends -f 38081.peps -o YNYHERRFATVLHIVFLGLTYYDVGTETVHVAGI_el -I 2 --format PNG -b 50 -C 0 -l 1
Last position-specific scoring matrix computed, values are in halfbits
A R N D C Q E G H I L K M F P S T W Y V
1 I -2.984 -9.201 -3.622 -5.005 -7.353 -4.325 -6.03 -9.695 -3.253 4.692 -0.727 -9.092 0.897 2.673 -3.881 -6.928 -6.878 1.074 4.869 3.281
2 A 2.624 2.609 -0.069 -4.083 -7.545 0.694 0.421 -2.685 3.017 -1.822 -3.267 0.482 -1.371 -3.135 -9.12 -1.555 0.951 -3.013 -0.181 1.047
3 A 3.908 -1.293 -2.646 -4.157 -7.12 -2.779 -4.578 2.601 -0.282 -2.493 -5.011 -3.589 -1.412 -0.833 -1.022 1.996 0.965 -4.656 -0.199 -2.165
4 A 4.769 -8.591 -5.758 -3.173 -3.271 -3.215 -3.919 -1.108 -4.326 2.023 -1.274 -6.933 -0.395 -1.611 -7.224 0.199 -1.676 -4.714 -6.217 2.362
5 K 1.173 -0.25 -1.066 -0.599 -7.569 1.583 0.432 -2.147 1.169 -0.033 -2.755 2.403 -1.359 -4.717 -4.162 -0.258 1.766 -9.065 -2.206 1.327
6 A 4.439 -8.619 -5.733 -1.565 -6.675 -6.706 -5.671 -7.811 -5.753 1.482 -3.265 -6.938 -5.171 -8.064 0.342 -0.961 2.063 -9.36 -8.525 3.532
7 A 3.545 -0.17 1.422 0.276 -7.513 2.602 1.088 -3.583 2.457 -2.435 -2.01 -1.716 -1.767 -4.721 -2.438 -2.099 -3.53 -1.998 -1.547 0.336
8 A 2.258 2.194 -2.144 -3.385 -7.658 -0.167 0.016 -0.072 -1.6 -1.372 -0.125 0.961 -3.385 -2.795 2.915 -2.299 -0.739 -4.717 -1.296 -1.548
9 A 4.487 -2.237 0.389 -0.032 -7.065 0.33 -1.793 1.654 -2.056 -2.96 -5.398 -5.152 -3.473 -5.615 -7.103 2.108 -2.88 -9.228 -3.095 -0.405