#Seq2Logo.py -Z on -y 0.25:2.0 -H ends -f 38081.peps -o YNYHQRXFATVTHILYFGLTYYAVGTETVHLETT_el -I 2 --format PNG -b 50 -C 0 -l 1
Last position-specific scoring matrix computed, values are in halfbits
A R N D C Q E G H I L K M F P S T W Y V
1 I -2.968 -7.353 -7.263 -3.978 -7.387 -4.94 -1.632 -7.944 -5.491 4.814 -2.05 -8.863 -0.605 1.493 1.517 -9.138 -3.605 2.467 3.909 3.279
2 A 3.099 0.605 0.769 -3.313 -7.383 0.112 1.13 -4.605 2.654 -1.636 -3.843 -0.131 -0.724 -3.544 -9.042 -1.074 1.557 -3.012 0.155 1.22
3 A 3.411 -2.247 -2.925 -2.529 -7.023 -2.44 -4.982 0.867 -0.561 -2.253 -5.716 -4.709 -2.244 -1.887 -1.178 2.478 3.56 -4.661 -0.026 -1.967
4 A 3.974 -8.76 -4.994 0.213 -4.55 -4.827 -3.611 -1.81 -5.75 2.736 -1.071 -8.332 -2.581 -1.376 -7.321 -1.106 -0.706 -9.13 -8.243 3.415
5 A 1.354 -0.387 0.282 0.277 -7.607 0.361 1.66 -1.155 -0.54 0.145 -4.585 1.539 -1.764 -2.798 -3.014 -0.787 1.388 -9.043 -1.566 1.476
6 A 4.89 -8.542 -4.364 -1.922 -6.655 -6.617 -2.204 -5.383 -8.352 0.704 -4.144 -8.041 -5.246 -8.165 -0.446 -0.478 1.101 -9.339 -6.37 3.302
7 E 2.442 -2.666 2.303 2.053 -4.995 1.81 3.048 -2.873 3.023 -1.576 -3.191 -4.532 -5.609 -6.7 -0.327 -2.433 -3.251 -3.064 -1.863 -0.956
8 P 1.985 1.653 -1.098 -1.486 -7.712 0.347 0.95 -0.516 -1.202 -0.835 -1.043 -0.222 -4.268 -3.616 3.33 -2.138 -0.507 -3.062 -1.3 -1.041
9 A 2.95 -5.85 -1.601 3.905 -7.54 -0.795 2.11 0.401 -7.592 -0.06 -3.483 -6.554 -0.749 -4.137 -9.068 -0.098 -2.705 -4.749 -2.255 0.553