#Seq2Logo.py -Z on -y 0.25:2.0 -H ends -f 38081.peps -o YNYHQRXFATVTHILYFGGTHYDVGASRVHVAGI_el -I 2 --format PNG -b 50 -C 0 -l 1
Last position-specific scoring matrix computed, values are in halfbits
A R N D C Q E G H I L K M F P S T W Y V
1 I -5.405 -9.383 -7.415 -7.804 -7.552 -7.226 -8.044 -9.879 -4.069 4.758 -1.586 -9.354 -1.203 4.71 -4.933 -9.587 -7.033 3.006 5.177 2.209
2 R 1.762 3.388 -0.324 -4.093 -7.662 0.369 0.422 -4.701 2.129 -0.558 -3.078 1.343 -2.196 -3.547 -9.179 -1.214 0.669 -1.974 0.153 1.269
3 A 3.012 -1.456 -2.354 -2.798 -7.166 -1.011 -4.164 0.798 0.638 -0.366 -3.278 -5.217 -2.22 -1.832 -1.025 2.529 2.018 -4.583 1.896 -1.376
4 A 1.938 -8.728 -4.434 0.301 -7.387 -0.877 -1.577 -2.773 -4.16 2.162 0.642 -8.484 0.314 3.127 -7.577 -3.632 -2.317 4.125 2.627 1.568
5 K 0.474 1.682 -0.446 -0.595 -7.817 0.803 0.577 -2.331 1.623 -0.815 -3.475 2.811 -4.253 -1.654 -1.196 -0.798 0.95 -8.923 -0.788 0.802
6 A 4.542 -8.433 -1.651 2.889 -7.038 -4.693 -2.309 -1.601 -8.031 -0.918 -5.665 -7.852 -3.451 -8.672 1.793 -0.308 0.027 -9.595 -8.848 1.227
7 E 0.955 0.93 1.902 2.092 -8.114 2.607 1.77 -4.306 4.137 -1.733 -1.612 -2.039 -5.53 -4.1 0.333 -3.506 -3.281 -3.036 -0.366 -1.081
8 P 0.469 1.996 -0.764 -2.057 -7.9 0.352 0.267 -1.054 1.167 -1.1 -0.518 1.269 -4.257 -2.182 3.692 -1.596 -0.993 -9.189 -1.867 -1.434
9 A 3.924 -3.043 -1.288 -3.104 -3.347 0.316 -2.78 1.25 -3.327 -0.736 -0.758 -4.324 -0.695 -4.652 -9.058 1.371 -1.214 -9.074 -2.618 1.945