#Seq2Logo.py -Z on -y 0.25:2.0 -H ends -f 38081.peps -o YNYHERRFATVLHIVYFGLTHYDVGTETVHVAGI_el -I 2 --format PNG -b 50 -C 0 -l 1
Last position-specific scoring matrix computed, values are in halfbits
A R N D C Q E G H I L K M F P S T W Y V
1 I -3.895 -9.333 -9.671 -7.748 -7.179 -3.806 -6.877 -9.871 -4.285 5.616 -0.839 -7.553 0.169 0.788 -2.044 -7.954 -6.796 -0.06 3.633 3.691
2 A 2.292 2.522 0.045 -5.773 -7.457 -0.446 0.34 -4.293 2.346 -0.646 -2.199 0.835 -1.735 -4.646 -9.137 -0.886 1.33 -4.67 -0.787 1.761
3 A 3.388 -2.247 -1.642 -4.606 -7.0 -2.772 -4.566 0.345 -2.07 -0.694 -5.231 -3.92 -0.733 -0.817 -2.173 2.444 3.363 -4.639 0.145 -1.358
4 A 3.748 -8.754 -6.942 -0.316 -4.563 -1.952 -3.343 -5.141 -8.503 3.327 0.267 -7.083 -0.104 -1.343 -7.385 -2.494 -1.7 -3.038 -4.177 3.189
5 A 1.357 0.056 0.074 1.712 -7.612 -0.446 0.778 -1.144 -0.543 -0.467 -4.38 1.694 -4.283 -2.493 -3.341 0.396 1.866 -9.165 -3.06 0.682
6 A 3.827 -8.401 -2.613 3.677 -4.682 -8.058 -0.519 -6.022 -8.042 -1.589 -5.614 -7.845 -7.642 -8.59 0.345 -0.754 2.104 -9.567 -8.819 2.399
7 A 2.253 -1.411 2.743 1.832 -7.787 2.07 1.571 -2.672 1.339 -0.96 -1.496 -2.699 -4.28 -4.742 0.877 -2.814 -3.247 -3.063 -1.568 -0.147
8 P 1.874 2.475 -1.896 -3.049 -7.796 0.235 0.696 -1.412 1.002 -1.394 -0.255 0.627 -3.404 -4.118 3.433 -1.464 -2.742 -2.009 -1.566 -2.374
9 A 3.553 1.141 -0.586 -0.356 -7.387 2.256 -0.224 1.304 -1.18 -2.977 -4.722 -2.053 -1.061 -5.563 -8.965 1.375 -2.238 -4.702 -1.05 -0.718