#Seq2Logo.py -Z on -y 0.25:2.0 -H ends -f 38081.peps -o YNYHQRXFATVLHSLYFGLTHYVVRTETVHVAGI_el -I 2 --format PNG -b 50 -C 0 -l 1
Last position-specific scoring matrix computed, values are in halfbits
A R N D C Q E G H I L K M F P S T W Y V
1 I -3.643 -9.331 -6.178 -9.902 -7.237 -5.026 -8.006 -9.826 -5.522 4.994 -0.631 -9.218 0.559 2.664 -3.486 -9.406 -4.79 0.739 4.125 3.771
2 A 2.478 2.43 0.277 -1.311 -7.525 0.24 0.831 -2.898 2.453 -0.67 -3.63 -0.307 -1.369 -2.778 -9.131 -1.091 0.885 -8.902 -1.015 1.324
3 A 3.28 -4.589 -4.096 -2.283 -7.049 -3.559 -3.819 1.645 0.816 -2.978 -4.729 -7.712 -4.332 -2.155 -1.35 3.093 3.154 -8.823 0.296 -3.187
4 V 2.876 -8.862 -5.832 -0.812 -4.562 -4.863 -3.367 -2.536 -8.665 3.395 -0.437 -8.493 -1.601 -1.349 -9.446 -0.546 -0.478 -4.713 -8.159 4.03
5 E 0.598 -0.283 0.506 1.886 -7.695 -0.943 2.265 -1.823 0.227 -0.155 -4.38 0.306 -4.288 -2.82 -2.71 0.456 1.866 -9.155 -2.608 0.808
6 D 3.071 -8.361 -3.938 5.654 -7.633 -7.815 0.743 -4.194 -7.776 -2.459 -6.336 -7.713 -4.427 -8.947 0.343 -1.419 -0.496 -9.785 -9.098 0.973
7 E 1.557 -3.604 1.293 3.396 -8.02 1.513 3.385 -2.491 1.491 -1.733 -3.763 -3.786 -4.367 -2.495 -0.877 -2.448 -2.093 -3.056 -1.288 -0.347
8 P 0.915 0.924 -1.893 -1.164 -7.852 1.497 1.015 -1.425 0.441 -0.826 -0.955 0.464 -3.4 -1.413 3.466 -1.866 -1.573 -3.033 0.145 -0.512
9 V 1.984 -8.686 -3.483 0.218 -7.135 -1.934 -0.293 -1.725 -4.283 3.235 0.52 -7.062 1.855 0.14 -9.586 -2.37 -2.278 -4.608 -0.176 2.957