#Seq2Logo.py -Z on -y 0.25:2.0 -H ends -f 38081.peps -o YNYHQRXFATVLHSLYFGLTHYSVRTETVHVGGI_el -I 2 --format PNG -b 50 -C 0 -l 1
Last position-specific scoring matrix computed, values are in halfbits
A R N D C Q E G H I L K M F P S T W Y V
1 Y -3.001 -9.203 -6.116 -9.82 -7.526 -5.863 -6.835 -7.998 -3.144 4.206 -2.063 -9.136 -1.596 3.428 -3.136 -6.93 -4.392 3.009 5.953 2.844
2 A 2.418 2.046 -0.75 -2.248 -7.535 0.478 1.559 -1.972 2.454 -1.053 -2.924 -0.21 -1.369 -3.146 -9.105 -0.784 1.019 -4.666 -0.785 1.051
3 S 3.045 -6.779 -3.624 -2.061 -6.997 -4.054 -4.538 1.458 -0.562 -2.964 -5.023 -6.645 -2.792 -2.158 -2.975 3.314 3.771 -8.851 -0.029 -3.17
4 V 3.268 -8.838 -5.819 -1.093 -6.804 -5.67 -3.101 -2.519 -8.621 3.304 -1.04 -8.445 -3.14 -0.781 -9.377 -0.203 -0.702 -9.069 -8.131 3.967
5 E 0.355 -0.931 -0.172 1.545 -7.71 -0.29 2.523 -1.162 0.227 0.387 -3.661 0.134 -5.467 -2.168 -2.715 -0.258 2.006 -9.019 -1.287 0.814
6 D 3.076 -8.354 -5.279 4.178 -7.328 -6.342 1.145 -5.017 -7.946 -1.023 -4.631 -7.761 -5.527 -8.638 0.964 -0.327 1.214 -9.617 -8.872 2.21
7 E 1.681 -3.6 0.789 2.388 -7.989 1.67 3.866 -1.821 1.631 -2.091 -2.86 -4.994 -5.608 -4.779 0.238 -2.45 -2.507 -2.007 -1.292 -0.255
8 P 1.017 1.596 -1.462 -0.725 -7.872 0.355 1.84 -0.939 -0.261 -0.837 -0.659 -0.031 -7.583 -2.787 3.148 -1.593 -1.417 -1.232 -0.39 -1.051
9 D 1.947 -5.857 -3.257 3.879 -7.682 -0.789 2.922 -1.159 -5.36 1.471 -2.2 -6.571 -0.196 -1.637 -7.3 -1.01 -3.891 -2.001 -1.573 0.828