#Seq2Logo.py -Z on -y 0.25:2.0 -H ends -f 38081.peps -o YNYHQRXFATVLHSLLFAYTYYDIRTETVHVAGI_el -I 2 --format PNG -b 50 -C 0 -l 1
Last position-specific scoring matrix computed, values are in halfbits
A R N D C Q E G H I L K M F P S T W Y V
1 I -0.146 -9.263 -9.6 -9.764 -7.086 -5.867 -6.047 -9.484 -4.33 4.7 0.114 -9.072 1.068 1.785 -0.925 -6.833 -5.923 -0.073 2.544 3.983
2 A 3.38 0.85 -0.185 -2.742 -7.368 -0.3 0.268 -0.127 2.554 -3.196 -3.913 0.388 -1.05 -5.48 -8.964 0.209 1.333 -3.028 -0.58 -0.138
3 A 4.205 -2.264 -2.948 -4.136 -7.206 -2.158 -3.266 3.81 0.815 -7.06 -7.032 -4.73 -3.545 -2.195 -0.447 1.602 -1.093 -8.944 -0.399 -5.462
4 A 5.353 -8.486 -7.758 -5.217 -6.78 -8.328 -8.387 3.881 -8.091 -6.796 -6.955 -7.892 -8.088 -8.868 -8.744 2.22 -5.027 -9.354 -8.95 -1.411
5 A 2.389 0.156 -2.103 0.068 -7.455 0.581 0.898 -1.817 0.221 -0.653 -2.609 1.591 -2.193 -4.069 -5.303 -0.598 1.021 -8.946 -0.589 1.669
6 A 4.601 -8.797 -8.852 -8.984 -3.247 -8.734 -6.489 -7.899 -8.692 2.052 -2.445 -8.321 -4.005 -7.935 1.537 -2.11 -0.159 -9.377 -8.496 3.961
7 A 3.61 0.24 0.045 -1.644 -7.361 1.938 1.304 -2.451 0.644 -1.345 -1.374 -1.13 -2.195 -3.589 -3.004 -0.328 -1.236 -4.696 -1.557 0.202
8 A 2.449 2.093 -1.477 -4.125 -7.565 -0.311 0.179 -0.237 -5.38 -1.074 -0.869 0.69 -2.208 -2.172 2.571 -1.104 -0.613 -9.102 -1.575 -0.401
9 A 4.317 -5.976 -0.627 -2.323 -4.558 -4.738 -4.229 1.15 -2.679 0.882 -3.365 -6.82 -2.177 -6.532 -7.181 1.639 -0.352 -9.269 -6.378 2.306