#Seq2Logo.py -Z on -y 0.25:2.0 -H ends -f 38081.peps -o YNYHERRFATVLHIVFFGGTYYDVGTETVHVAGI_el -I 2 --format PNG -b 50 -C 0 -l 1
Last position-specific scoring matrix computed, values are in halfbits
A R N D C Q E G H I L K M F P S T W Y V
1 I -4.951 -6.269 -7.344 -7.72 -7.558 -3.787 -4.916 -9.812 -3.166 4.572 -1.411 -9.106 -0.09 3.659 -4.36 -6.992 -8.303 2.848 5.685 2.388
2 A 2.446 2.738 -0.461 -4.54 -4.884 0.482 0.635 -4.287 2.655 -0.803 -3.086 1.448 -1.367 -4.057 -9.122 -1.691 0.742 -0.614 -0.368 0.813
3 A 3.676 -0.208 -2.112 -2.308 -7.235 -1.009 -3.823 1.685 -0.012 -1.553 -4.399 -3.892 -1.404 -0.807 0.137 1.719 0.115 -4.6 1.523 -2.161
4 A 3.439 -8.401 -4.427 -3.896 -7.089 -2.505 -3.34 -4.309 -0.298 1.521 0.131 -1.536 0.502 2.399 -7.418 -0.819 -1.554 3.537 0.648 1.882
5 K 0.595 0.801 -0.734 0.446 -7.72 1.508 -0.123 -2.71 0.231 -0.244 -3.271 2.909 -2.738 -4.092 -2.44 -0.263 1.209 -8.963 -0.39 1.047
6 A 4.645 -5.25 -4.931 -2.347 -6.713 -5.517 -2.59 -5.405 -8.319 0.901 -2.82 -5.985 -2.668 -6.511 0.345 -0.148 2.064 -9.337 -8.547 2.562
7 A 2.812 2.099 1.273 -0.131 -7.747 2.38 0.435 -3.362 3.489 -1.382 -1.123 -0.976 -2.209 -2.783 -1.202 -3.482 -4.738 -1.224 -1.251 -0.931
8 P 1.392 2.201 -2.388 -3.356 -7.856 -0.016 0.763 -0.078 1.324 -1.88 -0.807 1.703 -1.386 -2.818 3.148 -2.155 -2.303 -4.733 -2.209 -1.181
9 A 4.068 -1.814 -0.581 0.775 -7.164 0.965 -1.785 2.296 -2.599 -3.247 -5.425 -5.732 -3.484 -6.766 -8.885 2.141 -1.84 -9.242 -3.107 -0.415