#Seq2Logo.py -Z on -y 0.25:2.0 -H ends -f 38081.peps -o YNYHERRFATVLHIVYFGLTHYDVRTETVHLETT_el -I 2 --format PNG -b 50 -C 0 -l 1
Last position-specific scoring matrix computed, values are in halfbits
A R N D C Q E G H I L K M F P S T W Y V
1 I -4.554 -9.224 -7.32 -5.008 -7.486 -3.789 -4.904 -8.032 -4.075 4.777 -2.041 -9.094 -1.582 2.977 -1.259 -9.35 -3.636 3.293 5.223 2.823
2 A 2.386 2.043 -0.329 -3.038 -7.477 -0.301 0.887 -3.657 2.349 -0.544 -2.603 -0.421 -3.358 -1.383 -9.156 -0.787 1.444 -2.991 0.738 1.329
3 S 2.893 -4.583 -2.593 -3.362 -6.912 -4.655 -4.994 0.277 -4.182 -1.677 -4.633 -7.708 -1.042 -1.418 -4.109 3.582 3.968 -8.907 -1.036 -1.5
4 V 2.817 -8.968 -4.456 0.88 -4.602 -6.874 -2.864 -3.46 -8.666 3.772 0.119 -8.597 -1.222 -1.334 -7.476 -3.867 -2.475 -1.998 -5.003 3.888
5 E 0.924 -1.964 -0.046 1.828 -7.682 -0.297 1.979 -0.512 0.644 0.379 -4.945 0.376 -4.284 -1.649 -3.349 -0.023 1.912 -8.945 -0.585 0.343
6 A 3.402 -8.371 -1.24 3.377 -7.135 -7.998 0.348 -6.823 -7.995 0.181 -4.844 -7.832 -7.507 -8.464 -0.583 0.136 1.773 -9.519 -8.764 2.544
7 E 2.188 -5.014 2.193 2.761 -4.992 1.085 2.987 -3.105 0.842 -1.908 -2.43 -4.579 -4.359 -4.802 1.538 -1.964 -2.974 -9.304 -1.89 -0.844
8 P 1.562 1.827 -1.666 -1.305 -7.833 0.79 1.841 -0.825 -0.005 -1.711 -0.969 -0.745 -5.496 -2.465 3.148 -1.461 -1.571 -1.997 -0.389 -1.179
9 A 3.104 -3.641 -1.807 2.634 -7.554 1.424 2.599 1.301 -1.186 -2.11 -5.452 -6.343 -1.823 -4.856 -8.933 1.281 -2.051 -4.762 -5.173 -1.185