#Seq2Logo.py -Z on -y 0.25:2.0 -H ends -f 38081.peps -o YNYHQRXFATVTHILFFGLTYYDVGAETVHVAGI_el -I 2 --format PNG -b 50 -C 0 -l 1
Last position-specific scoring matrix computed, values are in halfbits
A R N D C Q E G H I L K M F P S T W Y V
1 I 0.521 -8.817 -2.267 -3.93 -7.173 -0.709 -1.757 -7.666 -1.651 4.126 0.244 -8.573 1.35 0.303 -1.602 -4.609 -2.734 -0.576 2.241 3.454
2 A 3.075 1.891 0.387 -3.677 -7.47 -0.15 0.028 -2.108 3.628 -2.67 -3.891 0.55 -0.459 -3.574 -9.031 -0.674 1.388 -4.655 -0.365 0.03
3 A 4.17 -1.291 -3.307 -3.077 -7.207 -0.658 -3.249 3.269 0.212 -6.051 -5.472 -4.274 -3.514 -1.224 -0.72 1.514 -0.833 -4.661 -0.029 -3.815
4 A 5.491 -8.487 -8.214 -6.051 -3.222 -5.539 -7.173 -0.438 -5.652 -0.192 -3.195 -7.981 -4.166 -3.169 -8.788 1.48 -0.562 -9.222 -8.457 1.831
5 K 1.806 0.629 -1.259 -1.024 -7.499 1.079 -0.729 -2.703 1.166 -0.633 -2.886 2.664 -0.708 -4.681 -4.17 -0.795 0.6 -9.002 -1.281 2.286
6 A 4.344 -8.881 -9.0 -7.395 -4.454 -6.87 -8.996 -8.089 -8.812 2.828 -1.787 -8.464 -1.25 -7.699 -0.737 -3.488 -0.161 -9.27 -8.406 4.355
7 A 3.628 1.835 1.194 -2.035 -7.489 2.81 -0.041 -3.869 2.933 -2.241 -3.124 -1.529 -1.381 -4.722 -3.723 -1.188 -2.95 -1.991 -1.263 0.108
8 A 2.447 1.941 -1.477 -3.729 -7.616 -0.62 0.099 0.012 -0.864 -0.363 -0.505 1.38 -2.204 -5.516 2.616 -1.989 -1.904 -4.741 -2.233 -0.801
9 A 4.867 -5.877 -0.328 -2.067 -6.863 -0.658 -2.345 1.746 -4.202 -1.51 -5.699 -7.701 -3.442 -6.749 -7.083 2.002 -1.342 -9.334 -8.7 0.5