#Seq2Logo.py -Z on -y 0.25:2.0 -H ends -f 38081.peps -o YNYHQRXFATVLHSLYFGLTHYVVGTETVHVGGI_el -I 2 --format PNG -b 50 -C 0 -l 1
Last position-specific scoring matrix computed, values are in halfbits
A R N D C Q E G H I L K M F P S T W Y V
1 I -5.365 -9.355 -7.425 -9.996 -7.429 -7.196 -9.92 -9.907 -3.244 4.953 -0.79 -9.302 0.55 3.727 -4.365 -9.559 -6.964 1.874 5.085 2.706
2 A 1.801 2.648 0.276 -2.045 -7.565 0.116 0.828 -3.674 2.554 0.239 -2.893 -0.112 -1.356 -2.771 -9.187 -1.323 1.443 -4.676 -1.535 1.381
3 A 3.114 -3.697 -4.106 -2.288 -7.054 -3.131 -3.816 0.982 1.466 -1.535 -4.395 -4.727 -2.774 -1.881 -1.943 2.989 3.154 -8.827 -0.02 -1.811
4 V 2.539 -8.872 -4.448 -0.205 -4.588 -4.228 -3.106 -3.458 -8.641 3.339 0.668 -8.535 -0.89 -1.13 -9.534 -1.149 -1.095 -3.042 -6.146 3.927
5 E 0.23 0.444 1.13 1.023 -7.741 -0.758 1.894 -2.314 0.232 -1.218 -4.15 1.492 -4.297 -2.828 -1.366 0.639 1.717 -9.161 -2.606 0.861
6 D 3.989 -8.32 -1.367 5.133 -7.402 -6.333 -0.1 -2.596 -7.755 -3.859 -6.353 -7.7 -4.424 -8.939 -0.717 -0.395 -0.836 -9.704 -9.036 0.396
7 E 1.253 -2.664 2.458 1.562 -7.985 1.268 3.245 -2.692 2.938 -1.557 -2.851 -3.182 -5.585 -4.725 0.434 -1.834 -2.088 -4.701 -0.196 -0.079
8 P 0.968 1.347 -1.471 -2.069 -7.832 1.331 -0.063 -0.25 0.222 -0.96 -0.513 0.614 -2.216 -3.577 3.692 -1.473 -2.1 -1.998 -0.029 -1.17
9 V 1.839 -7.144 -3.952 -1.245 -7.058 -2.22 -0.82 -1.733 -5.66 3.245 0.973 -8.453 1.616 -0.407 -9.65 -1.78 -3.871 -2.989 -0.004 3.495