#Seq2Logo.py -Z on -y 0.25:2.0 -H ends -f 38081.peps -o YNYHQRXFATVLHSLYFALTYYDVRTETVHLETT_el -I 2 --format PNG -b 50 -C 0 -l 1
Last position-specific scoring matrix computed, values are in halfbits
A R N D C Q E G H I L K M F P S T W Y V
1 I 0.394 -9.126 -7.267 -4.955 -7.292 -5.809 -4.432 -9.225 -4.24 3.959 -0.777 -8.849 -0.106 1.783 2.369 -8.857 -3.291 3.128 3.335 3.215
2 A 3.612 0.248 -0.906 -3.69 -7.358 0.108 -0.059 -0.481 3.016 -2.057 -4.396 0.822 -2.235 -3.557 -8.961 0.275 0.75 -1.211 0.459 -0.598
3 A 3.946 -1.457 -2.081 -2.777 -7.231 -1.637 -3.248 3.61 0.43 -5.446 -8.79 -3.573 -5.738 -2.489 -1.948 1.846 0.288 -8.902 -0.037 -4.956
4 A 5.481 -8.616 -7.979 -4.701 -4.541 -8.467 -8.536 3.982 -8.21 -2.071 -5.794 -8.014 -7.948 -6.816 -7.095 0.364 -5.112 -9.329 -8.919 -0.787
5 A 2.296 -0.054 -1.258 -0.362 -7.446 -0.159 0.893 -0.809 -0.855 -0.322 -2.468 1.588 -2.193 -3.567 -4.164 0.047 0.447 -8.952 -0.591 1.669
6 A 5.091 -8.687 -8.69 -7.194 -4.466 -8.597 -6.4 -6.676 -8.549 0.559 -4.14 -8.155 -7.156 -8.227 2.481 -2.071 0.123 -9.467 -8.587 3.454
7 A 3.788 -1.99 1.114 0.086 -7.34 1.334 1.512 -1.625 0.643 -0.944 -2.802 -3.218 -4.266 -4.125 -1.361 -0.084 -1.695 -9.122 -1.875 0.274
8 A 2.026 1.135 -1.68 -2.528 -7.567 -0.987 -0.076 0.589 -4.171 -0.577 -0.72 0.377 -3.395 -2.477 3.149 -0.436 -0.499 -4.746 -2.623 -0.308
9 A 4.052 -5.899 0.948 -2.279 -2.463 -2.786 -3.842 2.07 -3.317 -0.571 -4.113 -6.697 -1.782 -6.68 -6.049 2.28 0.839 -9.3 -6.434 0.361