#Seq2Logo.py -Z on -y 0.25:2.0 -H ends -f 38081.peps -o YNYHQRXFATVTHILYFGLTYYVVGTETVHVGGI_el -I 2 --format PNG -b 50 -C 0 -l 1
Last position-specific scoring matrix computed, values are in halfbits
A R N D C Q E G H I L K M F P S T W Y V
1 I -2.618 -9.218 -4.08 -7.653 -7.392 -4.989 -4.107 -9.702 -3.252 4.85 -0.656 -9.09 0.353 3.066 -2.281 -9.325 -6.038 0.756 4.839 2.767
2 A 2.924 1.776 1.033 -2.242 -7.445 -0.15 1.015 -3.101 2.348 -1.816 -4.603 -0.119 -0.454 -3.59 -9.057 -1.297 1.446 -4.683 -1.27 1.216
3 A 3.433 -3.034 -3.269 -3.069 -7.11 -1.886 -5.518 2.328 0.993 -2.503 -5.797 -4.728 -4.344 -1.891 -1.538 2.626 2.487 -3.017 0.141 -2.537
4 A 3.735 -8.705 -3.078 -1.395 -6.76 -8.64 -6.413 -1.656 -8.461 2.429 -1.254 -8.299 -3.986 -1.599 -7.288 0.969 0.691 -4.72 -6.221 3.413
5 T 0.873 0.444 0.501 0.788 -7.658 0.796 0.905 -1.821 1.329 -0.355 -6.105 1.49 -2.23 -3.634 -2.189 -0.095 2.099 -9.136 -2.598 0.988
6 A 4.836 -8.532 -4.272 1.957 -6.799 -6.592 -3.237 -4.123 -8.251 0.017 -4.23 -7.993 -4.19 -8.365 0.141 -0.751 0.537 -9.463 -8.687 2.685
7 A 2.591 -0.168 2.189 1.1 -7.772 2.326 2.384 -4.241 2.848 -1.88 -2.274 -2.895 -3.432 -6.586 -1.752 -2.433 -2.081 -4.703 -0.795 -0.152
8 P 1.565 1.21 -1.469 -2.503 -7.769 0.573 0.888 -0.333 -0.546 -0.968 -1.911 0.387 -5.528 -3.186 3.784 -1.582 -0.737 -3.058 -0.597 -0.615
9 A 3.101 -7.1 -3.457 0.574 -6.972 -1.463 -2.404 -0.933 -8.301 3.14 -1.413 -8.286 0.098 -2.074 -9.394 -0.82 -2.686 -3.036 -1.86 3.465