#Seq2Logo.py -Z on -y 0.25:2.0 -H ends -f 38081.peps -o YNYHQRXFATVLHSLYFGLTHYDVGAETVHVAGI_el -I 2 --format PNG -b 50 -C 0 -l 1
Last position-specific scoring matrix computed, values are in halfbits
A R N D C Q E G H I L K M F P S T W Y V
1 I -1.969 -9.247 -6.139 -9.735 -7.233 -4.328 -5.427 -9.676 -2.64 5.182 -1.472 -9.074 -0.312 0.993 -2.04 -7.84 -4.325 1.85 4.315 3.636
2 A 2.626 2.34 0.381 -4.088 -7.423 -0.154 0.106 -3.933 2.652 -1.787 -4.066 0.236 -2.201 -4.059 -9.093 -0.976 1.766 -4.662 -0.372 1.844
3 A 3.602 -2.48 -4.11 -3.372 -6.972 -1.632 -4.526 0.93 -0.286 -3.529 -7.428 -5.793 -2.254 -2.182 -1.346 2.72 3.693 -4.695 -1.566 -2.32
4 A 4.113 -8.656 -4.395 -0.42 -4.572 -1.939 -3.062 -1.957 -5.676 2.501 -0.347 -8.246 -1.648 -0.616 -7.319 -0.703 -2.048 -1.226 -3.527 2.737
5 A 1.651 -0.773 -0.305 1.219 -7.579 -0.296 1.252 -1.148 1.002 -0.679 -4.106 1.537 -3.412 -2.478 -3.723 -0.417 1.815 -9.081 -2.207 1.214
6 A 4.313 -8.462 -3.001 2.065 -6.909 -8.171 -0.651 -4.938 -8.156 -0.711 -4.509 -7.925 -5.38 -8.376 0.442 -0.234 0.9 -9.459 -6.432 3.044
7 A 2.532 -0.66 1.835 1.833 -7.809 2.38 2.071 -3.105 2.461 -1.558 -2.692 -4.125 -5.555 -3.621 0.621 -2.439 -2.727 -4.712 -0.796 -0.624
8 P 1.603 2.095 -1.1 -2.783 -7.788 0.346 -0.34 -0.076 0.22 -1.705 -0.589 0.761 -3.415 -3.601 3.598 -2.31 -1.128 -3.053 -0.594 -1.432
9 A 4.219 -3.023 -0.916 -1.496 -7.062 0.443 -0.988 1.864 -2.072 -0.689 -3.87 -4.271 -0.459 -4.742 -8.938 1.64 -2.027 -9.125 -2.629 0.357