#Seq2Logo.py -Z on -y 0.25:2.0 -H ends -f 38081.peps -o YNYHQRXFATVLHSLYFGLTYYDVGTETVHVAGI_el -I 2 --format PNG -b 50 -C 0 -l 1
Last position-specific scoring matrix computed, values are in halfbits
A R N D C Q E G H I L K M F P S T W Y V
1 I -0.817 -9.142 -4.595 -4.961 -7.152 -3.763 -3.186 -7.881 -2.693 4.874 -0.004 -8.927 1.065 0.764 -1.425 -6.124 -4.749 -0.075 2.741 3.725
2 A 3.124 0.933 0.774 -3.319 -7.419 -0.015 0.421 -3.087 3.261 -2.207 -4.102 0.827 -0.731 -3.571 -9.013 -0.582 1.273 -8.849 -0.368 0.749
3 A 4.052 -2.491 -3.699 -3.388 -7.145 -1.416 -3.253 3.082 0.206 -4.789 -5.846 -3.588 -2.283 -1.442 -0.718 1.687 1.028 -4.685 -1.039 -3.233
4 A 5.372 -8.512 -6.632 -3.465 -4.459 -6.627 -6.295 0.438 -5.648 0.425 -3.032 -7.995 -4.176 -4.106 -7.09 1.478 -1.196 -9.255 -8.535 1.51
5 A 1.956 -0.257 -1.075 -0.738 -7.47 0.889 -0.139 -1.82 1.0 -0.424 -2.898 2.361 -1.017 -4.086 -4.678 -0.339 1.212 -9.017 -1.558 1.804
6 A 4.728 -8.788 -7.007 -7.284 -6.608 -8.725 -7.419 -6.833 -8.662 2.142 -3.582 -8.311 -4.015 -7.933 1.039 -2.425 0.032 -9.342 -6.338 4.003
7 A 3.842 0.137 1.269 -0.856 -7.396 1.936 0.706 -2.839 2.93 -1.216 -2.243 -2.929 -2.213 -5.472 -2.708 -1.416 -2.263 -1.995 -1.268 0.039
8 A 2.507 2.043 -1.686 -4.601 -7.588 -1.165 0.095 -0.069 -2.595 -1.08 -0.575 0.958 -1.76 -3.154 2.66 -1.841 -0.618 -3.044 -0.596 -1.029
9 A 4.69 -5.173 -0.465 -1.499 -6.899 -1.206 -1.824 1.608 -3.313 -1.062 -5.664 -6.642 -2.773 -6.683 -7.104 1.849 -0.932 -9.259 -4.304 0.827