#Seq2Logo.py -Z on -y 0.25:2.0 -H ends -f 38081.peps -o YNYHERRFATVLHIVFFGLTYYAVGTETVHVAGI_el -I 2 --format PNG -b 50 -C 0 -l 1
Last position-specific scoring matrix computed, values are in halfbits
A R N D C Q E G H I L K M F P S T W Y V
1 I -2.979 -7.384 -3.622 -5.638 -7.302 -3.782 -5.413 -9.705 -2.625 5.271 -1.194 -9.037 0.901 1.665 -2.278 -7.864 -4.791 0.737 4.354 3.102
2 A 2.623 2.436 -0.607 -4.55 -7.53 0.478 0.632 -4.664 3.1 -0.914 -2.47 0.97 -1.018 -3.541 -9.124 -2.116 0.95 -4.642 -0.006 1.054
3 A 3.475 -1.294 -3.699 -4.158 -7.13 -2.451 -5.027 2.431 0.207 -1.887 -4.993 -4.724 -1.406 -1.205 -0.868 2.175 2.106 -4.648 0.142 -1.987
4 A 4.248 -8.729 -5.032 -1.092 -6.719 -4.83 -5.163 -4.242 -5.756 2.946 -0.671 -7.044 -0.93 -2.092 -7.302 -0.186 -1.678 -9.129 -8.246 3.292
5 K 0.705 0.356 -0.741 1.006 -7.68 0.99 1.255 -3.167 0.639 0.786 -2.599 2.027 -2.187 -3.164 -3.357 -1.108 1.017 -9.074 -2.206 1.481
6 A 4.498 -8.6 -4.347 0.224 -6.736 -6.649 -2.587 -6.784 -8.409 1.419 -3.667 -8.106 -4.089 -8.122 -0.201 -1.289 1.399 -9.382 -8.572 3.406
7 A 2.732 -0.402 1.274 0.555 -4.931 2.497 2.491 -4.262 2.846 -0.948 -1.576 -2.671 -1.761 -3.151 -2.719 -2.816 -3.893 -3.03 -0.783 0.029
8 P 1.837 2.29 -1.679 -2.513 -7.752 -0.616 0.886 -0.521 -0.549 -0.833 -0.512 0.621 -3.401 -3.176 3.222 -3.048 -0.511 -4.726 -1.296 -1.552
9 A 3.378 -2.742 -1.412 3.186 -7.44 -0.466 1.712 0.19 -2.578 -0.369 -3.901 -7.521 -0.749 -3.173 -7.199 0.758 -3.503 -9.073 -0.82 0.036