#Seq2Logo.py -Z on -y 0.25:2.0 -H ends -f 38081.peps -o YNYHQRXFATVLHSLFFGGTYYDIEDSTVHLETT_el -I 2 --format PNG -b 50 -C 0 -l 1
Last position-specific scoring matrix computed, values are in halfbits
A R N D C Q E G H I L K M F P S T W Y V
1 Y -3.461 -9.149 -7.291 -5.652 -7.727 -4.322 -4.09 -9.661 -5.05 3.373 -1.983 -9.093 -1.252 4.767 -1.094 -7.895 -5.464 3.017 6.043 1.936
2 R 1.52 3.257 -0.593 -3.024 -7.77 0.703 0.772 -3.405 3.186 -1.517 -3.885 1.229 -2.218 -4.032 -9.162 -1.568 1.204 -1.205 0.864 0.609
3 A 2.719 0.013 -1.069 -1.871 -7.38 -1.003 -3.236 1.724 0.831 -1.563 -3.516 -3.258 -2.253 -1.604 0.437 2.024 1.027 -4.586 1.981 -2.756
4 F 1.191 -2.54 -8.92 -7.486 -7.612 -1.961 -4.776 -5.351 0.646 1.162 -0.835 -1.408 -1.281 4.644 -10.024 -4.265 -2.345 5.772 3.982 1.55
5 K 0.413 1.862 0.063 -1.302 -7.871 1.814 0.135 -2.154 1.015 -0.704 -4.13 3.313 -2.758 -4.128 -1.553 -1.103 0.594 -8.995 -0.801 0.607
6 A 4.285 -8.468 -4.303 -2.117 -4.533 -4.74 -3.566 -3.549 -3.397 0.53 -3.541 -7.978 -3.329 -8.27 1.409 1.239 1.78 -9.408 -8.575 2.623
7 R 1.595 3.155 1.837 -0.707 -8.088 2.019 0.72 -2.313 4.566 -1.935 -2.707 0.502 -5.555 -4.717 -1.563 -2.836 -4.314 -3.022 -0.173 -1.91
8 P 0.648 2.567 -0.327 -3.331 -7.873 -0.014 0.764 -0.162 0.828 -0.845 -1.131 1.277 -2.23 -5.566 2.914 -1.116 -0.507 -9.23 -2.228 -1.302
9 A 3.797 -6.741 -0.314 -0.251 -4.679 1.054 -1.501 2.22 -4.174 -2.206 -3.697 -5.211 -4.289 -4.803 -8.937 2.207 -1.205 -9.291 -6.422 1.161