#Seq2Logo.py -Z on -y 0.25:2.0 -H ends -f 38081.peps -o YNYHERRFATVLHIVFFGLTYYSVGTETVHVAGI_el -I 2 --format PNG -b 50 -C 0 -l 1
Last position-specific scoring matrix computed, values are in halfbits
A R N D C Q E G H I L K M F P S T W Y V
1 I -3.187 -9.223 -3.238 -7.644 -7.32 -4.327 -4.915 -9.706 -4.171 5.021 -0.794 -9.078 0.73 2.389 -2.044 -6.923 -5.335 1.063 4.393 3.18
2 A 2.564 2.651 -0.916 -3.353 -7.561 0.244 0.765 -4.294 3.017 -0.917 -3.626 0.701 -1.366 -2.742 -9.141 -2.808 1.143 -2.997 0.603 1.164
3 A 3.639 -2.487 -2.947 -2.798 -7.142 -1.014 -4.553 2.29 -0.02 -2.486 -5.744 -3.591 -1.802 -1.0 -1.739 1.922 2.014 -4.618 0.974 -1.993
4 A 4.408 -8.701 -5.805 -3.19 -4.494 -5.626 -4.299 -4.583 -5.729 2.733 -1.241 -8.28 -1.644 -1.162 -7.27 0.576 -1.21 -4.705 -5.009 3.155
5 K 1.023 -0.035 -0.31 0.625 -7.682 1.428 1.365 -2.512 0.644 -0.235 -3.44 2.073 -1.37 -3.172 -3.35 -1.207 1.386 -9.03 -1.56 1.322
6 A 4.392 -7.043 -3.457 -1.737 -6.728 -5.57 -3.056 -6.81 -8.414 1.533 -2.936 -8.111 -4.07 -8.059 0.712 -0.674 1.284 -9.352 -6.363 3.407
7 A 2.971 -0.526 1.273 0.289 -4.912 2.382 2.418 -3.351 2.132 -1.689 -1.489 -2.453 -2.752 -5.484 -0.589 -2.803 -2.973 -3.042 -0.797 -0.142
8 P 1.984 1.993 -1.28 -2.509 -7.741 0.107 0.825 -0.717 -0.269 -1.093 -0.803 0.831 -3.408 -3.185 3.222 -2.84 -0.992 -4.733 -1.572 -1.044
9 A 3.312 -3.688 -0.557 3.715 -7.529 -0.31 1.765 0.979 -3.233 -1.731 -5.436 -7.478 -2.286 -4.184 -7.173 0.764 -2.464 -9.269 -2.258 -0.621