#Seq2Logo.py -Z on -y 0.25:2.0 -H ends -f 38081.peps -o YNYHERRFATVLHIVYFGLTHYDVGAETVHVAGI_el -I 2 --format PNG -b 50 -C 0 -l 1
Last position-specific scoring matrix computed, values are in halfbits
A R N D C Q E G H I L K M F P S T W Y V
1 I -3.904 -9.343 -7.431 -9.882 -7.23 -3.807 -6.884 -9.875 -5.515 5.547 -1.351 -9.18 -0.299 1.181 -2.82 -7.966 -8.034 0.735 4.352 3.596
2 A 2.127 2.691 0.043 -5.794 -7.461 -0.608 0.182 -4.686 2.005 -0.31 -2.586 0.697 -1.732 -4.022 -9.166 -0.991 1.445 -4.65 -0.014 1.935
3 A 3.298 -2.251 -1.644 -4.144 -7.021 -2.448 -4.568 0.12 -2.07 -0.694 -4.598 -4.728 -1.038 -0.481 -1.182 2.314 3.449 -4.631 0.304 -1.492
4 A 3.484 -8.742 -6.947 -0.815 -6.861 -1.475 -3.949 -4.335 -5.748 3.415 0.163 -6.197 -0.346 -0.438 -7.407 -1.876 -1.537 -1.988 -4.144 3.27
5 A 1.267 0.258 -0.293 1.877 -7.644 -0.948 0.78 -1.144 -0.012 -1.22 -3.918 1.936 -4.298 -2.84 -2.185 0.396 1.914 -9.233 -4.254 0.543
6 A 3.79 -8.387 -2.334 3.499 -7.072 -6.455 -0.961 -6.017 -8.05 -1.751 -5.607 -7.845 -7.621 -8.576 0.345 -0.392 2.404 -9.552 -8.801 2.435
7 A 2.015 -0.794 2.79 1.721 -7.841 2.197 1.314 -3.113 2.134 -1.239 -1.5 -2.471 -4.285 -4.722 1.036 -2.63 -3.251 -3.053 -0.8 -0.331
8 P 1.911 2.689 -2.132 -2.774 -7.799 -0.022 0.415 -0.717 1.001 -1.112 -0.735 0.628 -3.419 -4.128 3.365 -1.717 -2.099 -2.009 -1.568 -2.376
9 A 3.615 0.992 -0.588 -0.358 -7.373 1.865 -0.324 1.943 -1.579 -2.499 -5.04 -2.255 -1.411 -5.586 -8.976 1.186 -2.242 -4.713 -1.587 -0.717