#Seq2Logo.py -Z on -y 0.25:2.0 -H ends -f 38081.peps -o YNYHQRXFATVLHSLYFGLTHYDVGTETVHVAGI_el -I 2 --format PNG -b 50 -C 0 -l 1
Last position-specific scoring matrix computed, values are in halfbits
A R N D C Q E G H I L K M F P S T W Y V
1 I -1.83 -9.22 -4.616 -9.682 -7.23 -4.322 -5.419 -9.63 -2.64 5.072 -1.675 -9.046 0.148 0.894 -1.821 -7.81 -3.932 2.071 4.238 3.725
2 A 2.568 2.246 0.383 -3.677 -7.452 -0.295 0.561 -3.933 2.929 -1.633 -4.325 0.066 -2.207 -3.568 -9.081 -1.079 2.007 -4.664 -0.568 1.523
3 A 3.563 -3.691 -5.294 -3.056 -6.929 -1.876 -4.961 0.873 -0.571 -3.53 -7.449 -5.806 -3.458 -2.492 -1.722 2.943 3.989 -4.712 -2.608 -2.504
4 A 3.937 -8.691 -4.405 -0.422 -3.315 -2.215 -2.833 -2.303 -5.704 2.767 -0.15 -8.287 -1.637 -0.615 -7.339 -0.903 -1.694 -1.994 -4.989 2.865
5 A 1.768 -0.772 0.182 1.221 -7.583 -0.444 1.308 -1.813 1.327 -0.802 -4.362 1.537 -3.417 -2.475 -4.158 -0.332 1.715 -9.059 -1.862 1.159
6 A 4.281 -8.462 -3.346 2.351 -4.6 -8.168 -0.756 -4.937 -8.151 -0.485 -4.8 -7.925 -5.384 -8.379 -0.081 -0.155 1.098 -9.455 -6.436 2.957
7 A 2.413 -0.533 1.43 1.833 -7.802 2.262 2.192 -2.884 2.561 -1.11 -2.996 -4.125 -5.551 -4.133 0.621 -1.826 -2.725 -4.718 -1.029 -0.331
8 P 1.391 2.29 -1.098 -2.525 -7.835 0.462 -0.246 0.234 0.437 -1.711 -0.453 0.621 -3.416 -4.101 3.533 -2.484 -1.421 -3.051 -0.395 -1.719
9 A 4.235 -2.739 -1.089 -1.499 -7.054 0.443 -0.872 1.553 -2.072 -0.565 -3.26 -4.272 -0.201 -4.107 -8.952 1.511 -2.223 -9.081 -2.231 0.502