#Seq2Logo.py -Z on -y 0.25:2.0 -H ends -f 38081.peps -o YNYHQRXFATVTHILYFGGTYYDVRTETVHLETT_el -I 2 --format PNG -b 50 -C 0 -l 1
Last position-specific scoring matrix computed, values are in halfbits
A R N D C Q E G H I L K M F P S T W Y V
1 Y -1.36 -6.172 -5.162 -2.432 -7.712 -3.727 -2.098 -9.339 -1.971 3.06 -2.687 -7.306 -1.285 3.455 1.014 -6.778 -3.653 4.344 5.564 2.049
2 A 2.925 1.723 0.168 -4.524 -7.449 0.116 0.269 -2.468 2.75 -1.671 -4.923 0.694 -0.456 -4.636 -9.032 -0.409 1.611 -1.97 0.597 0.415
3 A 3.641 -1.451 -2.337 -2.289 -7.145 -1.201 -4.145 2.219 -0.276 -3.578 -5.822 -3.565 -4.358 -1.655 -1.018 2.378 1.923 -4.665 -0.028 -2.551
4 A 4.482 -8.646 -5.766 -2.892 -4.594 -2.217 -4.69 0.915 -5.602 1.155 -1.68 -6.125 -2.137 1.504 -7.303 -1.201 -1.878 1.307 -0.753 2.043
5 A 1.919 0.16 -0.752 -0.253 -7.509 0.787 0.031 -0.327 -0.016 0.247 -3.819 2.067 -2.724 -4.693 -4.172 -1.099 0.673 -9.021 -1.04 2.016
6 A 4.73 -8.56 -5.697 -1.93 -6.648 -6.654 -4.633 -5.967 -5.717 0.318 -6.178 -8.066 -5.269 -8.231 0.628 0.075 1.625 -9.4 -8.562 3.526
7 A 3.144 -0.278 1.959 0.878 -7.73 2.606 1.72 -2.266 3.418 -2.528 -4.226 -2.236 -4.347 -4.799 -0.324 -1.805 -2.966 -9.131 -1.851 -1.319
8 P 1.878 2.144 -0.925 -2.519 -7.701 -0.463 -0.341 -0.07 -0.019 -1.103 -1.402 0.691 -5.513 -4.781 3.467 -1.33 -0.091 -4.758 -2.234 -1.049
9 A 4.396 -5.131 -0.183 0.07 -3.366 0.328 -1.098 1.994 -5.427 -2.064 -6.222 -6.555 -1.412 -6.786 -8.841 2.073 -1.066 -9.329 -6.462 -0.398