#Seq2Logo.py -Z on -y 0.25:2.0 -H ends -f 38081.peps -o YNYHQRXFATVLHSLYFGLTYYVVRTETVHVGGI_el -I 2 --format PNG -b 50 -C 0 -l 1
Last position-specific scoring matrix computed, values are in halfbits
A R N D C Q E G H I L K M F P S T W Y V
1 I -4.932 -9.314 -7.408 -9.946 -7.433 -5.905 -8.01 -9.864 -5.311 4.708 -0.875 -9.25 0.546 3.727 -3.142 -9.489 -5.393 1.637 5.198 2.887
2 A 2.74 1.658 0.487 -1.65 -7.409 0.58 0.564 -2.668 2.123 -0.791 -3.439 -0.635 -1.756 -2.793 -9.064 -0.016 1.391 -8.995 -2.187 1.167
3 A 3.601 -5.16 -3.274 -2.785 -7.081 -2.155 -4.169 2.399 1.313 -2.281 -3.95 -5.257 -4.328 -2.173 -1.538 2.536 2.283 -4.685 -1.034 -2.528
4 A 3.449 -8.732 -4.94 -0.303 -6.783 -6.763 -5.7 -1.144 -8.506 2.552 -2.311 -8.313 -3.995 -2.4 -9.22 1.018 0.463 -9.171 -6.266 3.833
5 E 0.538 -0.641 0.88 1.607 -7.721 -0.94 2.107 -2.314 1.329 -0.471 -4.145 1.02 -5.52 -3.641 -1.55 0.053 2.099 -9.2 -3.054 0.678
6 A 4.527 -8.484 -4.745 3.339 -6.998 -8.182 -1.633 -4.492 -8.121 -1.145 -4.32 -7.904 -4.267 -8.558 1.196 -0.852 0.29 -9.575 -8.806 2.142
7 A 2.762 -2.961 1.64 2.047 -7.689 1.734 2.799 -2.661 1.339 -1.539 -2.683 -5.038 -5.54 -4.746 -1.366 -1.547 -1.249 -4.718 -1.039 0.02
8 P 0.968 0.685 -1.471 -1.491 -7.771 0.782 0.888 -0.626 -0.266 -0.252 -0.791 0.751 -3.385 -2.767 3.147 -1.864 -0.863 -3.037 0.138 0.032
9 V 2.655 -8.872 -5.852 -0.203 -6.919 -3.696 -2.248 -2.021 -8.547 3.77 -0.424 -8.503 1.042 -1.332 -9.533 -1.38 -2.938 -8.953 -3.016 3.778