#Seq2Logo.py -Z on -y 0.25:2.0 -H ends -f 38081.peps -o YNYHQRXFATVTHILYFGGTHYVVGASRVHVAGI_el -I 2 --format PNG -b 50 -C 0 -l 1
Last position-specific scoring matrix computed, values are in halfbits
A R N D C Q E G H I L K M F P S T W Y V
1 I -8.418 -9.445 -9.716 -10.086 -7.584 -9.696 -10.032 -9.98 -5.245 4.931 -1.782 -9.438 -1.563 4.961 -7.911 -9.695 -8.41 2.314 5.42 1.848
2 R 0.808 3.607 0.482 -5.065 -7.779 1.267 0.834 -5.727 2.458 0.238 -2.597 1.112 -2.179 -2.767 -9.272 -1.859 -0.288 -8.846 -0.78 1.665
3 S 2.144 -1.637 -2.1 -3.401 -7.163 -2.45 -4.574 -0.135 -0.018 0.472 -1.648 -4.307 -2.188 -1.82 -0.325 2.98 2.368 -1.954 1.622 -0.873
4 L 0.328 -8.637 -1.347 0.015 -4.815 0.17 -1.166 -4.886 -2.085 2.545 1.588 -8.442 1.197 2.581 -9.88 -3.417 -2.314 3.667 1.663 1.976
5 K -0.358 1.684 0.501 0.087 -7.953 0.491 0.972 -2.152 1.484 -2.27 -3.523 2.847 -2.248 -2.197 0.531 -0.185 0.742 -9.088 -1.86 -0.079
6 A 4.423 -8.296 -0.3 3.249 -7.19 -5.377 -0.726 0.14 -7.803 -5.262 -5.897 -7.692 -5.717 -8.958 1.61 0.943 -0.822 -9.642 -8.97 -0.719
7 E 0.455 0.774 2.247 1.727 -8.149 1.949 2.566 -5.148 3.495 -1.405 -1.509 -1.539 -7.698 -3.563 0.127 -3.055 -3.584 -1.981 0.599 -0.741
8 P -0.135 2.199 -0.924 -2.511 -7.964 -0.159 0.341 -0.532 1.473 -1.101 -0.319 1.547 -5.46 -2.178 3.692 -1.872 -1.273 -9.157 -1.56 -1.439
9 V 2.36 -7.135 -5.074 -3.218 -3.332 -1.708 -3.986 -0.261 -8.481 2.642 1.657 -7.13 0.538 -2.624 -9.546 -0.143 -2.937 -8.873 -1.856 3.565