#Seq2Logo.py -Z on -y 0.25:2.0 -H ends -f 38081.peps -o YNYHQRXFATVTHILYFGLTHYVVGTETVHVGGI_el -I 2 --format PNG -b 50 -C 0 -l 1
Last position-specific scoring matrix computed, values are in halfbits
A R N D C Q E G H I L K M F P S T W Y V
1 I -4.225 -9.183 -4.076 -9.755 -7.414 -3.786 -6.044 -9.769 -1.578 4.616 -0.73 -9.112 0.726 3.206 -4.904 -7.913 -4.829 0.766 5.168 3.033
2 A 1.949 2.811 0.275 -2.057 -7.554 0.238 0.108 -3.971 2.555 0.151 -3.223 0.07 -0.713 -2.758 -9.193 -1.323 1.327 -4.657 -0.567 1.33
3 S 2.918 -4.108 -4.079 -2.77 -7.012 -4.646 -4.159 1.256 1.154 -2.065 -3.933 -6.625 -4.301 -2.804 -1.728 3.266 3.72 -4.701 -1.869 -2.506
4 V 1.917 -8.887 -3.953 -0.955 -6.899 -4.232 -2.658 -4.079 -8.678 3.515 0.439 -8.574 -0.085 -0.934 -9.599 -1.269 -0.272 -1.993 -6.114 4.19
5 T -0.268 0.62 1.049 0.551 -7.73 -0.436 1.362 -1.678 1.009 -1.215 -4.983 1.648 -5.518 -2.19 -1.749 0.457 2.399 -9.089 -2.205 0.922
6 D 3.307 -8.298 -1.543 5.522 -7.565 -6.287 0.538 -3.842 -7.712 -2.952 -6.358 -7.676 -4.429 -8.947 -1.185 -0.669 0.106 -9.733 -9.071 0.532
7 E 1.012 -1.755 2.608 1.677 -8.045 2.144 2.833 -2.903 3.346 -1.908 -3.98 -2.908 -4.351 -3.611 0.235 -2.126 -1.73 -3.039 -0.189 -0.171
8 P 1.018 1.001 -1.891 -1.676 -7.863 1.794 -0.058 -0.164 1.327 -0.966 -0.805 0.756 -2.754 -2.159 3.532 -1.729 -2.303 -1.995 -0.196 -1.3
9 V 2.596 -6.077 -3.485 -0.541 -7.051 -1.937 -1.043 -0.839 -3.378 2.948 0.208 -8.324 1.186 -1.116 -9.513 -1.622 -3.227 -3.0 -0.011 3.261