#Seq2Logo.py -Z on -y 0.25:2.0 -H ends -f 38081.peps -o YNYHQRXFATVLHSLYFGGTYYAVRTETVHLETT_el -I 2 --format PNG -b 50 -C 0 -l 1
Last position-specific scoring matrix computed, values are in halfbits
A R N D C Q E G H I L K M F P S T W Y V
1 Y -4.975 -9.297 -9.549 -7.785 -7.679 -9.486 -7.979 -9.791 -7.029 4.045 -3.221 -9.26 -2.535 4.388 -1.443 -9.475 -4.899 4.253 6.084 2.301
2 A 2.477 2.198 0.045 -3.683 -7.523 0.585 0.953 -2.695 2.24 -0.229 -3.237 0.398 -1.747 -3.119 -9.147 -1.691 0.743 -4.643 0.153 1.379
3 A 2.807 -1.124 -1.424 -2.288 -7.103 -2.434 -4.154 0.04 -0.269 -0.702 -4.625 -4.696 -2.224 -0.802 -3.703 2.934 3.091 -4.601 1.21 -1.373
4 A 3.287 -8.845 -5.047 -0.555 -6.96 -4.229 -4.323 -0.827 -3.406 2.353 0.091 -8.51 -1.255 1.67 -9.491 -1.61 -2.069 -0.6 -0.974 3.31
5 K 0.419 -0.266 0.396 0.787 -7.705 -0.015 1.139 -0.155 -0.26 0.215 -3.282 1.887 -4.257 -2.171 -2.715 -0.027 1.661 -9.015 -1.289 0.553
6 A 4.674 -8.423 -4.289 -0.057 -6.796 -6.502 -0.559 -3.811 -8.186 -1.103 -4.518 -7.883 -5.379 -8.415 0.968 0.478 0.904 -9.447 -8.659 2.807
7 E 1.794 -2.173 2.562 2.645 -8.057 1.668 3.166 -2.674 2.664 -1.938 -3.041 -2.906 -5.651 -5.609 0.024 -2.807 -3.565 -2.013 -1.869 -1.61
8 P 1.119 1.774 -0.761 -1.476 -7.821 0.353 1.014 -0.159 -0.858 -0.973 -1.702 0.621 -7.726 -3.667 3.598 -1.456 -0.292 -4.775 -3.618 -0.723
9 A 2.539 -5.222 -2.961 3.038 -4.775 -1.203 0.951 -0.151 -5.52 1.958 -1.139 -6.745 -0.694 -3.131 -9.235 -0.039 -1.705 -4.742 -4.272 1.911