#Seq2Logo.py -Z on -y 0.25:2.0 -H ends -f 38081.peps -o YNYHERRFATVLHIVYFGLTHYVVGTETVHVAGI_el -I 2 --format PNG -b 50 -C 0 -l 1
Last position-specific scoring matrix computed, values are in halfbits
A R N D C Q E G H I L K M F P S T W Y V
1 I -5.773 -9.45 -9.775 -9.978 -7.179 -5.052 -8.075 -9.983 -5.658 5.695 -0.751 -9.302 -0.284 2.261 -3.89 -9.546 -5.313 -0.543 3.337 3.671
2 R 1.48 2.693 0.68 -2.483 -7.627 -0.009 1.074 -4.318 2.556 -0.657 -3.827 0.557 -1.751 -2.769 -9.19 -1.211 1.146 -3.023 -0.78 1.885
3 S 2.835 -2.748 -2.627 -3.396 -6.987 -3.571 -7.019 -1.626 -2.603 -0.049 -3.824 -4.74 -0.721 -0.792 -1.736 3.214 3.452 -2.983 1.319 -1.217
4 V 1.208 -8.985 -5.135 -0.216 -6.988 -3.287 -3.396 -7.603 -5.806 3.974 1.513 -8.729 0.16 0.153 -9.786 -3.413 -1.112 -1.971 -2.147 3.806
5 E 0.655 -0.385 1.779 1.722 -7.77 -1.133 1.469 -0.806 0.446 -1.238 -6.249 1.541 -5.597 -3.227 -1.028 0.196 1.611 -9.245 -3.068 0.534
6 D 3.191 -8.265 0.117 5.612 -7.632 -7.765 0.398 -4.515 -7.636 -2.743 -7.012 -7.648 -5.774 -9.018 -1.021 -0.956 0.746 -9.763 -9.107 -0.434
7 E 0.8 -2.189 2.457 2.511 -7.972 1.506 2.633 -4.692 2.247 -0.947 -0.882 -2.703 -3.408 -2.782 -0.095 -2.843 -2.507 -3.045 -0.793 0.251
8 P 1.479 1.411 -2.134 -2.062 -7.751 0.575 0.825 -0.621 1.167 -1.079 -0.004 0.464 -2.198 -3.568 2.954 -1.348 -1.735 -1.997 -0.586 -0.924
9 A 2.192 -3.354 -3.79 1.33 -7.393 0.662 1.122 -0.94 -0.551 1.337 -0.578 -3.617 1.16 -1.334 -9.361 -1.358 -2.722 -2.975 1.527 2.191