#Seq2Logo.py -Z on -y 0.25:2.0 -H ends -f 38081.peps -o YNYHQRXFATVLHSLYFGLTYYVVRTETVHVAGI_el -I 2 --format PNG -b 50 -C 0 -l 1
Last position-specific scoring matrix computed, values are in halfbits
A R N D C Q E G H I L K M F P S T W Y V
1 I -2.959 -9.363 -7.427 -9.839 -7.146 -5.898 -6.088 -8.053 -4.317 5.352 -1.253 -9.188 1.071 1.721 -2.043 -9.353 -4.76 0.353 3.055 3.99
2 A 2.765 1.415 1.036 -0.989 -7.5 0.586 1.249 -2.666 2.24 -1.346 -3.663 -0.215 -2.218 -2.796 -9.059 -0.588 0.888 -8.972 -1.545 0.932
3 A 3.54 -5.867 -3.664 -2.528 -7.102 -1.211 -4.988 2.536 0.815 -2.507 -5.409 -5.873 -5.604 -1.651 -1.181 2.713 2.065 -8.857 -0.026 -2.54
4 A 3.83 -8.731 -4.368 -1.081 -6.77 -5.634 -4.691 -0.596 -8.505 2.661 -1.956 -8.3 -6.828 -2.114 -9.201 0.45 0.212 -9.171 -8.33 3.537
5 E 1.026 -0.157 -0.174 0.87 -7.653 0.481 2.023 -1.981 1.004 -0.456 -4.357 1.147 -2.757 -3.202 -2.437 -0.335 1.96 -9.163 -3.578 1.159
6 A 4.714 -8.548 -5.585 2.06 -4.567 -8.283 -1.519 -4.505 -8.259 0.025 -4.481 -7.995 -4.187 -8.361 0.536 -1.063 -0.261 -9.484 -8.691 2.99
7 E 2.286 -2.674 1.713 2.95 -7.858 2.142 2.836 -2.88 1.493 -1.259 -2.698 -5.013 -4.329 -6.597 -2.191 -1.961 -1.724 -4.707 -0.208 -0.835
8 P 1.479 1.206 -2.148 -2.522 -7.707 0.569 0.691 -1.293 -0.272 -0.058 -0.716 -0.042 -3.384 -3.149 3.661 -1.86 -0.621 -3.05 -0.392 -0.399
9 V 2.51 -8.743 -3.931 -1.244 -6.969 -1.699 -2.065 -0.951 -5.71 3.474 -0.237 -7.095 1.971 -1.127 -9.525 -1.376 -2.061 -8.869 -2.183 3.472