#Seq2Logo.py -Z on -y 0.25:2.0 -H ends -f 38081.peps -o YNYHERRFATVLHIVYFGGTHYVVGASRLHVAGI_el -I 2 --format PNG -b 50 -C 0 -l 1
Last position-specific scoring matrix computed, values are in halfbits
A R N D C Q E G H I L K M F P S T W Y V
1 I -8.46 -9.414 -9.689 -10.09 -7.641 -9.671 -10.009 -9.976 -5.161 4.719 -1.397 -9.428 -2.474 5.058 -10.558 -9.696 -8.462 2.117 5.784 1.521
2 R -0.214 3.753 -1.666 -4.578 -4.966 0.485 0.954 -6.481 1.884 -0.015 -1.162 1.716 -3.311 -1.396 -9.341 -2.334 0.181 -0.612 -1.0 1.93
3 S 1.889 -0.208 -1.465 -3.779 -7.212 -1.014 -4.195 -1.816 -0.552 1.536 -1.139 -3.586 0.996 -0.95 -0.331 2.297 1.873 -4.585 1.426 -0.433
4 F -0.489 -3.428 -4.436 0.011 -7.816 -0.089 -0.389 -7.65 -1.155 1.334 0.54 -6.197 -0.377 4.308 -10.057 -3.452 -5.433 5.181 4.409 0.384
5 K -0.362 1.098 1.128 1.087 -7.97 -1.541 1.029 -1.831 1.483 -1.712 -2.686 2.808 -4.314 -2.185 0.621 -0.35 0.356 -9.061 -1.031 -0.163
6 D 3.221 -3.006 1.231 4.437 -7.544 -5.256 -0.018 -0.657 -7.533 -6.114 -7.135 -2.513 -5.809 -9.108 0.035 1.427 0.374 -9.683 -9.049 -2.431
7 E 0.0 0.155 2.13 0.468 -7.992 2.203 1.939 -4.729 2.849 -0.363 -0.372 -0.123 -3.366 -2.121 -0.096 -2.157 -1.57 -8.748 0.734 -0.509
8 P 0.528 2.149 -1.093 -1.664 -7.903 0.686 0.699 -0.833 0.635 -0.833 -0.251 1.213 -4.238 -2.192 3.432 -1.868 -1.74 -4.756 -4.23 -1.172
9 V 1.988 0.566 -5.697 -1.221 -4.746 0.067 -0.374 0.297 -2.646 1.584 0.934 -4.756 -0.373 -2.651 -6.245 -1.144 -2.968 -8.694 0.448 2.786