#Seq2Logo.py -Z on -y 0.25:2.0 -H ends -f 38081.peps -o YNYHQRXFATVTHILYFGLTHYDVRTETVHVAGI_el -I 2 --format PNG -b 50 -C 0 -l 1
Last position-specific scoring matrix computed, values are in halfbits
A R N D C Q E G H I L K M F P S T W Y V
1 I -0.721 -9.043 -3.589 -4.417 -7.189 -2.568 -3.433 -9.368 -2.115 4.657 -1.315 -8.816 0.54 0.324 -0.92 -5.514 -1.909 1.835 3.165 3.808
2 A 2.873 1.476 0.682 -3.019 -7.395 -0.157 0.343 -3.098 3.015 -1.338 -4.602 -0.529 -1.034 -3.138 -9.047 -0.242 1.915 -4.657 -0.368 0.937
3 A 3.283 -5.136 -3.615 -2.274 -6.959 -3.132 -5.483 1.603 -1.621 -6.709 -6.865 -6.6 -4.352 -3.199 -1.931 3.293 3.943 -9.034 -1.304 -2.736
4 A 3.847 -8.798 -5.82 -1.58 -4.527 -4.843 -3.64 -1.972 -8.576 3.051 -1.408 -8.384 -3.168 -2.09 -9.291 -0.355 -1.219 -3.054 -6.216 3.816
5 E 1.027 -1.395 -0.441 1.289 -7.583 -0.295 2.02 -1.407 0.825 -0.227 -3.636 0.748 -2.21 -2.798 -5.31 -0.256 2.007 -9.072 -2.208 1.619
6 A 3.529 -8.447 -5.382 3.705 -7.144 -8.041 0.424 -6.858 -8.087 -0.083 -4.829 -7.88 -5.425 -8.462 0.241 -0.498 0.895 -9.555 -8.781 2.924
7 E 2.154 -1.4 1.903 2.474 -7.954 2.208 3.137 -3.108 2.137 -2.314 -3.576 -4.496 -7.942 -4.799 0.026 -2.268 -2.499 -4.732 -1.29 -0.965
8 P 1.56 2.094 -1.279 -2.06 -7.823 0.683 0.762 -0.827 0.441 -1.235 -0.804 0.315 -3.409 -2.781 3.294 -2.663 -1.576 -1.994 -0.026 -1.051
9 A 4.013 -4.591 -0.915 0.768 -7.107 -0.193 -0.543 1.502 -2.633 0.146 -2.912 -4.305 -0.726 -3.617 -9.004 0.982 -1.856 -9.219 -5.139 0.951