#Seq2Logo.py -Z on -y 0.25:2.0 -H ends -f 38081.peps -o YNYHQRXFATVLHSLFFGLTYYDVGTETVHVAGI_el -I 2 --format PNG -b 50 -C 0 -l 1
Last position-specific scoring matrix computed, values are in halfbits
A R N D C Q E G H I L K M F P S T W Y V
1 I -0.912 -9.113 -3.611 -5.581 -7.138 -3.756 -2.713 -9.48 -2.698 4.806 0.218 -8.899 1.218 0.657 -1.613 -6.114 -3.912 -0.571 2.467 3.791
2 A 3.026 1.545 0.864 -3.659 -7.458 0.117 0.422 -2.656 3.101 -2.219 -4.118 0.694 -1.773 -3.574 -9.023 -0.408 1.15 -8.836 -0.185 0.616
3 A 4.285 -1.831 -2.644 -4.138 -7.165 -1.207 -3.004 3.295 0.426 -5.376 -5.479 -4.283 -4.402 -1.919 -0.446 1.473 -0.48 -8.95 -0.597 -3.805
4 A 5.512 -8.472 -4.899 -6.019 -3.23 -6.61 -7.161 0.303 -5.63 -0.211 -3.219 -7.956 -4.194 -3.61 -8.771 1.653 -0.924 -9.241 -8.513 1.199
5 A 1.956 0.71 -2.106 -1.327 -7.483 1.257 -0.137 -2.5 1.0 -0.886 -2.458 2.443 -0.434 -4.698 -4.164 -0.261 0.749 -9.032 -1.863 1.931
6 A 4.528 -8.835 -8.921 -7.345 -4.462 -6.838 -8.906 -7.975 -8.722 2.637 -2.993 -8.383 -0.942 -7.808 0.619 -3.012 -0.16 -9.299 -6.318 4.087
7 A 3.766 0.999 0.479 -1.659 -7.403 2.257 0.199 -3.316 2.841 -1.835 -2.235 -1.405 -1.757 -3.574 -3.345 -1.304 -2.704 -1.986 -0.78 0.486
8 A 2.537 2.146 -1.686 -4.14 -7.587 -0.622 -0.072 -0.152 -2.597 -0.578 -0.641 1.267 -1.755 -2.79 2.381 -1.844 -1.408 -4.712 -1.296 -0.693
9 A 4.691 -5.896 -0.762 -2.292 -6.865 -1.42 -2.356 1.786 -4.216 -0.924 -4.628 -6.668 -2.764 -6.69 -7.104 2.073 -1.06 -9.296 -6.427 0.89