#Seq2Logo.py -Z on -y 0.25:2.0 -H ends -f 38081.peps -o YNYHERRFATVLHIVYFGLTHYVVRTETVHVGGI_el -I 2 --format PNG -b 50 -C 0 -l 1
Last position-specific scoring matrix computed, values are in halfbits
A R N D C Q E G H I L K M F P S T W Y V
1 I -4.558 -9.277 -6.147 -9.895 -7.416 -4.352 -7.98 -9.828 -2.577 4.617 -0.957 -9.227 -0.58 3.936 -6.506 -9.432 -3.984 1.088 5.057 3.117
2 A 1.647 2.52 0.278 -1.482 -7.573 -0.152 0.562 -3.672 2.928 -0.895 -2.466 0.153 -2.188 -2.143 -9.194 -0.518 0.953 -8.866 -1.006 1.843
3 S 2.888 -3.714 -3.663 -1.505 -7.062 -4.063 -3.828 0.678 0.426 -0.699 -3.276 -5.881 -1.769 -0.638 -2.992 3.089 2.993 -4.625 0.454 -1.646
4 V 1.879 -8.89 -6.847 1.368 -4.62 -4.22 -2.423 -5.836 -8.622 3.697 -0.17 -8.532 -0.605 -1.555 -9.565 -1.765 -0.274 -4.704 -4.187 4.092
5 E -0.279 -0.272 0.967 1.941 -7.869 -0.59 2.455 -1.282 0.446 -0.072 -2.973 1.085 -7.691 -1.676 -1.752 -0.26 1.553 -9.165 -3.578 -0.059
6 D 2.501 -8.324 -0.959 6.181 -4.976 -7.811 -0.248 -4.968 -7.659 -3.592 -5.987 -6.622 -5.825 -9.103 0.029 -1.077 -0.086 -9.881 -9.217 -0.266
7 E 0.961 -4.447 2.022 2.879 -8.003 0.903 3.485 -3.663 1.022 -2.46 -2.038 -2.937 -4.321 -2.801 -0.331 -2.134 -2.289 -2.0 -0.589 0.593
8 P 0.915 1.001 -2.675 -0.874 -7.823 1.164 1.074 -1.56 0.641 -0.819 -0.369 0.825 -1.025 -1.407 2.994 -1.473 -1.416 -4.676 -0.019 -0.925
9 V 1.875 -6.983 -3.802 2.209 -7.323 -1.024 0.681 -1.304 -1.235 2.792 -0.845 -6.888 0.85 -0.944 -7.418 -1.371 -2.968 -4.628 0.455 2.599