#Seq2Logo.py -Z on -y 0.25:2.0 -H ends -f 38081.peps -o YNYHERRFATVLHIVFFGLTYYDVGAETVHVAGI_el -I 2 --format PNG -b 50 -C 0 -l 1
Last position-specific scoring matrix computed, values are in halfbits
A R N D C Q E G H I L K M F P S T W Y V
1 I -2.613 -9.201 -3.234 -5.653 -7.373 -5.852 -6.037 -9.674 -3.233 4.541 -0.519 -9.099 0.725 2.677 -3.132 -7.874 -6.894 1.079 5.108 3.199
2 A 2.652 2.434 -0.324 -3.69 -7.534 0.587 0.564 -2.896 2.842 -1.822 -3.261 0.555 -0.724 -2.757 -9.113 -1.554 1.082 -3.006 0.158 0.932
3 A 4.12 -1.459 -3.31 -3.754 -7.107 -1.886 -4.563 2.57 -0.023 -2.994 -5.04 -3.582 -2.267 -1.42 -1.183 1.885 0.965 -4.649 0.295 -3.202
4 A 4.929 -8.594 -5.74 -3.169 -1.738 -4.162 -4.662 -1.754 -5.679 1.779 -1.772 -8.134 -1.308 -1.394 -7.192 0.821 -1.666 -4.717 -6.219 2.323
5 K 1.22 -0.371 -1.247 -0.733 -7.547 1.503 0.201 -1.985 1.615 -0.024 -3.06 2.281 -1.016 -4.091 -3.729 -0.261 1.502 -9.029 -1.858 1.714
6 A 4.439 -8.634 -6.803 -3.18 -6.654 -6.723 -6.388 -6.812 -8.545 1.646 -2.92 -6.95 -5.151 -8.035 0.533 -0.669 2.064 -9.35 -8.522 3.509
7 A 3.687 0.04 1.491 -0.236 -7.449 2.376 0.71 -3.07 2.128 -1.673 -1.888 -1.89 -1.374 -4.101 -2.189 -2.096 -2.707 -3.043 -1.549 0.116
8 A 2.124 2.043 -2.144 -2.793 -7.68 -0.465 -0.16 0.238 -1.604 -0.955 -0.311 1.085 -3.392 -2.798 3.111 -3.044 -0.511 -4.722 -1.298 -1.547
9 A 4.442 -2.741 0.391 0.354 -7.062 -0.189 -2.133 1.913 -2.061 -2.953 -5.791 -5.78 -2.266 -6.736 -8.857 2.072 -2.416 -9.242 -3.102 -0.223