#Seq2Logo.py -Z on -y 0.25:2.0 -H ends -f 38081.peps -o YNYHERRFATVLHIVYFAYTYYDVRTEAVHLETT_el -I 2 --format PNG -b 50 -C 0 -l 1
Last position-specific scoring matrix computed, values are in halfbits
A R N D C Q E G H I L K M F P S T W Y V
1 I 0.133 -7.169 -4.469 -0.551 -7.556 -2.53 -1.176 -9.027 -2.046 3.156 -2.43 -7.15 -0.392 1.99 2.56 -4.602 -3.609 3.546 3.997 2.392
2 A 3.466 0.773 -0.064 -3.688 -7.367 -0.022 -0.429 -1.0 2.842 -2.933 -4.667 0.54 -0.742 -4.621 -8.977 0.65 0.752 -1.205 1.1 -0.314
3 A 3.798 -2.502 -2.928 -3.065 -7.202 -2.454 -3.848 3.893 -0.566 -6.114 -7.744 -4.303 -2.308 -2.205 -1.184 1.808 1.277 -9.019 -1.309 -5.44
4 A 5.373 -8.596 -7.798 -1.202 -4.585 -8.417 -7.154 4.288 -8.144 -4.8 -6.979 -7.976 -8.172 -6.897 -7.092 0.3 -4.201 -9.361 -9.014 -2.175
5 A 2.262 -0.059 -1.078 0.263 -7.472 -0.16 1.016 -0.919 0.218 -0.221 -1.974 1.198 -2.718 -4.665 -4.685 -0.512 0.746 -3.037 -0.804 1.528
6 A 4.558 -8.729 -8.665 -3.891 -3.262 -8.639 -5.166 -6.081 -8.595 0.802 -3.095 -8.233 -7.019 -6.451 2.128 -1.947 0.613 -9.402 -6.358 3.933
7 A 3.507 -1.773 1.352 0.468 -7.457 1.73 1.894 -3.058 1.625 -1.873 -3.711 -2.931 -2.779 -3.621 -1.36 0.338 -2.05 -9.068 -1.283 -0.055
8 P 2.06 1.405 -1.1 -2.286 -7.581 -0.632 -0.16 -0.417 -3.277 -0.949 -1.037 0.135 -3.409 -2.813 3.468 -0.266 -0.183 -9.233 -1.889 -0.501
9 A 4.0 -5.159 0.494 0.069 -1.799 -1.88 -2.334 1.651 -3.299 -1.37 -3.919 -6.627 -2.246 -6.724 -6.035 2.684 0.046 -9.335 -6.445 -0.122