#Seq2Logo.py -Z on -y 0.25:2.0 -H ends -f 38081.peps -o YNYHQRXFATVTHILYFGLTHYDVGAETVHVAGI_el -I 2 --format PNG -b 50 -C 0 -l 1
Last position-specific scoring matrix computed, values are in halfbits
A R N D C Q E G H I L K M F P S T W Y V
1 I -1.695 -9.022 -2.867 -5.564 -7.278 -1.986 -3.169 -9.482 -2.08 4.8 -1.602 -7.355 -0.327 0.883 -1.248 -5.555 -3.278 1.05 4.077 3.604
2 A 2.738 2.293 0.165 -3.695 -7.42 -1.349 0.185 -3.928 3.014 -1.628 -4.581 0.396 -1.03 -4.051 -9.08 -1.08 1.865 -4.655 -0.184 1.572
3 T 3.235 -2.735 -2.901 -3.71 -6.977 -2.141 -4.968 0.81 -1.222 -3.23 -6.224 -5.192 -4.317 -2.176 -1.724 2.995 4.059 -4.686 -1.039 -2.709
4 A 3.863 -8.651 -4.424 -1.572 -4.575 -1.251 -2.416 -2.903 -5.681 2.548 -0.208 -8.271 -1.26 -0.016 -7.351 -1.225 -1.232 -1.22 -2.984 3.097
5 A 1.443 -0.905 -0.587 0.621 -7.576 -0.446 1.08 -1.403 1.615 -0.664 -4.327 2.022 -2.214 -2.464 -3.726 -0.598 1.714 -9.013 -1.552 1.663
6 A 4.215 -8.473 -3.359 2.351 -6.939 -8.146 -0.073 -5.453 -5.613 -0.159 -4.222 -7.939 -5.35 -8.32 -0.322 -0.964 0.758 -9.438 -6.421 3.212
7 A 2.348 0.043 1.709 2.044 -7.899 2.325 2.195 -3.355 2.936 -2.101 -3.187 -2.893 -4.346 -5.586 1.039 -3.009 -2.984 -9.167 -1.283 -0.847
8 P 1.301 2.045 -0.766 -2.063 -7.872 0.883 -0.062 -0.077 1.002 -1.4 -0.594 0.763 -5.491 -3.614 3.597 -2.483 -1.577 -2.008 -1.038 -2.036
9 A 4.316 -2.228 -0.754 -1.324 -7.091 1.149 -0.861 1.781 -2.606 -1.681 -3.486 -3.252 -1.048 -5.566 -8.909 1.47 -2.432 -9.165 -3.089 0.043