#Seq2Logo.py -Z on -y 0.25:2.0 -H ends -f 38081.peps -o YNYHERRFATVLHIVYFAYTYYAVRTETVHLETT_el -I 2 --format PNG -b 50 -C 0 -l 1
Last position-specific scoring matrix computed, values are in halfbits
A R N D C Q E G H I L K M F P S T W Y V
1 I -1.46 -9.121 -6.042 -3.594 -7.491 -5.795 -2.49 -9.382 -4.159 4.069 -2.633 -8.847 -2.559 2.705 2.464 -6.1 -3.618 3.795 4.126 2.928
2 A 3.401 0.339 -0.746 -2.493 -7.34 -0.301 0.492 -1.783 2.929 -1.847 -4.367 0.304 -1.774 -3.552 -8.966 0.275 1.449 -4.639 0.457 0.196
3 A 3.582 -2.748 -4.09 -1.329 -7.056 -2.438 -4.143 2.258 -0.283 -3.926 -5.827 -5.817 -2.815 -2.184 -2.979 2.803 2.959 -8.967 -1.044 -4.066
4 A 5.032 -8.557 -5.467 0.832 -4.584 -8.359 -5.021 3.087 -8.139 -0.588 -5.336 -7.973 -7.828 -5.634 -7.114 0.944 -2.035 -9.365 -8.856 -0.11
5 A 1.609 -0.281 -0.887 1.715 -7.642 0.118 2.065 -1.033 0.44 -0.46 -2.793 0.539 -2.756 -4.122 -3.011 -0.026 0.817 -9.112 -1.879 0.871
6 A 4.484 -8.555 -5.688 -0.647 -6.789 -8.332 -1.142 -5.448 -8.346 0.906 -4.425 -8.023 -7.225 -8.242 1.606 -1.064 1.456 -9.421 -6.397 3.11
7 E 2.565 -3.606 2.082 2.296 -7.781 1.092 3.328 -3.33 1.766 -1.733 -3.018 -5.579 -7.867 -4.159 -1.957 -0.249 -2.705 -4.734 -1.873 -0.731
8 P 1.563 1.711 -1.277 -0.61 -7.743 -0.624 0.76 -1.047 -2.055 -0.477 -1.122 0.225 -5.475 -2.177 3.566 -1.853 -0.507 -4.735 -1.297 -0.604
9 A 3.149 -5.868 -0.441 3.253 -3.458 -1.606 1.755 -0.49 -4.151 0.481 -2.918 -6.605 -1.038 -3.613 -9.07 0.328 -1.87 -9.268 -3.631 1.227