#Seq2Logo.py -Z on -y 0.25:2.0 -H ends -f 38081.peps -o YNYHERRFATVLHIVYFALTYYDVRTETVHLETT_el -I 2 --format PNG -b 50 -C 0 -l 1
Last position-specific scoring matrix computed, values are in halfbits
A R N D C Q E G H I L K M F P S T W Y V
1 I -0.225 -7.217 -3.172 -1.981 -7.398 -1.72 -2.889 -9.157 -4.138 3.857 -1.67 -8.626 0.108 1.789 1.386 -3.973 -2.756 2.276 4.038 2.898
2 A 3.422 1.147 -0.067 -3.689 -7.365 -0.158 -0.061 -1.638 2.749 -2.66 -4.648 0.388 -1.777 -3.122 -8.996 -0.008 1.213 -1.967 0.733 0.341
3 A 4.053 -2.761 -2.938 -3.072 -7.077 -1.892 -5.009 3.138 -1.62 -4.338 -6.332 -5.235 -2.831 -2.493 -1.016 2.11 1.672 -9.012 -1.054 -3.484
4 A 5.532 -8.603 -6.633 -2.591 -4.492 -8.45 -5.648 2.444 -8.269 0.236 -4.579 -8.034 -7.561 -6.67 -7.101 0.015 -2.903 -9.319 -8.746 0.968
5 A 2.541 -0.791 -0.91 0.352 -7.377 0.461 0.42 -1.026 0.43 0.162 -3.053 0.744 -1.019 -4.69 -4.681 -0.42 1.088 -4.71 -1.871 1.765
6 A 4.687 -8.667 -6.856 -3.875 -6.635 -8.564 -4.682 -7.763 -8.557 1.192 -4.91 -8.174 -7.048 -8.122 1.266 -1.526 1.568 -9.399 -8.544 3.784
7 A 3.881 -1.79 1.347 0.464 -7.379 0.982 1.934 -2.248 0.831 -1.374 -2.97 -4.179 -2.774 -4.772 -0.582 -0.404 -2.688 -3.066 -3.057 -0.047
8 A 2.654 1.591 -2.704 -3.737 -7.55 -0.319 0.255 -0.325 -4.155 -1.218 -0.954 0.05 -4.25 -2.178 3.468 -1.572 -0.733 -4.733 -1.576 -0.499
9 A 4.155 -5.828 -0.051 0.363 -2.488 -0.994 -0.243 1.871 -2.609 -2.718 -5.416 -6.553 -3.484 -5.655 -7.095 2.742 -1.822 -9.341 -6.445 -0.504