#Seq2Logo.py -Z on -y 0.25:2.0 -H ends -f 38081.peps -o YNYHQRXFATVTHILYFGGTYYDIEDSTVHLETT_el -I 2 --format PNG -b 50 -C 0 -l 1
Last position-specific scoring matrix computed, values are in halfbits
A R N D C Q E G H I L K M F P S T W Y V
1 Y -3.472 -9.05 -7.233 -4.986 -7.861 -2.925 -3.446 -9.602 -3.839 2.643 -2.522 -9.008 -1.648 5.014 -1.094 -7.859 -4.456 3.583 6.36 1.366
2 R 1.762 3.081 -1.073 -3.685 -7.728 0.252 0.833 -3.151 3.185 -0.698 -4.108 1.225 -3.401 -4.602 -9.164 -0.996 0.811 0.317 1.105 0.614
3 A 2.719 -0.434 -0.743 -2.526 -7.322 -0.648 -3.233 0.915 1.332 -0.606 -3.688 -3.261 -2.236 -1.586 -0.726 2.168 1.722 -4.559 2.304 -2.722
4 F 1.048 -0.7 -6.932 -4.372 -7.679 -2.5 -3.952 -5.326 0.445 1.211 -0.93 0.631 -1.295 4.115 -9.892 -3.412 -2.339 5.77 3.614 1.134
5 K 0.413 1.575 -0.053 -1.147 -7.887 1.095 -0.034 -0.929 1.624 -0.484 -4.144 3.636 -3.424 -4.142 -2.19 -1.212 0.74 -9.032 -1.284 0.177
6 A 4.049 -8.35 -2.674 0.248 -4.595 -4.671 -0.658 -3.285 -3.361 0.086 -6.43 -7.83 -4.225 -8.452 1.122 1.242 2.066 -9.45 -8.646 2.188
7 R 1.006 2.898 2.137 -0.454 -8.171 2.018 0.585 -1.827 4.981 -1.288 -2.709 0.717 -7.782 -4.743 -0.737 -3.767 -3.937 -4.685 -0.992 -1.912
8 P 0.919 2.436 0.164 -3.011 -7.885 -0.291 0.83 -0.075 1.17 -1.897 -1.411 1.499 -4.304 -4.814 2.995 -1.455 -0.398 -9.314 -3.604 -1.069
9 A 3.515 -3.3 -0.047 0.783 -3.433 2.125 -0.416 2.144 -3.25 -3.244 -4.209 -4.625 -3.471 -4.209 -8.924 2.173 -1.671 -9.295 -6.422 -0.327