#Seq2Logo.py -Z on -y 0.25:2.0 -H ends -f 38081.peps -o YNYHQRXFATVTHILFFGLTYYSVGTETVHVAGI_el -I 2 --format PNG -b 50 -C 0 -l 1
Last position-specific scoring matrix computed, values are in halfbits
A R N D C Q E G H I L K M F P S T W Y V
1 I -0.549 -7.188 -1.19 -3.216 -7.288 -1.712 -1.196 -7.744 -2.634 4.419 -0.472 -7.223 1.049 0.959 -1.808 -5.485 -2.746 -0.068 3.221 3.196
2 A 2.844 1.724 -0.188 -2.486 -7.51 0.364 0.896 -3.922 3.627 -1.067 -3.867 0.624 -1.376 -4.669 -9.055 -1.422 1.328 -4.66 -0.366 0.622
3 A 4.035 -3.371 -3.694 -3.396 -7.113 -2.459 -5.025 3.137 0.624 -5.983 -6.91 -5.261 -4.392 -1.225 -0.578 1.73 1.772 -4.669 -0.39 -2.993
4 A 5.093 -8.596 -5.745 -4.776 -4.44 -6.693 -6.371 -2.592 -8.395 1.354 -2.236 -8.131 -3.261 -2.428 -8.942 0.882 -0.246 -9.175 -8.341 2.887
5 V 1.265 0.788 -1.44 -0.481 -7.552 1.504 0.43 -3.155 1.167 0.416 -3.593 2.116 -1.353 -4.706 -4.687 -0.517 1.272 -9.065 -2.204 1.976
6 A 4.166 -8.809 -8.852 -7.319 -6.636 -4.857 -5.799 -8.089 -8.722 2.858 -2.393 -8.384 -2.058 -7.738 -0.461 -1.836 0.459 -9.262 -6.303 4.243
7 A 3.26 1.352 1.114 -2.226 -7.631 2.863 1.569 -3.096 3.417 -2.687 -1.794 -2.421 -2.215 -4.693 -3.016 -2.61 -3.247 -0.618 -0.776 -0.233
8 A 2.09 1.83 -1.681 -2.767 -7.693 0.232 1.01 -0.519 -0.549 -1.073 -1.202 0.829 -2.216 -3.608 2.915 -3.504 -1.125 -4.726 -1.296 0.187
9 A 3.77 -8.162 -0.879 3.445 -7.332 -0.473 1.311 0.272 -4.143 -0.472 -4.977 -7.61 -1.408 -4.178 -7.167 0.707 -2.924 -9.364 -5.187 0.487