#Seq2Logo.py -Z on -y 0.25:2.0 -H ends -f 38081.peps -o YNYHQRXFATVTHILYFALTYYDVRTETVHLETT_el -I 2 --format PNG -b 50 -C 0 -l 1
Last position-specific scoring matrix computed, values are in halfbits
A R N D C Q E G H I L K M F P S T W Y V
1 V 1.298 -7.133 -5.083 -1.24 -7.341 -2.217 -0.702 -8.832 -2.643 3.132 -1.937 -7.072 -0.656 0.513 2.741 -4.536 -1.571 2.051 2.604 2.977
2 A 3.633 0.251 -0.74 -4.069 -7.368 0.471 -0.143 -0.573 3.558 -3.88 -5.375 0.614 -2.248 -4.673 -8.926 0.654 0.959 -1.212 0.46 -0.931
3 A 4.018 -1.836 -3.674 -2.784 -7.191 -2.154 -3.533 3.81 0.207 -7.051 -7.788 -4.716 -3.545 -3.218 -1.355 1.808 0.681 -9.007 -0.823 -5.451
4 A 5.449 -8.614 -8.001 -4.703 -4.535 -8.462 -7.241 3.837 -8.224 -1.868 -6.221 -8.018 -7.898 -6.798 -7.098 0.298 -3.809 -9.328 -8.895 -0.114
5 A 2.541 -0.161 -1.263 -0.607 -7.397 0.107 0.7 -1.666 -0.271 -0.529 -2.204 1.639 -2.711 -3.57 -4.162 -0.257 0.602 -8.985 -1.035 1.892
6 A 5.03 -8.697 -6.954 -7.196 -6.626 -8.598 -5.158 -6.708 -8.566 0.331 -4.376 -8.172 -7.126 -8.205 2.385 -2.756 0.032 -9.462 -8.574 3.781
7 A 3.65 -1.087 1.35 -0.009 -7.444 2.006 1.616 -2.085 1.887 -1.536 -3.321 -2.927 -4.29 -4.763 -1.188 -0.579 -1.538 -9.12 -1.867 -0.137
8 A 2.261 1.067 -1.103 -2.52 -7.568 -0.174 0.015 -0.325 -4.154 -0.16 -1.202 0.535 -3.404 -3.626 3.365 -0.895 -0.285 -9.272 -2.24 -0.591
9 A 4.104 -5.888 1.035 -1.488 -2.47 -2.157 -3.249 2.148 -2.633 -0.699 -4.389 -6.674 -2.781 -6.71 -6.046 2.212 0.467 -9.315 -6.439 0.051