#Seq2Logo.py -Z on -y 0.25:2.0 -H ends -f 38081.peps -o YSYHETSGARIVHIVYFGSNYYDIRTETVHVEFT_el -I 2 --format PNG -b 50 -C 0 -l 1
Last position-specific scoring matrix computed, values are in halfbits
A R N D C Q E G H I L K M F P S T W Y V
1 Y -3.484 -9.072 -6.069 -6.494 -7.891 -5.819 -3.758 -9.681 -2.36 2.605 -2.014 -9.085 -1.643 4.904 -4.918 -9.364 -6.224 2.346 6.977 1.1
2 A 2.191 2.734 0.677 -3.688 -7.595 0.118 0.268 -3.386 2.656 -0.558 -3.252 0.906 -2.2 -3.535 -9.167 -1.564 0.814 -3.006 0.458 1.217
3 A 3.597 -1.628 -2.104 -2.532 -7.18 -0.491 -2.543 1.037 0.221 -1.543 -3.482 -3.9 -1.048 -0.322 -0.869 2.171 1.032 -4.599 1.212 -2.514
4 A 4.673 -8.552 -8.205 -1.225 -6.764 -4.777 -4.635 -1.347 -5.627 0.89 -1.8 -6.906 -5.228 0.674 -6.088 0.932 0.539 -1.22 -2.984 1.921
5 K 1.026 0.064 -0.314 -0.353 -7.635 0.794 0.9 -1.158 1.169 0.394 -2.346 2.026 -1.751 -4.708 -2.194 -0.183 1.209 -4.71 -1.867 0.818
6 A 4.033 -8.46 -3.368 -0.516 -6.808 -6.602 -6.22 -3.547 -5.655 -0.179 -5.478 -7.959 -4.199 -8.396 1.967 1.602 2.37 -9.477 -8.654 2.617
7 A 2.761 -0.794 2.963 -0.21 -7.676 1.34 1.613 -2.653 3.02 -1.385 -1.802 -2.473 -2.769 -3.616 0.132 -1.311 -2.959 -4.723 -2.188 -0.514
8 P 1.168 2.201 -1.086 -2.046 -7.781 -0.296 0.7 -1.411 -0.856 -2.059 -1.219 1.55 -2.768 -4.174 3.295 -0.705 0.005 -4.767 -3.613 -0.62
9 A 3.755 -5.121 -0.177 1.709 -4.725 0.45 0.424 1.204 -5.403 -0.823 -3.309 -6.536 -2.241 -5.609 -7.15 1.955 -2.024 -9.34 -6.445 0.198