            A        R        N        D        C        Q        E        G        H        I        L        K        M        F        P        S        T        W        Y        V
 1 A   0.0786   0.0936  -0.0161   0.0014  -0.0101  -0.0038   0.0049   0.0206   0.0047   0.0059  -0.0026   0.0106    0.012   0.0553  -0.0096  -0.0161   0.0026  -0.0033   0.0904   0.0125
 2 A   0.0218  -0.0182  -0.0042   -0.039   0.0024   0.0249  -0.0028  -0.0009    0.014   -0.009  -0.0409  -0.0057   0.0203   0.0748  -0.0004  -0.0016   0.0646   0.0029   0.2141   0.0146
 3 A  -0.0087  -0.0273   0.0153  -0.0185  -0.0037   0.0954   0.0068   -0.004   0.0243   0.0334   0.0455   0.0704   0.0191  -0.0011   0.0678  -0.0058   0.0135   0.0074   -0.008   0.0097
 4 A  -0.0015  -0.0112   0.0754   -0.016   0.0704   0.0187   0.0029   0.0026      0.0   0.0384   0.0306   0.0321   0.0199  -0.0032   0.0422   0.0201   0.0144  -0.0228  -0.0128   0.0315
 5 A   0.0555  -0.0131   0.0448   0.0265   0.0121   0.0052   0.0206    0.003    0.001   -0.003   0.0227   0.0387  -0.0211    0.017   0.0738   0.0006   0.0091   0.0169  -0.0195   0.0406
 6 A   0.0221   0.0096  -0.0013  -0.0347   0.0527  -0.0143  -0.0033  -0.0166   0.0622   0.0121   0.0443  -0.0058   0.0017    0.033  -0.0333   0.0338   0.0207  -0.0135   0.0631    0.099
 7 A  -0.0254  -0.0089   0.0265   0.0028  -0.0068   0.0866   0.0427   0.0224    0.049   0.0013  -0.0198   0.0047   0.0082   0.0026   0.0178   0.0256  -0.0001   0.0578  -0.0035   0.0482
 8 A   0.0496   0.0023   0.0021     0.01  -0.0031   0.0661   0.0138  -0.0175   0.0552  -0.0087  -0.0469   0.0447   0.0011    0.061  -0.0136   0.0376   0.0591  -0.0065   0.0177   0.0075
 9 A  -0.0016  -0.0188      0.0  -0.0003   -0.006  -0.0083  -0.0188   0.0124   0.0203   0.0681   0.0831  -0.0304   0.0063   0.1855  -0.0125  -0.0157   0.0212   0.0949  -0.0156  -0.0325
