            A        R        N        D        C        Q        E        G        H        I        L        K        M        F        P        S        T        W        Y        V
 1 A  -0.0281  -0.0178  -0.0164   -0.005  -0.0009  -0.0075   0.0039  -0.0326  -0.0067  -0.0081  -0.0236   0.0079    0.017  -0.0213  -0.0176   0.0219  -0.0089  -0.0148   0.0294  -0.0238
 2 A   0.0029   0.0068  -0.0329  -0.0435   -0.018  -0.0064   -0.016  -0.0571  -0.0119  -0.0228   0.0013  -0.0246   0.0118   0.0522  -0.0104   0.0054   0.0298   0.0005   0.0315   0.0068
 3 A   0.0585   0.0116  -0.0255  -0.0017   0.0053  -0.0032  -0.0216  -0.0179    0.021   0.0179   -0.012  -0.0158    -0.01   0.0071  -0.0057   0.0041  -0.0184   -0.025  -0.0147   0.0143
 4 A  -0.0198  -0.0212   0.0023   0.0288  -0.0324  -0.0153  -0.0079  -0.0166  -0.0246   0.0051  -0.0098  -0.0182  -0.0291   0.0096   0.0293  -0.0249   0.0049   0.0057   0.0013   0.0507
 5 A   0.0004  -0.0086    -0.02  -0.0245  -0.0182  -0.0192   0.0199  -0.0106  -0.0148  -0.0119   0.0005  -0.0187  -0.0228  -0.0032   0.0073  -0.0049  -0.0059  -0.0052  -0.0105   0.0578
 6 A   0.0032  -0.0087  -0.0359  -0.0062  -0.0414  -0.0141  -0.0024  -0.0051  -0.0025   0.0185   0.0066   0.0084  -0.0218  -0.0064   0.0235   -0.017  -0.0157  -0.0034   0.0064  -0.0164
 7 A  -0.0232  -0.0144   0.0151   0.0067  -0.0191  -0.0045  -0.0064  -0.0132  -0.0151  -0.0094   0.0549  -0.0233  -0.0157   0.0573  -0.0019   0.0006  -0.0122   0.0082   -0.011  -0.0134
 8 A  -0.0055  -0.0006   0.0204  -0.0195  -0.0493   -0.006   0.0057   0.0291  -0.0043   -0.016    0.002   0.0056  -0.0019   0.0143   0.0038   0.0174   0.0353  -0.0046  -0.0137   0.0464
 9 A  -0.0176  -0.0308  -0.0272   0.0039  -0.0199   -0.036  -0.0189  -0.0372  -0.0157  -0.0052   0.0002   0.0149  -0.0024   0.0242  -0.0364  -0.0194   0.0009   0.0008    0.126  -0.0035
