            A        R        N        D        C        Q        E        G        H        I        L        K        M        F        P        S        T        W        Y        V
 1 A  -0.0282   0.0067   0.0488   0.0387   0.0154   0.0367    0.105  -0.1054  -0.0051   0.0162   0.0101  -0.0754   0.0666   0.1359  -0.0922   0.0511   0.0521   0.0466   0.0425  -0.0521
 2 A   0.0861   0.0012  -0.0045   0.0005   0.0085  -0.0726     -0.0   0.0192     -0.0   0.0803  -0.0161     -0.0  -0.0169  -0.0294  -0.0546   0.0191   0.1693      0.0   -0.001    0.125
 3 A   0.1182  -0.0795  -0.0075  -0.0778  -0.0304  -0.0608  -0.0344   0.0043   0.0066   0.1134  -0.0459  -0.0331   0.0938   0.0927   0.0295   0.0671   0.0295   0.0333   0.0264   0.0685
 4 A   0.0466   0.0021  -0.0336  -0.0342   0.0457   0.0147    0.049   0.0698   0.0092  -0.0511   0.0489  -0.0272   0.0083     0.08   0.0611  -0.0235   0.0171   -0.009   0.0231   0.0173
 5 A   0.0237  -0.0009  -0.0432   -0.018   0.0265   0.0013  -0.0723   0.0045   -0.069   0.1275   0.0138   0.0062  -0.0093   0.0279   0.0721   0.0005   0.0012   0.0827   0.0425   0.0965
 6 A  -0.0095   0.0137   0.0485   0.0335   -0.003   0.0403  -0.0509  -0.0324  -0.0294   0.0219  -0.0003  -0.0388   0.0749   0.1287   0.0175  -0.0007   0.0659  -0.0095   0.0202   0.0235
 7 A   0.0337  -0.0863  -0.0138  -0.0396    0.006   0.0003   0.0345   0.0625   0.0417   0.0031  -0.0286  -0.0676   0.0709   0.0572  -0.0927   0.0775   0.0463   0.0522   0.0925   0.0643
 8 A   0.0347   0.0187  -0.0078  -0.0839  -0.0063  -0.0005   0.0423    0.067    0.011  -0.0464   0.0387   0.0039   0.0476   0.1042   0.0912   0.0555  -0.0449  -0.0158   0.0183  -0.0133
 9 A   0.0582  -0.0427      0.0      0.0  -0.0414     -0.0     -0.0     -0.0      0.0   0.1863   0.1349  -0.1202   0.0372   -0.032      0.0  -0.0035   0.0143  -0.0199  -0.1136   0.2564
