            A        R        N        D        C        Q        E        G        H        I        L        K        M        F        P        S        T        W        Y        V
 1 A   -0.002   0.0285   0.0178   0.0083  -0.0024    0.019   0.0115   0.0026  -0.0059   0.0168   0.0225   0.0101     0.01    0.026  -0.0002  -0.0015   0.0015  -0.0004    0.034  -0.0036
 2 A   0.0204   0.0025   0.0073   0.0016  -0.0017   0.0053   0.0026   0.0369   -0.002   0.0088   0.0172  -0.0035   0.0146    0.024   0.0259   0.0016   0.0146   0.0024  -0.0003   0.0142
 3 A   0.0179   0.0434  -0.0022   0.0061   0.0012   0.0203   0.0028  -0.0065   0.0035   0.0235   0.0195   0.0337   0.0064    0.012   0.0051   0.0023   -0.003   0.0022   0.0037    0.001
 4 A   0.0192    0.045   0.0153   0.0121   0.0097   0.0098  -0.0117   0.0078   0.0128  -0.0063   0.0186    0.021  -0.0086   0.0062   0.0111   0.0008   0.0094   0.0145   0.0058   0.0001
 5 A   0.0216   0.0272   0.0075   0.0242   0.0153   0.0099   0.0018   0.0013   0.0054   0.0034   0.0059   0.0074   0.0015   0.0246   -0.005  -0.0022   0.0108    0.013   0.0074   0.0116
 6 A   0.0067   0.0271  -0.0007   0.0025  -0.0132   0.0085   0.0074   0.0043   0.0107   0.0028   0.0311   0.0177   0.0131   0.0271   0.0024   0.0029   0.0187   0.0101  -0.0017   0.0152
 7 A   0.0227   0.0003   0.0302  -0.0097   0.0106   0.0216   0.0182   0.0046   0.0006   0.0011   0.0067   0.0152   0.0204   0.0072   0.0018    0.009  -0.0006    0.008    0.003   0.0218
 8 A   0.0455  -0.0055   0.0072  -0.0124   -0.001     0.01   0.0129  -0.0031  -0.0157   0.0061   0.0182   0.0018   0.0138   0.0099   0.0154   0.0099   0.0246  -0.0008   0.0118    0.044
 9 A   0.0106  -0.0066  -0.0097  -0.0014   0.0016   0.0063   0.0043   -0.008   0.0104   0.0052   0.0571  -0.0018    0.046   0.0254   0.0006  -0.0007    0.002     0.01   0.0084   0.0329
