            A        R        N        D        C        Q        E        G        H        I        L        K        M        F        P        S        T        W        Y        V
 1 A   0.0323   0.0697  -0.0315  -0.0268   0.0127   0.0047  -0.0045    0.007   0.0273   0.0225  -0.0112    0.154   0.0167  -0.0001  -0.0081    0.043   0.0545  -0.0024   -0.034   0.0211
 2 A   0.0273  -0.0297   0.0029  -0.0009  -0.0099   0.0186  -0.0147   0.0131  -0.0136   0.0106   0.0613   -0.011   0.0682   0.0423  -0.0217   0.0785   0.0928  -0.0002   0.0239   0.0093
 3 A    0.001  -0.0086   0.0443  -0.0258   0.0147  -0.0097  -0.0213  -0.0176   0.0233    0.032   0.0807   0.0373   0.0745   0.0386  -0.0091   0.0176   0.0192   0.0212   0.0488  -0.0142
 4 A     0.02   0.0419    0.015   0.0218   0.0265  -0.0183   -0.018  -0.0093   0.0012   0.0467   0.0272   0.0379   0.0255   0.0485  -0.0081   0.0174   0.0014   0.0288    0.015   0.0261
 5 A  -0.0082   0.0411   0.0008   0.0138   0.0259  -0.0004  -0.0248   0.0005   0.0378   0.0577   0.0475   0.0073   0.0111   0.0342  -0.0068   0.0151   0.0283   0.0319   0.0326   0.0014
 6 A  -0.0097   0.0322   0.0244  -0.0229   0.0089   0.0028  -0.0046   0.0372   0.0145   0.0282   0.0461   0.0288   0.0204   0.0247   0.0175   0.0216   0.0119   0.0175   0.0504  -0.0029
 7 A   0.0221   0.0126   0.0088   0.0119   0.0059  -0.0149  -0.0105  -0.0034    0.013    0.042    0.022  -0.0131   0.0193   0.1142  -0.0115   0.0318   0.0479   0.0118   0.0536  -0.0166
 8 A   0.0237     0.04   0.0359  -0.0337   0.0012  -0.0001   0.0028  -0.0091   0.0084   0.0227   0.0688   0.0148  -0.0301   0.0308   0.0363   0.0079   0.0505   0.0084   0.0653   0.0024
 9 A    -0.01   0.2651  -0.0003  -0.0052  -0.0221  -0.0006  -0.0018  -0.0118   0.0141  -0.0246  -0.0088   0.1191   0.0058   0.0139  -0.0005   0.0028  -0.0014  -0.0141   0.0313   -0.004
