            A        R        N        D        C        Q        E        G        H        I        L        K        M        F        P        S        T        W        Y        V
 1 A  -0.0078   0.0074  -0.0183  -0.1874  -0.0705  -0.0051  -0.1845  -0.0583  -0.0185   -0.007  -0.0148   0.0594   0.0527   0.1522  -0.1685   -0.001   -0.037  -0.0422   0.0103  -0.0428
 2 A   0.0867  -0.0303  -0.0962   -0.103  -0.1309   0.1373  -0.0393  -0.1938   -0.045   0.1351   0.1592  -0.1064   0.0573   0.0563  -0.1539   0.0218   0.0895  -0.1184  -0.0319   0.1524
 3 A   0.0669    -0.04  -0.0302   0.0636  -0.0053  -0.0362  -0.1002  -0.0512   -0.041   0.0999   0.0697  -0.1023   0.0966   0.0233   0.0087     0.04    0.002   0.0183   0.0167   0.1216
 4 A   0.0324  -0.0014   -0.016   0.0631  -0.1069  -0.0676   0.0097  -0.0196  -0.0328   0.0031  -0.0122  -0.0103  -0.0176  -0.0117   0.0242   0.0062  -0.0268   0.0769  -0.0146  -0.0247
 5 A   0.0389  -0.0064  -0.0198  -0.0032  -0.0336  -0.0359   0.0177  -0.0476  -0.0793   0.0565  -0.0002   0.0041   0.0242   0.0262  -0.1059   0.0113  -0.0035   0.0356    0.021   0.0088
 6 A   0.0237  -0.0495  -0.0235  -0.0305  -0.0552  -0.0095  -0.0541   -0.082  -0.0419   0.1078    0.131  -0.0984   0.0944   0.1538  -0.0556   0.0119   0.0189  -0.0063  -0.0004  -0.0073
 7 A   0.0037  -0.0646  -0.0211  -0.0163  -0.0191   0.0033  -0.0274  -0.0375   -0.071    0.012   0.0303  -0.1164  -0.0152   0.1177   0.0307  -0.0088   0.0799   0.0213   0.0258   0.0356
 8 A   0.0245  -0.0236  -0.0491  -0.0828  -0.1077  -0.0377   0.0379   0.0439  -0.0199  -0.0368   0.0158  -0.0203  -0.0604   0.0734   0.0308   0.0563   0.0349   0.0524   0.0649  -0.0506
 9 A    0.131  -0.1137  -0.0513   0.0176   -0.036  -0.0572  -0.0521   -0.126  -0.0773   0.1969   0.1694  -0.0543   0.0294  -0.0192   -0.094  -0.0142   0.0771  -0.0559  -0.0664   0.3268
