TESTRUNID EPOCH: 19 L_PCC: 0.907841574172573 L_ERR: 0.0027902131650757722 T_PCC: 0.7605916117792622 T_ERR: 0.007754118330519794
180 LAYER: 1
3 LAYER: 2
1 LAYER: 3
19 :ILEARN
-0.1726369056194109	-0.1698767885473412	-0.33220585889414006	-0.011029328057176404	-0.018423462267660222	
-0.008728774962226089	-0.15911702650386708	-0.16950076968715408	-0.17339864274597697	-0.035811028728692004	
-0.06218124414384747	0.014880096105037832	-0.16266807187064614	-0.07455498302590961	-0.27617204033546433	
-0.06290716684652649	-0.09384619446802872	-0.10546283064812473	-0.1637094537281704	-0.1369607687398004	
-0.029913830754801283	0.17098032860393259	-0.09846861542894127	0.01425124323447254	0.22353565929844568	
0.2714772413506618	0.10435994289063123	-0.1491589919820599	-0.13643526018670815	-0.01523838888893132	
-0.12383320429904059	-0.061047652117780585	0.02139458687622301	-0.023770218804548243	0.013287163896053555	
-0.0645229652487539	-0.023481961019840826	0.0052125007525785005	-0.19225346845944916	0.07173355016021256	
0.15067046807328394	0.07049328760504783	0.1567780814628965	0.29814150763359154	0.19856700408507552	
-0.1577953381532972	-0.11589911134206206	-0.27413676646096163	-0.11710145471173386	-0.1740917587000125	
-0.21471231455422282	-0.18588439486946948	-0.21717190446607332	-0.2893151313816186	0.02489137487975561	
-0.015138701089500096	0.06298224750685896	-0.16468958588854155	-0.0947125707705397	-0.09513665882284028	
-0.08508859974449143	-0.030922820941522808	0.019376029485332256	0.027020137328200314	-0.04806271430792251	
0.05238572602610497	0.04943005750199909	0.006492119700495154	0.10063713299594162	-0.15321220762078938	
-0.15214693304082216	-0.30974456621645857	-0.05323280572852036	0.0801931543050343	-0.005986489225638511	
-0.21450369787135054	-0.10238479456270967	-0.22922185265506914	-0.752688126782964	-0.9532132450313313	
-1.0230693368342283	0.21877449728963083	0.27642253150544654	0.22007206787694145	-0.12223992705100734	
-0.014886521939746896	-0.11613560857151091	0.2361663958067764	0.21777795137357378	0.22128050273808286	
-0.08660008322783327	0.08766776170416493	-0.020288229880342845	-0.025460981514945556	-0.08358836777484357	
-0.12227659437421796	0.07457679042946863	0.01909716359771494	-0.10110690542159106	-0.004008818762159046	
-0.04994852360832647	-0.02270107051871472	0.08307199711436877	-0.0391833294853138	0.06943043446583598	
0.22631706587060374	0.1340922184690131	0.3414772010720838	0.14532712502784462	0.20936688654644806	
0.05843183224585505	-0.0650259464692025	0.1007304266477575	0.051967186436808456	0.01640340287276892	
0.19980603746467496	0.2118963721247073	0.14497178205228237	0.12226001106812703	0.004678151946045976	
-0.13860835034194238	-0.12916481796890178	-0.14899742451452358	0.03170624062337781	0.16496080979003175	
0.09667797173030827	-0.026005286885891987	0.09641211317069115	-0.12581022048242663	0.030634590876320936	
0.10860604693683396	0.17369805545109004	-0.003517814654182414	-0.11524432512542732	0.03931116962642419	
0.008905498141923363	0.13744255229063562	0.049130762917627524	0.14063693221705234	0.12636046935123915	
0.07572449155587135	-0.21204321641710602	-0.245947955371562	-0.2568583719391264	-0.05915491729013855	
-0.04617591975739489	-0.06298123473678026	-0.0073517202818779255	-0.027554576935059562	-0.12387179954471443	
-0.11445804658669718	0.028831016683906904	-0.0008711749475285337	0.016276575820775185	0.05591637297634167	
0.14035479068219384	-0.09820291083122198	-0.030059652540826026	0.06364167021539094	0.06128855279326589	
-0.1289063601829427	-0.07971449346751869	0.05597022584555939	0.0984576065445512	-0.03594555260656463	
-0.00925061031021068	0.013482880767635406	0.11022581318031029	0.1326880627638524	0.1369464648661636	
0.14259143543971817	0.0953911599965295	-0.029525609916502875	-0.07718752961907976	0.07558120404628561	
0.0807123236517583	0.046689165990393466	-0.059628258796595814	-0.08038777628691222	0.000789665846506935	
0.040865332277119665	-0.0689179716712302	0.04938427893670576	-0.0004927020563188448	0.03291822208130089	
0.1432619334372933	-0.09269714681628852	-0.016773821007207392	-0.09418715109005693	0.08762675866595698	
-0.03315680116729462	-0.15594716972983222	0.061490617431335805	0.07006775123919272	0.11136676441774387	
0.08897005876197796	-0.10366014405635729	-0.09173381547375783	0.04129822052967121	0.10582143690612104	
0.06934820353948536	0.003930913250445516	0.06082143480760406	-0.03751051990992485	-0.036326055862598565	
-0.02519767319039911	-0.04370981812496949	0.05824720774441884	0.15852579790894222	0.23075103228346155	
-0.10327627223278024	0.0790459811770326	-0.09577308838033041	0.044349217285261415	0.026530937989913572	
0.09946627833787978	-0.1568799627357682	0.06498155452955932	0.040773070390495714	-0.1732376449137378	
-0.10982953367498112	-0.0761387615368886	-0.09328721353557083	-0.09313164833159744	-0.18698452052502512	
0.09484208743704277	0.0017534841037275487	0.03950107039784126	0.030925208031097547	0.030237182145772347	
-0.06128172113583381	-0.1897622371080514	-0.17323902899085786	-0.261611270955361	-0.019301499549417737	
0.0077129387687160655	-0.09060218602676848	0.11957413197630203	0.10137945123314641	0.28290312922715394	
-0.07554172209437629	0.02073133539503256	-0.04697271561195986	-0.14264079410222774	-0.010567953688739074	
-0.07915403411469911	-0.023680400017397872	-0.004972687508367111	0.029335096406090708	0.23214556579309464	
0.009343742848010175	0.2348760926771305	-0.0345832191837201	0.055203185535140926	-0.007867434514518247	
0.001013446456147822	-0.0003876428544351397	-0.035405254864714505	0.002107254796929526	0.07347280722001717	
0.09343851713220647	0.1275489685589616	0.09069391037995368	0.061189609349651036	-0.09712481179757851	
-0.21664771765633262	-0.2501924332513382	-0.046180039022476756	-0.07921971145784573	-0.031135771688955455	
0.015644467949230197	0.00507733467008229	0.1286054201779583	-0.014292959304589323	0.12401990368868876	
0.03737179839030389	-0.09154730613097746	-0.03630962626267159	-0.03478751329694155	-0.001954135937555839	
0.0024107243815753004	0.005029057058392079	-0.09841241724695585	-0.1900057768662708	-0.25512796930852355	
0.10638180905873786	0.012352555574667745	0.07383938130631366	0.042308730463080965	0.054419218777650165	
0.03931938575775063	0.0554719050231538	0.09252889784866274	0.04302331739532097	-0.1387841755410512	
-0.19151173134706026	-0.16943290196061198	-0.13160150355785677	0.02776059873236203	-0.09231357797986822	
0.034942447439828245	0.04648784500755104	0.011887160569313226	0.14719927432737068	-0.010273339364019836	
0.07552299374099046	-0.0653034081519321	-0.14454205945429663	-0.05702738047898032	-0.12480700480699547	
-0.05738276452904096	-0.017215391793215535	0.033804558928030165	0.0417204849893106	0.03645766065162541	
0.056540408664426334	0.051480246015537946	-0.03729817019412556	0.10954510427266977	0.17660127766523998	
0.18223937615785377	-0.1233960423687249	-0.23101706266377456	-0.28546619937591805	0.08620716162438859	
0.014997880234592302	-0.032242612606272106	0.058665327284344274	0.11174437279007786	0.09420642899325049	
-0.046082790672129496	0.1047369434066623	-0.0656175897123656	0.19721488235848036	0.1544118780813408	
0.04938493403989299	0.0510940098676715	0.18237606820092778	0.1426584157686741	-0.07316834987904504	
0.0028650018727386026	-0.044722681168891734	-0.12478488380862042	-0.1224398342161384	-0.21162884811257643	
-0.07612012153090936	-0.10843387005480452	-0.13553998115419102	-0.07979425080872807	-0.2531432594582024	
-0.12773393509718822	0.0011680595710424546	-0.09952443870332327	-0.13751221400038582	0.03964394494270632	
0.0050116023495796165	0.06802043286289808	0.057461196997159285	0.20616828505948015	0.23133527522043754	
0.02693966518183843	-0.02597431603939254	0.14920464468500644	0.16896948748216334	0.24424761819435395	
0.18040319555375328	0.26477933595410996	0.08386579848741206	0.11184761278472631	0.020500548247245783	
0.010098853988978506	-0.05363563819502643	-0.008671313370410813	0.05285078962846037	-0.0482984616914788	
0.03712767053645473	0.10715480290132659	0.07056621675455235	0.11748441333122209	-0.013190643841754947	
0.02939109861086134	-0.07543498070877788	-0.07003468692307423	-0.2136054243586822	0.021123721739164984	
-0.004982030307279613	0.1245650956250161	-0.017997226945046997	-0.02901484730175922	0.0765753758299975	
-0.15656868199675572	0.05095183239756962	-0.08521431027888256	-0.022117500145192752	0.045144107895298685	
0.09259064300585203	-0.06577698914805201	0.06390386535801887	0.006871339968797131	-0.10071113791086883	
0.07704481612880808	0.045462082776430546	-0.11139658853130728	-0.05451142742425924	-0.10611029036735385	
0.26283933657075753	0.07589219214522391	0.1200653932219952	0.22514996294027342	0.30899774149602366	
0.295282733600211	-0.09533455392598535	-0.008848956113674561	-0.08350222134000415	0.10240409191396771	
0.07941343229591542	0.24233275119084782	0.07339435040918127	0.21410297460414565	0.20603129625443622	
0.026626186744399233	0.02748166511981012	0.017467246097564736	-0.04572456099643652	0.07114287330430849	
0.005926863989765386	0.04178887221240473	0.13292322736551493	0.14882612985821655	-0.08571047053793585	
-0.24405996307312863	-0.21283660452833242	0.018127461810705087	0.027137838920543902	0.085083420674433	
-0.1545987630092339	-0.05634672263501621	-0.2574604824612231	0.04053992538851751	-0.10146443327223242	
0.011774227633005417	0.01659599571750984	0.07684977937516574	0.014727393210147821	0.14488344447340212	
0.14529725208009417	0.13505832027863887	0.04891074985341151	-0.08529215581228136	-0.13172871502698535	
-0.19630642008260882	-0.07751696058569561	-0.0725995593339083	0.2115000669355313	0.19441290441506673	
0.22590060286024224	0.029418773678436413	-0.04286601330996836	-0.1095498427720328	-0.13154280618411576	
-0.1199697830032893	-0.01926824298719528	-0.04977983006770661	-0.061667622368141745	0.06339916910372717	
0.0034122116671088413	0.12636507825945653	0.004464728506866635	0.013447675547722393	-0.028145731452608277	
0.09268152786382529	-0.10967074390395903	-0.08053049171259	-0.10456394964717015	0.04015311844993425	
-0.10876141794639967	-0.011994441689366274	0.06475582678302164	-0.07043342045975584	-0.026575688125964163	
-0.16620243777057297	-0.09180516689365369	-0.17964142325175464	0.0911889928919117	0.06876816796416778	
0.09647941877000045	-0.149174478710674	-0.21802316672810343	-0.13408936700984878	0.0650393246525812	
0.11479586085225998	0.2050569511467436	0.13366267079185287	0.10454037629409388	0.17458153634872198	
-0.027489926506547017	-0.044279056572766956	-0.11054898680599744	0.19302728542999614	0.07540437799282891	
0.06096297764587804	-0.24921967370886577	-0.2791858103516328	-0.3584763164598134	-0.15009061068587154	
-0.18232926098671612	-0.14355503623731783	-0.15533363534078481	-0.07926146396552797	-0.1758813470673994	
-0.02915366047428733	-0.12606836979462985	-0.2064316143758549	-0.06482756056926862	0.021324023925827235	
-0.03393434168823681	-0.25840852133686903	-0.3717180417569112	-0.36679177800820856	-0.04533426809214622	
-0.07284064201554294	-0.11771961080687546	0.142338223872628	0.13601886206599767	0.07306638238063519	
-0.2882322024960726	-0.3198599196422315	-0.3765373417094423	-0.0657386769863141	-0.10706773210432528	
-0.002409128612973754	-0.22544371561631202	-0.06324063237571599	-0.13172983645632086	-0.10791955545339255	
-0.09858155019025447	-0.09820891826557492	-0.023091837953015556	-0.12609836567206903	-0.03945210133702993	
0.03012014221725949	0.1008316806658904	0.0599975187144084	-1.12054892985583	-1.2124365472131096	
-1.4411108485936186	0.7657210280415675	
