TESTRUNID EPOCH: 4 L_PCC: 0.8084914447799049 L_ERR: 0.010977521647067258 T_PCC: 0.8205876231311312 T_ERR: 0.010538695962757605
180 LAYER: 1
5 LAYER: 2
1 LAYER: 3
4 :ILEARN
-0.046554239384705896	-0.03322656506868521	0.013443415657569766	0.029287171089898464	-0.024160468730166522	
-0.7705156995871459	0.15076320619386496	-0.4918147874293847	-0.5793021800278333	-0.9077622030422666	
0.1509441668587891	-0.017677127422748955	0.10641239747964246	0.1912664997457981	0.044978419474283014	
0.6979617002863342	-0.17889751733954054	0.8368995002710865	0.49098739661992385	0.6516633261009386	
0.005964078308167744	0.23233358497183243	-0.22066494931222203	-0.06920913362609683	0.0037058755230644394	
-0.02132970977140963	-0.07941772678845518	0.10072402259931627	-0.05258192619003347	0.022313246499802108	
0.2250652016615469	-0.08452306129499193	0.6193006547007096	0.2804840570975897	0.3469045934311295	
-0.42302204248319775	0.08692435094444434	-0.28647146916698724	-0.3363991190015686	-0.3254377621753837	
-0.2809973139632975	0.2886017709858123	-0.45392058808662394	-0.25853994620922177	-0.6271488939129233	
-0.21473815917895284	0.15423198471173954	-0.3841167201114325	-0.19345020186927106	-0.14997049134390342	
-0.06316353497444858	0.09994720291118078	-0.19925551700408428	-0.08994347705616863	0.13162467849579426	
-0.8039116860614847	0.14766121996029488	-0.470645953070403	-0.4895131550245522	-0.682961540150724	
-0.36630680366672747	0.05989962571402518	-0.2506451198007678	-0.23508224918540144	-0.24994956071886829	
0.3638625680338311	0.1276402935425812	-0.0727148071737043	0.21541650999369322	0.24521416811039579	
0.30287640278670214	-0.08046764858896195	0.38297802180231094	0.38073163625241413	0.22445493799897398	
-0.13723702310080477	0.18075289814966466	-0.07460681869981674	0.008556063194494055	0.02747670225974788	
-0.02783485704326039	0.19921237750084378	-0.12029332672236095	-0.14628292540190116	-0.13571873741916265	
0.21672328072284117	0.03682792386869492	0.15512691427674058	0.13829272049440625	0.07908049037681578	
0.20613968964267226	0.09959838866791108	0.10010590875182936	0.22577970172796386	0.12562889018921292	
-0.25730639041111003	0.16698286674421708	-0.29713416386341424	-0.23723158621350862	-0.08998025033722522	
-0.09154608708782347	0.0072106770838387835	-0.02691082600335662	-0.04800240418897454	-0.11554163655796826	
0.5354184877084114	-0.20684766066849905	0.5275295464854756	0.470768303721111	0.4171827584820983	
-0.0860496085529937	-0.09729832339789904	0.024995662327674043	0.09028467897960038	-0.27838550112079197	
-0.11844144280045066	0.0851903264472779	-0.1084823619128666	-0.03965073720339449	-0.48180835061035904	
0.13470555916642624	-0.20661121986150344	0.17484849221430046	0.2057333365662488	0.5332183244329444	
-0.3887933658735987	0.12661478799412815	-0.3675843083219405	-0.3470090352456153	-0.7037134781682282	
0.061810879261637725	0.1103213742042043	-0.018279325508023476	-0.0453598587473685	-0.08899744112102079	
-0.10914867544835827	0.11609126040323163	-0.10254012351755225	0.07412116845230936	-0.165914678153261	
0.2040315351788772	-0.11833111076280724	0.03504843978186508	0.1265219032857549	0.0025807253733651295	
-0.5189140394676536	0.1686980808365772	-0.3237295278415079	-0.4088640173893312	-0.4035355665466604	
-0.9335405096631973	0.4508384528173374	-0.7777667794352267	-0.8078635231011754	-0.8557443197671064	
0.31439507397459154	-0.15585994887701898	0.2643903614812181	0.3587091375406852	0.1646528825649887	
-0.6080419616937995	0.28570623164663167	-0.49455365634470405	-0.4150799772789144	-0.6902901592037964	
-0.09205644688023537	0.011480317640384671	-0.07448192619544217	-0.04699118433357757	0.2820143822260626	
0.0850552740306731	0.08738963580691433	0.09487418285493165	0.06954745412974078	-0.00709350518200343	
-0.6521265992698314	0.16039020132685958	-0.8137713811554481	-0.572763583038327	-1.00392913436414	
-0.5362688797355155	-0.02269145683420316	-0.6442936142100698	-0.5278992933003409	-0.8325412400317806	
-0.027036603550396256	0.07296861464099524	-0.1611338870199449	-0.10087150489037983	0.002011329675724507	
0.14692811997598273	-0.1042957197023962	0.1429536536767666	0.20142036432798158	0.4144916096308176	
-0.37406454980256765	0.11981521591429245	-0.49578696175942943	-0.41396072966413944	-0.29956318355003153	
-0.22528807645293428	0.04133587806818759	-0.3023100704804227	-0.2631553073505065	-0.5090202321971857	
-0.3187798975184445	0.14601229611064	-0.15967579559760336	0.041538515795820206	-0.35829297405824356	
-0.6289840552816283	0.29721449961992197	-0.5753836245980681	-0.5682188930124926	-0.6013157046415738	
0.004112809529808996	-0.02889936159893517	0.16549464107046252	-0.025302462100894554	0.06436331502020898	
-0.030778875251408086	-0.08138459630345676	-0.16849890669871423	0.15917778337427396	-0.08161807975087444	
0.07204554520732712	-0.04953860168196044	0.2622076789049233	0.15117669348686819	0.18163317673309728	
0.17116267533726648	-0.010162610977509272	0.4249159035998291	0.14765998852651496	0.3034936626928602	
-0.17715409010417696	-0.03524145967083692	-0.2567973685143626	-0.18199003561029287	-0.1946571868553165	
-0.20204214800851067	0.2814438108686388	0.06597440069091495	-0.09912027215586436	-0.03258863138336272	
0.17718586989815177	-0.12339084000163869	-0.018285951624317762	0.06303394568994818	0.0158501652756993	
-0.15804180522687028	0.18736249725721796	-0.1415606908617574	-0.09442912775033713	-0.2155036426154072	
-0.15502873214974158	0.01795040315428724	-0.05324364639156744	-0.08566165047637758	-0.2810507428212904	
-0.2126317160362129	0.17831058311615353	-0.20293705096779455	-0.254554424851438	-0.3921332020733938	
-0.42389302042265015	0.5976221130076415	-0.44009547340486427	-0.38397080066851036	-0.4519774224797272	
0.08594565414710377	-0.08958236973595526	0.1896128035259026	0.08992005080292334	0.34918598803391265	
-0.2832292166205208	-0.07769565560485643	-0.3405469941854344	-0.26622206146398814	-0.19053301640472947	
0.08672003127738144	-0.06051194348806912	0.03913112115146138	-0.0354844656532537	-0.022797562291080195	
-0.2258935145955022	0.21925012970468738	-0.20457172939969095	-0.23283290580779945	-0.10450329855664746	
-0.47662304445400866	0.5359293939573462	-0.42227963922450745	-0.3211311139319654	-0.49099077708233996	
0.18924598752520197	-0.16861231885856368	0.016662686724150378	0.27696056341399894	0.02042022756818372	
-0.19126187062617264	0.1614063148475859	-0.21052491027202402	-0.06563977883907704	-0.33510070191421615	
-0.08872470092181028	0.0671673822185112	0.09169764953971864	-0.058342827105545746	-0.3023899086311915	
0.087610729733193	0.13161824050836232	0.012981082585498608	-0.05045833900648569	-0.29404615673197143	
0.06564768700042321	0.05071276143526677	0.1362597434971413	-0.00881903365647222	-0.09704329080704596	
-0.2269645130445469	0.16979124194748	-0.30275509881262114	-0.15966093290441807	-0.2149589254156263	
0.01059766441007755	-0.05107280744789048	0.29520626280381196	0.09222437528870847	0.10573778189554045	
0.00823839120979841	0.05905106754523105	0.20866671397808004	0.09208378492198728	0.06944837356857925	
-0.22228865938031064	-0.14892714200017312	-0.008315012490817092	0.17103920675291842	0.03654716652707567	
-0.0671586458741177	0.217820593785582	-0.02253534459478941	-0.06982926549616544	-0.33631843677119927	
0.2001666716711076	0.07375807560353356	-0.1369790404916838	0.07369568224539585	0.11714650041115444	
0.054209807244361315	0.13028368604171683	-0.27336058378911576	-0.10710639719634983	0.07033328524001357	
-0.27433051300673417	0.1567723235167712	0.007423556536439115	-0.05703066346212278	-0.21547221362691524	
0.010975396079284546	-0.015994451221614487	-0.04446768376330403	0.026563449764558527	0.2536919094560707	
0.19652238750745146	0.12571735193811961	-0.22866146433086487	-0.09843312165731274	0.05738481358149168	
-0.1741643418450756	0.009440180299539094	-0.061064123188544414	0.025410313245990204	-0.16471250083358246	
-0.29813255309008524	0.14793716659029038	-0.11398282574092862	-0.03778525405465828	-0.38585430060751513	
0.07685967342983391	0.0192836683154351	0.2514380356678269	0.09396200025402672	-0.11108660540180497	
-0.1309643074884023	0.21696463170959496	0.028635949435372995	-0.17657001824422724	-0.08411544303109462	
0.046133748335517075	0.10617979397210474	-0.13190175740294466	-0.17664882829921646	0.028321158564621363	
0.23126475311709246	0.005746808336861358	-0.040461702460820495	0.04695939128763551	0.18015575163509734	
0.35543543998543314	0.024310779649201465	0.21727510075704035	0.31853000786308316	0.23546657987395486	
-0.20019742869074325	0.3578447195772013	-0.3258412341190369	-0.16532307433119386	-0.3265561020368986	
0.024585193492031	0.15540401967745698	0.2563588277696411	0.16453740660799593	0.056618877339136314	
0.08843451109351101	0.08320632115140168	0.25833575722432406	0.36806931716478	0.2107856737612216	
0.053200735403497325	-0.049297284594445656	0.026439354594267314	-0.13792136341033406	0.02636695402148368	
-0.06088067613973973	0.030598509694346975	0.06172918744589869	0.1374821493987622	-0.051303307609318505	
0.3317659120919189	-0.01427775528938742	0.3381550383101963	0.3730519359736193	0.340831631328237	
-0.036222829251440686	0.1707777618920088	0.0597589178233559	0.18323875561826283	-0.05390929428849943	
-0.1515982800413273	0.06682512081477006	-0.13164005183924612	-0.2443800694348606	-0.09493564312793276	
0.06150175187106101	-0.07310010237430867	-0.07713911495850426	-0.2445604468881089	-0.054978018887053275	
-0.06775559032891655	-0.0666471015099861	-0.029458450790081653	-0.005604764135704417	-0.02910398555286946	
-0.048129738283434205	0.35096509862893344	-0.12306899094922402	0.010162094553891547	-0.18571047622234882	
-0.031318381637171606	-0.020517266891538335	-0.03148269199417111	-0.05795597986022486	-0.004134258015697698	
0.13048126305650337	-0.06332660277348316	-0.06162025329253003	-0.15761634121712884	0.13065881882964397	
-0.23254005929508784	0.14547978014967455	-0.32822234145497975	-0.19078834376711662	-0.35665511032705144	
-0.16059060680511514	0.233757182710933	0.030676466986559896	-0.12104846178040332	-0.11900078061309752	
0.07057811625172611	0.10139536731321541	0.06135422779631243	0.077356427366349	-0.007505664743378583	
0.13412783400803502	-0.13754419969447929	-0.014813162169370937	0.0586675095837845	-0.07579750805395935	
-0.00048172339705613166	-0.029331735961016334	-0.0343153279644448	-0.20755441495764151	0.016673406746889646	
0.08293205570694374	-0.016312393315967344	-0.06778684983982225	-0.053920221957759105	-0.03492460567591778	
-0.09072861202606505	0.06315312712732475	0.049404664694191316	0.04077066848602983	0.11501317919477194	
-0.18468223314242385	0.14344837835535437	-0.23971669233247556	-0.08012166570983859	-0.3385762445263587	
-0.1945437105705562	0.127218059937633	-0.29958674949929864	-0.15627383183410318	0.08708575298063098	
0.28054316816978775	-0.01730083571143876	0.28616095798332086	0.34408835070234073	0.6877894711182962	
-0.09906162585020956	0.02303812941249728	-0.16892510401211708	-0.018657359579994037	0.21454324002891945	
-0.20167405169547412	0.06143348786938442	-0.2052256347271676	-0.09514240872174165	-0.2393571022642264	
0.374699184529239	-0.0977382081051462	0.32839347793338597	0.29864533484172895	0.3662322711621185	
-0.17243243812058426	0.18356091389286186	-0.19219085614354567	-0.23470839694165202	0.016463404368179294	
0.0464441865405917	0.07644757192697373	-0.0896067972690211	-0.08630162877251274	0.02249381608068105	
-0.06385621687105165	0.06698246013182615	-0.0008612565060847109	0.13557197472559002	-0.24435583537658684	
-0.09654618991944956	-0.09731251730783164	0.019103867911484704	0.008635187557300118	-0.3773662619324826	
-0.023335253393552996	0.074400525473834	0.03641699192519832	0.08483802861862089	-0.1446488005710773	
-0.2071808962353781	-0.018823340803022146	0.0024628146984970235	-0.12368048348421845	-0.3051645000396989	
-0.16478934838113027	0.05277992404501739	-0.23262094202434297	-0.311797143017005	-0.5962399119095048	
-0.13268981194653237	0.3262344695559918	0.016367250091075897	-0.11744421477966045	-0.30862633563200775	
-0.26767945924163167	0.09930600419529252	-0.17288603352811882	-0.10547472572625906	-0.003258458344988977	
-0.393065616361308	0.09136585899610389	-0.2848285423726183	-0.3600314578447162	-0.2050716249891902	
-0.10539851463597368	0.24745913541495274	-0.024047194879863565	-0.2090713615472379	-0.2835807675242385	
0.2931765085152832	-0.04665496287275558	0.39335084624044336	0.09443304741310987	0.16618369955852166	
0.09017760032269159	-0.10079410549992475	0.1574723972417307	0.0684754294013953	-0.04032086751192296	
-0.06456959413032796	0.1576282166493855	-0.28810599199060427	-0.15804734742629498	-0.3037272005856744	
0.07306465111724603	0.1766971381233693	-0.05741401858445569	-0.1895803842702959	-0.058051735331882064	
0.09765463482681297	0.060151121202549715	0.19837258251252102	0.04828136390351651	0.0624339697224426	
0.3769462081651001	-0.09149131740172115	0.3277425174898408	0.22772505865692	0.2593279896474029	
0.06619717865099964	0.056975975307887276	-0.017474239616130247	0.2000027019823366	0.17581457901277872	
-0.06834716308327853	0.06869376050668255	0.0292751865528509	0.019252159724246806	-0.08593277898656153	
0.4341662780383304	-0.011423855651978645	0.6263538014696338	0.3347247507435301	0.570231524910271	
-0.20618628532666858	0.21120375509266384	-0.16858122874697304	-0.09705402644268635	-0.39107350602965385	
-0.199925750155199	0.054181786975207175	-0.01683699825420548	-0.1006502017296342	-0.1376865580691257	
-0.12490675034383639	-0.11047421989198772	-0.24226772801317048	-0.017931165235364484	0.03980958469177424	
-0.41129282084492946	-0.055397376064625796	-0.2221397356717847	-0.2945905040550735	-0.15468003249555073	
0.10699368311747243	0.053829444218748905	-0.038811337155489165	0.08922060472501597	0.06290205566400109	
-0.3267383102397146	0.04035583315584777	-0.3064408324751124	-0.1811994260306484	-0.1294094644892644	
-0.20351097255419617	0.09545664032720812	-0.10493366179280021	-0.11279390009017126	-0.21960648261310073	
-0.11661525932686087	0.22404897958923983	-0.3834970964166185	-0.09362491173264306	-0.20959397268653496	
-0.25844277851925734	0.17681817933919797	-0.4062089125920755	-0.16095261278629736	-0.43575537322596014	
-0.04537229285897508	0.08546299225875295	-0.05907679397930947	-0.013620493750107166	-0.20263299786652392	
0.0034472568604713076	0.11785883833173473	0.05302514188447492	-0.05783606727367838	-0.022405194743371576	
0.025644295671990613	-0.06324901934562455	0.36844933100295046	0.06468506890473669	0.129464143635297	
0.06128824868004379	-0.07923151882645225	0.0650767850308223	0.11149301032994312	0.14448417788683085	
-0.010210325880020353	-0.05258513455157322	-0.07923341618762131	-0.11198571380642977	0.00902109713474766	
-0.12054676019317172	0.06677397888698278	-0.0008862696863216376	-0.03438751513955404	-0.08521967730743844	
-0.2746329674217794	0.060650529369443824	-0.23645393455014999	-0.1284609731036115	-0.1921069996291802	
-0.017763846134629387	0.10484821934417038	0.047671021343056626	0.15624736687099366	0.14420615187548627	
0.02943129087806523	0.15232513993096916	0.07555587069294585	-0.007888831691472021	0.05582129831777131	
-0.24937253588442607	0.09950652670891061	-0.17451222109592787	-0.09078189384049727	-0.09539100925462017	
0.02264843851687399	-0.22398378666724642	0.4016869790331222	0.14235037281422083	0.3708020641705738	
0.13394736043180558	0.12190389324451556	0.08076240498469507	0.15313736720762475	-0.13599564472617198	
0.009968294767031998	-0.11698834139554787	0.038468714059676216	0.19524711534348269	-0.20012907879264394	
0.2936209638907329	0.1529737826662841	-0.036629828133469614	-0.01532023664228311	0.1879562106205444	
-0.4322172394012426	0.22268184346813394	-0.4235749883931168	-0.358081966973184	-0.5407961625168544	
-0.20682513672483258	-0.054581562661181415	-0.09921693610120651	-0.0906312948633539	-0.18150254119577228	
-0.012290960064895745	0.1425403375431063	-0.009491350448190898	-0.13094164009484283	-0.09843402542604153	
-0.39372655880011165	0.29871326069501825	-0.26042508499189226	-0.17087779724540134	-0.42088101818247986	
-0.1298158328268825	-0.015266167727364319	-0.2418909737902056	-0.01783529959122064	-0.09382782818854805	
-0.18324203584638324	0.042457744226207884	-0.35033149502954325	-0.16758045828053467	-0.20467087949493007	
0.20668751175248193	0.06562928989497012	0.005857936603008372	0.19093106569602195	0.24801569400434895	
-0.0192829137307703	0.17229284158738367	0.16882564877114273	-0.16453413723465374	-0.07021743246161738	
-0.051822368424479924	0.09952238865375554	-0.0491913593766721	0.058085761625209356	-0.1812102106565403	
0.46642790175712084	-0.03896211787635508	0.1325387142509812	0.12956816309259192	0.4137326185497189	
-0.010766613999914933	-0.020242699780007128	0.004773738082253291	0.05548691749463047	-0.10077597183687285	
0.11830001013779702	-0.020543940290581934	-0.07259265972231083	0.05661929503914371	-0.18741603555500772	
-0.29286230571477906	0.04027212291305172	-0.11130669686361848	-0.09591930506873556	-0.16800829514365642	
-0.22960693521442616	0.054751176988642375	-0.22704885807168676	-0.004427100316607673	-0.15592945410364673	
-0.016988120445756136	0.020093204000567244	0.06190486853879647	-0.09537724406804567	-0.04851526185566838	
-0.4906202546512527	0.0651314068297768	-0.6079903187793397	-0.26302663101941537	-0.45987338698498115	
-0.35689235165211497	0.20307694705388185	-0.47063087692420597	-0.32297033661075647	-0.48936933212595446	
0.044215820606874304	-0.026845945360969025	0.006679055618283524	0.052761116244460664	-0.059516405367725705	
-0.19354859689289786	-0.0622056097700589	-0.4770753584013712	-0.008183871826040452	-0.056698189847570066	
-0.35100766070687783	0.22171331517113646	-0.3504721681461644	-0.35339601852571934	-0.33839388283309624	
0.18775481627133825	0.06991267513116695	0.16033725362273388	-0.07201996441313224	0.1898355199497128	
-1.7939984949518113	0.8400457913328159	-1.9007095570028711	-1.5110562103940843	-2.367908982592634	
0.16315660517832836	-0.043707641543410516	0.10612373504153998	0.09259210187512018	0.3308445771399785	
-0.0988229956020863	0.08454694929481302	-0.21746329801590755	-0.32403323244094917	-0.018568780910663288	
-0.5703075096114288	0.16604687120017794	-0.4640540528830005	-0.3865994743693425	-0.5574445207446755	
-0.18587973827953516	-0.05589173631274247	-0.09074269439085526	0.0577346996680869	-0.05768666955327105	
0.36945495780659005	-0.23135106669848954	0.567583361414619	0.32914664025645185	0.5616888775817418	
-0.028772608436436916	0.013811762463225852	-0.18807324422373256	0.012647088833204189	-0.056762534495485475	
-1.026444666968803	0.2135371248894189	-1.3100866095069774	-0.8266065203621829	-0.8712373391202497	
-0.07767065519993437	0.12952252903095104	0.04129437131910154	-0.043091704733205	0.0215309582935103	
0.10415847976282687	-0.12671197480012342	0.09026298322545288	0.2155041273645853	0.24032117753594467	
-0.9689434801608569	0.7444017485572675	-0.9720506819215383	-0.7721627338255597	-1.247346136828071	
1.006999977094743	
