            A        R        N        D        C        Q        E        G        H        I        L        K        M        F        P        S        T        W        Y        V
 1 A  -0.0654    0.019  -0.1293  -0.1598  -0.0715  -0.1619  -0.0754  -0.1001   0.0245  -0.0038  -0.0246  -0.0286  -0.0064  -0.0583  -0.1876   -0.047  -0.0778  -0.1567  -0.0237  -0.0775
 2 A   0.0336  -0.0375  -0.0731  -0.2714  -0.1185  -0.0505   0.0051  -0.2746  -0.0506  -0.0975  -0.0297  -0.2712  -0.0526   -0.108   0.3149   -0.023  -0.0229  -0.1458  -0.0602  -0.0243
 3 A  -0.1097  -0.0115  -0.1785  -0.1062  -0.1323  -0.1393   -0.181  -0.1139   -0.102  -0.1067  -0.1814  -0.1585  -0.1117  -0.1044  -0.0939  -0.0605  -0.1625  -0.1443  -0.1152  -0.1233
 4 A   0.0322   0.0701   0.0567   0.0934  -0.0701   0.0821   0.0834    0.051   0.0456   0.0144   0.1441   0.1236  -0.0455   0.0643   0.0742    0.052   0.1013   0.1991   0.1354   0.0882
 5 A    0.094   0.1471   0.0948   0.0366   0.0854   0.0134   0.0647   0.0234   0.0694   0.0017   0.0373   0.0499   0.1121   0.1496   0.0426   0.0782   0.0484    0.063   0.0503   0.0686
 6 A  -0.0948   0.0642  -0.0485  -0.0294   -0.208  -0.1168  -0.0906  -0.0453  -0.1111  -0.0893  -0.0927  -0.1071  -0.0505  -0.0836  -0.0641  -0.0832   0.0151  -0.0146   -0.166  -0.0616
 7 A   0.2411   0.2595   0.2282    0.159   0.1589   0.2281   0.2017   0.1979   0.1772   0.2597   0.2641   0.1908   0.2578   0.2742   0.2565   0.2497   0.2535   0.2087   0.2006   0.2788
 8 A  -0.0239  -0.1131  -0.2432  -0.1191  -0.2145  -0.0864  -0.0928  -0.0973   -0.194  -0.1257  -0.0906  -0.1235  -0.0634  -0.1359  -0.0301  -0.0498    -0.09   0.0262   -0.121  -0.1143
 9 A   0.0535  -0.0398   0.2429  -0.0827   0.0165  -0.1795   0.0682  -0.0974     0.07   0.1369   0.1738   0.0664   0.2389   0.1458  -0.0814  -0.1109  -0.0327   0.0653   0.0771   0.0984
