TESTRUNID EPOCH: 97 L_PCC: 0.9362431509785164 L_ERR: 0.0008051335596167076 T_PCC: 0.6345183179007484 T_ERR: 0.004686328343300504
180 LAYER: 1
5 LAYER: 2
1 LAYER: 3
97 :ILEARN
0.1751618779289082	0.07924883485768504	0.12035912875817713	0.11529660460636096	0.090660703399307	
-0.19573102511879537	-0.22599072191690978	-0.1458476631398265	-0.2594547642724226	-0.12743756163483713	
0.216845870311637	0.1363460772301718	0.20528368979061482	0.5208874043162433	0.2761260674288233	
0.2620943312482567	0.0753762892171741	0.33095040990007557	0.4108899078575834	0.3366117514578597	
0.09336867121802309	0.10342036044007355	0.003423573828765837	0.09537829023797391	0.12972044464845178	
0.2237752868426887	-0.029055434877434384	0.09437808160076619	0.19119804070102595	0.299515484845448	
-0.22524411420499826	-0.03789564319138908	0.05297822280388206	0.25875383875169905	0.07770774351128003	
-0.0912744145814799	-0.046462892738184214	0.0247029344666491	-0.166756871985362	0.02569264865381215	
0.11558023122130197	0.07115760244284147	-0.045747283317594846	0.08106065679714299	-0.08983057615223294	
0.043545223319879096	0.08185897467710507	0.04875023193730493	0.07942695389236736	-0.0004002102676676953	
-0.06103490937319497	0.06287737200451919	0.03485577585597949	0.18154288917984024	0.16029272961917287	
-0.011649251207164299	0.023768881968535393	0.04729367011170284	0.20326782222378395	0.1843773223343686	
-0.11572727967411431	-0.037127091800088	-0.056317843119830374	-0.12194258958368334	-0.1435260178092172	
-0.043647137978890124	-0.0199786120776344	-0.06964187781506401	-0.15986178543341048	-0.13249464356110485	
0.30891934285551276	0.004841222498160389	0.1570078409087297	0.43849984672111836	0.3125737608750361	
-0.19497534942885203	-0.0031782740821608303	-0.1279217608332772	-0.11977942192049089	-0.10500820639952334	
0.1942423180838815	0.024381498345831837	0.1790491046089104	0.1384707445017483	0.13311249656080237	
-0.22696825484194724	-0.18924320080488602	-0.27499758370533706	-0.4479496977404866	-0.4239717186927052	
-0.10724453888595792	0.07208489246003146	0.01190125158896598	0.09560298537419695	0.1260198987051936	
0.1540142991549201	0.18547274242750347	0.3192491071528015	0.40823354597125405	0.4552681998097566	
0.036963594340929336	0.023602654716686326	0.14594425603620698	-0.03214557461949905	0.10344434672803705	
0.1639235461014992	-0.050332871107751566	0.3363726583841982	0.5443871058758518	0.5243239743381165	
0.10874453656828367	-0.003062781736045899	0.26860160506894987	0.26731644836924784	0.12759965838518522	
-0.12690702676801568	-0.031368687476520496	-0.10663281614054006	-0.26073893087978817	-0.31753647882663905	
-0.3167688961011436	-0.19834047233569843	-0.3564493328327571	-0.5497764759485206	-0.3525586607022232	
-0.380865066906558	-0.19679914694477962	-0.37960192174917856	-0.6762442016186854	-0.5190132515483074	
-0.9147139986171497	-0.6791898735620137	-1.1063832081283713	-1.8999760092756102	-1.559669127690072	
0.15102445496036232	0.14604248388974309	0.20438040941368527	0.35845312076846525	0.317594952135186	
0.14788260784446522	0.00620245145004836	0.049083884223961476	0.28790827208357417	0.07090057568138945	
0.20052725981634764	0.08244012080421431	0.41091848698249317	0.5817187337465624	0.3796121317282736	
0.135515890253151	0.2180267710937396	0.37695770486824803	0.609453720715481	0.5513745909039268	
0.0685568378657441	-0.05988419432348212	0.03845693440099475	0.11767616243076294	0.11343203763532286	
0.1840362216233585	0.09938805772851507	0.31717736768955135	0.4713130457597562	0.25123289634958423	
-0.1214826759888688	-0.08083260625182068	-0.016477533537335488	0.009899036978054448	-0.01024739206860292	
0.2838143516728739	0.2371140094288975	0.45003149803311054	0.763617945824922	0.688706223261706	
0.21309058908686263	0.10396299271971547	0.13712298560318562	0.16712275606868465	0.241533594676962	
0.26639527483979203	0.03309777957581345	0.4114123336151221	0.517072219250373	0.508412191065879	
0.11753182689778613	-0.04186536281359714	0.08256507962401402	0.07149285561763197	0.14476586083440193	
0.08716312304292353	-0.022314699546102754	0.2342710123002143	0.39415495033057324	0.36601245646170183	
0.13561410275063412	-0.0754930096119134	0.0326120018767586	0.17040146868354097	0.23882942498491277	
-0.016396414739016013	-0.038713666464020816	-0.046145883896016864	0.04974999160449155	-0.1077523896333833	
0.1269747532816538	0.07747845100949083	0.229848437767365	0.5052191766132402	0.4449300075925448	
0.3010532389174037	0.29074939224105767	0.22941446985553304	0.1440776321166277	0.16927818796063526	
-0.07082158049272769	-0.15130798401696888	0.09192529498883491	0.005972387348598713	-0.17051938276226541	
-0.09010062510250694	-0.07202302186141758	-0.11793570911178611	-0.03132033530533826	-0.0930812536423646	
0.18565823016664842	0.07824038349708087	0.27923747238067537	0.4115404379269317	0.37932742943267406	
-0.06202121016756841	-0.07586653105893494	-0.012444677667237027	-0.2628758203360385	-0.12058011998426305	
-0.07423275105473948	-0.1648317243022389	-0.07153579748733521	-0.030295496900585	0.0477077709898447	
-0.0781168475926144	0.04064323199785485	-0.03282405281691006	-0.16098730807498918	-0.01805809488877611	
-0.07018432009085183	-0.1887849290678922	-0.11242159233421414	-0.23057814891062653	-0.07446666796342083	
-0.11949172537674269	0.09461230393887374	0.006864552050877096	0.2874606244127881	0.19587385286237166	
0.24645901659919017	0.10769867689638385	0.32722157595690904	0.4667057305997025	0.44812289309600023	
0.17917827575159673	0.07093647129386275	0.15081423101263655	0.12250900969640484	0.16178214845149508	
-0.057676205996317585	-0.10625683107485577	-0.1272132736145238	-0.25872258728023523	-0.19701641862637992	
0.16975797227140646	0.04944879991837729	0.3510807081872211	0.598216110189729	0.5926022212379131	
-0.015850582749944185	-0.09790746413792645	-0.05221462371723599	-0.1078320076082705	-0.03120673697736277	
0.08334749928344082	0.07839799312796256	0.11701689073763506	0.1993674152324057	0.10116002501831513	
0.1117377806551343	0.022553032010510267	0.09961567501774388	0.08135158137285185	0.10487836742238706	
0.1905074351882761	0.1013620375691868	0.23199911061923842	0.3379207128754221	0.2622727748632224	
-0.08834066525710842	-0.06088676411981366	-0.08505157653031169	0.13299209943930734	-0.05986112252301378	
0.01576731373472335	0.000795288335188816	-0.021969665355669427	-0.18473468858874056	-0.2391993641988379	
0.0396202551812203	-0.05077696047525153	0.02600919534963347	0.199930179118838	0.08537496470992806	
-0.052349364668775274	0.025212255959680505	-0.2131258524533487	-0.4332178033934419	-0.33741744068222884	
-0.08420136587566712	-0.05098643712588009	-0.019509037140082626	0.11646976848473763	0.17133545519696064	
-0.11765286749168885	-0.013153608866531314	-0.14292525651259144	-0.1517265066868852	-0.06753232497424039	
-0.2238229697779295	-0.19542101588716068	-0.2498038251772217	-0.30877447475794406	-0.20008163358427727	
-0.11752702903760402	0.04407494025808633	-0.04531305080605991	0.16247620831175238	0.14299835615756012	
-0.19759682705066617	-0.10762885248919025	-0.014164331937270139	0.041005529102618905	-0.11397674844538903	
0.03364363012246048	0.05192446454632168	0.03322361243106276	0.04074004021682374	-0.11084797341995094	
0.5064145903493951	0.24526054319714116	0.5467481106772454	0.7679715641956835	0.5795936618107937	
0.25086326462146197	0.11151935090288043	0.13075308348832548	0.10465040396662997	0.1647559284355524	
0.11307909025274451	0.13892399650528287	0.17932272156118173	0.33304018783998524	0.30396955476701953	
-0.15037643714887006	-0.1144430202332299	-0.013885438575809499	-0.14224780154072847	0.004544540657727017	
-0.07085246877274756	0.07122265539551992	-0.04519920430418957	-0.033612217214475264	-0.10908326873354418	
0.043803532947836406	-0.13692768789130902	0.02267889599268651	0.2666460695226268	0.11534918997347021	
0.04020972607111642	0.10362673701789166	0.14727172046369044	0.1911091172309667	0.09562005775562601	
0.41528072753248335	0.20755458001330618	0.705343604080346	0.8462975436526154	0.7851029397112725	
-0.0019127422704158707	0.035463657736229566	0.013911289751238199	-0.11260475337318604	-0.023292497278552583	
0.12532036074844796	0.08655767197452448	0.12366118931918946	0.21944207032646612	0.2702356159814064	
0.09659060496014657	-0.061917229627422986	0.07550912594376655	0.01089838182023804	0.02321034563644401	
0.12279392510409184	0.07276397098958627	-0.05464465134180027	0.1663298499480369	0.13222088662069906	
0.43791991713057715	0.06461399971468428	0.3305150596445834	0.42791140368777625	0.43688664185723775	
0.018604015591430642	-0.00267955391821513	0.19439040348681158	0.2729944330027366	0.25205969505984627	
-0.16617384409924418	-0.028205462519064257	-0.11058495257219259	-0.16210719506609234	-0.09607553486166083	
0.13146488361946052	-0.007043658274175003	0.11760262440329257	0.20994637130912772	0.25611701142049503	
-0.15999323535196575	-0.16552732778910073	-0.05422806988496003	-0.12982518622574044	-0.06490389532727943	
-0.14682827469234758	-0.08827810774251667	-0.12516827457782134	-0.14376811033427242	-0.12709294665974538	
0.13871089852064408	0.09817422684762353	0.1101197328379534	0.17626743738801132	0.10346135064940903	
0.018210154510796044	-0.10731681676201836	0.011753736630233592	-0.08960162021192464	0.048224775951516	
-0.05186899484606084	-0.07279566824599554	-0.120122466524206	-0.5035715261561183	-0.32419579478304356	
-0.09489344371260394	-0.11054073725774281	-0.026909229229619164	0.0065658189296869205	0.023885574525459308	
0.13158421336281598	0.1253057313813966	0.13876231866866484	0.3525650348064058	0.21343775532545517	
-0.1602833681636768	0.050085718008558426	-0.13650104323263285	-0.17681687368175802	-0.03579865785912269	
0.02408135550995699	0.08519404619368001	0.031548502553796	0.09199533119391778	0.06670627730365558	
0.20203855812973434	-0.0024229438471633277	0.20794313466549486	0.42536745210206045	0.43627703557850234	
-0.14133018209668882	0.04809726175906903	0.16517647898683654	0.10265063491352006	0.1033995591263165	
-0.07324893222800086	0.0753974822509295	0.006313752307986295	0.025913573260645483	0.03929029452522309	
0.8255845545241867	0.3755731770428203	0.7998483171356493	1.312697399955047	1.1069416011726936	
-0.2625160142392296	-0.04726421900733771	-0.3231539534403287	-0.5826205598669145	-0.4924475567297692	
-0.15322756925720282	-0.019585171681291657	-0.14598839339821676	0.08145660977163184	-0.26081825410320786	
-0.06981111824893609	-0.043117634106052696	0.022394915002859138	0.15350214204471277	0.14572627938205113	
0.08337193526548134	0.08061959109713462	0.03982326661860839	0.12006678168132394	0.10491936254549919	
0.2318184347752911	0.0480703721682758	0.13994938382143746	0.3690447486964869	0.4085110592909095	
-0.07431263858673433	-0.10606705256781979	-0.1704748158943064	-0.32436402371923306	-0.19868661035039276	
0.19562458174429703	0.05988575966863466	0.26936615162023814	0.4147708628172355	0.2647201811467051	
-0.0976351331634118	-0.08786135541328463	-0.1298513910579001	-0.2356549631203505	-0.15511756200049573	
0.13900459305081572	-0.056822163445658116	0.1756418248979939	0.30726781345155696	0.25316437839052297	
0.012713520120299138	0.0008693494945858732	0.035794811816050175	0.23771727551268293	0.1644900098387018	
-0.11131997874257367	-0.10711692353008002	-0.15029469992961747	-0.361653031031737	-0.32196293691413314	
-0.3155467482221113	-0.003885036448318478	-0.17829716437399878	0.16622174734742845	-0.1673747440304846	
-0.00035598777980132864	0.020283421976724173	0.17870569524575672	0.22255688787009426	0.11575770870750168	
0.04419668419559692	0.0034082256025715144	0.12088280057050067	0.2187212450404426	0.08865020318014927	
-0.0022181073335847245	0.04400135307242018	0.17045183329450123	0.10003295632773489	0.22666253323161353	
-0.07199211008661036	-0.07336556701709789	-0.03893206572125533	-0.2700702116059749	-0.33335556295219515	
0.017182401674606215	0.07955439764466432	0.1656180863293511	0.2576156299507377	0.2584748435267804	
-0.020278290254571008	-0.09450519472309404	-0.031539085839700665	-0.12943774823449658	-0.13339348224778338	
0.09562796146669587	-0.10755511345210589	0.1201707425789472	0.0734302859890385	0.13998794960622568	
0.15088181241217163	0.07220119243957852	0.12754211480832864	0.31972625254200243	0.33514892761799836	
0.10690587265138733	0.09442141752148138	0.24754244742139173	0.18155553819773232	0.18569782344834931	
0.1386073585961412	0.0701193591042778	0.22636026997997516	0.049984073659751035	0.12905240562884204	
0.2768707770703409	0.1737222047250013	0.23718033939797872	0.5590632130643856	0.49533704756969993	
0.19442491750346166	0.07916974091961769	0.13474579493636837	0.13546813353079637	0.2285716063533745	
-0.04183639232828679	-0.01738476864084413	0.04623943218640328	0.07684105288103063	-0.08921056232213952	
0.1992447137756453	-0.05213025498173225	0.04213719830218642	0.2155863721580451	0.19561151152945042	
-0.36565506308043927	-0.061294001145486374	-0.41569759639590875	-0.3963871690869909	-0.3257852943853372	
0.03427283482551441	0.05259088260650579	0.1288583379572816	0.06407545903204613	0.11113849759358764	
0.04717938625389396	0.07341110858766443	0.1946389108429964	0.059663297131059494	0.17647256601487576	
0.14779383567138152	0.1791835144440556	0.3137978050952715	0.6104212365890498	0.50623444337462	
-0.14906727522084715	-0.01393324310227404	-0.10528604096039933	-0.2633376926103849	-0.22008136818663915	
-0.02329168296210051	-0.10564397313311273	-0.004567451832810699	0.25956654085005015	0.11448794632671955	
-0.053705747126744224	-0.12421505721300928	0.190975854721184	0.2836815511710955	0.3697991398630917	
0.14066572464080845	0.14793285644543633	0.208957176447463	0.6141552376870618	0.36501845400635263	
0.013417819330184207	0.05905415339134128	-0.04839020983889419	0.09253090705015432	0.0030961427205886357	
0.13329180546646532	0.024477666654014463	0.00912245532438246	-0.036289576894244925	-0.11160275472198518	
0.024910700417899924	-0.05206668710610056	-0.10145327489701277	0.015313298493772535	-0.008247457662518814	
-0.025098117413388684	-0.08488140261291924	-0.18692030488724365	0.15205987999863643	-0.016961171538004447	
0.24713466207594006	0.10245352025565828	0.20506798938299806	-0.09682416011053928	-0.036078595718104824	
-0.21038841237475792	-0.12666101749535677	-0.28639566491545304	-0.5019900965265894	-0.34732909164274695	
-0.06957463964983644	0.057490795934911236	0.17751768662376413	0.16749182839039203	0.1059960804158234	
0.04554186035742207	-0.01933876060983766	0.19082369511174016	0.1271573051780592	0.07237519682759663	
-0.19927053038121495	-0.15236432890550725	-0.1550975997391134	-0.5189057168893736	-0.3204997528761013	
-0.03612344270780353	0.04771530173563603	0.016474854918459573	0.08153860061466749	0.1456638851127122	
-0.07656263282506211	-0.046454241046066616	-0.01657125928904135	0.10030978802905526	0.13209622071423907	
0.20880398704062486	0.10425929243347061	0.2215660823243552	0.3184587116669442	0.22575033677249637	
-0.028009761017791273	0.073060396562167	0.027011016998207564	0.10531225267178132	0.04342172853545901	
0.07128324965938795	0.10999563882189177	0.012747624162995594	0.14143917807718856	0.20917350218795358	
0.07318054865539733	-0.026034496015414917	0.1725244485716257	0.07202528560846465	0.13787329792136307	
-0.03093493194875661	0.04857796191985035	0.028668002038257367	0.24214314348778987	0.029913031173535873	
-0.06473291608647631	-0.16909962423781771	-0.22273811021697465	-0.2814068581330199	-0.3400964121632978	
0.16168259474870392	0.05017957514412126	0.06566387447152887	0.1386395384388608	0.23403074637561633	
-0.049220605445065735	-0.15170089406414486	0.03565826384301303	0.08085964750250631	-0.025076007517360024	
0.0666112247661343	-0.0313361352160098	0.08851690201371196	0.15194112380993482	0.13024618888841424	
0.2811095218578766	0.23692848503392405	0.36940064373946757	0.520129097930594	0.4396508163997256	
0.04609378121551134	0.100700065121148	0.20637251559774167	0.3738815653175425	0.2956336985682817	
0.0995613311881939	0.04206620712145967	0.1409171635738709	0.16795822640421407	0.13000628723012445	
0.0539794774567086	0.004840889385778251	0.10498658885371084	0.23006602028228493	0.18608700332448577	
-0.08232694158821112	-0.02727567221280106	-0.09968416902085758	-0.11226155035932237	-0.15667940238129832	
0.0007130077369184202	0.04251373031729063	0.06667138562178183	0.016132828780328286	0.10384341360980358	
0.06946753832258609	-0.008173575336026192	0.05981409100243827	0.20965167649167876	0.10182118172910191	
0.054797027420099106	0.04633664127228217	0.0532720160630133	0.19239619173337325	0.08035747913472034	
0.059958400287848976	-0.07520201071152102	0.07532339399308503	0.30173510922586005	0.14900041692190244	
0.38366841233201765	0.095997839096053	0.3799423675564563	0.6069851512998277	0.4255869275246955	
-0.10141041141605563	-0.017124413773371757	0.08496471136428732	-0.03343615224926257	0.05414848292215636	
0.4191881458814708	0.14974032820552746	0.42876921333142826	0.7523478012443872	0.6657725258063353	
0.11174715362456254	-0.011722192831657591	0.12344919471909915	0.06519643685613631	0.0959075927156338	
0.04382278920706965	0.007698624439549484	-0.0009232852159067652	0.15040063930827058	0.15055123220469488	
0.062158728760005375	0.05319108818380938	-0.00558861294543065	0.04465654405058433	0.0965693613490567	
0.11905981144903163	-0.04216391876308191	0.054531228680740305	0.13322177811423322	0.12674018472448154	
0.07239494484514451	0.03768623785198346	0.12059841798584471	0.29473429989148214	0.21016752114505097	
0.07596346314702249	0.05263024531194995	0.07792337295053302	0.3455367782140055	0.2579254370088505	
-0.14510613464321465	-0.24591809930977424	-0.3856725365732746	-1.1524449271861965	-0.9293497377154055	
0.03026251365203784	0.06088022369482522	0.07444284906852629	0.2630184687145726	0.290510956087327	
-0.20169912490221234	-0.13579239497077872	-0.20776413406640898	-0.251009245624666	-0.14763525967978477	
-0.09937176673378931	-0.17406771506185142	-0.14545619132865703	-0.6630285070848222	-0.3803913234857473	
-0.02585543885635345	-0.03171439750367072	0.06616172722489684	0.06439974244090325	0.1391752427997556	
-0.09106945796650558	-0.06648959653289359	-0.10073693620876988	-0.04959495114555452	-0.011992549373976934	
0.0652929014870244	-0.02435978135937197	0.1538967316897494	0.11176005842234266	0.19358505330432826	
0.1763600372549761	0.08286714813239145	0.12605895382304563	0.40753134255029627	0.3277604318776712	
-0.08287418354646013	0.02230640424329358	0.1723734743719711	0.6502966367856898	0.6397804401147715	
-0.19751254127720308	-0.09464569841889019	-0.12832699942909243	-0.10888826483227768	-0.1871333808106903	
0.6520203831493608	-0.011334022396103458	1.0940295135475777	2.1181760695504455	1.7544337924939055	
-1.0407257776458296	0.014154824810187176	-1.1910746834215464	-2.870000650081361	-2.1148527349646833	
3.9365457116618687	
