            A        R        N        D        C        Q        E        G        H        I        L        K        M        F        P        S        T        W        Y        V
 1 A   0.0254   0.0421   -0.035  -0.0401  -0.0175  -0.0416  -0.0289  -0.1043  -0.0005   0.0653    0.023   0.0042  -0.0113  -0.0969  -0.0765   0.0137   0.0336  -0.0706   0.0037   0.0213
 2 A   0.0093   0.0026  -0.0241   -0.083  -0.0531    0.036  -0.0473  -0.0536  -0.0357  -0.0686  -0.0333  -0.0971  -0.0179    0.162  -0.0726   0.0059  -0.0209   0.0898   0.3109  -0.0534
 3 A   0.0687  -0.0022  -0.0856  -0.0423  -0.0252   0.0214  -0.0579   0.0134   0.0539   0.0427   0.0267  -0.0685  -0.0015  -0.0213  -0.0043   0.0118  -0.0108  -0.0302  -0.0459   0.0326
 4 A  -0.0047   0.0321   -0.047   0.0093  -0.0585  -0.0299   -0.008  -0.0523  -0.0349   0.0019   0.0419   0.0193  -0.0356   0.0679   0.0076   0.0148   0.0046  -0.0625   0.0439   0.0123
 5 A  -0.0075  -0.0271  -0.0033  -0.0068   0.0444  -0.0163  -0.0553  -0.0193    0.028   0.0161   0.0076   -0.051  -0.0071   0.0476  -0.0091   0.0154   0.0216  -0.0177   0.0088  -0.0155
 6 A   0.0142   0.0057  -0.0319    -0.01  -0.0623  -0.0153   0.0016   0.0182   0.0303   0.0297   0.0467  -0.0363  -0.0286   0.0741  -0.0696   0.0107   0.0065   0.0037   0.0101   0.0481
 7 A  -0.0177  -0.0321   0.0644   0.0147  -0.0477   0.0007   -0.004  -0.0682  -0.0136   0.0384   0.0215  -0.0567  -0.1066   0.0795   0.0392   0.0506   0.0298  -0.0076  -0.0206   0.0111
 8 A  -0.0295   0.0098   0.0172  -0.0282  -0.0733  -0.0549   0.0331   0.0569  -0.0133  -0.0537   0.1081   0.0067  -0.0192   0.0393   0.0179  -0.0035   0.1129  -0.0464  -0.0301  -0.0191
 9 A  -0.0332  -0.0637  -0.0406  -0.0129  -0.0303  -0.0298   -0.037  -0.1302  -0.0389   0.1487   0.0761   0.0634  -0.0385   0.1419  -0.0531  -0.0378  -0.0043   0.0024  -0.0168  -0.0184
