TESTRUNID EPOCH: 7 L_PCC: 0.8158245743774725 L_ERR: 0.01494008907918376 T_PCC: 0.8093459856299657 T_ERR: 0.015515211506106354
180 LAYER: 1
3 LAYER: 2
1 LAYER: 3
7 :ILEARN
-0.4775233789795056	-0.4543729538353329	-0.898853410959826	0.59675976873788	-0.35838313556504486	
-0.5338318159500213	-0.3424291997308147	-0.20960136560755852	0.15290842126252524	0.3830690322829827	
0.9657811919682079	1.3076096635293852	-0.45551487777301347	-0.38870387017781693	-0.108055118751382	
0.06815783246345188	0.0990265178033571	-0.3707929142634259	-0.01865130074712469	0.3746542298851644	
0.20912984318640918	-0.7299699514305641	-0.19851702918749337	-0.7657469233380704	0.14915912670014722	
-0.21052538089776848	0.0847751474558286	0.16332293207879112	-0.3257647546476338	0.08557386607125242	
-0.36790943126157216	-0.12273095341098907	-0.1750309981798787	-0.4417227711748181	-0.6862056678474624	
-1.0425811337916315	-0.3665947528878393	-0.34662552400908675	-0.9304631829292555	-0.9553499955650548	
-1.244902230494559	-1.4006079251669936	0.1300966954990545	0.3769274191241839	0.09323128417004807	
-0.662757441695024	-0.5206849570845322	-0.712320472393245	0.06591125022433246	-0.1306867787429608	
0.06490089854197156	0.2782659595972761	-0.15432383014314757	-0.4518773220481449	0.32404112130166957	
-0.9053776002233916	-0.3042652705389451	0.7137342522575503	0.04237322197610503	0.48859626168120934	
-0.23798974230230194	0.3043454892446685	-0.23004153512827583	-0.12169762814449922	-0.0006307174141063673	
-0.28202956594236045	0.771799470704796	-0.24703303755007341	0.8654871511736604	0.288281273599105	
-0.02585774165485546	0.019228225348583428	-0.17504378100966148	-0.14980359360972265	0.8149186478210645	
-0.23559132846869232	0.01574031789088419	-0.5289593204154104	0.06684875792695702	0.12452256888546173	
-0.059663060017050074	-0.053534753457372485	-0.11597196718934615	-0.33489416583121095	0.01400061108149211	
-0.1460606166886011	-0.1483825509257281	0.31353905223617207	0.06546816126133756	0.1804766912510675	
-1.3336910186673672	-0.6255130224982675	-1.4127468502100675	0.10612631331287309	0.032586660450096054	
-0.19683754072734128	-0.5263311177269356	-0.5539425924413277	-0.9898272696111161	-0.45463060121309556	
-0.3783802980830092	-0.5931937013179631	1.0169342587354198	0.6949359048584537	0.5424456936168437	
-0.1350089744584905	-0.03002458343079202	-0.18410746857979327	-0.2756234681327267	0.23074487301375393	
-0.44590408913180307	-0.27803041768492964	-0.014818339833783854	-0.5003742718357088	-0.062207953460591936	
0.019305361075952654	-0.07835805725396612	0.4255580710447699	0.43923374941084253	0.3970247701143359	
-0.6166515651862676	-0.7200848764939357	-0.9907712391290681	0.29679525700418113	0.21781079524794564	
-0.13098671762816744	-0.49791148519723305	9.105802370726638e-06	-0.590723117010481	-0.6071344029570036	
0.1914026287888126	-0.28830374608179493	0.04999138833698515	-0.2512772494131022	0.19388670866036042	
0.284895292723445	0.31665349723739833	0.08343888164006287	0.020282750834235645	0.35122602628464517	
-0.08404918499429875	0.16613166679568475	-0.20660167642506574	0.010737929771294705	-0.06462648109647602	
-0.10051644675007904	-0.0046332644989324975	-0.13258442601513087	-0.20822741047328022	-0.2919357865708511	
0.17746750486627916	0.38464518839501094	0.8025866153374785	0.36250124043242654	0.2494974059027429	
0.08099913462270823	-0.5355701155104546	-0.5375252184440927	-0.4680387262048409	-0.7724031677644736	
-0.8275753084971676	-0.6729586209114827	0.2176335226311786	0.016870702319760785	-0.2734498618868535	
-0.49465196379718485	-0.7198842812742059	-1.0913810874629415	0.4739980474969907	0.23949906311908806	
0.20039069014728095	0.26958054934053927	-0.10928717052641765	0.06678208503887342	-0.4758693355229817	
-0.27050654858603385	-0.05362196870642434	-0.006099993163601102	-0.23059724095325912	-0.1871237282584087	
-0.25031974986152244	-0.45413582312183287	0.08842846777030106	0.5177165699650527	-0.203287312334906	
0.16865051334694978	0.053077210270860015	0.05647307800049798	0.8656087755127445	-0.018637731289196623	
-0.4160318675192855	-0.5228250074163937	0.18327224559774327	0.05091667936344945	-0.31591564708562114	
0.4665957100568563	-0.2680113654110901	-0.013412307655450971	-0.23583513512844412	-0.3624368118190879	
-0.34523619097291314	-0.059613025975295705	-0.08659429578943226	0.272279616105029	-8.48742126646182e-05	
0.1535895114351456	0.40032499993596676	-0.20246869349227342	0.49455348688532585	0.19483995954063946	
-0.10134618042519081	0.3326270312014152	-0.15546321293057505	0.3260811635239959	-0.2480457481067361	
0.14322420439304173	-0.22851447005926262	0.26434106248512096	0.12030746283688643	-0.30812277475071115	
0.12065537752324756	-0.29247477634898394	-0.006315922261166604	-0.34850165193862864	-0.052846843189554994	
0.489302937203106	-0.5398067794267895	-0.08547172833908741	0.7606521798564333	-0.0685902737005249	
0.15986392761807977	0.21369576771395388	0.028543259874410195	-0.07999321101302635	-0.051941963619338304	
0.10081965883750635	-0.19987410388689453	-0.13054765191712772	0.22184890912545593	0.05230740529445816	
-0.5571031940569083	-0.11118735626183997	-0.49176716423815203	0.20613406087799707	0.3030300797221749	
0.5087098073268975	-0.40340140365460264	-0.011838817834493386	0.12043299219979879	0.12629543277335148	
-0.12237806548629374	-0.3852781472331171	-0.15856226959917327	-0.24528739738724226	-0.03514836728650305	
0.05949275795430799	-0.09468418419088177	-0.469889726223255	-0.2527303681452563	-0.019058607734426507	
-0.36027430100526897	0.17947050803881104	-0.09697394048637809	-0.20440518598693405	0.21843170653146896	
-0.06646657347850084	-0.05604773372343294	-0.6778261812725086	-0.27801590395301606	-0.579381404869855	
0.03294394690287934	0.11460485177902528	0.12710535001419945	-0.09974259506119681	0.05460486819166892	
-0.2417838463576366	-0.060690364213989545	0.12102947182656627	-0.13127221871588815	-0.3050715796232977	
-0.2945204136749711	0.1466222543189482	0.7125281882800306	0.15469844576605873	0.500143616357792	
0.0008428386846228689	-0.09894253886103828	0.12252157848433563	0.14718429022982643	0.2989376663477707	
0.8682894348758161	0.3040719089868322	0.09024023390512838	-0.041163376524479	-0.37842098075149533	
-0.43575252015794286	-0.4288570563000443	-0.6603247120742326	0.018556176205477597	-0.3237392555581919	
-0.027461921805910294	0.20251439351719655	0.09252478916840039	0.3460377552571337	-0.0703420458836034	
0.4755416496097202	-0.2191405576531964	-0.28739098657484236	-0.8248009340533469	-0.00866753288338201	
0.0738433201237799	0.1730380969687909	-0.019153321589636934	0.16132384680256784	-0.07453709887309991	
-0.26810722163579637	-0.06593305283511905	-0.668093152016415	-0.09625359272467367	0.18295029160627682	
2.700823600895524e-05	0.7421290825572787	-0.3880918324543993	-0.3014012938552588	0.0659157505836441	
-0.06424842015383425	-0.30684413251712883	-0.6179432830722387	0.06015688449722606	-0.24368460097625025	
-0.591348901041998	-0.029229923606135133	-0.6557074686092015	0.6982970532266162	0.5146713255374874	
0.5719992965215964	-0.2799314689271934	0.4007364977826149	-0.4022801625537975	-0.2175990309327194	
-0.4882216547515625	-0.40867675367325457	-0.30127879683557085	0.2577482824730313	-0.08577426723885369	
0.09622740409254138	0.10193766965389361	-0.13209008827349134	-0.49120878769581294	-0.35858372536440924	
-0.5136419799079532	0.5957139875861308	-0.25789523159805655	-0.012176959586758365	0.028707362189247056	
-0.3726361843949315	0.24078052919073134	-0.708884618980543	0.2304722522321685	0.15391879439778586	
-0.5959534370104624	-0.33601983873525165	-0.2960476266973191	0.2956427297130601	0.29494344030167197	
0.42178672501981	-0.39380413901402167	-0.4004296258295127	-0.3248242629605499	-0.42440317637965036	
-0.3752803491168519	-0.7095292747077019	-0.2342297008177313	-0.041711102933027766	0.18694413488536835	
-0.31478273872913326	-0.007192821310242895	-0.28557656316901225	-0.580059704145412	-0.3298388699440265	
-0.5227465315984886	0.2438542444745503	0.19836270569101255	-0.007566233158311181	-0.46328568353240474	
-0.203861032652895	-0.27576707680155216	-0.10416456461147067	-0.16259044169542033	-0.047175640394207706	
0.15044132933956766	0.18418684688120288	0.18297699408512033	0.6746957932780606	0.777987375984498	
1.082708303445415	-0.1122079355888034	-0.041023904551861445	-0.12698465575655637	-0.32243911901210637	
-0.08817935272408961	-0.29244612120212043	0.3559482968123772	0.16106936622494783	-0.4838458609636334	
-0.048568979956445935	-0.005164148618371621	-0.2883027942328461	-0.47862932389830004	-0.09470617795818974	
-0.831774201420135	-0.21511096837165883	-0.37794578125849515	-0.5400731209873498	-0.5441920041749703	
-0.602821965917678	-0.5904394077889936	-0.4197039385292191	-0.2682111178122255	-0.3526725669850418	
-0.48020125797388596	-0.20595460240174848	-0.14886642293945074	0.3051041444623212	0.14325943906095084	
0.055606581445881285	0.1402650116155911	0.11137126960021737	0.20526847495013828	0.5939559126174472	
0.1602634561541359	0.8441767600241142	-0.23645343498415125	-0.11347115761564273	-0.10427457353544227	
-0.2755194353676717	0.018390407536901573	-0.5270764285224887	0.049749746517401175	-0.3858396414648067	
-0.4936918499141169	-0.5085042531883117	-0.31502240994963776	-0.26194035773221647	0.2171372579386744	
0.25750940009860446	-0.1848678083571768	0.2594445909929432	0.16132002479969224	0.6007371497746381	
-0.5749929545651185	-0.4646127762820265	-0.3998659468812408	0.44242058982738175	0.17498216844573888	
0.10693809378086669	-0.03187758501866425	0.14937187653088957	0.16402540872148508	-0.32380772435799315	
-0.47420839005509974	-0.8854479709634144	-0.2907488204810954	-0.038714622280513235	-0.91086921630425	
-0.5249848680177066	-0.02160540679896302	0.0936944321755849	-0.33975311748631476	-0.011128845546600936	
0.4986046871860492	-0.008188817212316495	0.16680771608975628	-0.07305476489966625	-0.10918096898553066	
-0.17473245761690576	-0.45396724404971545	0.2199706169152672	0.18097488302848816	0.8277486901100083	
-0.8171746079707654	-0.44682475641976616	-1.0344188311030027	0.38099317570369046	0.1126772240580973	
0.026612183286433333	0.8432923456092772	0.6515364250822043	0.9555935244278017	0.4684337122679109	
0.33007887260277397	0.44179736994849383	-0.4962407663940345	-0.5358507706998149	-0.5595544958101841	
0.4234969891745407	0.4158435521233689	0.45003910228222666	-0.07573076153466216	-0.1896622383884349	
-0.45440689247646987	-0.07977910650580544	0.041947221482186305	-0.15201580981935273	0.42949061729198956	
0.5963636074617219	0.7837266937178567	0.3580305504309796	0.2025563315886846	0.4442238964643475	
-1.002715106249443	-0.9686161001321042	-1.189807732774874	0.7552501145687265	0.6452144461157341	
0.8211526933296922	-0.0690616731261336	0.0595624396440534	0.2592351791688087	0.03627300967477868	
0.34449403681691726	0.4269446950323435	0.7127837403227923	0.5575420637729758	0.5625295495843028	
0.03459864712179799	0.08810227830862113	-0.19980487405986846	0.593414439995539	0.23738014706055985	
0.274469143466907	-0.20950616007649106	0.10144759113313584	0.09431870069168782	0.4126500053526185	
0.739115239942395	0.9840838724689145	-0.2663752796932774	-0.589948592897302	-0.6248539523831491	
-0.03602660352620865	0.1891589221950448	0.18719210405397144	-1.5356988440521588	-1.4547931776681273	
-1.3976307589514352	1.5307222552672404	
