            A        R        N        D        C        Q        E        G        H        I        L        K        M        F        P        S        T        W        Y        V
 1 A  -0.9759  -2.7332   0.1783   1.6188  -1.4524  -0.4802   0.5804  -2.2779   1.5378   1.2623  -1.0131  -1.1949   1.8728  -0.2715  -2.3763   0.8631   1.6993  -5.5493   1.6158   -1.153
 2 A   0.7871  -5.7053  -5.4722  -6.0759   -5.152  -3.2979  -5.5921  -5.9147  -5.6088   1.5572    1.164  -5.4254   3.2082   2.3572  -5.8733   1.2376   3.4433  -1.4053   0.2678   0.4799
 3 A  -2.0755   0.6628   0.0893  -1.6204   0.7792  -0.5241    -1.53  -2.9166  -5.0206    1.443   0.5644    1.185  -2.2467   1.8291  -3.6924   1.0029   0.1551   1.2071   1.3633  -0.5431
 4 A  -0.4709  -0.9883   1.8611   0.8173  -2.9312  -1.8741  -0.2901  -0.7468  -0.5084   -0.015  -0.8274  -0.1772   1.8587   0.6949   1.1455  -0.7466  -1.3637   1.9499    1.634  -0.1816
 5 A  -2.4963   0.6291  -2.4904  -1.1438   0.7777  -0.0331  -1.0704  -0.7924  -0.5486   0.2464   -0.228  -0.4619  -0.4246   1.2104   0.4902   0.8188   1.1243   1.2073   1.9183   0.2752
 6 A  -3.1684   0.1084   1.6769  -1.0154  -6.0073   0.4381   0.5513  -2.3213   1.1766   0.1883   0.3694  -1.1384  -1.2378   1.6469  -0.3547   0.4015   1.3196  -1.3752    2.408  -1.9903
 7 A  -0.6881  -0.2826   0.0911  -1.1352    0.789  -1.9898  -1.5873  -1.8303  -2.7176   0.0297    -0.36  -2.2272   1.8882   2.7626  -0.3649   1.5411   0.6911   1.9704   1.0817  -0.6094
 8 A  -0.2097  -0.9574   0.4235  -2.1443   0.7753   0.7784  -0.3047  -2.8447  -1.3499  -1.8815   0.2235   0.1057   -1.247   2.4912   0.1046   0.6318    0.676   0.2244   2.4237  -0.9737
 9 A  -5.1578   6.7906  -4.3488  -5.2862  -7.1531  -2.8903  -3.7764  -6.0319  -2.3658  -6.6451   -5.003   4.4953  -5.2465  -6.4672  -5.6159  -4.5059  -4.9232  -6.1324  -1.1771  -4.8247
