            A        R        N        D        C        Q        E        G        H        I        L        K        M        F        P        S        T        W        Y        V
 1 A  -0.0268   0.0225  -0.0756  -0.1029  -0.0578   -0.118  -0.0617  -0.0327  -0.0055   0.0275   0.0056   0.0184  -0.0259  -0.0551  -0.0276  -0.0196  -0.0706  -0.0853   0.0258  -0.0007
 2 A   0.0348  -0.0467   0.0037  -0.1563  -0.1312   0.1739   0.0052  -0.1101  -0.0742  -0.0528   0.1032  -0.1371    0.127   -0.012  -0.0617   0.0684   0.0259  -0.1224  -0.0389   0.0653
 3 A   0.0676   0.1178  -0.0111   0.0281   -0.026   0.0152  -0.0077   0.0243   0.0977   0.0598   0.0058    0.042   0.0365   0.0915   0.0079   0.0661   -0.006   0.0146   0.0744   0.0498
 4 A  -0.0024  -0.0181  -0.0205    0.044  -0.1487  -0.0283   0.0357   0.0192  -0.0648  -0.0676   0.0047  -0.0777  -0.0779  -0.0695   0.0052  -0.0555  -0.0254  -0.0064   0.0091    -0.06
 5 A   0.0161  -0.0149  -0.0659  -0.0239   0.0204   -0.044  -0.0173  -0.0176   -0.025  -0.0383  -0.0912  -0.0387   -0.005  -0.0063  -0.0082  -0.0122  -0.0304  -0.0118  -0.0404   -0.057
 6 A   0.0394   0.0591   0.0012   0.0669   -0.011  -0.0329  -0.0073   0.0645   0.0029    0.068  -0.0062   0.0141  -0.0117   0.0351  -0.0316   0.0531   0.0666  -0.0236   0.0168   0.0138
 7 A   0.0308    0.004   0.0582   0.0026   -0.023   0.0452  -0.0512   0.0455  -0.0045   0.0605   0.0423   0.0211   0.0698   0.0465   0.0433   0.0492    0.019  -0.0317  -0.0462   0.0458
 8 A   0.0726   0.0049  -0.0682   -0.031   -0.118   -0.054  -0.0248   0.0204  -0.1287  -0.0936  -0.0145   -0.051  -0.0139   0.0023   0.0055   0.0335   0.0527   0.0303  -0.0238   0.0694
 9 A   0.0312  -0.0259  -0.1023  -0.0646  -0.1256  -0.0689   0.0014  -0.0438   0.0125   0.0145   0.1031   0.0386   0.0818   0.2133  -0.1351  -0.0635  -0.0288   0.0806   0.2337   0.0582
