TESTRUNID EPOCH: 36 L_PCC: 0.8681148776486838 L_ERR: 0.007801566730241893 T_PCC: 0.8270532463879716 T_ERR: 0.010268598216177238
180 LAYER: 1
2 LAYER: 2
1 LAYER: 3
36 :ILEARN
0.32920611976208586	-0.11520113393370156	-1.142687191941764	-0.8896243563710695	0.8251118471127339	
-0.23120411559294365	0.7222392419968077	1.1206117996993687	-0.08808639739380143	-0.3488709620438661	
-0.07614460197960893	0.3356908543931646	0.15418763157638357	1.034679417898194	-0.5825360937903281	
-0.5606668060487301	-0.5644036687097443	-1.4152457898444841	-0.7904552814189262	-0.39825045845380974	
0.4107250600812163	-0.11569079157819573	-1.4508538378879081	-0.3354951257886532	-0.7638810648869551	
-0.6254643030497086	0.3034565012238892	-0.1992838803735349	-0.300788181082848	0.9302754995223447	
-0.25302800813887383	-0.4971795624218616	-0.31914567854057196	-0.1073822707237879	0.5818502475152129	
0.14627416691331482	0.6857234050699654	0.2729161991685795	-0.5114053800924704	-0.279801625117814	
0.05031081239467105	0.04715677813278696	1.1408576526450644	0.7243537647237309	-0.13587436394817914	
0.013677145199681747	-0.3198208954028889	-0.2099732602531465	0.21257496979356502	0.4413811527528186	
-1.5315891444872394	-0.9466426789836072	-0.27109758198821843	-0.24299537053589304	-0.35997802896925896	
-0.15717768177805908	0.18951841923176668	-0.034820594312717466	-0.42092435862494726	-0.6454010872784518	
-1.8366368133025053	-1.2545344096391824	0.8284272381679207	0.7450600459831372	-1.297331209413467	
-0.3882978065535798	0.1442541422138443	-0.3976523299246351	0.370817777236454	0.15241154026941128	
-1.9742834603919257	-1.0939351374286577	-0.7759677244795078	-1.1249039145505773	-0.05008755303417957	
-0.5219038568264346	0.9435638845346122	-0.04983365782105785	-0.73201692959068	-1.1242703450278202	
-1.0512084161765236	-1.0159153570751975	-0.8100672710382143	-0.16335788421142597	-1.484348411143982	
-0.9163499789910481	-0.25496719381215593	-0.7816415664981816	-0.10908620363400723	-0.1028820470424332	
0.6087344760601405	0.6277818397831386	0.38002973950816116	1.3549277647236615	0.24469744692245857	
-0.41509783196026134	-0.06709617736355715	0.46993238949440863	0.2745847525937982	-0.3461733637010676	
-0.7524552311492091	-0.6116835762763014	-0.8136813365396307	-0.18567883575432734	-0.807806607458286	
-0.28084598000131195	-0.9478211931347942	-0.3242279110924844	0.20822367601074943	0.18327079758880055	
-0.3242313998320887	-0.4328813411178694	0.59043812135849	0.22657233527735485	-0.806407899126484	
0.021761236934818313	-1.1173389922879122	-0.8054176687725095	0.7341369187676035	0.060988674607962014	
-0.5766089840531629	-0.10304253233271578	-0.11617726376560245	0.16092885330883844	-0.17074193431461127	
-0.1339804839101951	0.4197644230484233	-0.012115160066499875	-0.24077643913280303	-0.24989309220392167	
0.5106573623572196	0.06128734709915995	0.1912108184274006	-0.08065063863649756	-0.2231551179064488	
0.4277585085662597	-0.01472840401680061	-0.4394762223769161	0.4569170517709196	-0.19976120528117475	
0.06612753070500213	-0.7249468020432258	-0.27965274869093787	-0.4290489678654728	0.5230400091811046	
-0.21020610213373767	0.08442638203223596	-0.43855881106156347	-0.1916216737985408	0.14454799368965718	
-0.8276519793846112	-0.37471938774757635	0.19880808570543895	0.4510726103292402	-0.47798910550454643	
-0.06984044548763045	0.4039480305642514	-0.06244256720561884	0.3794424337574137	0.16225682068207073	
0.28538565134386573	0.9770601777997594	-0.7054035679561975	-0.28559411430117854	0.5450546993791855	
0.2067116346565123	0.26582957204012486	0.3696036782238184	0.21344132053365963	-0.15055933466477747	
-0.12018403120090347	0.6076282615791532	0.7960265580440818	0.5935488660748713	-0.19501675311263453	
0.6397899256582495	-0.6157623724109664	-0.2067897116325992	0.17785087146307468	-0.15254177682475764	
-0.0836296639606651	0.13432591026952642	0.3344345296096537	0.18509412524993432	-0.6726071065457443	
0.4860328786002483	0.7982381200656731	0.09462298718627843	-0.5053319793200807	-0.16307010797989627	
-0.8704121055132934	-0.7181140789874866	0.32662465024944193	0.478117893174162	-0.47949833709013057	
0.21315938039517793	-0.4651096882154447	0.46970132384134466	-0.15261510348342153	-0.21356716319206526	
0.1534313476350809	-0.6385083372458665	-0.7175357961445669	-0.13268811863159397	-0.08269975631920878	
-0.40552561280617744	0.5621456286664323	0.5296015684308043	0.5542839340869162	-0.5056004984332588	
-0.662972308151081	-0.4771713840053535	0.531360201697966	0.5855989373701733	-0.009620711436592976	
-0.35505537997619224	0.3464549220780557	0.048369856189397216	-0.06476384731710616	-0.2625549278437957	
-0.6614898153038508	0.4056573254815491	0.13702409488614245	0.7271672002939319	-0.8519292890556334	
0.5699778295139241	-0.9783367179596281	-0.6043613236248304	-0.4858935502197806	-0.1997095191559226	
-0.42671778961152995	-0.03178738402593122	-0.7522371976117792	-0.4948169824039753	-0.16231386136235149	
-0.36389961959113964	0.8844912818966891	0.2430528805385052	0.4338906276497917	0.1521048109872562	
0.058535175707222366	-0.18187267542389768	-0.17679684418679673	-0.14182100333377068	0.3289566471827592	
0.1382999298612809	0.3814090735542606	0.451645469185111	0.7627410940814681	-0.2925633993766731	
-0.09067263854743034	-0.5055151407379807	0.8658418339894045	1.1262548937789092	-0.09180291640615544	
-0.17510460389304494	-0.3553103764323745	-0.1965835152851707	-0.21844674531868935	-0.33696242539118537	
-0.6080216844365425	-0.005584924797971085	0.3171873936614002	0.3413590728471339	-0.0733387380551097	
-0.5736358510385265	-0.43761082689741876	-0.24136832248105414	-0.09876054552665113	-0.600273970652415	
-0.9836299748700507	-0.4420896262430009	-0.3729391621700243	0.2277961424158353	-0.01679318658516733	
0.10659755493437219	0.6137157192559486	0.4295753948158583	0.16524035837248513	0.34672314582477215	
-0.3653399229844805	-0.14661272757440738	-0.3021403372018862	0.1671328976006012	-0.6334375406338908	
-0.3672007727126154	0.16984219247063811	0.34399569318595863	0.04679508478593684	-0.2778779350129254	
-0.696516791945949	-0.021334270314757136	-0.12323005174890872	0.96199945079848	0.28274492220349456	
-0.04946345190437988	-0.14834883737336638	0.33463690192130446	0.8474530958417695	-0.0678638075084368	
-1.5647680708511449	-0.7940885643317097	-0.35185013171974433	0.10371213574275646	0.19071059909985963	
0.48883189798530924	-0.6738640483135447	-0.712103667616847	0.07842418287167753	-0.6248121343814154	
-0.3764620794415987	-0.18389452522244212	0.717192162263358	0.22818754939922695	-0.11127352951382014	
0.009089371825824238	-0.11760693011068526	0.028037624887277776	0.6560903144288289	0.33333543653882297	
-0.28789328334151515	-0.4198507387668152	0.16778378102732133	-0.660220228608599	-0.07487408274414037	
-0.197631945727571	-0.08697694114922712	0.08324891907075878	-0.32272332124652775	-0.1164039804038468	
-0.8057188579555001	0.23627843814448113	-0.6072130161821145	-0.26498872677828006	0.1128875717122908	
-0.2016829105364731	-0.07503557784104785	-0.3681044027350421	-0.9865712508462154	-0.7869353702515873	
0.04186928976883858	0.47342664152992275	-3.388021640663356	-3.5011960026911275	0.10565191936736444	
0.6280746888957677	-0.04681316533033169	-0.24166532051231712	-0.7861002458938179	-0.6879934779682122	
0.13726515820328483	0.2338673136757125	0.9206078362047219	1.1156448765707419	-0.06037747133510546	
0.2968738319270885	-1.6051875067145651	-2.138320099073034	-0.5520373708930659	-0.3995411414284072	
0.38334351991395726	0.386132080674109	-1.990657402951782	-1.915686605482947	1.0870431561476774	
