            A        R        N        D        C        Q        E        G        H        I        L        K        M        F        P        S        T        W        Y        V
 1 A   0.0211   0.0467  -0.0456   -0.029   0.0221  -0.0188  -0.0108  -0.0084   0.0317   0.0112  -0.0047   0.0081   0.0154   0.0186  -0.0567   0.0499  -0.0501  -0.0045  -0.0775  -0.0119
 2 A   0.0284   0.0149  -0.0136  -0.0065   0.0219  -0.0601   0.2022  -0.0706   -0.001  -0.0341  -0.0521  -0.0867   0.0087   0.0125  -0.0095  -0.0265  -0.0121   0.0415  -0.0154  -0.0341
 3 A   0.0325   0.0037  -0.0236  -0.0266   0.0049  -0.0701  -0.0268   0.0244   0.0364   0.0218  -0.0455   -0.022  -0.0182   0.0408  -0.0133   0.0341    0.015    0.001  -0.0628   0.1104
 4 A   0.0257  -0.0306  -0.0324   0.0559  -0.0902  -0.0766   0.0138  -0.0554  -0.0161  -0.0484   0.0221  -0.0633  -0.0328   0.0192   0.0295  -0.0342   -0.046   0.0353  -0.0119  -0.0094
 5 A  -0.0357   0.0311   0.0158  -0.0488  -0.0153  -0.0094  -0.0046   0.0011  -0.0273  -0.0628  -0.0122  -0.0705  -0.0198  -0.0454   0.0067   0.0061  -0.0145  -0.0087   0.0363  -0.0453
 6 A   0.0036   0.0136    0.009   -0.021  -0.0799  -0.0663   0.0378   0.0047  -0.0215   0.0114  -0.0281   0.0213  -0.0012  -0.0312   -0.045  -0.0438   0.0402   0.0197   0.0152   0.0128
 7 A  -0.0218   0.0024  -0.0088   0.0186   0.0306   0.0076   0.0019  -0.0321  -0.0435   0.0297  -0.0449   0.0123  -0.0877   0.0307   0.0359   0.0287   0.0333  -0.0243    0.002   0.0215
 8 A  -0.0281   0.0495   0.0458  -0.0312  -0.0109  -0.0011   0.0428   0.0177  -0.0551  -0.0578   0.0104   -0.023  -0.0439   0.0058   0.0204   0.0319   0.0272    0.027   0.0074   0.0725
 9 A   0.0531  -0.0456   0.0159  -0.0084  -0.0421  -0.0038   -0.027  -0.0154   0.0282  -0.0216   0.0243   0.0343   0.0283   0.0568   -0.047  -0.0057   0.0229   0.0341   0.0458   0.0754
