TESTRUNID EPOCH: 64 L_PCC: 0.9811113752662762 L_ERR: 0.0007293386070249568 T_PCC: 0.9065000472812585 T_ERR: 0.0046050540908825375
180 LAYER: 1
3 LAYER: 2
1 LAYER: 3
64 :ILEARN
-0.07894961538696288	-0.13395827931953874	-0.31295880103790474	-0.4160330476594626	-0.44876525178690974	
-0.5476349614401945	0.13463190825856786	0.2935791826409935	0.36077188580079544	0.33558488150848303	
0.3001054385161255	0.4797342441706321	-0.042295297624294306	0.030509167017486804	-0.10799578808426973	
-0.1073670814935239	-0.1475685067865357	-0.14550659621629297	0.020581685675318907	0.009876317298669153	
0.16839644450884741	-0.1829360834416608	-0.2688574092277339	-0.2189344518197774	0.2757092718949208	
0.3453024821615877	0.18852376792124906	-0.07161463990844827	-0.11925398143391831	0.037492016924758675	
-0.08644917931585311	-0.10760992422066962	0.02110790011920734	-0.29695093172365933	-0.2600817899539177	
-0.3955655370140394	-0.01300537766174897	-0.019346354157963756	-0.1964366493447161	0.16221143490689072	
0.13400585520237196	0.11386411552728369	0.15617998217598675	0.37167136975997317	0.2667540721587505	
-0.0344973218606848	0.015285700351394593	-0.08866533024484255	-0.020230208343240446	-0.08439036517334741	
-0.08331864801097982	-0.31069251795626657	-0.42422496408689314	-0.5021369529187272	-0.10065778860916923	
-0.22269615444280158	-0.19642520568902022	-0.10908334555914707	-0.1135484675130189	-0.09938262091459249	
-0.10503122043589452	-0.13643309662838682	-0.05886189965861459	-0.11020388212095399	-0.0019310049687370288	
0.031068620687044288	0.08255194114258013	0.1307260720603661	0.2395832849356081	-0.20104798873160606	
0.1096896317322718	-0.0870759021114611	-0.07946990489728173	0.0045280909113331385	-0.03826707623187395	
-0.21594990530404332	0.22202030132846845	0.021715329565230902	-1.0193004680192037	-0.922444989427826	
-1.158963722848373	0.2310241654918018	0.13449018961657813	0.19068904161474168	-0.06203870778345344	
0.1972150435478544	0.06804692775686207	0.31936305601295756	0.14112000594392662	0.1910833718952174	
-0.03068015142767611	0.07951188320004716	-0.011056501163098947	-0.09895905888736949	0.08606233778832524	
-0.001492310550439868	0.11880807840185552	0.014003558077133552	-0.10352269206981635	0.008719013734483102	
-0.17805807934535958	-0.1501733643973923	0.21240737949177008	0.0343527469094954	0.2054556830513827	
0.264433877755441	0.1331278249548746	0.3913710793708851	0.22644479523111627	0.220813532918781	
0.0980519176885043	-0.07686781369773842	0.057047972129937036	0.008437309180621888	0.08788803989991031	
0.2507066852175505	0.24150364267835328	0.1679610918280133	-0.030371456856436125	-0.12328795334628614	
-0.1429866627813462	-0.0858191673581588	-0.07674656526357096	-0.23712468291638938	-0.14277533953861662	
-0.21076448233867878	0.0755710867530727	-0.07794724678947194	-0.08044574481827496	0.23298108248612975	
0.2003317999923447	0.3847245904269829	-0.131090261686139	-0.26955359493601705	-0.09610618327581548	
-0.1198865260595099	-0.029246034795423894	-0.09974026825863017	0.1220215166640401	0.05879692968353972	
0.06510268589508927	-0.0652569940218611	-0.04274482221715058	-0.038021702875350304	-0.1100592437749268	
-0.14747381144111013	-0.09617369109190804	-0.015496661810882117	-0.07637919306084139	-0.17305277632380806	
-0.18290653680314248	0.03522157803424612	-0.10002371073254172	-0.2569564573308122	-0.2664173908814989	
-0.17528735587022765	-0.15387851913724965	-0.0761101808270081	-0.02004217372583226	-0.05989704409903771	
-0.11182082244528004	-0.13861050479812564	0.09581657378010001	0.16514339388273921	0.046914228997449396	
-0.303786498727823	-0.3091970749136059	-0.22061966837964583	-0.23929049259513646	-0.2790770450030048	
-0.34212723843518056	-0.0022402507433697547	-0.047052806450636996	-0.12411290667966113	-0.025079466683734997	
0.03591696372398037	-0.007767292168726514	-0.12212631027237901	-0.2039324701230438	-0.11493208963701856	
-0.07816894121713328	-0.09002904773230283	0.015831627981247005	-0.09016870471407963	-0.12214986563449753	
0.061338197654063537	0.04277810322334911	0.0955371711196705	0.18049327979887608	0.12157132598187753	
-0.13947894319260976	-0.019257335961682776	0.04006768728485858	0.0697537206778944	0.10346336875365558	
0.09888059950966263	-0.14363061781326136	-0.03889239539901917	0.057111925131967486	-0.0095600659152843	
0.1131784849363661	-0.10090736345924613	-0.03527292635615732	-0.041583974840942076	-0.05854213670269094	
-0.10149008157593202	-0.019244136185523304	0.1585556540927336	0.35457077119526637	0.24160380188395433	
-0.0898455110573842	0.03918303092172399	-0.24323298031486432	-0.07548954040035473	-0.13710896648392024	
0.00734849392075411	-0.0935962137871919	0.13145518869969247	0.011465720188652955	-0.11556933263163807	
-0.08188726777189535	-0.10456713232612118	-0.28011486240557293	-0.10705415541259078	-0.19831895095898738	
0.09396093264238271	0.021286308600008408	0.17030271028721178	0.1968020802303066	0.22661126696611347	
0.2257863056913007	-0.05020919321396235	-0.0401109038616164	-0.1303379835429382	0.00404008329279224	
0.02262422403730045	-0.10358306044705967	0.17781336273261153	0.26433990813376324	0.2594026548242748	
-0.1811714091837258	0.08397077121856104	-0.06372555677108034	-0.2766766647359734	-0.14445441812472506	
-0.14236111332960083	-0.24561011858152632	0.1843292829475739	0.11942467511172652	0.057953713117121476	
0.18449452601888344	0.3183191479504152	-0.14694467422156435	0.11208885347926063	0.010897187990046808	
-0.07025144033479785	-0.09111392547159335	-0.08417515424283671	0.04865828632111935	0.2295277167835359	
0.26776276259463355	-0.03295496183317252	0.04674772782398351	-0.029760884618067824	-0.2338610853214607	
-0.09212053442069647	-0.0357423423870412	-0.09298463210599209	0.0010175112981852265	-0.010122147831089282	
-0.03743985866900615	-0.12001366180463763	0.009274721917756718	-0.22748552830366395	-0.0548216674852395	
-0.12605289935405814	-0.15818679073670333	-0.11858500250028209	-0.1107532746032044	-0.017272105287263306	
-0.15997278339591967	-0.035024290929856566	-0.33113841991681514	-0.3157492397724623	-0.38344133849412027	
-0.24064884040751638	-0.09035184188961617	-0.11806826677544402	-0.13077942687226232	0.023548149902610494	
-0.058706976393296584	0.5772947353591892	-0.3923829089203265	-0.2288983131860811	-0.6815775936500127	
-0.6689943286527831	-0.5809181712042549	-0.1863873616008608	0.13527691129257444	-0.06294531775957081	
0.08611576806708932	0.09684373824213877	0.03808268084771005	-0.09330721975134942	-0.16992699842990144	
-0.12347003814276591	0.019623143176059954	-0.03237237798490123	0.03288309710902657	0.10777324540401058	
0.24831992304005582	0.259348318691247	-0.11121328825031801	-0.13887844134045108	-0.13024730040234095	
-0.16318486932313	-0.08530331497018886	-0.22865224675805268	-0.04016904901715678	0.12557566760133254	
0.020541368787381897	0.19375510166097032	-0.028644434771040946	0.016036004598786093	-0.002000623657565545	
-0.0498009560917513	-0.08965433132076917	-0.1190377014518013	-0.06318839185366758	-0.05700781518254109	
-0.11323051449122805	0.05859100237774182	-0.055579171749487	-0.1248812444138508	-0.06061974601333868	
-0.24753450991699003	-0.031102580389802566	0.1213838216200224	0.11106736337002646	-0.04916686749972529	
-0.017814039672769514	0.040008988218103364	0.029471238721980444	0.00018964796739569286	-0.16694490021588812	
0.04356777702726092	0.0458000917464988	-0.005245604867249048	0.033747223484283856	-0.06897201330005691	
0.005680197631486898	-0.034446091656837055	-0.17255173740438848	-0.13292301915103033	-0.006591804556595119	
-0.10485773945572395	0.05046293884711735	-0.1539397441856225	-0.0052393961097252665	0.01723074038882439	
0.0664178896316614	-0.011267799080417066	0.17722390568873717	0.06838387921074268	0.08618914309199448	
0.07112104443528261	0.1272557056310224	0.03680447287188225	-0.01582736447412944	0.14388453072561996	
0.2895183543781486	0.26418594176607685	-0.35015683173507245	-0.20663576471719355	-0.46226282958358583	
-0.004065821549016381	0.0621572029810817	0.07549361174772051	0.11466326602260986	0.016576157544785638	
0.10889122384617264	0.02028261367499272	0.14831776418261716	-0.0530663380565341	-0.07816172499949417	
-0.1501401691867795	-0.04661428082879014	0.16340180167322826	0.04194051738793366	0.19699485220616567	
-0.1479831137529583	-0.10180955421612171	-0.14904666735968639	-0.0013539464938658406	0.08728956255806387	
0.19049800583163987	-0.06467830757135756	-0.06696412139800752	-0.07373183410792535	-0.06292345146658744	
-0.10514439102708183	-0.12913662334196585	-0.44496055509879123	-0.3112277002273446	-0.3867136801278609	
0.17818283555517217	-0.03000323799913226	0.0026740384341757857	-0.046331325680538854	-0.12539103914798314	
-0.15691786767390012	-0.019510351101340164	-0.10498684922782187	-0.06458862609140671	0.1659388401260043	
-0.07953215419510716	0.07869070851975407	0.229145200534085	0.2510020962186586	0.2887563201984243	
0.09096750473607526	0.07373860979292761	0.12143493785127049	0.008353923839358054	0.1304189945243726	
0.055942479555015426	-0.11811710902979614	0.06345266483370653	-0.013446967286254831	-0.07966454443347647	
-0.1381766782948166	-0.1420223902069541	-0.05123151575019429	-0.055716574820206755	0.049381870000875426	
0.23009865745582248	0.4399939521646518	0.22799897192660862	0.0022796655239375346	-0.07665988542322374	
-0.011098506623195501	-0.17270357768011774	-0.070109231651253	-0.18109276250331735	0.20997002204257675	
0.22805604163660936	0.16683674791283998	0.184197292518123	0.022805339379197213	0.10343305471430987	
-0.11143611596337091	-0.03186517862043396	0.07479486216711959	0.2653965334501123	0.2709114275952741	
0.2578045475125613	0.1986529872693075	0.13154258435214516	0.13484689289395965	-0.2386401799189976	
-0.29351064800381593	-0.18783297707407842	-0.16864399744573677	-0.26642891458386336	-0.18341766323303546	
-0.12167357822056642	0.016883739523532	-0.11318391200891553	-0.29968079355340965	-0.36266638880678165	
-0.21050491990789272	0.006559068907765985	0.006645798410181787	0.01790288724484978	0.2112171079338619	
-0.0235668887569614	0.12120095722782055	0.1889912666576417	0.0018584304869053475	0.20019244685775436	
-0.07798579148519215	-0.05875706548072879	-0.1688351527311578	0.10530724640253546	0.17553292599809492	
0.2018677686407228	0.043359567118287534	0.175577509022305	0.3079078670346947	-0.03713465058709708	
0.07280630892519395	0.14404359677396955	0.2961280490339102	0.4038073154829164	0.4815278836961179	
0.09812356876317803	-0.11458129403091125	-0.13173110009109312	0.12349755357791242	0.07992131409178742	
0.042687236678399035	-0.33424781322671626	-0.38442043924414854	-0.4381225953035765	0.014646860253805146	
0.07175255350636739	0.2140684514190875	-0.1415383701529045	-0.3922591025472681	-0.4536825044814354	
-0.21791801058129281	-0.5482940941560096	-0.5996757830083852	0.09387990355244907	0.26566319729884785	
0.22673163593623855	-0.1385745902420997	-0.4750792757500041	-0.34137575037521123	-0.380558773201053	
-0.31626695304860497	-0.30601007623075405	0.10743960049009457	0.19377025746359944	0.10905608457666661	
-0.3371643218896521	-0.2866440820291413	-0.35535152613412063	-0.43587156715019076	-0.4620270659902102	
-0.4492013341395894	-0.027244272067475404	0.13412394903601432	0.1334121663327225	0.025059374621987623	
-0.022453716925987095	0.0936803366703713	-0.013941853993430087	-0.44492945321730737	-0.37258866978786404	
0.07489667594949045	0.15537995694903678	0.07183491085299996	-1.6603392764379425	-1.7618114586422806	
-1.6971856512351944	1.7270410023584515	
