            A        R        N        D        C        Q        E        G        H        I        L        K        M        F        P        S        T        W        Y        V
 1 A  -0.0315   0.0135  -0.0088   -0.015  -0.0089   -0.033  -0.0126  -0.0478  -0.0048  -0.0028   0.0406  -0.0239   0.0443   0.0594  -0.0471  -0.0063  -0.0067  -0.0151  -0.0453  -0.0149
 2 A   0.0032  -0.0147  -0.0058  -0.0208   -0.026  -0.0154   0.0031  -0.0576  -0.0168  -0.0258  -0.0171  -0.0449  -0.0326   0.0029   0.2064   -0.011  -0.0005  -0.0001  -0.0379  -0.0196
 3 A   0.0046  -0.0157  -0.0101   0.0108   0.0078   0.0011  -0.0267   0.0187   0.0075   0.0148  -0.0153    -0.05  -0.0062  -0.0088   -0.022   0.0258   0.0081  -0.0167   0.0037   0.0733
 4 A   0.0095   0.0077   0.0112   0.0058  -0.0113  -0.0062   0.0005   -0.014  -0.0109  -0.0001    0.024  -0.0478  -0.0397   0.0056   0.0075  -0.0226  -0.0136   0.0003  -0.0008   0.0083
 5 A  -0.0239   0.0106  -0.0049  -0.0167    0.007  -0.0117  -0.0056    0.027   0.0122  -0.0099  -0.0024  -0.0139   0.0121   0.0141   0.0187      0.0   0.0115  -0.0107   -0.001   0.0131
 6 A   0.0133  -0.0167   -0.024  -0.0285  -0.0357  -0.0152  -0.0104   0.0023  -0.0211  -0.0013   0.0092   0.0024  -0.0135   0.0141  -0.0374   0.0149  -0.0002     0.02  -0.0116  -0.0086
 7 A  -0.0215  -0.0094   0.0067   0.0219  -0.0248  -0.0003   0.0049  -0.0384  -0.0326   -0.007  -0.0106  -0.0106  -0.0495   0.0286   0.0004    0.002  -0.0107    0.002   0.0341   0.0446
 8 A  -0.0082   0.0244  -0.0243   0.0034  -0.0286  -0.0059   0.0143   0.0409  -0.0216  -0.0146   0.0083   0.0116  -0.0026  -0.0108   0.0141   0.0129   0.0095   0.0086  -0.0121  -0.0181
 9 A   0.0343  -0.0334  -0.0177  -0.0125  -0.0269  -0.0312  -0.0273  -0.0449  -0.0136   0.0649  -0.0112  -0.0008   -0.007  -0.0268   0.0028  -0.0041   0.0209  -0.0126  -0.0286   0.0612
