            A        R        N        D        C        Q        E        G        H        I        L        K        M        F        P        S        T        W        Y        V
 1 A  -0.8136  -2.2239   0.1872   1.4815  -1.2865  -0.3879   0.5281  -1.9692   1.4066   1.0894  -0.8124  -1.0081   1.6271   -0.194  -2.0448   0.7552    1.504  -4.2049   1.4522  -0.8815
 2 A   0.7007  -4.3609  -4.1278  -4.7315  -3.8076  -2.7215  -4.2477  -4.5703  -4.2644   1.4708    1.147   -4.081   2.9135   2.2042  -4.5289   1.0826    3.131  -1.1618   0.3209   0.5694
 3 A  -1.6837    0.594   0.0445  -1.4276   0.7124  -0.4559  -1.2939  -2.5291  -3.6762   1.2809    0.535   1.0285  -1.6221   1.6977  -3.1157   0.8337   0.1357   1.1496   1.2582  -0.3766
 4 A  -0.4268  -0.8565   1.6657   0.7412  -2.5343  -1.4991  -0.2478  -0.6669  -0.4011  -0.0247   -0.686  -0.1733   1.6027   0.6537   1.0489  -0.6251   -1.127   1.8365   1.4828  -0.1686
 5 A  -1.9589   0.5388   -2.042  -1.0367     0.71  -0.0536  -0.9248  -0.7378  -0.4631   0.2286  -0.1715  -0.4001  -0.3332   1.1294    0.438   0.6814   0.9766   1.1501   1.7536   0.2468
 6 A  -2.4871   0.0947   1.5021  -0.8418  -4.6629   0.3838   0.4808  -2.0316      1.1   0.1349   0.3215  -0.9242  -0.9695   1.5364  -0.3312   0.3349   1.1474  -1.1178   2.2181  -1.5807
 7 A  -0.5763  -0.2998   0.0474  -1.0236   0.7284  -1.6623  -1.3784  -1.6107  -2.2031   0.0465  -0.2493   -1.845   1.6538   2.5655  -0.3474   1.3291   0.6046   1.8704   1.0423  -0.4769
 8 A  -0.1902  -0.8096   0.3467  -1.8125   0.7061   0.6571  -0.2708  -2.4294   -1.081  -1.5095   0.1935   0.0753  -0.9827   2.3169   0.0887   0.5366   0.5797   0.2783   2.2448  -0.8302
 9 A  -3.8134   6.4623  -3.0044  -3.9418  -5.8088  -1.5459   -2.432  -4.6875  -1.7429  -5.3007  -4.1104   4.2523  -3.9021  -5.1228  -4.2715  -3.1615  -3.5789   -4.788  -1.1078  -4.0698
