            A        R        N        D        C        Q        E        G        H        I        L        K        M        F        P        S        T        W        Y        V
 1 A  -0.0006   0.0676   0.0135     -0.0   0.0041    0.044  -0.0098   0.0074   0.0136   0.0229  -0.0056   0.0601   -0.014  -0.0026   0.0034   0.0746   0.0072      0.0   0.0044   0.0409
 2 A  -0.0003      0.0  -0.0001      0.0   -0.013     0.01  -0.0041  -0.0102     -0.0   0.0099   0.0167     -0.0   0.0894    0.024      0.0   0.0359   0.0315   0.0134    0.092   0.0362
 3 A   0.0162   0.0012   0.0248  -0.0154  -0.0173  -0.0038  -0.0237  -0.0062   0.0192    0.027    0.005   0.0312   0.0271   0.0577   0.0435   0.0943    0.046     -0.0  -0.0095    0.014
 4 A  -0.0136  -0.0056   0.0279   0.0574     -0.0  -0.0371  -0.0003   0.0443   0.0231   0.0247  -0.0037   0.0198     -0.0   0.0603   0.0232   0.0627   0.0411     -0.0      0.0   0.0072
 5 A      0.0  -0.0039  -0.0078   0.0019   0.0169   0.0114   0.0559    0.003  -0.0009   0.0426   0.0696  -0.0075   0.0462   0.0279   0.0078  -0.0052   0.0648   0.0137   -0.013   0.0078
 6 A  -0.0098   0.0258   0.0394  -0.0024   0.0178   0.0248   0.0012   0.0105   0.0055   0.0526     -0.0   0.0501    0.049   0.0284     -0.0   0.0005  -0.0151      0.0   0.0097   0.0433
 7 A     -0.0   0.0462   0.0803  -0.0292   0.0206   0.0135  -0.0282   0.0209     -0.0   0.0194    0.042  -0.0176   0.0099   0.0536   0.0119   0.0012   0.0356   0.0496   0.0094  -0.0077
 8 A      0.0   0.0009   0.0789   0.0177     -0.0   -0.016   0.0617      0.0   0.0408  -0.0163   0.0607  -0.0016   0.0021   0.0693   0.0401  -0.0056  -0.0008      0.0   0.0023  -0.0028
 9 A   0.0055     -0.0      0.0      0.0     -0.0     -0.0     -0.0     -0.0      0.0   0.0174   0.0622      0.0  -0.0077   0.0584      0.0      0.0      0.0  -0.0106   0.2072   -0.001
