TESTRUNID EPOCH: 34 L_PCC: 0.8982558946118651 L_ERR: 0.004157164518712109 T_PCC: 0.7426114778788115 T_ERR: 0.011562636402249249
180 LAYER: 1
3 LAYER: 2
1 LAYER: 3
34 :ILEARN
-0.09172209687354937	-0.06322416376584615	-0.16547410034314966	-0.1581402982205551	-0.2172656532054107	
-0.20256231317392753	0.04729449442284151	0.1659471512144274	0.09233678601992105	0.3428232336193789	
0.5543332510138427	0.3827443472136654	-0.059109550053696516	0.0756234872781891	-0.09452248136041477	
0.07942771632968706	0.06204362951969221	0.05787358613002738	-0.07192261228095326	-0.06037970218302424	
0.060148913735107334	-0.11742206075495759	-0.2946928225820807	-0.16872886871061438	0.22559728856924194	
0.29706728639245894	0.07475007912374294	-0.09218904335342354	-0.06603391608708623	0.07562850068588264	
-0.08033063323338999	-0.015778474998989572	0.09157790603010038	-0.06986928731429193	-0.09732791072372281	
-0.11402976068961033	0.03730018553631673	0.06692513437947459	-0.09634234453116164	0.07282632773892199	
0.1291759233813495	0.07340154147241815	0.05928343792710981	0.24229305833162387	0.025335794209898895	
-0.1624352855483657	-0.16426390667892743	-0.19039578398469786	-0.042444932282730254	-0.07399428557634447	
-0.09612660842594059	-0.09052474979787566	-0.21630251807517467	-0.18423741981346625	-0.01785006582920973	
-0.1312754628196774	0.0010617180364699175	-0.07065428501883797	0.017861107380656854	0.03995167200418623	
-0.07953311423443483	-0.017188802436086337	0.03888003154554903	0.0414620959341294	0.002103928489517356	
0.06734214994460147	0.05523780354142864	0.04011824076382682	0.11317706050652915	0.041302218131291604	
0.1194588062399135	-0.04658635256065347	-0.05168843033299897	0.09385241001670433	0.0014778305143307397	
-0.04367220114586903	0.12244749860553804	-0.005013244524510936	-0.8207827908755273	-1.1468122497393782	
-0.8148910362002024	0.048366025623853254	0.08882670651260724	-0.004393276831200102	-0.019843652068412442	
0.12098969775791958	0.013578497631166185	0.1849279521249878	0.18901638312802913	0.1234102129194753	
-0.07705080540932496	0.08989785174141426	-0.0100175733040119	0.04032139577932287	0.021873091009320743	
-0.025813111451671755	0.10534084183060666	0.05544168744764017	-0.07229812351989899	0.023428982724144773	
-0.03467101964558077	0.0054116204515218536	0.15081736341338875	0.07765158763426563	0.16050750631544297	
0.12065690988777861	0.04821358347193419	0.18707829553057026	0.22011459177589743	0.3823535314113519	
0.1245965363357598	-0.05011895460446679	0.1222351014581379	0.06345437414236937	0.038107580002311126	
0.2668516186527593	0.1782265129997093	0.10772688583066582	0.07997642765003535	-0.04979960359030268	
-0.03890109123223934	0.0020994110609731985	-0.03534656366087908	-0.050757786479390825	0.07200558973657761	
0.007766212868330569	-0.0004661625404527424	0.09237063300711547	-0.058622300058097626	0.11067633327391897	
0.2694485111460378	0.2526076839879419	0.01220604385114199	-0.0962705421254114	0.060126534536123266	
-0.05340514523179592	0.06142103912375582	-0.022427871187165646	0.07270837091188573	0.04942432854743692	
0.011248046798083777	0.009991475644704866	0.05486294758777128	0.008067100273815816	-0.09108962429104767	
-0.07850117417878143	-0.05485813227842906	0.06628452468166911	0.06713053865901895	-0.0660963144427553	
-0.05412685662666564	0.13511870447627541	0.0390851647243216	-0.0676601697171209	-0.06790350966923357	
0.04241253799938268	-0.06091410377813625	0.01627178545465155	0.09400399781766247	-0.037149822685643395	
-0.14588300746395136	-0.1096721746849663	0.061878746032605396	0.1334112934214284	-0.030842503658512443	
-0.2402141590000916	-0.2555870646116424	-0.1497000209415194	-0.15454470967664893	-0.2643583106959067	
-0.21991347021033886	0.09772323088248977	0.015949043849159378	-0.023971765475289925	0.06881588585232827	
0.1411801228816004	0.09400944745213607	-0.05678535951286882	-0.11301552051364125	-0.03375203749051388	
-0.03259245031870423	-0.13497126473110596	-0.009565269161546134	-0.08669270372917702	-0.04793698028429181	
0.060950912748669095	-0.0026869014465855942	0.12000541287628798	0.06509693058624587	0.12420995953719986	
0.015039817993712509	-0.03828440506153717	0.047013192657733904	0.05443560590864935	0.0815631705007048	
0.15978183826535156	0.028726127030415168	0.02544472198643744	0.011654012864668706	0.0703312429418438	
0.07691834715457087	0.011330637639031277	0.08312126995325492	0.0283132417892675	-0.02199845717175075	
-0.0028018665806180537	0.020862096583994655	0.2752915519890219	0.503286642148448	0.3584306087380912	
-0.052714685706586384	0.08227798726109066	-0.08169550355786023	-0.16981995443905915	-0.15621207006296783	
-0.09591314592296664	-0.0956950389451604	0.0895940422435362	0.0654230942341465	-0.09699620385157554	
-0.06476074888498895	-0.0335872851266326	-0.23524367743662417	-0.19296186742506738	-0.18752133437316532	
0.08802149646667343	0.016402835989416012	0.07576639688236883	0.08174040926316009	0.10371267883144408	
0.004630737652316128	-0.06074853873113901	-0.04979793473861453	-0.11218588415090588	-0.0019492954760144537	
0.019822061529175677	-0.09689334488983287	-0.011299472922960217	0.006433220649309698	0.019377885826047485	
-0.109214867069344	-0.057575869552224726	-0.06491058424698883	-0.1710369003112031	-0.11578627200126453	
-0.08699190216118118	-0.18321888588899904	-0.04218732192792885	-0.0552903885375467	0.34508171954248185	
0.3541103083383057	0.3621005330412306	-0.02468393705084511	0.09475670767166453	0.02094322019481061	
0.0657691615961386	0.014942300941620454	0.025615239661470085	0.10743471444917316	0.23551262182290625	
0.20774558959031936	0.1302890093145573	0.143129674393836	0.09977431845095974	0.10525796507562724	
0.021561192797488127	0.06730203379343172	0.06356221170865384	0.10235636284159924	0.06073457474659044	
-0.059817529973758256	-0.0960449618473876	-0.017496388344387333	-0.025363845242256464	0.07518268034135388	
0.02372786342879421	-0.06028602231457783	-0.014659798130393448	-0.0313307520451154	-0.019407836292302864	
-0.0645753275898805	0.000423996004928465	0.0968772772174707	0.06374098030801853	0.017845411790038554	
-0.07294981089609308	-0.16404856409373758	-0.08653682632800619	0.034527732631373105	0.08182922748087096	
0.023732523914954794	0.08828082302022358	0.08020317088386945	0.03577923115757517	-0.33359628013310855	
-0.5758476254744141	-0.3209878642598661	0.06299811606509328	0.33884201706264266	0.08853583610800844	
-0.030367759954320332	-0.09458412604131844	-0.0639511164820476	0.013898882549075148	-0.06780571263687825	
-0.006623995447338743	-0.04176817273406256	-0.07357951644622689	0.007546864696733075	-0.06638602252234138	
0.04853017106703852	0.05334475724844811	-0.048576341243560764	-0.07782173985119417	-0.061407453596177435	
-0.1186450476930813	-0.1255126043559156	-0.17715394897190737	-0.014731724667233213	0.1251576948345363	
0.015834411037229688	0.011635354895384423	-0.07273879334782947	-0.09272342480968561	0.00317140339370596	
-0.004571802590043528	-0.06946567118136736	0.12860846323798591	0.1910865448521667	0.146831744951213	
-0.014868362169003784	0.1383595373240361	0.002561250948071455	-0.10658336807906316	-0.10638145703661922	
-0.19668866350734002	0.06612396115974363	0.23080787450791565	0.17188544749465925	-0.025611728609832213	
0.014877263580127784	0.056920681178486	0.18771184661819829	0.2670751823900371	0.05107552475699528	
0.0302608664681982	0.0407033976305306	0.022048162529325926	0.017024934301783604	-0.10596230031690819	
0.002509248500761273	0.04634572014790539	-0.048060321340329386	-0.04858614023557067	0.05726891729044935	
0.09244037263380585	0.09291750106854209	-0.021127383035828822	0.09024282394868398	0.10215810118655139	
-0.060426003903229705	-0.10482167812362327	0.05910994761451447	-0.01780750438834504	0.05056662956935293	
0.00036927362279200047	0.15985309264761385	0.15108650085251973	0.07819525385226052	-0.007975436329167373	
0.08645519335400145	-0.030641497784350546	-0.2841141912200623	-0.2566176660712427	-0.3213711324470639	
-0.02669138055125113	0.07246925056760883	0.03853554350147087	0.03818842841323372	-0.062272639808937824	
-0.01161914385031533	0.09901591198142612	0.24082975121807002	0.0245796541722927	-0.05045341964752903	
-0.04756538324541762	0.05003448265959856	0.08374552070452945	0.07179752114697247	0.0984835620300408	
-0.13689052828582318	-0.06209945717487967	-0.10895884645990488	-0.07253959626476887	0.05852111830989513	
0.09128765200783405	-0.023796775187557156	0.04997166214522869	0.0022282956594256442	-0.03382447136175939	
0.01770204936993955	0.018872198808855302	-0.3128411840588029	-0.28170660624275073	-0.23881046022492686	
0.0986750579767081	-0.040041721623333415	-0.03810257635152642	-0.04010118403855096	0.09635218304978392	
-0.010047177492252327	0.07209156641639018	0.13917531652101442	0.08549571966491272	-0.01186170847150552	
-0.11710338065690096	-0.004825881903340555	0.22411368491556052	0.4346926294842398	0.27405397506084794	
0.05852839603407356	0.10040048988743604	0.04025602577704848	-0.08665500047212871	-0.008283237258313633	
-0.07733161544648191	0.009298784893589587	0.2287893460115695	0.08491719573635699	-0.0206302028137086	
-0.11903768761973212	-0.07931230509758319	-0.004385498656433812	-0.005199214687561196	0.060632668422833935	
0.20293793522429893	0.4668262257995956	0.1346516168724807	-0.08915453089148981	-0.24446321712793911	
-0.12326632974650872	-0.07321280773000502	0.03431297378184285	-0.06931763442701551	0.14886499912678977	
0.17319364344085558	0.11935625714995304	0.01590988751969398	-0.15867451862676288	-0.1286783347414447	
-0.15342083225594785	-0.10599153244729573	-0.017748743353439917	0.22289858112971336	0.25798349988542923	
0.17381135713591908	0.15524606533483495	0.10611055890951997	0.02854244080716069	-0.1933616506415099	
-0.31112047514100155	-0.07646850483354249	-0.277154134329848	-0.3504635934704051	-0.15790292602361158	
-0.037882549641158	0.09648348985858857	-0.04667225956967296	-0.094898874984307	-0.21907438734144902	
-0.022600420203661313	-0.026688671229753116	-0.013281534545367096	0.002458538455672274	0.07607563693827987	
-0.11328221994144934	0.03025885603149274	0.15142138727399948	0.12014739582797816	0.11232510298168928	
-0.10706586533441353	-0.06425574708413781	-0.06877871711939236	0.22871072606228585	0.31849632936407724	
0.21736809629149043	0.10158582479247436	0.15820710332547178	0.1603261199922797	-0.03771115717350744	
0.0034535197002259627	0.08328117061077955	0.12389639940182452	0.19797808493033886	0.11158519140064015	
0.11984675792108465	0.14757365677576154	0.10166253978877803	0.22796117354656847	0.19761791811627133	
0.05452104700635165	-0.050701615914473544	-0.029417020345750156	-0.06179313202406365	0.02141883239449209	
-0.01728271699976773	0.06327030236544282	-0.07467557888185666	0.020903284755582657	-0.06504575172501731	
-0.24784026158259315	-0.35729662209374236	-0.3505492019925329	0.08654893098447665	0.2927465731305085	
0.1414660709825317	-0.07022864323026434	-0.20356272968641678	-0.05658720142542231	-0.17777270814866966	
-0.3706757483563753	-0.24938307673347201	0.21123743385109836	0.2871792544534995	0.1322550007065459	
-0.09351473493710859	-0.08128458083650386	-0.08692565699155473	-0.11522701519402084	-0.21139492024906828	
-0.013575534911220481	0.054585463955887904	0.3091825693733472	0.1812518069946716	0.07843352300486597	
-0.015602018070709564	0.08927578274803137	-0.25574201760979504	-0.4612687298942425	-0.29180317452152255	
-0.010618099690473216	0.23237111116967163	0.013664813059923928	-1.3204020585079836	-2.3143041832478533	
-1.3277936388849683	1.2996254027869465	
