            A        R        N        D        C        Q        E        G        H        I        L        K        M        F        P        S        T        W        Y        V
 1 A   0.6293   0.0936   0.8983   -999.9   -999.9   0.0413  -1.0281   -999.9  -0.6145   1.2666  -1.0713  -0.6292   0.4483   0.2341  -0.2153     1.92   1.3613   -999.9   0.9102   1.5801
 2 A  -1.7689   -999.9   -999.9   -999.9   -999.9   2.5632   -999.9   -999.9   -999.9   -999.9   -999.9   -999.9   0.7134   4.2027   -999.9   -999.9   -999.9   5.1596   8.2885   -999.9
 3 A  -1.0109   -999.9  -0.1188  -3.4801  -2.0807   1.4839  -0.0146  -1.4807   2.8904   1.4948   0.9531  -0.4906   1.4764   0.2483   1.0383   0.6005  -1.7053   2.1901  -0.6592   -1.129
 4 A  -1.1702  -0.9734   1.3106  -0.5926  -0.2011  -0.3504  -1.5029  -3.7996  -0.1592   0.1019  -0.2593    1.806  -1.2734   1.0611   2.4482   -0.556   1.1806   -999.9   1.1977  -0.9761
 5 A   0.4977  -3.4222   1.9308  -4.0804   1.3032  -0.1527  -3.8682  -4.6713  -2.1336   1.5033  -0.9001  -2.6751   1.3743    1.782  -0.4683   0.6264   2.5289   2.7052  -1.0561  -0.4135
 6 A  -0.6577   1.2349   0.1035  -2.6902  -1.2694   2.9812  -1.4672   0.4024   1.9232  -0.4365   0.0687   -999.9  -1.5992   1.6641  -0.8803  -1.6251  -0.6988   -999.9   2.0034   0.6169
 7 A  -2.4184  -1.7502   2.0767  -0.4991  -0.4172   0.3837  -0.1827  -2.6151   0.1824  -1.6358  -1.2997   0.1664   -999.9   2.7132   2.3938   0.3735   0.3726   2.0057   2.3968  -1.9011
 8 A  -4.7604  -0.6199  -0.5112  -1.3915   0.2582  -2.4001   0.2797  -1.4728   3.1915   -999.9   1.4507   0.4268   1.0254   1.5051   0.4615   0.5435   1.4259   0.6006   0.9022  -1.4308
 9 A   -999.9   -999.9   -999.9   -999.9   -999.9   -999.9   -999.9   -999.9   -999.9   4.3706   3.7762   -999.9   -999.9   4.6222   -999.9   -999.9   -999.9   4.2768   0.1578   -999.9
