            A        R        N        D        C        Q        E        G        H        I        L        K        M        F        P        S        T        W        Y        V
 1 A  -0.0572  -0.0513   0.0421   0.1495   0.0322   0.0343   0.0899  -0.0624    0.028  -0.0019   0.0363  -0.0565   0.0414    0.033  -0.0648  -0.0083   0.0305   -0.005   0.0302  -0.0195
 2 A   0.0314  -0.0281  -0.0433      0.0   0.0215  -0.0708     -0.0  -0.0885  -0.0321   0.0234   0.0767     -0.0   0.0506   0.0622  -0.0082    0.015   0.0726   0.0096   0.0981   0.0307
 3 A  -0.0028   0.0195    0.107  -0.0163   -0.009  -0.0387  -0.0335  -0.0312  -0.0253   0.0415   0.0015   0.0313   0.0029   0.0133  -0.0428   0.0139   0.0544   0.0591   0.0815  -0.0056
 4 A   0.0009   -0.008   -0.038  -0.0293   0.0096  -0.0031  -0.0032   0.0298   0.0006   0.0429   0.0282   0.0354   0.0413   0.0113   0.0064  -0.0043  -0.0404   0.0575   0.0433   0.0396
 5 A  -0.0217    0.049  -0.0636  -0.0141  -0.0005  -0.0269  -0.0239   0.0458  -0.0075   0.0573   0.0206   0.0363  -0.0484   0.0564  -0.0196  -0.0156   -0.005   0.0871   0.0702   0.0445
 6 A  -0.0485   0.0614   0.0222   0.0011    0.062    0.035  -0.0489  -0.0224   0.0514   0.0212   0.0138  -0.0044    0.009   0.0742  -0.0088  -0.0137   0.0295   0.0023    0.034  -0.0498
 7 A   0.0105   0.0263  -0.0143  -0.0482   0.0712  -0.0079  -0.0511    0.016   0.0038    0.008  -0.0279  -0.0576   0.1001   0.0638    0.012   0.0108   -0.037   0.0833   0.0496   0.0091
 8 A   0.0223  -0.0399   0.0282   0.0032  -0.0049   0.0002  -0.0352  -0.0353   0.0517  -0.0541   0.0414  -0.0022  -0.0445   0.1189   0.0491   0.0438   0.0015   0.0152   0.0701  -0.0092
 9 A  -0.0162   0.2972      0.0      0.0     -0.0     -0.0     -0.0     -0.0  -0.0438  -0.0294   0.0042   0.0766  -0.0075  -0.0177      0.0      0.0  -0.0255  -0.0063   0.0037  -0.0147
