            A        R        N        D        C        Q        E        G        H        I        L        K        M        F        P        S        T        W        Y        V
 1 A  -0.1804   -0.108  -0.0051    0.064   0.0312  -0.0432   0.1446  -0.1269   0.0833   0.0229  -0.0643  -0.1834   0.1703   0.0478   -0.254  -0.0237   0.0801   0.0288   0.1089   -0.103
 2 A   0.1858  -0.3188   0.0602   0.0315  -0.1225  -0.1314  -0.0679  -0.0608   0.0437   0.1106   0.0662   -0.316   0.0301   0.0412   0.2108   0.0885   0.2322  -0.0353   0.0426   0.2014
 3 A   0.0786  -0.1195   0.0704  -0.1571   0.0317  -0.0656  -0.0496  -0.1315   0.0243   0.1006  -0.1046  -0.0863   0.0982   0.1762  -0.1437   0.0499   0.0478  -0.0609   0.1346   0.0193
 4 A   0.0344  -0.0718   0.0255  -0.0224  -0.0065   0.0274  -0.0267   0.0259  -0.0055   0.0014  -0.0601  -0.0281   0.0322   0.0309   0.0492   0.0526  -0.0108   0.1123   0.0117  -0.0108
 5 A   0.0396   0.0171   0.0714  -0.0151  -0.0189   0.0157  -0.0305  -0.0739  -0.0088     0.13   0.0249  -0.1161   0.0618   0.1349  -0.0612   0.0283    0.033  -0.0556   0.0604   0.0979
 6 A   0.0863   0.0467   0.0446   0.0047   0.0782   0.0096   0.0274   -0.038   0.0136   0.0155   0.0153   0.0199   0.0776     0.04  -0.0325  -0.0216   0.0417  -0.0246  -0.0508   0.0221
 7 A   0.0451  -0.0859   0.0061  -0.0415   0.0494  -0.0555  -0.0076   0.0106   0.0417   -0.038   0.0025  -0.1097   0.0387     0.05  -0.0209   0.0333   0.0191   0.0348   0.0232   0.0456
 8 A  -0.1105   0.0052   0.0134  -0.1326  -0.0889    0.015   0.0357   0.0214   0.0102  -0.0358   0.0408   0.0349   0.0382   0.1082  -0.0779    0.002  -0.0391  -0.0579     0.02   -0.016
 9 A  -0.0089   0.4446   0.0196   0.0539   -0.392  -0.0788  -0.0704  -0.0022  -0.0105  -0.1706  -0.1049   0.3442  -0.0168   0.0225   0.0083   0.0402  -0.1089   0.0379   0.1233  -0.1663
