            A        R        N        D        C        Q        E        G        H        I        L        K        M        F        P        S        T        W        Y        V
 1 A  -0.0283  -0.0309  -0.0835  -0.0282  -0.0151   -0.113  -0.0304  -0.0495  -0.0048   -0.033  -0.0113  -0.0329   0.0158  -0.0955  -0.0104  -0.0305  -0.0302  -0.0668   0.0137  -0.0435
 2 A   0.0711   0.0029  -0.0775  -0.1508  -0.1074  -0.0311  -0.0267  -0.1735  -0.0154   0.0066    0.038  -0.1728   0.0152  -0.0495  -0.0079   0.1144   0.1186  -0.0441  -0.0095    0.019
 3 A   0.0847   0.0685   0.0277   0.1909   0.0376   0.0588    0.067     -0.0    0.067   0.0517   0.0304   0.0017   0.0633   0.0318   0.0202   0.0931   0.0052    0.021   0.0329   0.0604
 4 A  -0.0481   -0.006  -0.0586  -0.0056  -0.1471  -0.0585  -0.0317  -0.0187   -0.027  -0.0662  -0.0092  -0.0477   -0.062  -0.0288  -0.0568  -0.0609  -0.0018  -0.0159     -0.0  -0.0636
 5 A   0.0519  -0.0066  -0.0146  -0.0283  -0.0406   0.0468   0.0114  -0.0152  -0.0065  -0.0086   -0.021  -0.0309  -0.0625   0.1096  -0.0156  -0.0226  -0.0279   -0.013   0.0007   0.0292
 6 A  -0.0162  -0.0159   0.0226  -0.0139  -0.1218  -0.0504  -0.0319   -0.024  -0.0501  -0.0167  -0.0688  -0.0063   0.0083   0.0366  -0.0771   -0.021   0.0215   0.0276  -0.0091   -0.019
 7 A   0.0388   0.0177   0.0349   0.0369   0.0384    0.065   0.0353   0.0629   0.0695   0.0576   0.0626   0.0429   0.0682   0.1014    0.065   0.0533   0.0581   0.0551  -0.0071   0.0491
 8 A   0.0156  -0.0065  -0.0329  -0.0113    0.003  -0.0221   0.0285   0.0258  -0.1353  -0.0258   0.0588   -0.006   0.0182   0.0161   0.0311   0.0122   0.0175  -0.0395    0.022  -0.0001
 9 A   0.0127  -0.0333  -0.0415  -0.0108  -0.1043  -0.1155  -0.0985  -0.1407   0.0221   0.0391   0.0275    0.035   0.0337   0.0524  -0.0381  -0.0996  -0.0004  -0.0039    0.229   0.0545
