            A        R        N        D        C        Q        E        G        H        I        L        K        M        F        P        S        T        W        Y        V
 1 A   0.0582   0.1117  -0.0138  -0.0069  -0.0085  -0.0185  -0.0135   0.0056    0.009   0.0118   0.0278    0.091     0.03  -0.0225   0.0023   0.0299   0.0029  -0.0159   0.0123   0.0171
 2 A   0.0046   0.0128  -0.0059  -0.0047      0.0   0.0008   0.0014  -0.0117  -0.0037   0.0002   0.1001  -0.0211   0.0297   0.0255  -0.0178    0.063     0.06   0.0096   0.0201   0.0473
 3 A  -0.0488   0.1379   0.0566   -0.003  -0.0077  -0.0015  -0.0282   -0.025   0.0899    0.027   0.0097   0.0824   0.0441   0.0372  -0.0024   0.0002  -0.0348   -0.001  -0.0028  -0.0196
 4 A   0.0512   0.0384  -0.0061  -0.0028   0.0843   0.0828  -0.0018   0.0015   0.0007  -0.0126   0.0395   0.0277   0.0462   0.0002   0.0329  -0.0073  -0.0182    0.004  -0.0311  -0.0194
 5 A   0.0186   0.0228  -0.0018   -0.004  -0.0131   0.0075   0.0037   0.0258   0.0011   0.0248    0.026   0.0099     0.01   0.0297   0.0166   0.0206    -0.01   0.0437   0.0137   0.0644
 6 A   -0.007   0.0931  -0.0078  -0.0143   0.0061  -0.0096  -0.0207   0.0326   0.0517   0.0104   0.0064  -0.0096   0.0196   0.0103   0.0174   0.0523   0.0414   0.0089   0.0222   0.0066
 7 A  -0.0154   0.0394   0.0373  -0.0265  -0.0012  -0.0056  -0.0029   0.0272   0.0378   0.0725   0.0379  -0.0007   0.0189   0.0225   0.0305   0.0219  -0.0219  -0.0164   0.0072   0.0474
 8 A   0.0325   -0.012   0.0171  -0.0055    0.012  -0.0017   0.0126   0.0412    0.012   0.0077   0.0208   0.0189  -0.0078  -0.0012   0.1329   0.0065  -0.0073   -0.013   0.0344   0.0099
 9 A   0.0247   0.0522      0.0  -0.0017  -0.0098  -0.0135  -0.0025   0.0044  -0.0037   0.0035  -0.0007   0.2161    0.007  -0.0105  -0.0043   -0.005  -0.0037  -0.0367   0.0788   0.0154
