            A        R        N        D        C        Q        E        G        H        I        L        K        M        F        P        S        T        W        Y        V
 1 A   1.3831   2.1785  -1.6979  -2.0702  -2.4209   1.1946    0.216   0.1017  -0.8931  -1.4062  -1.7512  -0.5273   -1.361   0.6658  -2.3194  -0.7968  -0.3366  -1.2792   2.9813   0.2317
 2 A  -1.7402  -2.2708  -2.2713   -3.125  -2.4577   -1.793  -2.3459  -3.2948   1.8584  -0.4204   0.1068  -2.2502    2.575   2.8537  -2.9788  -1.5882    1.025   0.0362   4.9428   0.4535
 3 A  -1.6596  -1.0983   0.1216    0.347  -2.7167   0.8762  -1.0621  -0.8903   1.2847  -0.1376   0.9692   1.0908   1.7395   0.5892    1.307  -1.3509  -0.4796  -2.1389   0.6173  -1.1213
 4 A  -0.5047   0.1923   0.8474  -0.4706   1.4956  -0.0484   -1.273  -2.3317  -1.2956  -0.6889   0.0753   0.6788  -1.0224   0.4009   1.8889   0.3367   0.1349  -1.9247   1.8206  -0.7209
 5 A  -0.1271  -0.0458    0.507   -0.423  -2.6945  -0.0216   -1.367   0.2461  -1.7406    -1.34  -0.2195   0.8218  -1.1394   1.8644   0.5467  -0.5342  -1.4304   4.8774  -0.4685  -0.3639
 6 A   0.3459  -0.2584  -1.8709  -2.5808   0.9846  -1.6896  -2.0294  -0.3318    1.706   0.1293   0.6719  -1.6883   -0.589   1.0595   0.4426   0.2842   0.6295  -2.1205    0.489   0.8245
 7 A  -0.6111    -1.21   0.5199   1.1087  -2.7254   0.7242   0.2209   0.4697   3.3646   -1.685  -1.0945    0.262   0.5794  -0.0555  -2.3338   1.0427  -1.0979   2.1357  -0.8496  -0.5876
 8 A   0.4839  -1.2726  -0.1413   -0.026  -2.4129   0.7088   1.0838  -2.1512   0.8021  -1.2864  -1.7028   0.3133  -1.3304   1.5198  -2.2151   0.2014   1.4372   2.9683   0.8865   0.2234
 9 A  -2.3343  -2.1602  -3.0956  -3.5307  -2.6851   -2.525  -2.7642  -3.5174  -2.1755   1.1486    1.424    0.055  -0.0737   4.8249  -3.6327  -2.6041  -2.0611   4.7319   1.1377  -0.4881
