            A        R        N        D        C        Q        E        G        H        I        L        K        M        F        P        S        T        W        Y        V
 1 A    0.068   0.0341  -0.0277  -0.1214   -0.013   0.0212  -0.0997  -0.0337  -0.0364   0.0024  -0.0401   0.1427    0.096  -0.0298  -0.0854    0.148   0.1028  -0.0156   0.0195   0.0995
 2 A    0.081  -0.1036   -0.075  -0.0297   -0.158   0.0199  -0.0118  -0.0357  -0.0252    0.141   0.0294   -0.037   0.1091  -0.0271   0.0079   0.1333   0.1358  -0.0103    -0.03   0.1173
 3 A    0.075  -0.1187   0.0504  -0.0404   -0.007  -0.0113  -0.0179  -0.0853  -0.0236   0.0545   0.0248   0.0013   0.1086   0.1075  -0.0427   0.0437   0.0177   0.0229   0.0822  -0.0103
 4 A   0.0402   0.0296   0.0552   0.0106   0.0088  -0.0023   0.0269  -0.0405   0.0269  -0.0278  -0.0032   0.0183   0.0636   0.0184     0.02    0.027   0.0038  -0.0108  -0.0298  -0.0036
 5 A   0.0225  -0.0054   0.0103  -0.0351    0.033   0.0161  -0.0442  -0.0192  -0.0102  -0.0038   0.0404  -0.0272   0.0553   0.1046  -0.0056   0.0433  -0.0172   0.0353   0.0056   0.0328
 6 A  -0.0012   0.0257   0.0283  -0.0074  -0.0036  -0.0233  -0.0484   0.0408   -0.014    0.009   0.0219  -0.0426   0.0215   0.0331    0.008    0.094   0.0253  -0.0026   0.0148   0.0519
 7 A    0.031  -0.0485   -0.048  -0.0156  -0.0044  -0.0616   -0.029   -0.008  -0.0139   0.0758   0.0618  -0.0769   0.0812    0.125   0.0368   0.0797  -0.0356   0.0243   0.0422    0.015
 8 A   0.0334   0.0057     0.01  -0.0436   0.0008    0.008  -0.0295   0.0176  -0.0177  -0.0053   0.0433  -0.0588   0.0078   0.0671   0.0401   0.0112   0.0442  -0.0093   0.0697   0.0365
 9 A  -0.0197   0.2025   0.0013  -0.0041  -0.0262  -0.0231   0.0225  -0.0599   0.0133  -0.0526  -0.0604   0.3738  -0.0168  -0.0152  -0.0105  -0.0464  -0.0596  -0.0421   0.1029  -0.0485
