TESTRUNID EPOCH: 10 L_PCC: 0.7298295665631185 L_ERR: 0.0020730168116085885 T_PCC: 0.4834659824725955 T_ERR: 0.0037294846239806197
180 LAYER: 1
5 LAYER: 2
1 LAYER: 3
10 :ILEARN
0.15957924512583066	0.16474540173735297	0.09395154934044482	0.15470135060250864	0.16254200010048372	
-0.06497187451179126	-0.058315737284425885	-0.003573971944976759	0.0029095076282130723	0.039222289566228676	
-0.13070196620512697	-0.04984638733027186	-0.18811324828275927	-0.037338260406371254	-0.22286455816728912	
0.11177599224413699	0.03677038704248441	0.09715862618884294	0.014106321854981042	0.043258381837713654	
0.06606778257160885	0.09794067159014092	-0.030571458593602625	0.04487847834440039	0.08299655395416027	
-0.005011081642903923	-0.1414606105866775	-0.17184903828502038	-0.14607087154377618	-0.029218590540926213	
-0.07049926147191835	-0.008694931247045595	0.10340884642248879	0.015161383581830197	0.05099631438582784	
0.061983179205846686	0.10607988283519797	0.17898550801313678	0.011913425210043318	0.18588740164732326	
0.1274007283932457	0.06516779176009721	-0.012771597714263578	0.08609871142336686	-0.04011394691339079	
-0.18612626663920667	-0.0802811207369953	-0.2266609788269965	-0.24318322716104313	-0.29040794030628053	
-0.1492378124827762	-0.009061909803068206	-0.12031394072970483	-0.1050334277248548	-0.07122867748679458	
0.01035613875421399	0.08094941157109833	0.043450772839328015	0.12669941850737548	0.17473555924757256	
-0.07752739757397986	-0.01561840382434194	0.04105946671083888	-0.014536999560828599	-0.0890729060905375	
-0.23123780264826965	-0.1544049739711406	-0.26241313177877196	-0.19600474290405265	-0.3057182139151574	
0.13906964768055713	-0.03382892420925711	-0.009419395427117864	0.12597681822371234	0.05746230806512242	
0.006769905866443874	0.13594326081076213	0.05236940045443869	0.13141349409860126	0.14600983274635326	
0.17777604754189735	0.09299231357732679	0.16349277208250038	0.08265142375458703	0.09014363049223915	
0.06615041441679262	-0.023477778412569893	0.07631109137938245	0.018123988014660933	0.008620563036720536	
-0.23904501010663598	-0.04296604665348732	-0.1925911660042352	-0.16807309445341306	-0.22197268430383696	
0.04585392840373403	0.14740670409838938	0.13294210144030558	0.018655898587277592	0.16876338578275588	
-0.179759641301129	-0.10479722560783937	-0.08622355711248393	-0.1953179430201717	-0.11990947781659991	
0.04555543746711891	-0.08684361575373904	0.1167833086837619	0.06562345706832931	0.13460499999768655	
-0.10829277188242542	-0.10562637135208175	0.033436830820151066	-0.007885599065461605	-0.13130969108276747	
0.03621332130219522	0.04043816885186585	0.06840515956147164	0.025181490958396634	-0.09541977788548005	
-0.08043149124677061	-0.08383924253862328	-0.07783188004684802	-0.0325042573632483	0.0933853537625803	
0.08430715733211101	0.06262322662800011	0.15749307302161877	0.009904079585030718	0.06026245461521795	
0.08983422812891871	0.13804246505579493	0.09586469676165255	-0.019283223766818135	0.16076358857397166	
-0.08231754881768205	0.041935207413446016	-0.050242511082084905	0.0418952065246964	0.01538715831205323	
0.09951521269518512	-0.010921304065237702	0.017249352029723507	0.030677071976312857	0.03123297440627209	
-0.021820851450892402	-0.015780829799765188	0.10741867299252389	0.0761086579625087	-0.021029277129934586	
-0.22228068961081368	-0.030984368168169338	-0.13492066005543474	-0.1974472645850189	-0.20949180661530903	
0.08222587407194845	-0.04032576675483451	0.05421947409220181	0.13031710011890965	0.11614734143246389	
-0.06547874887901127	-0.013092154191092846	0.007953138181156144	0.046501765354017725	-0.08684325684680755	
-0.16024470080944525	-0.13516833044745505	-0.07387730267268205	-0.056885797423440035	-0.070864628703036	
-0.3096007066953722	-0.1432227680735768	-0.2807914983346812	-0.3216872323180888	-0.313816256498933	
0.2594787267490087	0.17714765418428943	0.18455258581026915	0.14206301395976922	0.24672012744647887	
0.15152756104366788	0.029676997256354667	0.1913988338049148	0.052274242689640246	0.11897288205401264	
0.06521907949382451	-0.058203163547842995	0.032691872079188486	0.009593084415047078	0.09047547199187106	
0.049018612542850004	-0.020304495750571413	0.15640158747379712	0.1620517257343771	0.21216434808997053	
0.011751853182068627	-0.1522243437586504	-0.13447457437385096	-0.06778773276267894	-0.007652137962702632	
0.010965128911588913	-0.048965583346518626	0.0013489990819043284	-0.05555834538163542	-0.11248232617439591	
-0.3280150385300095	-0.24133593610204512	-0.35017411325349024	-0.29471145151178996	-0.33940938739709725	
0.0998111482563651	0.1740052181481481	0.06757906035216987	0.05871925539361188	0.08468999463047704	
0.1193936038226566	-0.014948310041118284	0.2232554176686784	0.193438300513533	0.06251996723338968	
-0.04005720526063494	-0.016868353709370947	-0.04584191769890634	0.08879952832113935	0.0007347408854598437	
0.024756134890207858	-0.03863796343495999	0.003347616061669812	-0.0033092745152352473	-0.0034946649691815178	
0.03974947258341717	0.03890831827289342	0.1161605953067914	0.014599335520179791	0.06421196784925463	
0.11990896414930506	-0.02795017157030228	0.1328322283463672	0.09822160535674782	0.19648745301726572	
-0.016670581777278648	0.0906191326911833	0.03817578132681649	-0.04027191781766888	0.08358569584487607	
0.0458057264400511	-0.07849262793147288	0.0072663858128816615	0.05451679581753618	0.10940351879204817	
-0.10799298107940156	0.07809467764674663	-0.030941263121061626	0.08796951707497323	0.024282093826433808	
-0.289564280958706	-0.27516547270359987	-0.38075860423133967	-0.43418240413386205	-0.42177113621024676	
0.06617580805634352	0.08335638318998354	0.06992735726683275	0.05708871979316472	0.09425887774588737	
0.06410565935055389	0.10410701792974011	0.10332645402944368	0.08707057216736644	0.1157453847384605	
0.04371059994150289	0.007367901062247363	0.09875632346609116	0.05496137257222277	0.17791711424633022	
0.10361778224070188	-0.013061349123701804	0.06260406738830122	0.044425171483459404	0.15080439630565998	
0.11181558398926035	0.10973609258603922	0.08929228740530921	0.00487873525694865	0.011338398715851742	
0.08245186092278194	0.01316397639627293	0.07422448678514301	0.02952013615731803	0.06343140288395578	
0.033988557871487954	0.07420960816880753	0.05084189443945475	0.03314283770865465	0.013937826886700137	
-0.028141310293497764	0.015535423150223862	-0.018828629132093863	0.16143791111648878	0.014232558881311535	
0.05525096618752585	0.06905453243114971	0.03199168506846517	0.008295943702641043	-0.07814679948611997	
-0.23395430540684878	-0.2125499407542399	-0.2803481774885492	-0.2253934596828984	-0.3050297738235016	
0.13398725999913402	0.11643709063563241	0.005961476229068729	-0.020597303272697137	0.005404684122264334	
0.12198065409586904	0.12296604532149136	0.0727065213782751	0.08601871387064032	0.23403741310140608	
-0.018203540034532957	0.01660889836676955	-0.0584250123286533	-0.08165591431552174	0.0029550177689382064	
0.013824217861103596	-0.06123471904874221	0.04982267887888596	0.029331534584740495	0.05720628409419383	
0.030345780668464863	0.11252583270524603	0.06771108543055511	0.11520570823965887	0.19870663798981053	
-0.06098224272207687	-0.021999120616822368	0.1131871863468805	0.09994743150200325	0.06391201168480189	
0.054064939186910146	0.07731250473804077	0.04334176157970875	0.048644331839818936	-0.10463063433623927	
0.09735326855687731	0.08334919642806626	0.09641503448575647	0.13318805299368533	-0.006035378895626487	
-0.0975868795875433	-0.06632075469098679	-0.2061318950934772	-0.19876282668183853	-0.15254878329578495	
-0.1654176030663493	-0.04859086357675114	-0.1701550469355051	-0.10541470684732752	-0.09269361133408709	
-0.018160683925834562	-0.05719004249201627	0.105509401354125	0.03309076248129189	0.1262507347226468	
0.03196599621758736	0.10187029787024665	0.01315659979443989	0.00839533222758613	-0.0693750080058363	
0.07234590333240515	-0.03394501859864195	0.04643935808508533	0.15799001342042335	0.04410237073990807	
-0.015816521075799273	0.0729510425486474	0.04281709388891067	0.049745322149052994	-0.034925184312622766	
-0.057038623071658814	-0.025813801859567942	0.04699154972528095	-0.11640637657586198	-0.11024266737271848	
-0.037835918322950635	0.05343495916243231	0.005702329197122415	-0.07344690111998678	0.01989360093462174	
-0.01557341802530091	0.08831962541618979	0.008324912650397906	-0.04762798078879625	0.07619111314377679	
0.07812513359277122	-0.018168310857440088	0.058661540451216646	0.013496336388696002	0.020657717843172125	
0.15388028427112382	0.09995898202433016	-0.0250128575863543	0.11202793112101338	0.07906728864784135	
-0.17044718827247232	-0.25236102678045347	-0.33480616793640605	-0.3684995956903595	-0.33172968855470586	
-0.16551520965440647	-0.05679311898368503	-0.014725127011949085	-0.052286621903232175	-0.0392748468905391	
0.017096677728818326	0.09802306210971601	0.03891021196288718	0.12228740848435832	0.09542690097207875	
-0.13240876786658912	-0.1293578988481134	-0.16168294694319008	-0.15503756376392425	-0.08291252007789995	
-0.10473038818534298	-0.119939157256363	0.013128607052509298	-0.05978080818655078	0.008497832796891668	
0.11324890667635953	0.07256619215416145	0.13461481961631586	0.13257490496984511	0.22467752467031185	
0.059995130404869756	0.1270837185546252	0.003028400264748065	0.13948010800394126	0.03222583608169232	
-0.00245445981404593	-0.11762777213825631	-0.020607462896463632	-0.12609888262680335	0.060551394427863024	
0.1491602548094631	0.1066731261134559	0.1632154154189999	0.0027814873889203465	0.02114088961853349	
-0.04931277285173863	0.0297735169718245	0.09141568055101795	0.10245145282430347	0.056077209838620884	
0.0003677646854817365	0.03631024900602452	-0.0770839912565621	-0.1044771824781197	-0.1231926001032543	
-0.10354619116136513	0.04279842023714044	-0.100583732316265	-0.0782982478821633	0.0226846861398347	
-0.06701168175451856	0.07258649579273073	-0.07212202116180547	-0.020922001083644837	-0.07162224140502882	
0.14880285851299715	0.017178996852108903	0.06037850952050527	0.07761045515347337	0.1801214296161004	
0.02090551032127173	0.12280224573994919	0.21451384948811505	0.03320233516973573	0.163942200520747	
-0.020198240533652437	0.08178987215970378	0.02759061919586538	0.053666922609793916	0.010278620797937076	
0.06815094100492067	-0.026088446768207915	-0.056870187913095324	0.059171252032694445	0.02099694425891846	
0.02784871276936406	0.09931616205378933	0.017923932096988494	-0.013196936193255761	0.013008416970298408	
0.0011698362582126468	0.01698845203186537	-0.029409327124470495	-0.012020943343509723	-0.16735907372729258	
-0.06133899592514947	-0.044134330259218854	-0.014085905014825763	-0.043098427338521476	0.050352749848633485	
-0.2227726159762714	-0.09660845470277468	-0.28190380939412424	-0.17942430233229179	-0.31036744572621794	
0.1116214829345419	0.03559635265889044	0.022710957198315278	0.053399754145018706	0.1656988393645611	
0.066599862404645	0.04489905226952041	0.012543936683407086	0.0884335348699995	0.1924850347925365	
0.18518711337319926	0.09997875123085193	0.22660132343700948	0.21169886559967566	0.17538790792609554	
-0.0010553858811252685	-0.01784774307113606	0.014561729311261186	0.09223507952110191	0.09763094256281642	
0.17097195576650506	-0.013900145257358552	0.17802221929018514	0.13949339275611344	0.1633969942816352	
0.017144912553490474	0.00655141871290324	-0.02104450595205327	-0.10548893666615931	-0.03466532615223184	
-0.09586818657172219	-0.02069759268655271	-0.10262469178628744	-0.10870684458214376	-0.19209275962869138	
-0.0339945616205262	0.09655902844728614	0.036647242651172696	0.16782658868406802	0.031251307354219646	
-0.18446509323034901	-0.12368549818496138	-0.12875572469368898	-0.1792167124418267	-0.2539800412766005	
-0.03679529104120776	-0.0003133785746694428	0.03628151968068858	0.055357921277506765	-0.06926831646571209	
-0.15548795851135216	-0.04628769486548756	-0.007612915652538705	-0.16576205608969843	-0.046560189720513484	
-0.12990958804142727	-0.13280321595718939	-0.09507723806530861	-0.16580451799330484	-0.3028753628179708	
0.09022498747606418	0.1354804196006377	0.16952002652564352	0.1324811433027997	0.15876069882915755	
0.11984174067375056	0.02876174035880514	0.12919558665872583	0.14887648801269396	0.1090123695956348	
0.07990054625125757	-0.05508462799358565	0.06462528462106966	-0.02910851142883921	0.07011556376700237	
-0.023175637244868465	0.04689885774829866	-0.045889665329917055	-0.07019981119544237	0.03700000371649345	
0.013854497731930428	0.08217521498016561	0.10733779064626266	0.0012912619002242972	0.0123569189624247	
-0.1536453815548528	-0.15426363148496583	-0.10505484372396892	-0.19296445070307336	-0.18753673636063886	
0.0044432269626980166	0.017672549081002957	-0.11234052126319566	-0.08712163068993158	-0.08582619850772143	
0.12614345919215988	0.07076315578476233	0.05891313129498588	0.009637903311901532	0.12474200714567019	
-0.0917605144143293	0.012723839128080248	-0.03842055114430245	-0.09342917524212756	-0.167764679680266	
0.1749756148575515	-0.014149397144752949	0.0283013890429358	0.07385753106799148	0.08943968752181633	
-0.0662847081955757	0.04894420592574738	-0.05755691489797818	0.033464947734557014	0.05614980126364472	
-0.15564094257541983	-0.06512945591078453	-0.06080909924498606	-0.09024895870647037	-0.109133167190905	
-0.14258244589651284	-0.029694566724921226	-0.02442940567792805	-0.12482348515550018	-0.07554908328724252	
0.032415595631235104	0.15176083407281094	0.08095102958985641	0.12445471319152172	0.1314708324921796	
-0.1089401442999972	0.05169655111617662	-0.05346897221157039	-0.019179729557492982	-0.029290614002581063	
-0.015761371825165557	-0.02054896695151566	-0.02150791058237124	0.064000791470784	0.033562386853081855	
-0.01198456728144494	-0.06947060448120883	0.07689540078775844	-0.06237841241044302	0.11916902132681909	
-0.08486182596794666	-0.005274427752263899	-0.1145654787589944	0.02813264927707958	-0.09310273349076015	
0.01427504051673422	0.05199492333596804	-0.0578149475312731	0.019155938197800034	-0.045336062093724955	
0.06240725380141479	0.04695793086850074	-0.04662200365502575	0.08230426096964358	-0.08173469587536308	
0.12055290259108821	0.04019110612746505	0.03496445744740688	0.10431680559159155	0.10979429489562523	
0.05248469283379644	-0.07739949997242819	-0.12720327236209958	0.0510908191909298	0.031251175894146575	
0.10080168689666029	0.0405649854271306	0.10182825116396103	0.11669538117009902	0.050421363076915394	
0.08801627895158641	0.07264566635056692	0.06049166945254294	0.01765419653508761	0.08621960208338161	
-0.09436060839133376	0.05642788759493342	0.08775904576017783	-0.0420241656033302	-0.06391857253332339	
-0.13383355612255923	-0.11060331406911389	-0.028869968705737735	-0.08702856648607497	-0.13669164366682465	
-0.2485265235776486	-0.187801623952078	-0.1815371213046884	-0.23650147025256793	-0.23675460087093697	
0.10255561125712256	0.14371682217248644	0.11209650977816342	0.09616750222830393	0.18782852033116304	
0.004225721077472036	0.03392684585748856	0.03200538190368829	0.09401899066301818	0.16115041350008827	
0.10041596030514031	0.13088606744617978	0.11401130983713836	0.15390160853130194	0.07643929489308053	
0.04432445634022026	0.11902792456503504	0.08620235412879437	0.11670952805107083	0.08075471338069819	
-0.001432888460523943	0.06500660452858208	-0.08974399697695737	0.0076420286982735956	0.08563213893428893	
-0.07916966142593641	-0.12949505657592456	-0.027724289430105315	-0.13706128009902335	-0.0709837041711227	
0.15425022281160136	0.19108832336259546	0.18725178734533787	0.23109956433366663	0.09827754174790941	
0.14161545957277968	-0.055907123734407004	0.012128934342438268	0.13777398863849338	-0.042997125758560656	
-0.007785087840307743	0.01509135229941574	-0.08031727536281051	-0.1265558070052481	-0.01657523470604063	
0.02506697989112233	-0.05722011770929865	0.11852344223165533	0.1034002887651285	0.039558124292667404	
0.044489283648087796	-0.036115098044260156	0.011650912624966522	-0.04095942268610527	-0.023335545821518942	
-0.021392686162776137	0.12099343666278078	0.005254405683077502	-0.03367595542975116	-0.016739090659215163	
-0.04257976578512323	0.08276316025272448	0.07877788921399109	0.1229745794432665	0.08115478352504915	
0.034802712387618256	0.014793249325908763	0.025527717236646506	-0.05453476001982335	-0.002148606434831783	
-0.10479524906882794	-0.0837954695890164	-0.11585652419042852	-0.06450538361955359	-0.10514737324771864	
-0.09994093991749685	0.020011847977672362	-0.12439213789529661	0.00498916419551816	-0.06313930072300292	
-0.0015973905430904439	0.08502199450088174	0.051882919178969686	-0.022581315416009322	0.09207104984793302	
0.07095891350687777	0.02911601280436388	0.0592726186769418	0.13134466901169847	0.06493437357572437	
-0.19101023991646932	-0.22823781043327632	-0.2436973055914635	-0.273052570685435	-0.2517327430894114	
0.019110570979139714	-0.10639346491583743	-0.04800839689475511	0.012518702089453196	-0.07878063290402251	
0.16926925658975797	0.013255982328237537	0.1163825166974616	0.13064066297363203	0.05796421276311144	
-0.08186921762449986	-0.005157405989350166	0.10674473516755233	-0.012120204437595887	0.07972233043519901	
-0.06052169382729809	-0.02838057547384605	-0.06602277421136804	0.04821913816486341	0.04568423032521347	
0.05682717149190547	-0.03594574865245102	0.06146635965996494	-0.03166492640505205	0.012800322406462122	
-0.01670824587746182	-0.022459298783977243	-0.07787402176674549	0.03610092431033249	0.0532304261698714	
0.07362907733553266	0.0642929322339354	-0.011631234126182891	-0.013488535347187157	0.07085331747020299	
0.12876210296515922	-0.027627499234795835	0.050798429796663006	0.04620764663912802	0.07095839087848625	
-0.04698644700358436	-0.01645268153726735	-0.02383997988972973	0.09211635120700372	0.08785301353546991	
-0.022357009347809164	0.007319632732390339	-0.09376243567545424	-0.010401307669830375	-0.05217217111763308	
-0.16915586692996656	-0.17075498268482953	-0.21061915489824215	-0.3274164939277447	-0.2962111051038334	
0.2623008434512715	0.2026459690310622	0.21621661152535168	0.11210087923397635	0.2500160240703863	
-0.2718209428452299	-0.22043384327103194	-0.3316667918781404	-0.3052419213273653	-0.3155588508015383	
-0.10204805198321575	-0.12958706299752756	-0.08112845827854605	-0.25447939932138847	-0.07346222477058882	
-0.055887810812918805	-0.03926067170502992	0.022055390903628	-0.040355398152576605	0.07260528568903775	
-0.06196573708158536	-0.023765941468866642	-0.055912575196107546	0.07251329393469717	0.07203035929485965	
-0.015690808386854684	-0.05684364842662497	0.06290110151974139	-0.01729655979169872	0.08238437889133815	
0.10350771172229567	0.0788000371660866	0.02397704820926163	0.1459443838623222	0.11068696987640204	
0.15540623969506925	0.13732011004563704	0.22123177731627888	0.22740519201407955	0.3830977751606004	
-0.08444953989120632	0.0013622054092287334	-0.06219801108664644	0.0024015068274985327	-0.11199211102164927	
-0.04360625681855472	-0.033197898513481865	-0.050827290550565125	0.09846126543119767	0.10946417830015892	
-1.0127121568369706	-0.6091327807317459	-1.1185984542337801	-1.1414750674191032	-1.3946230476660213	
0.5202494636277418	
