TESTRUNID EPOCH: 6 L_PCC: 0.8255163908976548 L_ERR: 0.014218139583080236 T_PCC: 0.8364526362062126 T_ERR: 0.013497565660599505
180 LAYER: 1
2 LAYER: 2
1 LAYER: 3
6 :ILEARN
-0.017907139714591853	-0.08246357003581094	0.1255908007669319	-0.008626871865000536	0.07200010733959497	
0.3016137226952309	1.3181309156569856	1.9134630918924094	-0.24213541994353696	-0.08345950823413771	
0.2194795231183304	0.1477256400696592	0.7058116949468587	0.9078034954214178	-0.1459660108082652	
0.2085436103435443	-0.0034726101729991034	0.2699781555017193	-0.06023479647842487	-0.03261702824719012	
-0.26923433609384173	-0.005676080457582923	-0.3431759021625301	-0.3480338270499886	-0.7292571821929824	
-0.9544081089209907	-1.0494286636703234	-1.504897756394118	0.9052286933076957	1.245269837503405	
-0.5440737229313123	-0.15244710589568808	0.25708124457858317	0.18886997311152262	0.0558257362597938	
0.0022767224601536887	-0.7039497077465999	-0.2787855716705855	0.45964089209160947	0.28053790777778403	
0.35851401453410026	0.37902890823401725	0.09972363280847611	0.28575505447770533	0.6353469828387132	
1.2883422558885946	0.24178737617627968	0.19085917406051792	0.29583810435428864	0.3498788694653295	
-0.24462283561921241	-0.250287370267607	-0.05767437679998819	-0.04689066812555476	0.048058417728416764	
-0.038495646378393936	0.014823521098402612	-0.07065428501883797	-0.3599131699485145	-0.2230763874292359	
-1.5111099544839453	-1.1193592116220439	0.03888003154554903	-0.01716414609461947	-1.0449847198062276	
-1.0514251898963063	0.07355734836277299	0.05359665684035371	1.1905377226639575	1.0746621848887863	
0.5895077495650859	0.5037801537722686	0.06848129683065449	0.16460603313714461	-0.006817847060002551	
-0.04891435167734943	0.08918038429084754	-0.026203755878168998	0.08577349052675448	0.13379988902491322	
-0.439429000627817	-0.6150972948738994	0.5240959872537723	0.5804144837421277	0.10623670459115606	
-0.15211186353851583	0.019734824001309954	0.3492392194842356	0.258668114886374	0.4284994640512954	
0.2803032573654754	0.3668702554101164	0.46028853999915986	0.6027283461154808	-0.031480692228204585	
0.22995194727730817	0.2859125603219379	0.14860420160211532	-0.32557706858185964	-0.08092485513801972	
0.2787084638720837	0.7530276648648856	0.4580409875484306	0.30325949628259785	-0.5129931918913722	
-0.8144476286077217	-0.7738402606018917	-0.4032964194856101	0.10682582872549064	0.38263238315530396	
-0.336238934406644	-0.5319264049332816	0.2849276329740409	0.16588157907830037	0.3050423327885492	
0.5412614094259759	-0.326930655890898	-0.09948289820046462	0.04464868560606478	0.09257719348093513	
-0.12416565260018475	-0.01881237949274043	0.3710928092913111	0.25106623521973853	-0.0063064613701738275	
0.5628725221963838	-0.4653579881430208	-0.4722575071851355	-0.01008978831008072	0.035293802218342114	
0.14378348685605846	0.16917391709727286	-0.04764134550948581	-0.5399459925885226	-0.14173161534018533	
-0.11475504904889529	0.19792261524499688	0.21384818692533294	0.17965549546817433	0.30885383555404206	
0.10764586264268756	0.19512767334266146	0.26417693976107604	0.1709423991403338	0.06513388319248879	
0.18109458490614122	-0.12496638849828742	-0.07512119277408737	-0.35151981489446416	-0.09461848192554112	
-0.3290808188613038	-0.08501221012628689	0.33319445379387735	0.17576251843522384	-0.038446431558290646	
0.019455455469045375	0.15049740270822928	0.24208199945883058	0.1668142502262168	0.3706509414455845	
-0.06932275306968447	-0.008225176090143945	0.43407143410129484	0.3749867634335056	0.11968270146160336	
0.06778835174914466	0.10419159586684366	0.21608478563311745	-0.164369715643729	-0.27091236299211996	
0.005723502219019724	-0.008066174520838553	-0.048137345532395646	-0.2575191218517617	0.18810680014981102	
0.2509590875732536	0.04869735284819125	-0.09600608389228832	-0.6249026118220746	-0.6792473739551012	
-0.22274822039769965	0.13235529724698888	0.28649355615991934	0.09612580788546961	0.1256768608562126	
0.056739924990633725	-0.08680089420668274	0.12832886582613992	0.6921201122066775	0.9745363051408992	
0.030060949184069517	0.04152415995202638	-0.20798556322497444	0.6241475973349491	0.2792023537492049	
0.39477057739126825	-0.34953370250599874	-0.25603649321663063	-0.18619428561019485	0.11791735522658736	
0.02606043261772184	0.36015223024636434	0.5148791511647021	0.49541995963173613	-0.10287054856313431	
-0.02539630480903603	0.1566926532653766	0.20290739094532928	0.06645124281292025	0.08741497001283442	
-0.178101365804481	-0.1937960923736307	0.14924451737599959	0.2031583958390971	0.16419041562406242	
0.5575309829378697	-0.08890710034519732	-0.0666647941917845	-0.19957624756591427	-0.338925814173479	
-0.413171973092087	-0.4717834486870093	0.8325949038243365	0.6180855030291943	-0.00841729500618166	
0.0206355336907265	-0.11768815570803948	-0.03541220788467673	0.2642031466527462	0.3944800439369502	
-0.09864593486861034	0.17611388047186222	-0.1179876614616196	-0.544344897469996	0.479068266953402	
0.46889013773580773	-0.3207337988530708	-0.11045327089332865	-0.4850351484421761	0.434999177122826	
-0.6351586966978989	0.5027213905675133	0.5297353867500083	0.7769304666942903	-0.18095513968183963	
-0.41908462435807464	-0.08859495747064418	-0.23887370676976113	0.10676128818192036	0.32699797475406994	
-0.03945216449414803	0.18953785662098419	-0.24363251763989577	0.051977527815332276	0.4495798090241617	
0.44858679840907384	-0.005107699687116426	-0.03934791473939636	0.16900816395901577	0.34717157761886364	
0.06050573960295569	0.46305667801842093	0.7548183975747629	0.8835330302068342	0.0620390277144693	
-0.09039888645904287	-0.1564515731176774	-0.13826843481238643	0.42179135103018583	0.4244997306952832	
0.14147502851244656	-0.12797587630055457	-0.08862206881755842	-0.5790862715105429	-0.06532411104137592	
-0.13011770537015035	-0.5197662282451196	-0.2057599204094534	-0.029973638674311787	-0.21230950000324175	
-0.3830733396653688	0.0539387262063912	0.35012635512070983	0.3840492161075481	0.15126488671776847	
0.07032718402914727	0.5864670586024772	1.0523944843668225	0.012806398818676328	-0.12008112787932826	
-0.07624965636069106	0.08182550972690285	-0.039362918082274295	-0.013753516575944098	-0.23845518607251365	
-0.06779245510702993	0.367097860762787	0.2917007308633695	0.3264862270317784	0.30819811261081237	
-0.08801682057785908	-0.028681840310782705	0.4912993959456328	0.12471975307594982	0.33960922973251134	
0.2732281295551008	-0.19447060620150355	-0.5690064983902736	-0.05011121257879501	-0.3714632543496266	
-0.2143758750289688	-0.16872051680494865	-0.25674741965287823	0.39143679802652603	-0.22038678412426746	
-0.08367107434746297	-0.44631122061412964	-0.5814277472301318	0.3072656684425622	0.7558464076963464	
-0.34954692280722677	-0.44563344799485427	0.7392071443729863	0.7286283366357209	0.08864626945467352	
0.14707434799832264	-0.06946567118136736	0.024361246348083093	0.2694108730797893	0.42139619114423515	
-0.07109089197506804	0.05030556342704878	-0.05559017204001546	0.0038703648732066054	0.05705920564432379	
-0.09553391440163878	-0.03512750805476271	0.07458447528002221	-0.7580488383034728	-0.5310254703088306	
-1.0541412714541787	-1.0375109016069037	1.430017374452778	1.43287885420804	-0.27673828949943463	
-0.026010791326520774	0.1596218640183984	0.08555024591734475	0.0599230523472056	-0.09308575602567315	
0.26991003607802705	0.5318804537267783	0.3373335757582596	0.3147999438578918	-0.04676939081334544	
-0.0850352794941256	1.3249680704025224	1.4337205699157085	-1.2765234718948684	-0.9745191937897156	
0.5592075306046672	1.6798847825039211	-2.6010456721221207	-2.749795981621639	2.378704625567881	
