            A        R        N        D        C        Q        E        G        H        I        L        K        M        F        P        S        T        W        Y        V
 1 A     0.01   0.0475  -0.0178  -0.0386  -0.0397  -0.0335   -0.012  -0.0308  -0.0147   0.0381   0.0079   0.0073   0.0041   0.0028  -0.0288   0.0135   -0.021  -0.0391  -0.0049  -0.0145
 2 A   0.0094   0.0013  -0.0365   -0.041  -0.0528  -0.0246  -0.0319  -0.0611  -0.0344   -0.034  -0.0044  -0.0518  -0.0139  -0.0211   0.2722   0.0015   0.0038  -0.0366  -0.0168   0.0072
 3 A    0.037   0.0601  -0.0428   0.0183  -0.0124  -0.0197  -0.0318  -0.0085  -0.0031   0.0069  -0.0246   0.0008  -0.0042  -0.0189  -0.0023   0.0104  -0.0178  -0.0201   0.0003   0.0179
 4 A  -0.0054   0.0098  -0.0094   0.0215   -0.064   -0.017   0.0177   0.0113  -0.0078  -0.0193   0.0197  -0.0142  -0.0281   0.0049   0.0081  -0.0093   0.0257   0.0029   0.0044  -0.0049
 5 A    0.027   0.0262   0.0021  -0.0144  -0.0183  -0.0079  -0.0127  -0.0103   -0.021  -0.0151  -0.0226  -0.0046   -0.013   0.0195   0.0163   0.0113  -0.0081  -0.0281   0.0006   0.0048
 6 A  -0.0023   0.0378  -0.0163   0.0117  -0.0485  -0.0186  -0.0213   0.0161   -0.024   0.0057   0.0171   0.0003  -0.0008   0.0123  -0.0256   0.0049    0.025    0.006   -0.038   -0.002
 7 A   0.0094  -0.0083   0.0066  -0.0205  -0.0444  -0.0002  -0.0102    0.004  -0.0287   0.0033    0.015  -0.0277  -0.0078    0.024   0.0003   0.0126   0.0158  -0.0221  -0.0199   0.0125
 8 A    0.044  -0.0015  -0.0286  -0.0173  -0.0383  -0.0117   0.0015   0.0202  -0.0349  -0.0181   0.0213   -0.022   0.0138     -0.0   0.0443   0.0214   0.0374   0.0031  -0.0373   0.0294
 9 A   0.0232   -0.051  -0.0408  -0.0081  -0.0445  -0.0544  -0.0507  -0.0508  -0.0404   0.0406   0.1141   0.0156   0.0585   0.0569  -0.0613  -0.0244  -0.0116   0.0196   0.0067   0.0439
