            A        R        N        D        C        Q        E        G        H        I        L        K        M        F        P        S        T        W        Y        V
 1 A  -0.0616  -0.0209    0.025   0.0104  -0.0269    0.032   0.1258  -0.1843   0.0256  -0.0005  -0.0152  -0.1116   0.1112   0.1308  -0.1644   0.0169   0.0561   0.1783   0.0444  -0.1301
 2 A   0.1025   0.0351  -0.0977  -0.0002   0.0613   -0.121  -0.0305   0.0638  -0.0243   0.0848   -0.011  -0.0058  -0.0274  -0.0736   -0.127   0.0589   0.1983   0.0246   0.0342   0.1668
 3 A   0.1385  -0.1216  -0.0257  -0.1259  -0.0319   -0.106  -0.0457  -0.0592  -0.0244   0.1316  -0.0567  -0.0524   0.1313    0.102   0.0372   0.0792   0.0384   0.0244   0.0253   0.0829
 4 A     0.06  -0.0318  -0.0458  -0.0434   0.0722   0.0511   0.0333    0.091  -0.0043  -0.0597   0.0455  -0.0513   0.0133   0.0597   0.0858  -0.0433   0.0076  -0.0147   0.0184   0.0091
 5 A   0.0315  -0.0135  -0.0578  -0.0118   0.0474  -0.0043  -0.0708  -0.0175  -0.1136   0.1356   0.0161  -0.0059  -0.0259   0.0511   0.0841  -0.0161  -0.0037   0.1123   0.0447   0.1488
 6 A  -0.0187   -0.009   0.0447    0.036  -0.0308   0.0745  -0.0661   -0.055  -0.0576   0.0536  -0.0009  -0.0514   0.1434   0.1602  -0.0002   0.0044    0.101  -0.0467   0.0315   0.0361
 7 A   0.0147  -0.1205  -0.0386  -0.0743  -0.0087  -0.0005   0.0169   0.0634   0.0567  -0.0157   -0.039  -0.1035   0.0789   0.0564  -0.1231   0.0695   0.0429   0.1343   0.1176   0.0714
 8 A    0.044   0.0177  -0.0269  -0.0962  -0.0144  -0.0494   0.0417   0.0401  -0.0494  -0.0644   0.0415  -0.0033   0.0447   0.1088   0.1083   0.0508   -0.075  -0.0496    0.038  -0.0226
 9 A   0.1195  -0.0672   0.0088   0.0242  -0.2294  -0.0354  -0.0316   -0.001   0.0078   0.2331   0.2267   -0.156   0.0716   -0.106   0.0037   0.0169   0.0607  -0.1188  -0.1838   0.3204
