            A        R        N        D        C        Q        E        G        H        I        L        K        M        F        P        S        T        W        Y        V
 1 A   0.2417   0.8841  -0.6196  -1.6474  -1.4741   0.2278  -0.9035  -0.7558   0.3528   0.3841  -0.2227   1.2049   1.1182  -0.7265  -1.4026   0.3734   0.5286  -0.9235  -0.1744   0.4065
 2 A  -0.3607  -2.4861  -1.6836  -2.9301  -0.9056  -0.3472  -2.3681  -2.4306  -1.6278   1.3831   1.9484  -2.2417   1.9758  -0.1574  -2.8538   0.8365   1.5838   -2.711  -0.9556   1.3658
 3 A  -0.5589  -0.2634    0.483  -0.8712  -0.4279  -0.6953  -1.3411  -1.3878  -0.0194    0.178    0.243  -0.4345   1.1229   2.1912  -1.3045   0.0362  -0.2487   0.9313   2.2019  -0.4939
 4 A   0.4893   0.0447   0.2944  -0.0691  -0.7668   0.2154   0.4389  -0.4772   0.0445  -0.4858  -0.7497   0.0823  -0.4196   0.1832   0.0006   0.7942   0.2271   1.1519  -0.0439  -0.3874
 5 A   -0.234   0.2166   0.3113  -0.4937  -0.4576  -0.0957  -0.2065  -0.5713   0.0958  -0.2918  -0.3911   0.2368   0.2714  -0.0225     0.51   0.8405  -0.0384   1.3635   0.7946  -0.2523
 6 A  -0.4549  -0.1458   0.4526  -1.0973  -0.1577  -0.0613   -0.822  -0.6488  -0.0654   0.3045   0.0691  -0.6723   0.1315    1.168  -0.5276   0.6823   0.8159   1.1699   0.3727  -0.2075
 7 A  -0.3037  -0.7974  -0.8254  -1.6024  -0.2544  -0.4478  -1.5749  -1.2756  -0.3063   0.9029   0.9274  -0.9627    1.561   1.5174  -0.3548   0.2427   0.5022   0.6765   0.5652  -0.1677
 8 A  -0.4541  -0.1051   0.4089  -0.5221  -0.1269  -0.1244  -0.2576  -1.0168   0.2143   -0.665   0.4316   0.4891  -0.3556   0.6945   0.4957    0.213   0.1685   0.4188   1.1788  -0.5984
 9 A  -1.4154   2.4657  -1.4266  -2.0969  -3.7562  -0.0328  -0.6295  -2.7395   0.4641  -2.8416  -2.2576   4.7752  -1.9581  -0.8601  -2.2755  -1.3589    -1.78  -1.8323   3.0358  -2.1421
