TESTRUNID EPOCH: 99 L_PCC: 0.7581412238942291 L_ERR: 0.0019187588759374038 T_PCC: 0.48596578857483796 T_ERR: 0.0037024992291816495
180 LAYER: 1
2 LAYER: 2
1 LAYER: 3
99 :ILEARN
0.2085224844071366	0.3245601401469834	-0.026651877853685658	0.06265197251454387	-0.2051433819687484	
-0.2436526818456337	0.05645637667404588	0.11961824220003604	-0.013073326998746394	0.01726196123315611	
-0.11610744490768482	-0.09364788176161096	-0.031857515636573505	0.10716097652669722	0.06585337786481274	
0.23335401774828696	0.04211312013845896	0.07969975357523452	-0.280617517716746	-0.289619179911774	
-0.06158285297968874	-0.05758256396660525	0.09032781717880853	0.19703398632317295	0.060426380421865614	
0.06356271071991423	-0.3489241091478976	-0.40866927960414146	0.008492667810597357	0.17031687206816284	
0.04857080736412949	0.1441457200483442	0.21049933196385656	0.15669996106821013	0.03393921344858964	
-0.04016427643538051	-0.20006412014319327	-0.22121582627036343	0.05518671947763488	0.24505480065109272	
-0.11996598802925622	-0.21717807312615178	0.0405244920323205	0.1599917092128283	-0.13429298955947494	
-0.08085997534823527	0.06889219206761922	-0.05714159321633462	-0.019141974281235565	-0.04539651387348574	
0.021487100953924667	0.1834164201406693	0.07516727336592677	0.11352683102307409	-0.032516688466235275	
-0.11681306644853764	0.12008788479851853	0.05850297681212803	0.086983575158011	0.12837921269562208	
-0.21102681563906495	-0.17072372376652123	0.08877300175317342	0.04428617429128671	-0.09388749576558687	
0.001436015595693239	-0.06013812401035407	-0.11423100397779597	-0.3077634691413979	-0.42240110034164197	
0.3655128568987328	0.2810223868790078	0.10927227702305795	0.2866647621695894	-0.012038695363179386	
-0.05660344475903582	0.2241420789021335	0.14328220429918892	-0.018771289845230785	-0.035419333837263325	
-0.029861875231731515	-0.0853342609573019	-0.37245878661503273	-0.5165967294191708	0.10089385766918435	
0.26268891914698794	0.15037813495577743	0.2961241846089934	0.056423972804954266	0.05404342819340125	
-0.13973191121139375	0.010247822147201683	0.060533984388927466	0.10339570201366848	0.14339365748919936	
0.14699559919237906	0.10744750387878241	0.05162356661612848	-0.03648518542937739	0.09408267490320157	
-0.022218067608422272	0.013562016204531051	-0.37086392460883466	-0.5597573737782754	0.11108911432384531	
0.06139200959420424	0.04966025933435378	0.2732765274262685	0.09338293795202887	0.16622640907645322	
0.06982318483797227	0.09644048937869458	0.1337437221362964	0.10035200026863791	-0.04666532572620609	
0.09837495811629673	0.07574017686774259	0.11110091531337013	0.11913071874308712	0.021324118170059428	
-0.07166663535777389	-0.052697702030719294	-0.35243895294075783	-0.35486163584451724	0.13040379382854103	
0.08068222973697206	0.1673337847627708	0.2613438896400431	-0.08204408546802751	-0.04855587707454357	
0.03262911062301425	0.11262825584075717	0.1828959280954848	0.13152261610868998	0.12371665991298114	
0.04349687599287579	0.04147504638510149	-0.04856561640451414	0.1376934335472529	0.13746559622103738	
-0.1478204815419852	-0.26944540866773997	-0.2525373881686697	-0.27822934789613174	-0.05222171005745969	
-0.0287040560169182	-0.046060286576159064	0.051975807034129885	0.1449780493264631	0.07400167820275083	
-0.07817347339639089	0.09306457445859462	-0.021112919635802054	-0.10326889646463547	-0.03059432817406561	
0.07193413283281372	-0.0023061832171885456	0.08948184918131559	0.10287356539830642	0.08433499044003186	
0.045943795306759704	0.12931791211484644	-0.3402649799827261	-0.4019004020708901	-0.12812712062502904	
-0.1317039654991795	-0.0016383313946021967	0.10716149943857108	-0.07747400278160822	-0.09785448108182375	
-0.08775583311754884	0.044599982776967736	0.18753911996495648	0.19145093349092737	0.101676226310817	
0.1750522717158786	0.010212355080252797	-0.08533707053338792	0.028306387724902477	0.1144430147388503	
0.08949880912981624	0.020066972285014997	0.012202854650312825	-0.13949530633579033	-0.08421603307943391	
0.010561123499260397	-0.1135098312166518	-0.04152317793402429	0.10242049446451569	0.21014303701312093	
0.1340596179856982	0.14565579595877742	0.0683287432847361	0.08182179173044947	0.09447506896579329	
0.11538360040136023	-0.03262188033464035	0.029674655214247097	-0.06861130030090802	-0.025363397035509095	
0.10501591466267858	0.03293937598089511	-0.20983544515307823	-0.3150211276256026	0.1172930013251784	
0.17378243392146528	0.1271277771548948	0.14247670046655958	0.26872048237124835	0.3072792171521578	
0.09057570342504453	0.23290281825825312	0.09195014482876893	0.1160802327543161	-0.07645022973660065	
0.0039835757226311915	-0.2066288362943984	-0.06114749466136191	0.1789714440970903	0.04389155523495117	
-0.24566843081544196	-0.23342889873808503	-0.06168894629154389	0.07868873433940608	-0.11151453913025812	
-0.022304816429751354	-0.19867923153117933	-0.18364885733918404	0.20373054463273338	0.24903175458762009	
0.14672715682568907	0.20568423592958102	0.09980286261029005	0.02493788863813337	-0.024628155366080002	
-0.01224216481104122	-0.020070343911281638	0.11639556224312056	-0.16608933987699986	-0.11536665348383751	
-0.07533913527983116	0.04099459488983683	0.1260441720235638	0.07279710076745508	-0.06651100524231077	
-0.11109543589933657	0.04947208759096868	0.1562252374753072	0.03776349832147908	0.08608756995174342	
-0.20993130665801207	-0.04711652084959314	-0.15582195439784108	-0.07863349525742265	0.16934770701260857	
0.2514615894088159	-0.013382925566916608	-0.010972898233503099	0.03239693358857567	0.11417047488362833	
0.07069894165717965	0.1006851341282916	0.006117689141184394	-0.020055633741514617	0.06262930530062062	
-0.03644605898294106	0.05590421196651031	0.02844055313720852	0.08757594827623473	0.12143409806480468	
-0.03891475080258645	-0.03752513323331932	0.1304005523289414	0.1154799969009808	0.14101295615163634	
0.09257349210680758	-0.04151541363890654	0.015313111254666696	-0.13886008174476414	-0.06812488908128832	
-0.2097251321598688	-0.2690313388142457	0.19118323263513273	0.15094510561154434	0.04087242528979289	
0.18386239357506384	0.15251560363683486	0.24081681525852344	0.09295044841319117	0.14597190206051444	
0.010863119129167279	0.06431829892828718	-0.08391563919376652	-0.1227106089593011	0.21433496225336604	
0.21706261190890916	0.045660077008770554	0.004597152063893794	0.014232990554488716	-0.1407090635795759	
0.09196392215093915	0.10973716879641075	0.015623467685664206	-0.014228579357467568	-0.012800439436222086	
0.06142025069464918	0.07760965046938176	0.079797802476192	-0.005687840035137658	-0.05554941534071826	
-0.02755481064693146	-0.05232351763068179	-0.08856480087389818	-0.11235718737067694	-0.022622872445266357	
0.04945624358390361	0.16647041415981337	0.09273691600371527	-0.3521347031338007	-0.29884323161698106	
-0.0957458185936439	-0.06800115817762349	0.09246146259113784	0.10286532678087701	0.026780301921644097	
0.026877420761485464	-0.0594256172756309	0.03693414438391143	0.03416795838062246	0.06061305284117498	
-0.05955276422971871	0.06380609923074147	0.01800142106820867	0.09382413689430681	0.13617029093879235	
-0.0011454114689787981	0.0007794239214256811	0.11954291166591059	0.03140800914055685	-0.02530619620015989	
-0.2833233105794717	-0.31717764528386694	0.3107181293345044	0.37748760916563534	-0.43142911061190203	
-0.4173784440646585	-0.09538510916381562	-0.1267871922692531	0.09980328713939775	-0.03928395424828629	
0.08777372177160811	0.08812207742218525	-0.029300070180634977	-0.01798900821566717	0.1823338354742009	
0.16520675598609735	0.3996265862839769	0.41497677149889056	-0.03639555650004024	-0.024588761296017832	
0.14561956385066496	0.2317874795264888	-1.5937053010999986	-2.014102281650675	-0.023974959457341974	
