TESTRUNID EPOCH: 8 L_PCC: 0.8278555952643154 L_ERR: 0.014040921185693812 T_PCC: 0.8321978586058639 T_ERR: 0.01379363559415433
180 LAYER: 1
2 LAYER: 2
1 LAYER: 3
8 :ILEARN
-0.11944290042874096	-0.11543178779916163	-0.006615510428006322	0.057805368461386515	0.14733858996435725	
0.27544651532790176	0.9920880305991109	1.6058155409733559	-0.1634902661781721	-0.14029900452536306	
0.10906155253389917	0.15437149282173027	0.47601470064481705	0.7565698589940357	-0.08184264046395484	
0.12816188184746158	0.06171480596001334	0.1952441675991813	-0.07824691186825207	-0.08262181754602194	
-0.1372266313108298	-0.1341521626268461	-0.21600995886222255	-0.23958277326037444	-0.5292121938953454	
-0.8355934849397851	-0.8202269658277915	-1.185219994459853	0.6204222508173416	1.0412937256521413	
-0.35001893734149264	-0.08631160294135377	0.1566779420354237	0.10366866187068369	0.04290498750427439	
-0.021414674549704645	-0.4386206175443589	-0.292180466215674	0.2186234958973598	0.30182353241191884	
0.27357751196570035	0.3641420758788063	0.06591720708313765	0.22166171041793806	0.453337075785775	
0.9685301034132365	0.21532152604070495	0.15076318715368922	0.19454880106726688	0.2642367064979668	
-0.18357244961002883	-0.16469071310037062	-0.05767437679998819	-0.04689066812555476	0.02163907866385421	
-0.06079355781130054	0.014823521098402612	-0.07065428501883797	-0.18630860471275437	-0.2316557986002926	
-1.1330207868433366	-0.9450431480730865	0.03888003154554903	-0.01716414609461947	-0.7594316101759107	
-0.9065270514567052	0.0686097426304331	0.05638524932140988	0.8202082623558625	0.9435320894276179	
0.45301390342455	0.4204437641525113	0.06555277527177912	0.13569682458114987	-0.010001408997816362	
-0.05146956004430398	0.09035133341406375	-0.02426452289487179	0.03305434205561838	-0.0016738431329628512	
-0.3230167461508987	-0.48743972255091	0.36413478097514923	0.4382421005645525	-0.05074036944757527	
-0.1107995008105471	0.04421796580209237	0.25154344403693724	0.22262781620148353	0.34045270288601315	
0.15903196092125366	0.332990238551223	0.34108980107714876	0.5444073825088895	0.07605162590968488	
0.16559745628041256	0.23453434372098547	0.17306064997091622	-0.16323652215332868	-0.10930382615340892	
0.2543725081092135	0.5801294964134126	0.34793633999790785	0.3013465059687515	-0.3998400784844581	
-0.6538386490615449	-0.5414647789180309	-0.3405818432381361	0.08187680166900208	0.2635995130511805	
-0.3059416944731672	-0.43046287984003834	0.24037996188543906	0.17540181077435915	0.16709367618694745	
0.4081715083710564	-0.24028947313213345	-0.1032835478761421	0.032064901664896776	-0.018846311563906388	
-0.13068061430385106	-0.10827162800956988	0.20633918896162332	0.22237491071447263	0.08654709047326706	
0.3335805927032395	-0.2879414622049547	-0.3013014128775925	-0.01208069613490669	0.033388267811531945	
0.05709632107582585	0.11149681138636891	-0.0844908145783777	-0.33849794225798696	-0.02587296589740329	
-0.11630087031725715	0.16613307665581656	0.1250238947871278	0.12453002965464972	0.23223581757724426	
0.12894926909454646	0.15150217132962224	0.13817967907832526	0.2489352566922874	0.04685188249739293	
0.15448961499456224	-0.11306259714084675	-0.09314334175614379	-0.1950155158646699	-0.20927903928387576	
-0.23164395061093593	-0.08094875306999808	0.19365273140909098	0.1308059847656422	-0.05610869718315665	
0.02269430773422311	0.0779391951418682	0.2258390029028303	0.1252284496327877	0.22380386153090076	
-0.08935863266437245	-0.06524921922080892	0.21308846468982254	0.3093701060873743	0.09328236084318219	
0.0996950620424882	0.08335148560761871	0.20802531362277057	-0.1323920502759357	-0.23857058339855466	
-0.017034152723184214	0.04272338465024052	0.043373006656522245	-0.10292434511013808	0.13061309642529362	
0.2533468007201521	0.025480526192919007	-0.039821554754300256	-0.4479221059055972	-0.5666343856051542	
-0.14163734383048693	-0.08145575733171398	0.2397558400264528	0.15171762933505764	0.028508000021047038	
0.09680940340535739	-0.10419004544786742	0.014630487104585579	0.4879151130253975	0.7632066069721704	
0.005042787031425511	0.07256002004674211	-0.0014658481332573883	0.4018840077342774	0.2139802485737032	
0.29604690108456755	-0.2758359408585716	-0.25283714759197606	-0.12658397680824468	0.010455612161868171	
0.1837409352979268	0.25413828422740725	0.3729172347254582	0.37100909863433845	-0.06008564049224998	
-0.012849593341263144	0.14507720818906208	0.16929311460455182	0.05596605218082118	0.03455615315893682	
-0.14258281456505403	-0.1317597778861774	0.095610369471206	0.20093982173358615	0.1609786528013546	
0.44911042437237736	-0.12710991300332808	-0.02785629839326618	-0.23387801374812853	-0.38286354271989853	
-0.30875679227977315	-0.3143796719535891	0.5071439926579224	0.601321532666203	-0.07238829666814646	
-0.029554072811657308	-0.11151844118268285	-0.12608379187847327	0.19371680853310128	0.28115434879863055	
-0.017143696895551057	0.18099262281950904	-0.13409921075504092	-0.35303212413547436	0.281108001793876	
0.38254770485175993	-0.19070461224960236	-0.10826970356900487	-0.20180361757396195	0.26732309502906476	
-0.2999207268803407	0.2619277346791484	0.4330147265935402	0.5619150838658155	-0.1662769078766861	
-0.367675044666108	-0.11179558544017139	-0.14557999470823038	0.11266444868516365	0.23449584612849564	
-0.08413736485089776	0.11403985200566871	-0.1352745799376523	0.06518309315639911	0.29476802919062267	
0.42338483866971205	-0.03537263265641129	-0.014661689741424492	0.10568583720468847	0.20790419687042622	
0.11914706728111131	0.295633395255422	0.5560742342404031	0.742970494827435	0.07417609413731255	
-0.023070401335832203	-0.10982647094293292	-0.12991585300632363	0.31390899416674756	0.36022620498788704	
0.05378707680203048	-0.024636180210075492	-0.07968477161903384	-0.3148000854255205	-0.048741643140313054	
-0.13130704421004402	-0.38607805234116804	-0.3150172957944037	-0.08950367017722281	-0.09450071159048282	
-0.16281305738083393	-0.010278365300555104	0.26589802494457576	0.2966209886280456	0.07365230044017329	
0.11450697322416295	0.46061454827951565	0.8445022321290343	0.026878092703592083	-0.054539676395471984	
-0.054183063606438604	-0.023565550569956475	-0.04571834515471401	-0.033532407355513806	-0.17247155274208212	
-0.11183343201707449	0.2243479405392641	0.2167636002001173	0.32734277403440953	0.23726677400408017	
-0.11810808184942334	-0.010858375712814082	0.3408690050985784	0.24279303662457657	0.18784162064024637	
0.26029456312849125	-0.23429926474211207	-0.49200896357656454	-0.03851413347255315	-0.2349304026265148	
-0.11054795873348203	-0.19883527134948115	-0.09696395925397831	0.2706900955471524	-0.17161818028918183	
-0.10904505793931696	-0.27424118061520025	-0.42290176868798823	0.17083521903175106	0.47468427840488536	
-0.20510229188163975	-0.31055820884985613	0.5003893368872037	0.6334880375572498	0.0676410459753008	
0.10201578931286653	-0.06946567118136736	0.024361246348083093	0.19770221305495936	0.3460153371835836	
-0.07109089197506804	0.05030556342704878	-0.05559017204001546	0.0038703648732066054	0.05705920564432379	
-0.09553391440163878	-0.03512750805476271	0.07458447528002221	-0.45177454838756376	-0.5118483353248175	
-0.731366093813314	-0.8901208294878241	0.9662357577214601	1.2591182959688283	-0.18248327882634283	
-0.043439525469507176	0.1238482777101148	0.09056156146115593	0.0599230523472056	-0.09308575602567315	
0.20669537874365107	0.3709419051010526	0.2166850887329867	0.24920765268413053	-0.018391073528625006	
-0.09604829829922415	0.8378947795499851	1.0689500526919444	-0.7966888634368133	-0.799363326556587	
0.4331462362611197	1.1526110315938298	-2.512755742982729	-3.3267046915479255	2.6176409647122405	
