TESTRUNID EPOCH: 97 L_PCC: 0.9630528394086151 L_ERR: 0.003819494381742164 T_PCC: 0.7908092242820779 T_ERR: 0.018887998673853178
180 LAYER: 1
5 LAYER: 2
1 LAYER: 3
97 :ILEARN
-0.07510053112683276	0.08059040997185418	-0.1760918714875129	-0.08691373571601027	-0.15148970690943214	
-0.13094686134014047	-0.009006619065763841	-0.09861078162564905	-0.1080289048073383	-0.06652476936081714	
-0.060613063188756325	0.06777627614391277	-0.12086249876170375	0.00624050988343321	-0.14893432086775174	
-0.04183155077136269	0.0776476964820365	-0.0915199793729444	-0.1880512222721982	-0.17993844388449168	
0.1904403868771603	-0.013780013181914822	0.11761986892765063	0.2331559474011401	0.19840213453036623	
0.11729385001973094	-0.14951276999290622	-0.06300343113185822	-0.05082174797811792	0.19155613051985887	
-0.10703658707125172	0.02153559073785836	0.051842523875664105	-0.04217153152417228	-0.005140457784449123	
-0.09939973891986992	0.11302340721241651	-0.01621516904204437	-0.17244265156907115	-0.07496009877176128	
0.22429070280976676	-0.0652515053709475	0.20137772342857416	0.31528290747486754	-0.02128090643032772	
-0.06673648707723852	0.10684169073917069	-0.11840308896737134	-0.10573281214878291	-0.09007962495582998	
-0.13740725970923873	0.06596814137113353	-0.1214405848203993	-0.11133262101839064	0.0021189524921127073	
-0.12525375949604925	0.04574026753161734	-0.1461881901241972	-0.08341918619445984	0.014164721211972457	
-0.10411927971844454	-0.00811777538431382	-0.0007033104336311013	-0.058161951011522814	-0.05664383345015359	
-0.017686141764203505	0.14384127507049319	-6.620126228161578e-05	0.08933492481313154	-0.12918289821871104	
0.06189731178951482	-0.0451049662714847	-0.09989312462721243	0.02134017305678901	-0.08255190518358188	
-0.1478416586911307	0.17914469070074032	-0.14837126668775868	-0.07432696869630306	-0.08413505333717078	
-0.035141682457001666	0.14103045233154438	-0.10080544589153767	-0.18942367843902122	-0.18141765574682694	
0.02172032876374912	0.08726300993113655	0.022032095366522453	-0.03947758135730021	-0.09764117338727865	
-0.06978660330292102	0.1291547082270109	0.039099999674912594	0.07020581813091231	-0.09643038658573894	
-0.11873965020849017	0.11001994358729261	-0.06958649256422408	-0.16237554611411367	-0.016080395316743053	
-0.03111222093642315	-0.03202147107882849	0.07010813712003279	-0.029101276610866148	0.12071880240020609	
0.028297568114327692	-0.16872333721707725	0.07041783563237115	0.018358008012366794	0.17768122210614593	
-0.09258082813997857	-0.0765228758827145	0.041834088347464236	-0.007926465657495232	-0.08898998170244617	
0.044652632791644734	4.942635334513601e-05	0.059510026737419626	0.01737951798542168	-0.026327056125782494	
-0.08180111967874122	-0.06631195846055797	-0.07054027325857896	-0.03296059627289559	0.02791231822742207	
-0.05874705802812938	0.022535648010639932	-0.008916939189393265	-0.16518516191332766	-0.09662628867213112	
0.033457830449800254	0.021979005355434657	0.02168800942354771	-0.09171704564418529	0.13033343845238166	
-0.11719119785985008	0.13523916200647018	-0.10292715609214718	-0.003580614755405049	-0.059358024501363786	
-0.08250750467890766	0.06667433491536377	-0.20222966445859406	-0.21642825176959818	-0.2375237170480727	
-0.054262142004024766	-0.065351374761832	0.07383736225506121	0.058123821945815564	-0.09620997992469016	
-0.10215616077607177	0.1803914512368929	0.012636729946280584	-0.055339350721108814	-0.17568930637707333	
0.04910845315640165	-0.13553351490441073	0.0009483261746562084	0.07756154757737053	0.14196842851916985	
-0.12004026797864181	0.1286715361391324	-0.0445458377964437	-0.005474532549066497	-0.23881631881855425	
-0.15473134401121524	0.19539612640342777	-0.026553438295408037	-0.021187348109511558	-0.30148747754945016	
0.010225768225983208	-0.018187569869341384	0.049031490549225336	0.018966388904969617	0.15955766467013183	
0.05132012962978386	0.010643720228266233	-0.05076040609442163	-0.08999279830189663	0.002164520866304384	
0.06372293720262576	-0.12957251876220918	0.08772194253965229	-0.04132148165420583	0.03406311715786885	
-0.22171450749525368	0.3448973106644143	-0.28356316663059744	-0.30888911976418576	-0.43799059428584575	
-0.22393433749314867	0.22978784407708278	-0.1593127752502501	-0.19310723695540088	-0.2288845234607816	
0.1280073505009818	-0.16727026463606257	-0.01401370823321958	0.07835356846376305	0.17078655841083107	
0.050262980233807826	0.052518343572941134	0.023958640374814558	-0.03411563689720629	-0.06831141838133024	
-0.038748434791643416	0.04096245781718054	-0.01922583529034875	0.06090109293630476	0.04372557277209335	
-0.00664074321569334	-0.018664534428712732	-0.05718926829317594	-0.04860327573606678	0.04585085084436406	
0.019657262497050652	-0.18876378778393427	0.10507731689059552	0.10431650422262563	-0.0003764236938584972	
-0.07122759443437891	-0.029688773714908998	-0.09541484706040759	0.03898986372134429	-0.043536541365945536	
0.1278301083590158	-0.1107867804470222	0.11595487857191707	0.1163360692971683	0.21698492687848683	
-0.041892203991766984	0.030082241219084913	0.03911250820643687	-0.04791716354604979	-0.05411507727556584	
-0.03745297336180007	-0.08748018251975145	-0.06467857468823937	-0.09645106422929667	0.03843641194894411	
-0.05166682750111943	0.06531497368138071	0.02747202881631852	-0.04404880209026461	0.04286572599921391	
-0.012556985703738024	0.024955485465860218	-0.07536255648103089	-0.03418652277504605	-0.028877109767375137	
-0.015902699235475874	0.06005650050771309	0.0745709945471864	0.20445829915736624	0.053658199029381	
0.03362112882276453	0.007437742958859742	-0.015689337897034587	-0.08342384661638437	0.025835374535572823	
0.09220237871122082	0.05406595711789482	0.09642620546804548	0.08865887078611204	0.0917300039734275	
-0.11341833041199043	0.23539230010453122	-0.04972990582861644	-0.06563640511092693	-0.30739649188095663	
0.03620175986645121	-0.11341355907063162	0.06944200196893775	0.027232141836349373	0.18207695095617035	
0.03509082062035966	-0.11169153778408576	-0.021369160428871693	-0.032102572000633565	0.1080024091602062	
0.08851430635233928	0.046510042332355256	0.04315959202209429	-0.028194624711898052	-0.01973397809933105	
-0.0664950530493339	0.20091641261489857	-0.0850945991769567	-0.13020662326889818	-0.2354627460815152	
-0.10410823327477062	0.230344272538865	-0.08083661554630918	-0.10856943258050836	-0.2651852205898996	
-0.14890847717945865	0.12224186036173036	-0.17521093910326851	-0.007459550640908498	-0.211685527685546	
0.06004430511482084	0.029736021417165887	0.026477561308798865	-0.0024926664363070223	-0.030038620348318515	
0.007834612376903265	-0.07663943023262254	-0.06102631008991196	-0.004261974665624981	-0.014207307281470174	
0.03495409674235469	0.07904234612229118	-0.16633588440471253	-0.223950050039879	-0.055593586159471985	
-0.022747874640392202	0.033273996378621364	-0.11327018030104095	-0.0872891178730268	0.047945686871507937	
-0.054431480888818315	0.06611898195466494	-0.09376482923608101	-0.12432253295594967	-0.06753855470287692	
0.08608691946117453	-0.2317825155183504	0.1038451861889299	0.07344571066794583	0.1869598746693958	
-0.05546051439968803	0.0033723411269250027	-0.0560241607679542	0.004867087246196323	0.08216245491266622	
-0.09583100291491559	-0.07506872452340667	0.05504717448813258	0.0437636313472474	0.03454753493904513	
0.09591665362315573	0.06018398719313409	0.08220533255597724	0.07791842613633042	-0.055616445610226294	
-0.031390737266523736	0.15434883394795007	-0.03941728807023289	0.006524486367811596	-0.2229717445818868	
0.026136278622939102	0.16896261553923764	-0.026335283157615193	-0.016173336293718796	-0.14671477503690886	
-0.059519793313216475	0.07260029528954069	-0.08130792965499554	-0.03684159410185043	0.05850624942950999	
-0.058237294616383384	-0.005187733574074099	0.07348704066275707	-0.007089751809418124	0.004789091914765176	
0.040611664824185274	0.18608531400117598	0.08933417801794338	0.10895741136757991	-0.1664840782736199	
-0.09863749444498865	-0.03998779387965171	-0.18515831964247648	-0.07018058816707486	-0.11814020889010236	
-0.028784755894186755	0.009874451563402345	0.01797986658961861	-0.0037149627168200417	-0.0011637404872474162	
-0.024415141360446115	-0.018007219984409403	0.07471904071009315	-0.09703089484891486	-0.0029867900999646134	
-0.021812645858555413	0.05259471760140262	0.041239754430854536	-0.0300114537077422	-0.021851882200592494	
-0.026338912554031934	0.061751911622254595	0.02028079401953218	-0.023941011961937275	0.017020839397904518	
0.016832186314987233	0.04285842840048239	-0.007271184279668449	-0.05114335872759248	-0.07067704091399182	
0.10180835740448543	0.01570472294487446	-0.10344785167475308	0.04467634993837318	0.04015573586881029	
0.060007200335953526	-0.023379200720946396	-0.10646273717769482	-0.1530553337753617	-0.04348706414714087	
-0.1647792163675919	0.07902078211873818	-0.08715469611206511	-0.07514447650247831	-0.028271308307834985	
-0.031011637160942844	0.003877165554549712	-0.054560879055493394	0.051763691430216065	0.07236790322821307	
-0.1901484705614812	0.09511337106448088	-0.22975647294033474	-0.2152885738418591	-0.25729287910628384	
-0.05772086028259933	-0.16544368206455382	0.04049512379607851	-0.04430046115530557	0.13800336324604626	
0.0023470598708357476	-0.06034900746798916	-0.016644847471727692	-0.014452104323502786	0.09668228451703893	
0.014524003853210477	-0.008485365895792707	-0.08889889483978802	0.07917570092211834	0.019981688067965214	
-0.06505617621461408	0.00825321093417882	-0.14290895627747083	-0.26419368849859265	-0.021835364784232588	
0.03625932582110459	0.16947616751221997	0.06898339457424241	-0.07547686126015216	-0.20152791608170292	
-0.020594846396000354	0.03159955312365037	0.18135415705152994	0.2080084904263523	0.01614001141207832	
0.028382200516071494	0.07186231703972516	-0.0717068721219002	-0.10627730608358175	-0.04114505355919959	
-0.06880361254320469	0.08534778483700486	-0.03540111461907211	-0.008090067500280476	0.03307579586095225	
-0.09267140917771055	0.32694809519977514	-0.056083697789030135	-0.03592482765278766	-0.3206547618481587	
0.17555764479131913	-0.23727041349278075	0.0731559516174488	0.10591226037728109	0.3057145104774201	
-0.06996435096159188	-0.03773198069159593	0.05612608301781155	-0.10024395034402574	0.09592160550235905	
-0.05036969464638181	0.06519202432670118	-0.02724382486774353	0.01561599875416088	-0.011668169754243776	
-0.07875805152638057	0.14117717504927013	-0.18879073891247927	-0.1240064420136156	-0.24922255104731153	
-0.05573131379532094	0.24002391107936885	-0.07091760999901467	-0.14013769577655197	-0.1998549898533689	
0.04413242265569926	0.1707312821960311	0.04331994873417273	0.06886659228907953	-0.1549705540439757	
-0.15283721834262698	0.015749954620793708	-0.130726703569805	-0.1704102417956149	-0.07527625113770108	
-0.011200113885540907	0.01970586637457041	-0.08878116605151565	0.0018199146804547127	-0.03604279498201309	
-0.08203675567590865	0.05157847277528697	-0.2283849552002887	-0.2208240337712278	-0.05621246770289185	
0.032651806881059085	-0.10316906711548054	-0.03677438955954371	0.03300000251950739	0.21744640925936481	
-0.04837999283888722	0.1790407025313535	-0.0361373260717288	-0.042316969535571146	-0.18179869012429933	
-0.05260513394352634	-0.14699266239367248	-0.04780960884174742	0.009939569324422644	0.02116785269425916	
0.13695084611293817	-0.14924042101951335	0.13363471186842973	0.08692281586890414	0.14087499056343739	
-0.07277880140602137	0.11604012466348726	-0.12952371925965706	-0.2445812389709889	-0.13624326656136018	
0.045741777641003185	0.054174950718402504	0.0493688774263961	0.05638733174848812	-0.06743626024737465	
-0.1454166959604271	0.1720422484082085	-0.08062759296985915	0.059939454773779724	-0.19906610611680584	
0.07088821451939188	-0.027284754900986623	0.24179241286769698	0.22208048368089597	-0.08079269128498572	
-0.03237886661444134	-0.049513144170029916	0.0029702235831870305	-6.87783485959393e-05	-0.06122153414815871	
-0.05928198458510684	0.03970522538125561	0.14531876904483804	0.0030300409679639507	-0.0298895074730781	
0.023540516604488256	0.0551930022140278	0.08094524878578921	0.07185951573806089	-0.14616844169572932	
-0.03953728856952843	0.08855825586661561	0.0027147570219821283	-0.04336985245093838	-0.007395952802107943	
-0.03872341207673136	-0.05069652899848334	-0.0758892929289601	-0.06909503554104204	-0.04067980699619942	
0.05411683083392866	-0.07632527126839975	0.021882800373865696	-0.07532768756869088	0.053758390245303156	
-0.08315603083602767	0.18237557385493405	-0.10189695291247443	-0.11311945563382275	-0.09393356709437962	
-0.13545138917122926	0.23770563994108274	-0.05898367069204696	-0.13873200312595801	-0.2380806276068724	
-0.14094299633277318	0.0749467107532892	-0.11606533293005891	-0.1838602487044106	-0.2504097458226038	
0.05709339443291367	-0.006308939690103777	-0.05864542182368109	-0.026027816397256397	-0.011868358460834835	
0.10199000275975983	-0.04659844754557829	0.023063476833625106	-0.023476591773393903	0.1375198130230957	
-0.15269890814417247	0.19586875780979385	-0.17568441247882918	-0.22955632748431282	-0.23879917780900703	
-0.015886904875768847	0.0159274530226493	-0.21522603097048396	-0.1797726041565022	-0.151254287707322	
-0.04946848253047466	-0.00793155470871691	-0.034785645696054975	0.07024514297121619	0.09766910096733886	
-0.06371511185656094	-0.061849494659702756	0.03667147123591891	0.00744163453993906	0.07885179374997696	
-0.07428719551585311	0.009861121756211184	0.03620060529790048	-0.0854354870187898	0.06923435048566601	
-0.031529194955115254	-0.08741017181560454	-0.028074708233006687	0.02605351784487858	0.11423425229309071	
-0.12214635927957583	0.11270860297566808	-0.10074506827189735	-0.07561903903446941	-0.03682213730726785	
-0.10398138608427057	0.09422811832417886	-0.08025907313497428	0.01595308410692226	-0.22464827284372077	
-0.008461720788921137	0.03727235088172401	0.14497690647243816	0.02060582102346087	-0.039683141390962184	
-0.00731974895815197	-0.1742533328874577	-0.03328405117567736	0.12300665444048645	0.11075389050733372	
0.003642270247771491	0.13688437296604564	-0.030844746426686616	0.057089291441534865	-0.17025118546122114	
0.03516282214040019	0.23200417083848757	-0.09999374376771936	0.027148005996846917	-0.22067895644966354	
0.047571721932370234	-0.004658840110906158	-0.06501291325392936	-0.015387783074983081	0.054085835278036114	
0.12181424220422118	-0.14730704558203223	-0.09667333281745726	0.0829735288074237	0.16207405031297561	
0.015326081798893021	0.027419450510307624	0.007893970190323634	0.011640027786457608	-0.0716554754429143	
-0.07559830191492468	0.24844116392742208	-0.12120269549214777	-0.14760854384148867	-0.2239010630733804	
-0.1363144191957935	0.19798166364461617	0.02691552270413084	-0.10528110808730455	-0.19736850750269744	
-0.08198447995135226	0.07463090533826265	0.08487343978887689	0.02489240943202441	-0.18909765588650937	
-0.046795595804041065	-0.11966312413431017	0.04838109784514538	0.005373486171280413	0.06435999932581832	
-0.04976663186321892	0.06628629050691627	-0.05213075743206483	-0.029809602513808455	-0.02997302930707291	
-0.14727244627445554	0.07360991200915185	-0.16871852270562782	-0.09937725831148585	-0.06411142414930303	
-0.07691242691693957	0.09083634940750386	-0.09709786848927864	-0.0657064023987355	-0.15645751170073233	
-0.03695509127370294	0.10601105088918425	-0.021057746907383487	0.015444102185746593	-0.03580681408035906	
-0.029840015343609617	0.06133212914515594	-0.10599106397017176	0.016149932881309604	0.04777238910804487	
-0.058564025769403304	-0.019633686945855617	-0.012837711480063425	-0.1262413391513384	-0.03615843078116016	
-0.004465739161798161	0.06590355679088068	-0.0018919640993259376	0.053710513430060315	-0.11914024981917384	
-0.035025661832572275	0.10658958964902045	-0.18489942819736965	-0.05907549629783845	-0.35497661514217765	
0.04848688544763434	0.16496849813047812	-0.008467135416555796	-0.05535407572236533	-0.003263253050921347	
-0.08708885199971096	0.11326814141140017	0.010903932959846962	-0.01788426569179898	-0.17360722994717423	
0.022984778665659223	-0.014867673627482375	-0.0061786808203756795	-0.011433579679129656	-0.07326173051919468	
-0.13437810109823103	0.24039689986650348	-0.09949977132370721	-0.1536650933410565	-0.2111644856874847	
-0.027328798030128554	0.07444249741544258	0.0843886204086717	0.10642877519929457	-0.005447733760047821	
0.1284187706320544	-0.11153492761101354	0.1267472895522778	0.06631141984096758	0.1859073056033428	
0.03274077955408759	-0.2707368439365754	0.022445301533177676	0.09402020992729539	0.18180301637105703	
0.012541981207926718	-0.006498253861341126	-0.024166008336461597	0.11548476088883956	0.15560509691684207	
-0.02172046199073536	0.13765038342561178	0.041610713160566803	-0.028794170081120982	-0.05279112602811405	
0.03085781702274901	0.016022198966666963	0.05023609341912115	0.12444856610345156	-0.13747335937760577	
0.05474817985019224	0.007231948468038913	0.01702411729196037	0.0022633920694979286	0.04913019428896201	
0.13710548488007954	-0.16285581670643115	0.07972625644099678	0.1430511244989369	0.09430030463581023	
0.15990146083845602	-0.18090785953403468	0.1037434963305988	0.14195976987749248	0.09115577069998945	
0.015528868297774681	-0.22933777437977093	0.2065392253093921	0.10735556485788716	0.28120457463672743	
0.05165495780404757	-0.2435542477906974	0.055269048608821855	0.19634301290212627	0.2630311409777505	
0.047965923856834486	-0.09819632100877768	0.05560222132430368	-0.014348271925620958	0.006850424559099725	
0.07585551850241609	-0.1974355007381035	0.023542537847190948	0.14370342321649568	0.23454510771505702	
0.11052484357425185	-0.13335881763330673	0.02991908974827574	0.05557567283335401	0.1706294329909292	
0.1613796263502016	-0.22942132978347532	0.08136770977089143	0.0952968345363413	0.17748949072338907	
0.05078879359585459	-0.24004127764115868	0.08441812152519011	0.24224621640824703	0.2812538595915014	
-0.16117557712287478	0.3194519752200443	-0.23151669616934115	-0.20029079031881117	-0.3943566045658273	
-0.06770611464552728	0.34503974715515034	-0.1020070123850321	-0.2123124746195516	-0.36394587348661933	
0.1895218469466931	-0.07571236857008644	0.12762731029851998	0.04171835039933758	0.20729101608632697	
-0.07870897037941331	0.21353924624462356	-0.10180064382513969	-0.09096997153224054	-0.18270332480414192	
-0.1933691448508389	0.4283301762730884	-0.18460392774388296	-0.3345393549261827	-0.40044249121257514	
-0.05148102342169979	-0.14839367616004187	0.019324815757753914	-0.03669646643620152	0.1104652635315403	
0.02104313783210367	-0.25345200797464235	0.03593665504891174	0.19346691809740035	0.2622350839139662	
0.030046406143501982	-0.1697161185007406	0.11441087725341585	0.0497965362084453	0.17290113403541352	
-0.18873975956911515	0.2690495722904501	-0.3313979786381423	-0.2678019145762284	-0.31411608578059047	
-0.0864301307439593	0.0518954245869265	-0.06835669399995924	-0.043423512579852656	0.02605196980789575	
-0.1133221651207983	0.2365355582485773	-0.08565190992577414	-0.05356643185690051	-0.2470409064502975	
0.01906536931442178	-0.02058696137283021	-0.006610821358127044	0.1655756932115867	0.17391664975653937	
-0.8792979704555447	1.8869840978946408	-1.1826798110616403	-1.3724135371419364	-1.9811491678659736	
0.36486014300707126	
