            A        R        N        D        C        Q        E        G        H        I        L        K        M        F        P        S        T        W        Y        V
 1 A   0.0957    -0.03  -0.0799  -0.1649   0.0176   0.0273  -0.0825   0.0392  -0.0527   0.0098   0.0346   0.0444    0.139    0.307   -0.128    0.066   -0.023   0.0306    0.085  -0.0448
 2 A   0.0005  -0.0777  -0.1474  -0.0784  -0.0352   0.0488     -0.0   -0.025     -0.0   0.0949   0.3063     -0.0   0.2853  -0.0519  -0.2342   0.0212   0.0407   0.0017   0.1018    0.039
 3 A   0.0936    0.001    0.012  -0.0649  -0.0374  -0.0095  -0.1158  -0.0348  -0.0789   0.0679  -0.0302  -0.0274   0.1039   0.1155   -0.015   0.1197   0.0729  -0.0236   0.1056   0.0359
 4 A   0.0164  -0.0814    0.009   0.1138  -0.0113   0.0324    0.117   0.0395  -0.0436    0.043    -0.03   0.0166  -0.0391   0.0169    0.053   0.0529  -0.0463   0.0156  -0.0283   0.0444
 5 A   0.0369  -0.0028   0.0046   0.0214   0.0301   0.0486   0.0792  -0.0054   0.0941   0.1287   0.0156  -0.0443  -0.0391  -0.0371   -0.085   0.0094   -0.058  -0.0141   0.0833   0.0244
 6 A   0.0021  -0.0752   0.0354  -0.0036  -0.0041    0.075   -0.003  -0.0313  -0.0032   0.0904   0.1342   -0.116  -0.0027   0.0624   0.0143   0.0745   0.0634  -0.0921   0.0712  -0.0014
 7 A   0.0253  -0.1174    0.061   0.0438   0.0609  -0.0205   0.0066   -0.019    0.043  -0.0454  -0.0258  -0.1371   0.0008   0.1162  -0.1093   0.0018   0.1136   0.0723   0.1505   0.0691
 8 A   0.0382  -0.0129  -0.0149  -0.1349  -0.0151    0.031    0.039   0.0635    -0.06  -0.0108   0.0482  -0.0238  -0.0324   0.1232   0.0418    0.086  -0.0161   0.0498   0.1217   -0.031
 9 A   0.0999   -0.106   -0.048      0.0  -0.0614     -0.0     -0.0     -0.0      0.0   0.1703   0.2209  -0.1345   0.0688  -0.0183      0.0  -0.0639  -0.0136   0.0234  -0.1032   0.2561
