            A        R        N        D        C        Q        E        G        H        I        L        K        M        F        P        S        T        W        Y        V
 1 A   0.0122   0.0546  -0.0517  -0.2442   0.0161  -0.1158  -0.1692  -0.0228  -0.0597   0.0048    0.005   0.0139   0.1499   0.1396  -0.1709   0.0804   -0.041    0.107   0.1186   0.0339
 2 A   -0.006   -0.035   -0.234  -0.1415  -0.2968   0.2027  -0.0305  -0.0811  -0.0243   0.2281   0.3428  -0.0058   0.3076  -0.0841  -0.2235   0.0389   0.1096   0.0436  -0.0354   0.0561
 3 A   0.0876   0.0811   0.0379  -0.0379  -0.0612  -0.0654  -0.1389   -0.113  -0.0124   0.0476  -0.0732    0.091   0.0862   0.0196  -0.0117   0.0301  -0.0681   0.0353   0.0293  -0.0032
 4 A   0.0208  -0.0032  -0.0234   0.0623    0.091  -0.1116   0.0596   -0.012  -0.0402  -0.0114  -0.0391  -0.0291   0.0599   0.0135   0.0731  -0.0103   0.0124    0.084  -0.0685  -0.0554
 5 A  -0.0131   0.0309  -0.0367  -0.0514   0.0041  -0.0302  -0.0496    0.079   0.0373   0.0905   0.0193  -0.0497   0.0395   0.0004   -0.107   0.0405  -0.0242   0.1079   0.0725  -0.0096
 6 A    0.003  -0.0126   0.0085  -0.0465  -0.0265  -0.0187  -0.1482  -0.0283  -0.0557   0.0938   0.1245  -0.0508   0.1176   0.0351   0.0566    0.091   0.0925  -0.1812   0.0057   0.1091
 7 A   0.0438  -0.0573   0.0276  -0.0844  -0.0161  -0.0034  -0.0312   0.0134  -0.0111  -0.0339   0.1001  -0.1263   0.0153   0.0416  -0.0329   0.1093   0.0051   0.0357   0.0308  -0.0076
 8 A  -0.0355   0.0263   0.0396  -0.0824  -0.0579  -0.0906   -0.032   0.0333  -0.1442  -0.0513   0.0198  -0.0664   0.0232   0.0132   0.1423   0.1194  -0.0083   0.1111   0.0026   -0.058
 9 A   0.1993  -0.1226   0.0088   0.0242  -0.2831  -0.0354  -0.0316   -0.001   0.0078   0.1763   0.1698  -0.1357   0.0326  -0.1015   0.0037   -0.083   0.0496   -0.004  -0.1461   0.2557
