            A        R        N        D        C        Q        E        G        H        I        L        K        M        F        P        S        T        W        Y        V
 1 A   0.0441   0.0503  -0.0091   -0.015     -0.0   -0.001     -0.0   0.0179  -0.0089      0.0     -0.0   0.0012     -0.0   0.0178  -0.0075   0.0383     -0.0   0.0365   0.0067     -0.0
 2 A      0.0   0.0016  -0.0007  -0.0036  -0.0025  -0.0011   0.1907   0.0021  -0.0027   0.0002     -0.0      0.0  -0.0031      0.0   0.0076  -0.0034  -0.0081  -0.0007  -0.0048     -0.0
 3 A   0.0104      0.0   0.0275  -0.0095     -0.0     -0.0      0.0  -0.0048     -0.0   0.0252   0.0064    0.006     -0.0   0.0545  -0.0015   0.0098   0.0341     -0.0   0.0016   0.0117
 4 A   0.0237     -0.0   0.0016   0.0155     -0.0      0.0   0.0011      0.0      0.0  -0.0126   0.0276   0.0249     -0.0      0.0   0.0082     -0.0   0.0019   0.0203      0.0   0.0592
 5 A   0.0129   0.0265   0.0533  -0.0154     -0.0      0.0  -0.0089   0.0016   0.0011      0.0   0.0485    0.001     -0.0   0.0043  -0.0011   0.0098     -0.0    0.029   0.0151  -0.0063
 6 A   0.0271      0.0   0.0005   0.0191      0.0   0.0193   0.0332   0.0011      0.0   0.0063   0.0037   0.0149  -0.0067   0.0035  -0.0075      0.0   0.0321      0.0   0.0075   0.0175
 7 A   0.0143   0.0051   0.0143  -0.0007   0.0226      0.0      0.0  -0.0048     -0.0   0.0154   0.0307   0.0002      0.0   0.0039   0.0539   0.0012  -0.0025   -0.001    0.032  -0.0134
 8 A   0.0054     -0.0  -0.0065   0.0203     -0.0  -0.0081   0.0098    0.004   0.0016   0.0082   0.0497  -0.0048      0.0   0.0141    0.042      0.0   0.0095      0.0   0.0011   0.0252
 9 A   0.0129  -0.0062  -0.0051      0.0  -0.0178   0.0005  -0.0046   0.0004      0.0   0.0011   0.0605    -0.01   0.0098   0.0391  -0.0083      0.0      0.0  -0.0036   0.0342   0.0687
