            A        R        N        D        C        Q        E        G        H        I        L        K        M        F        P        S        T        W        Y        V
 1 A   0.0345   0.0047   0.0142  -0.0293   0.0243  -0.0173   0.0224  -0.0292  -0.0266   -0.002   0.0213  -0.0474    0.034   0.0187   -0.008   0.0165  -0.0149   0.0438   0.0652  -0.0247
 2 A   0.0782   0.0225  -0.0952  -0.0697  -0.0231  -0.0445   -0.031  -0.0654  -0.0295    0.071   0.0362  -0.0677   0.0263  -0.0426   0.0054   0.1051   0.1192   0.0371   0.0185   0.0494
 3 A    0.028   0.0084    0.052   0.0959   0.0249  -0.0177  -0.0016  -0.0374   -0.015   0.0083  -0.0193  -0.0317   0.0046  -0.0155   0.0113   0.0415  -0.0166  -0.0166    0.014  -0.0169
 4 A  -0.0129   0.0192  -0.0057   0.0192   0.0118   0.0209  -0.0011    0.019   0.0123  -0.0221  -0.0045  -0.0047   0.0082   -0.036   0.0087   0.0221   0.0623  -0.0261  -0.0089   0.0188
 5 A   0.0182  -0.0052  -0.0042  -0.0063  -0.0302   0.0205   0.0055  -0.0064   0.0236  -0.0139   0.0253  -0.0047  -0.0212   0.0721  -0.0115  -0.0063   0.0242  -0.0052   0.0303  -0.0043
 6 A   0.0063   0.0049   0.0029   0.0354  -0.0262  -0.0276   0.0164   0.0252   0.0284   0.0142   -0.012  -0.0465   0.0125   0.0355  -0.0307   0.0117   0.0282   0.0336  -0.0237   0.0119
 7 A   0.0611   0.0111  -0.0297   0.0049  -0.0741  -0.0167  -0.0147    0.019   0.0248   -0.002   0.0099   -0.029   0.0111    0.032   0.0233   0.0098   0.0205   0.0518  -0.0183   0.0056
 8 A   0.0215  -0.0252   -0.056  -0.0056   0.0053  -0.0516   0.0049  -0.0005   0.0122   0.0363    0.034   0.0034   0.0351  -0.0206  -0.0016   0.0139    0.028  -0.0146   0.0708   0.0111
 9 A   0.0064  -0.0085      0.0   0.0318    0.014  -0.0895  -0.0299  -0.0508   0.0226   0.0033   0.0248  -0.0218   0.0202   0.0019   0.0108   0.0036  -0.0011   0.0307   0.1109    0.021
