            A        R        N        D        C        Q        E        G        H        I        L        K        M        F        P        S        T        W        Y        V
 1 A   0.0278  -0.0014  -0.0195  -0.0137  -0.0045  -0.0158  -0.0065  -0.0142   0.0039  -0.0037   0.0026   -0.024   0.0059  -0.0356  -0.0175  -0.0083    0.016  -0.0055  -0.0031   0.0066
 2 A   0.0041   0.0179   0.0122  -0.0191  -0.0044   0.0146   0.0087  -0.0335  -0.0239  -0.0298  -0.0296  -0.0435  -0.0071   0.0372  -0.0137  -0.0199  -0.0062   0.0217   0.0968  -0.0104
 3 A  -0.0117   -0.005  -0.0316   0.0049  -0.0143   0.0049  -0.0088   0.0072   0.0129   0.0227   0.0021  -0.0017  -0.0033  -0.0049  -0.0168   0.0014  -0.0233  -0.0151  -0.0109   0.0284
 4 A  -0.0277   0.0008   0.0125     0.05  -0.0279  -0.0289  -0.0286  -0.0079  -0.0004   0.0198   0.0073  -0.0175  -0.0101   0.0191  -0.0099  -0.0054  -0.0115  -0.0057  -0.0164  -0.0095
 5 A  -0.0195  -0.0176   0.0352  -0.0113  -0.0056  -0.0011   0.0021  -0.0009   -0.011  -0.0041  -0.0037  -0.0159  -0.0184   0.0127  -0.0176  -0.0105   0.0028   0.0019  -0.0027  -0.0224
 6 A  -0.0049   0.0107   0.0054  -0.0233  -0.0248  -0.0257  -0.0072  -0.0211  -0.0019   0.0083  -0.0012  -0.0003  -0.0082  -0.0122  -0.0438   0.0101  -0.0064  -0.0009    0.041  -0.0136
 7 A  -0.0251  -0.0174    0.058    0.012  -0.0175   0.0096  -0.0102  -0.0168  -0.0411  -0.0137   -0.005  -0.0042  -0.0159   0.0407  -0.0014   0.0056  -0.0067  -0.0059   0.0075   -0.014
 8 A  -0.0333    0.001  -0.0049  -0.0204   -0.024  -0.0005   0.0243   0.0239  -0.0041  -0.0305   0.0005   0.0474  -0.0053   0.0084  -0.0042  -0.0057    0.006   0.0166   0.0176  -0.0029
 9 A  -0.0226  -0.0298  -0.0082  -0.0018   -0.027   -0.027  -0.0052  -0.0462  -0.0158    0.041   0.0227   0.0071   0.0073   0.0411  -0.0346  -0.0007   0.0102  -0.0108   0.0025  -0.0088
