TESTRUNID EPOCH: 6 L_PCC: 0.8832721216515788 L_ERR: 0.01031429805535045 T_PCC: 0.8657191215592062 T_ERR: 0.01184378567733891
180 LAYER: 1
2 LAYER: 2
1 LAYER: 3
6 :ILEARN
-0.2327806024957794	-0.20831581595177706	-0.23083246100026567	-0.15282542091275794	0.2792264926732123	
0.09523601326995362	1.6487893255644175	1.8430592285178684	0.3800779517820179	0.6050829756841353	
0.16310821670460174	-0.01788480137825925	1.2443886140833345	1.3193032571455816	-0.2888572169142712	
0.2190824147296704	0.04229974935990701	0.1268372847568396	-0.6311943083476204	0.19330095061461425	
-0.1854513539502006	-0.09042732298548749	-0.4232199494936316	-0.32169676994266616	-0.7567457468775177	
-0.8344551604178374	-0.8210070407548226	-1.163563577794172	1.44921133658566	1.7000743730809504	
-0.5329804162225672	0.4176108742374302	0.21766230074447399	0.08164263727332845	0.24057081756050522	
0.16875941742921324	-0.48491876607389844	-1.185036575174818	-0.08516178930651588	0.08202466189952215	
-0.08888622903649988	-0.013726332082861314	0.8075405915535815	1.03589719125954	0.9649128175961675	
1.2076982753534662	0.17912782489217607	0.04565245344972984	0.9542701021790754	0.8827251980560202	
-0.9505887774707543	-0.8651067427663648	0.7324802182534843	0.7196606405070609	0.7424752895928108	
0.6960753409745152	1.0985131012518248	1.034423240269063	-0.851056264763322	-0.8696844848347898	
-1.8980995647575096	-1.4777357697443088	-0.002405522558787815	-0.08573936575318555	-1.7346512991127385	
-1.6705235984514906	0.3921893024954351	0.3573308437234171	1.246874585219358	1.1110292607008847	
0.15696003482279214	-0.048004483485712554	-0.3338507603193354	-0.34473757429532476	-0.006748186364472875	
-0.05128824552106792	0.897386198519406	0.7995455571942476	-0.719325254916223	-0.06851132107573003	
-0.09363165929552734	-0.23362033673402513	0.6195195609160559	0.8482170464953516	0.26977172150284434	
0.1653495876002637	-0.03626612067552213	-0.3370289103828559	0.4434324046545111	0.7466266527094114	
0.1854327192890146	0.196260506143453	0.7472652524712609	1.0090215500138422	0.364770544918567	
0.5765124891542086	0.4461415340762296	0.3955536769657353	-0.3663200730608461	-0.03216671213551033	
-0.26784924004325583	-0.5957825866182221	1.0929503570145531	1.0255976785097858	-0.6235725538414049	
-1.0220953503842398	-0.6132480393402762	-0.5067946710689806	0.1964848191753087	0.5382254312904827	
0.12561120551167426	0.03716729745618597	0.43569049174326985	0.31212833322364975	-0.6409095583127175	
-0.15641169750808337	-0.7184062006164086	-0.24192859425237595	0.08230798708789328	0.38597080479066764	
0.010318745149450172	0.03498117657749164	0.4562951350976741	0.5820611045702698	0.20360006212345527	
0.1232261313335211	-0.06458028321339977	-0.8436174789442955	-0.11093911956812105	-0.1613621136185916	
0.13423435386685376	0.20286704295914676	-0.5859504725229406	-0.11535064459917149	0.13972620762129964	
0.040298991192544216	0.45900560919864075	-0.009756409690462403	0.012233432125602805	0.6790182946512957	
0.00857348915200979	0.7881812144900213	0.197246685796796	0.20727910617343034	0.020231095057061745	
0.36696179965529724	0.3864210094310257	0.1770711552332718	0.14489391876433988	0.08092879608662708	
-0.1033256079494382	-0.1210212415167873	0.13004779085744395	-0.1556162782201429	-0.25799442985595017	
-0.13767563476608374	-0.0020927952312830888	-0.051882894426817615	0.14489710566918193	0.6722510572027435	
0.21556433613163495	0.24853928143146625	0.31259147572816937	0.328069090143541	0.5353368648846581	
0.23868883899073529	0.1545714277749365	0.08395237448232631	-0.1887871246780994	-0.2093150000781419	
0.2984215320667493	0.7964647395698775	0.32980417101790416	0.0017027281958771209	0.2928825337268244	
0.2748946749431964	0.20661333765641293	-0.001165498903841166	-0.2612953536284442	-0.035993631193432386	
-0.12868587448875796	0.35352962223043605	0.5474033172983542	0.2359508052402103	0.0209455371465999	
0.17675886335706953	-0.12158394047127612	-0.5122192263778681	0.5589089715524311	0.6313455845145699	
0.10942450876101283	0.11264190177984756	-0.3984867173052768	0.9191937465607386	-0.40842292518458695	
-0.5548742719257337	-0.37500027217619103	-0.6662474292505741	-0.36394264155357764	0.34147681523037776	
0.2724955794701593	0.5854862024736371	0.7189607988891565	0.7355215283366116	0.002269453741422977	
-0.038758899034101915	0.41351366984548554	0.2416608471760258	0.04719161486868145	0.08175097286689809	
0.1275328789745562	0.2628808791068766	0.26588159568552033	0.3890986234454093	0.12950878156066065	
0.7470619138372981	0.2020011286842583	0.23200474592219136	-0.4227506490862416	-0.5954233887480941	
-0.4673782332964194	-0.26260839322363877	0.8033011180944778	0.7396254520365546	-0.12174292880711048	
-0.17530199729713639	-0.3794374039353284	-0.1484020660795272	0.2691157275313831	0.28062630334556427	
0.09841199836484955	0.17707021050630725	-0.04500067237484288	-0.4820993465743571	0.36989022172859753	
0.35206785018336284	-0.16972768909783745	-0.011595693084238544	-0.6095564527906089	-0.014512454002406623	
-0.7308495549555772	0.5085738372147158	0.8420231637799164	0.839059013887856	0.5724696556978767	
0.3636399962328894	0.3694640903006188	0.26014523611053375	0.32013308408536423	0.37700502890592885	
0.14854966816497728	0.35881362566082886	0.006025660497861875	0.08392209409486423	0.6558990157998533	
1.0128542783428285	-0.0749236603608821	-0.033534142926620866	-0.506159118662126	0.27262537710426005	
-0.20141400597861914	-0.40670719818120277	1.0580181385143206	1.2842949816162135	-0.005914675852566018	
-0.1231416835185362	-0.3869903477598847	-0.7800539300206484	-0.039228955041071656	-0.2814126096435296	
0.3162360811129817	0.2660449330180049	0.21544913720441988	0.0424156918584522	-0.35744939693949973	
-0.775730279823681	-0.3934772777649285	-0.27774427729847645	-0.18295426759063585	0.10586213410895608	
0.09171852082588662	0.2722480462942741	0.18602476623977754	0.3850118799274771	0.4202291950251862	
0.07766676752742085	0.5614128787523176	0.8849454840883526	0.0850227682525858	-0.03710741367845753	
0.1468436749282391	0.2931464012339763	-0.10438589111943393	-0.21486614667601825	0.09035488620893949	
-0.0382148443196834	0.6180411477139007	0.490897451898829	0.09528125677445354	0.5285817706862339	
-0.16824422499112854	0.30168739133490835	0.362537661202559	0.3312243292094823	0.14292510181020232	
0.038398796583619804	-0.25591375419554707	-0.410050157471606	0.06241234010047396	-0.6378519226404178	
0.039408170254095716	-0.25662987630476264	-0.353359087310429	0.3124726919169484	-0.21548321603821127	
-0.09716435979517757	-0.38689504504122946	-0.49817126407858436	0.28916193029307646	0.9199839116081555	
-0.9654245589691197	-0.8705293804956973	0.9663686150911128	1.1271930926196927	0.15417096258827906	
0.11483457391393746	-0.013681939571055773	0.08425549392944662	0.9578716462414187	1.1751414169447676	
0.09202804433002468	0.24486536726750416	0.05248102827108183	0.09134724298198733	0.3515341924915841	
0.1968944161175533	0.26096851102580293	0.3864879235803025	-1.3217202720077998	-1.0538069863153334	
-1.1837063342741914	-1.107933605842063	1.3226555518671341	1.2571068714856244	-0.57793834391845	
-0.2784607262960992	0.818718721125718	0.9919512041316535	0.13923630619768995	-0.008507310040784186	
0.20535873578874306	0.341365832427185	-0.017407264029853455	-0.31514707151947075	0.8740366902282046	
0.7677034351874644	1.3480306637028903	1.3597231350764745	-1.7382948811239347	-1.680647170694427	
1.5414385680747154	2.543026698579509	-2.6597281796356906	-2.785327155434026	2.3869793970456077	
