            A        R        N        D        C        Q        E        G        H        I        L        K        M        F        P        S        T        W        Y        V
 1 A  -2.6901  -1.9296   0.5152   -0.625  -0.2428   1.1156   0.5897  -3.1806   1.3533    0.784    -0.27  -0.1294   1.8141  -0.1182  -3.9224   1.2564   1.6415   -0.912   1.1856  -0.1726
 2 A   0.2895   -999.9  -2.2313   -999.9  -2.8528  -2.3092   -999.9  -4.8604   -2.785    2.066    1.201   -999.9   2.2656   0.1777   -999.9   2.0197   3.7977  -1.0779  -3.5172   1.7043
 3 A  -0.0111   -2.536   0.3835  -2.0414   0.5332  -0.6484   -1.894  -3.6989   0.6225   1.6859  -0.1877   0.4091   1.2078   2.2019  -1.4801   1.0868  -0.3961  -0.5696   0.3427  -0.0935
 4 A   0.0268  -2.0548   1.3426  -0.0615  -0.5211   0.5191   1.1212  -1.1575   0.6532  -0.0037  -1.6618  -0.8351   0.6644   1.9956  -0.8637    0.682   0.1243   1.2179  -0.1256   -0.829
 5 A  -1.0319  -1.4882   1.8067  -0.5996  -1.7118  -1.2108  -1.0801  -1.6841  -0.9038   1.8128  -1.9169  -1.1699  -0.1847   1.1089   1.2346   1.9587   0.3113   1.0622   0.6769  -0.6751
 6 A   -1.057  -0.0891   0.5475   1.0604  -1.7639   1.6486   0.0802  -4.1131  -0.0233   0.2602  -0.6054  -0.7816   0.8596   0.2703  -0.3249   1.1984   1.2874  -0.3169   1.0267  -1.0566
 7 A  -0.9809  -1.8274  -0.4036  -0.4758  -0.0369   0.5685   -0.043  -4.2095   0.1838   1.0046   -0.578  -1.3074   2.5036   2.0093  -0.9184   1.5319  -0.1137   0.7642   1.7194  -0.9121
 8 A  -2.1801  -1.6481    0.233  -1.1164   1.5033  -1.0247  -0.6557  -1.6011  -0.8919  -0.7075    0.058   0.7458   0.5054   2.2814   0.5145   0.2009   0.1189  -0.3757   3.1548  -1.1292
 9 A   -999.9   4.8806   -999.9   -999.9   -999.9   -999.9   -999.9   -999.9  -1.0955   -999.9  -5.3586   6.3209   -999.9  -3.0613   -999.9   -999.9   -999.9   0.7343   3.6873    -4.03
