            A        R        N        D        C        Q        E        G        H        I        L        K        M        F        P        S        T        W        Y        V
 1 A   0.0496   0.0108  -0.0001   0.0005     -0.0   0.0011     -0.0   0.0197  -0.0053      0.0     -0.0   0.0038     -0.0  -0.0051  -0.0048   0.0297   0.0043   0.0241   0.0015  -0.0004
 2 A      0.0   0.0021  -0.0005  -0.0072  -0.0101      0.0   0.1715  -0.0037  -0.0019   0.0063  -0.0022     -0.0  -0.0046  -0.0014  -0.0042  -0.0017  -0.0054      0.0  -0.0058  -0.0017
 3 A   0.0033      0.0   0.0569  -0.0076     -0.0     -0.0      0.0     -0.0     -0.0   0.0138   0.0004  -0.0018     -0.0   0.0204     -0.0   0.0315   -0.002     -0.0   0.0044   0.0101
 4 A  -0.0025     -0.0   0.0031   0.0104     -0.0     -0.0   0.0069   0.0081      0.0   0.0038   0.0618   0.0205     -0.0   0.0015  -0.0037     -0.0   0.0008   0.0154      0.0   0.0034
 5 A   0.0004   0.0223   0.0138   0.0041     -0.0    0.012  -0.0035   0.0015   0.0074     -0.0  -0.0052  -0.0018     -0.0   0.0063   0.0005   0.0233    0.002    0.004   0.0337   0.0086
 6 A  -0.0003      0.0   0.0105   0.0235  -0.0018   0.0078  -0.0135   0.0069    0.003   0.0006  -0.0038  -0.0036  -0.0053   0.0031   0.0249      0.0    0.027      0.0   0.0307   0.0197
 7 A  -0.0007   0.0081  -0.0058  -0.0018   0.0238      0.0      0.0      0.0     -0.0   0.0319   0.0188   0.0002      0.0   0.0118   0.0251   0.0041   0.0113   0.0011   0.0038  -0.0023
 8 A  -0.0042     -0.0    0.003   0.0154     -0.0   0.0081   0.0216  -0.0053   0.0015  -0.0037   0.0135  -0.0035     -0.0   0.0047   0.0121      0.0   0.0382      0.0    0.015   0.0131
 9 A   0.0003  -0.0055  -0.0006  -0.0108  -0.0051  -0.0031  -0.0048  -0.0057      0.0    0.009   0.0412  -0.0031   0.0206   0.0472      0.0  -0.0049      0.0    0.004   0.0638   -0.013
