            A        R        N        D        C        Q        E        G        H        I        L        K        M        F        P        S        T        W        Y        V
 1 A  -0.0396  -0.0513   0.0059    0.005  -0.0535  -0.0348    0.064  -0.0265   0.0633  -0.0222  -0.0628  -0.0957   0.0842   0.1543  -0.0325  -0.0288  -0.0143   0.0539   0.0176  -0.0376
 2 A   0.0943  -0.0075   0.1294  -0.0027   0.0279   0.0323  -0.0279   0.0134  -0.0543   0.0572   0.0434  -0.0301   0.0949   0.0031   0.0554   0.0239   0.1181  -0.1194  -0.0106   0.1105
 3 A   0.0028  -0.0526   0.0116  -0.0193  -0.0734  -0.0104  -0.0238   -0.045  -0.0169   0.0556   0.0435   0.0031   0.0961   0.0292  -0.0059  -0.0063   0.0552   0.1024   0.0564  -0.0307
 4 A   0.0622   0.0016   0.0146   0.0689   0.0353   0.0126   0.0131   0.0067  -0.0147   0.0203  -0.0277  -0.0084   0.0262   0.0464   0.0102   0.0379  -0.0037   0.0556   0.0404   0.0222
 5 A   0.0326   0.0058   -0.004  -0.0004   0.0303   0.0586   0.0058   0.0225   0.0522   0.0446   0.0257  -0.0264   0.0557   0.0241   0.1042   0.0434  -0.0242   0.0668   0.0195    0.057
 6 A    0.034  -0.0019   0.0508  -0.0076   0.0238   0.0338  -0.0429   0.0387  -0.0087    0.063   0.0329  -0.0138   0.1555   0.1199   0.0319   0.0221   0.0307   0.0089   0.0328   0.0309
 7 A   0.0011  -0.0168   0.0112   0.0126    0.014  -0.0103   0.0033  -0.0203   0.0894   0.0004  -0.0026  -0.0043   0.0236   0.0664    0.045   0.0179   0.0142   -0.006    0.026   0.0353
 8 A  -0.0098  -0.0194   0.0374  -0.0402  -0.0255  -0.0046   0.0108   0.0104   0.0646   0.0099   0.0227    0.001  -0.0166   0.0578    0.017   -0.013  -0.0528  -0.0067   0.0169  -0.0143
 9 A   0.0545   0.0074  -0.0509   -0.075   -0.048  -0.0521  -0.0621  -0.1169  -0.0448    0.105   0.0772  -0.0255   0.1834      0.0  -0.0284    0.031   0.1777  -0.0385  -0.0064   0.1356
