TESTRUNID EPOCH: 3 L_PCC: 0.7524049243766201 L_ERR: 0.01475511497466158 T_PCC: 0.7117676579497612 T_ERR: 0.017132421072114098
180 LAYER: 1
5 LAYER: 2
1 LAYER: 3
3 :ILEARN
0.470055948043557	0.1612226600492287	0.2453147900223669	0.3383416155232731	0.3433864405581886	
0.33796784214422876	0.03202622411721309	0.24681303658326328	0.3050669649673434	0.34791426195797104	
-0.05114365773293555	0.015322664020511332	-0.07401524741104339	0.05608026391194943	-0.12149835782247748	
0.17197876484440716	0.011062206183787227	0.08309534356663838	0.025476391605970854	0.02439121141786363	
0.041213949587784356	0.08970533502294221	-0.04734291236916745	0.026242338220050825	0.06007205573494716	
0.1638247481386195	-0.07452328527713703	-0.05918581631837794	-0.013429772496449353	0.13731766866867068	
-0.20121126531795203	-0.06321070447773319	-0.0006950409307582897	-0.12572752179934618	-0.09966255807994141	
0.313830722757678	0.12078529683277264	0.3096825510546912	0.18737969652220496	0.3600819199701511	
-0.03839640293750014	0.01130849020090609	-0.12203476481037222	-0.02997627747395412	-0.16043902009940086	
-0.10631298861439303	0.04117690790744316	-0.1194123611756439	-0.13090331976688546	-0.14924137119502684	
-0.265708562882567	-0.09524905793419648	-0.24166066109428164	-0.2233317982398544	-0.17101379678377146	
0.19793420435552486	0.07746340687951898	0.1308422306138011	0.2481516273046072	0.29557791109600695	
-0.6872071036941536	-0.20882200380337493	-0.41164190863592903	-0.5146574820100798	-0.6130524725220283	
-0.45627302899357375	-0.15175619480671199	-0.33179205642272935	-0.3163476074537839	-0.41125847816810435	
0.2998166478129858	-0.026801549721059782	0.06546617227020601	0.2286664289301367	0.1573827421445519	
0.1546593708062778	0.1277370673655073	0.11567784882058914	0.23532246779440436	0.21057641062887653	
-0.07038976431780826	-0.02056178732910984	-0.05931417131729765	-0.15220498807750318	-0.1632337613468343	
-0.2835202957115541	-0.09848787973790893	-0.1419907288471541	-0.24290504501226862	-0.27012679360727204	
-0.25815447673484254	0.038188643116475116	-0.13733172201791777	-0.12778631469859203	-0.17896202295945124	
0.23734418507203828	0.12442090261158278	0.18582057621195963	0.0947131652849016	0.24121963109511982	
-0.6119421326176465	-0.14531136856479274	-0.32123275519467553	-0.48920793663278184	-0.4135138685164857	
0.3740127650556551	-0.015556050048576778	0.3153625855717506	0.3004888200976787	0.3800454619031729	
0.050916719249563834	-0.04937228998399288	0.1651561004557307	0.1283127299510035	0.00048698059442586414	
0.1002372204590647	0.06284837340798649	0.11752946635149007	0.07977996932645708	-0.03535764679402071	
-0.11904549236077118	-0.10126408209568494	-0.11193881767216113	-0.07151332363185627	0.05081882336015959	
0.041403642658276944	0.00341335296545951	0.07587579067347527	-0.06170972986935988	-0.030407490217897844	
0.18937628803940754	0.13538162006421225	0.1396767519341628	0.03621598876716867	0.2074553405166996	
-0.13254528471953195	0.03499914828683502	-0.07896021835654932	-0.003421138634353095	-0.027443455097026788	
0.26602979287655987	-0.01743908901928209	0.07286777808904728	0.11244996160762889	0.11175448494859144	
0.0024405549680437608	-0.0413025493571815	0.09577166230959647	0.059624419055950874	-0.03631496022968911	
0.2764500094232675	0.17595145189055691	0.2629770964143236	0.219976609674657	0.25719833633105343	
0.2034200275640482	-0.028671197534283495	0.11692831862981048	0.2122861381404341	0.1969010637655238	
-0.23839206464942253	-0.041725572782499526	-0.09692752542403232	-0.07855178209026098	-0.22152066229109846	
-0.16182195784652859	-0.1055296693435638	-0.03818465867054788	-0.03937146947381319	-0.04590179842825977	
-0.687907813177281	-0.3548410465821434	-0.647220772298701	-0.6281094017739209	-0.6301794131350733	
0.03049958750316651	0.014205921949890723	-0.04621649063345874	-0.10031064470383425	-0.023715843790019033	
0.23564908005860974	0.0004121757196867303	0.2061827139330043	0.07881969130378731	0.1376183480109568	
0.06912052117838471	-0.05927248630313294	0.033463261269675686	0.011022422121350862	0.09160411620262082	
0.11263987663155636	-0.04505090412132645	0.1632447978740071	0.1902044496739823	0.2202905983018353	
-0.10423712727494537	-0.13237765871080936	-0.16740553311299927	-0.11847268990890238	-0.06664710774471003	
-0.18829605909769417	-0.07713745546359943	-0.10277096396431486	-0.17527795849393762	-0.2296958117321576	
0.35659109018874585	0.09534368767560189	0.23289688883959508	0.3456727909816815	0.36876220723409725	
0.015500155342268018	0.08132573457697256	-0.048629252168383444	-0.05114867346003859	-0.05164134203889659	
0.10737329880898211	-0.06501708685358759	0.1898580128388542	0.13784387631470965	0.008679485413135606	
-0.009762849683826633	-0.022986277783679874	-0.0389120626798252	0.11160396668027815	0.015026335616114172	
0.23370648970368066	0.03849955791942694	0.15019564308477498	0.18245469348405463	0.18436222719424758	
-0.031561861740134575	-0.01699893038146429	0.011412662224265922	-0.06097849357647944	-0.04330511981876889	
0.1150109779073738	-0.09299785176292796	0.08476417113397594	0.05615116926298953	0.1376403022210822	
-0.08801627503400887	0.05641284836497558	-0.025293654097635173	-0.11215179350413411	0.002622989423998244	
0.16545475918072514	-0.10189439820962125	0.04987520294938684	0.11100679795950427	0.1597128557049291	
0.022554175885254202	0.08261415448811722	0.031390034717328416	0.15492766296682328	0.10198442866525814	
0.36821276279321014	0.08588697337768458	0.22256777910947664	0.19532422921920334	0.24803283901550874	
-0.07328351431844185	0.03882354449772697	-0.029774699367607908	-0.04440029289800805	-0.026120020231095307	
-0.19099701944288372	-0.02453374465990703	-0.13105733405903086	-0.1710906949888734	-0.14635597882216522	
0.17694109618764606	0.010540719537198567	0.15818828057709494	0.13662355048792182	0.26125456640557676	
-0.06660410551354455	-0.10650432542216604	-0.1001271571383679	-0.11313863928233951	-0.03315735334705436	
0.022073583205854154	0.04510081778815695	-0.015100842112670843	-0.0924643999636338	-0.10008891790099989	
-0.2742439954738171	-0.08069664885918844	-0.17548072225961428	-0.26046305908568534	-0.23396063587766905	
0.0029043613582179152	0.0032871074962410023	-0.005614676136890036	-0.031722027304469526	-0.041387545095795515	
-0.35585813702678915	-0.11442210478967697	-0.27454993368086517	-0.13289506694750639	-0.2925507167471539	
0.1634529893783643	0.08307614236869201	0.08806166266055647	0.07152958108501999	-0.009952352740313527	
0.046610110525605666	-0.032769276392525956	-0.03285085338764099	0.03432381014169096	-0.011617024334156484	
-0.12457222876594101	0.013454575097228267	-0.1657416232379447	-0.24066160324200167	-0.20400777525918223	
-0.007094104119227069	0.038989302983815796	-0.05031557375064576	-0.06745058582436733	0.058822920522364264	
-0.07417012086581093	-0.01845752976505842	-0.10674734865226704	-0.14087844379529055	-0.06857568323908311	
0.008791676878289604	-0.08087308156879323	0.016532238436579333	0.009837752981661303	0.023423996803075296	
0.01796379722767838	0.050488635032727	-0.008647758330263435	0.04575567509885131	0.11148542868126002	
-0.03539435089525951	-0.01921350816209956	0.12004400674940424	0.10942638266315625	0.07902306599582792	
0.09422579406173111	0.08931761299886683	0.07871167265492933	0.08643530466204942	-0.06424961289479877	
0.03993332360851766	0.021114437862490926	0.010744986127304222	0.07269614510701544	-0.0868138612653261	
0.21444977056986772	0.06955152754705672	0.05726400771460169	0.06075811718481325	0.15813250902974255	
0.17735618032461162	0.1016212541960644	0.12689819748532677	0.2152052367690487	0.27225067843669476	
-0.1884759700828731	-0.10862260566522029	-0.03111156835724251	-0.10269537295048156	-0.04485777192436486	
-0.06450092649109855	0.06667055848728538	-0.05464830894605626	-0.0584878238426161	-0.14952115888625114	
0.01646740676089284	-0.13836101008431542	-0.10773426405512505	0.05340416227195269	-0.11584492670678934	
0.05877580845955001	0.04701555424024961	0.06797295965303356	0.09758040682551031	0.011135689346937493	
-0.19070525488384626	-0.03857978632716848	-0.03666606531204339	-0.18392923886527757	-0.2043170569409699	
-0.06030203029205208	0.04202061305622889	-0.006784575759612906	-0.09272145756781995	-0.0020729117302647885	
0.12038733707576876	0.08718378562286057	0.06680178946627832	0.033350210383105185	0.16186047736183248	
-0.09264052431089409	-0.10364140814259407	-0.06666054795259771	-0.14431300801180297	-0.11922396742348045	
-0.05006815984590697	0.011049850959812596	-0.1961511320989751	-0.06400150327215846	-0.12089224198776526	
0.1423724827044854	-0.03944630936462136	-0.0028754063351129774	-0.04287945329583022	0.03733170311013204	
0.03145000616362481	0.04268564364887549	0.12440944973819887	0.11860246513222644	0.14684314482365543	
-0.1542933019374154	0.024936205019170182	-0.10878440338899409	-0.030512123867761712	-0.08818486251650787	
-0.12827086687299763	-0.11180756897036107	-0.14343885498982656	-0.13875182302581937	-0.06701585460137857	
-0.17674082214536765	-0.15322053227206991	-0.052453673277111285	-0.1213009188879619	-0.06531243610859219	
0.15635775748906955	0.009198222788793252	0.10802757893626799	0.12584196511225398	0.21605599742842907	
-0.044061721198268476	0.03970586307537379	-0.13978686009687782	-0.0011008123705370176	-0.12530542418795246	
0.0634010315118654	-0.09473281344850229	0.024087397075751076	-0.06372131915910406	0.12452787307467433	
0.1610460724171839	0.0602685524313442	0.13212722036367214	-0.0032617469254943685	0.013054399045713162	
-0.21506881398249442	-0.039255595337746974	-0.029385760048550445	-0.03232297380225775	-0.12242435081652647	
0.46939682032130214	0.1884126856099672	0.2762825592486621	0.2788986708531093	0.2873978646168957	
-0.2901111447626795	-0.015817304000005056	-0.23888250464396943	-0.23583188264019872	-0.13133027162965605	
-0.13459314420257532	0.0689794709749463	-0.11156640741550705	-0.07548801076534528	-0.1123616803245038	
0.30443779072448324	-0.0025494786712057516	0.1094760792836142	0.16105999243439875	0.2611613062924511	
-0.21653357813033744	-0.028804640849575402	-0.025458094718806924	-0.20281410207386852	-0.11539017739451927	
0.11163629929424994	0.08041383323267999	0.0956889474156927	0.13415015375785977	0.10263223139544352	
-0.06705802888051307	-0.07307450077982527	-0.16854777559973338	-0.0754692937658496	-0.13210948699032748	
0.013829421078023884	0.0779812293934788	-0.005930055167263382	-0.04607825571705309	-0.025731076311330266	
0.11975817730714036	0.07772759784290495	0.09642086924884478	0.10473768384481491	-0.010949534769635118	
-0.041012904794631995	-0.07188098323721337	-0.02083657098416859	-0.056355107302291846	0.044099760205816255	
0.07969414959768245	0.054708686944780524	-0.007070026723780102	0.08314275734205935	0.004521778387487909	
0.14978063603127448	-0.0037049406098888468	-0.014827804727512554	0.048642641828411534	0.14586539325629214	
-0.2890899128445579	-0.09144956511605021	-0.266214093810764	-0.22501412429563397	-0.16145138532362574	
0.19786066094006116	0.04882104170957108	0.18025920656856745	0.1897275316888223	0.1271108153500884	
0.01689411443979648	-0.09870469132147569	-0.04477841182219429	0.04780202178842193	0.04326554761899623	
0.0016298390074778457	-0.10170193415492718	0.014886361623646581	-0.020213964535485685	-0.018806473648460817	
0.04138627645104846	0.020225292274837995	-0.006971724416495406	-0.09009558737654387	-0.036695874275641076	
0.06458742955685116	0.06714953067364451	0.043317379494237425	0.03965747344157402	-0.012858969080987112	
-0.06725289962665883	0.05685965485505453	-0.009904048689829926	0.10565276956198298	-0.013872760096276748	
0.1324473538300646	-0.004398472849091745	0.14948113869548976	0.10987120722047647	0.05984210145870377	
0.0676048611049427	0.009012191528591883	0.09322277450068799	0.1221990483025392	0.0012767789145900848	
0.06983887314994343	0.03138992391906744	0.1526442161944866	0.0016003314940251524	0.14236918534064757	
-0.1603396997438647	-0.07625760135292844	-0.03607159860310919	-0.09985310317415583	-0.2402046590903192	
-0.10298212642159443	0.016820707720903043	-0.02586960976997897	-0.06843587415354446	-0.07166474734773785	
-0.08445396468817315	-0.09794023739366466	-0.09223077349655144	-0.05759649225609265	-0.1228021161969413	
-0.0868608381480453	-0.1128146683807123	-0.05611229160358425	-0.16910840848156172	-0.07375825112451216	
0.03212804988977174	0.06338837599504886	-0.0007648570518781557	-0.02238380667671388	0.09007809815794156	
-0.003530065303324871	0.05299577141151235	0.07107243387115017	-0.015436513345584862	-0.03622921731689818	
-0.10960712915740912	-0.09027521939051368	-0.05579043164880599	-0.1273621048138968	-0.10459093478677985	
-0.07873090478430093	0.018761480316831936	-0.15778354861867713	-0.14384004803863218	-0.14874061184619108	
0.2304443883110343	0.06631681649382185	0.1151194395502273	0.07104384847536285	0.18787436665365356	
-0.002704101235207347	0.06105461068166844	0.03844128194709688	-0.011429869073384634	-0.059531515447119696	
-0.02502015642889563	-0.10748901455602866	-0.13426208081592472	-0.09889348920350097	-0.09539785981753166	
0.09791039422653564	0.07526313554119386	0.03797365689571027	0.15526163137771898	0.19291508182305214	
-0.14889639690926568	-0.041543018958859486	-0.04995031161601968	-0.05014942534068315	-0.07610238173089484	
-0.19191239161061957	-0.0034249435415464177	-0.016820897466455192	-0.13200615519759432	-0.06975777515474528	
0.1397851912102107	0.11632322259764795	0.09233684480325224	0.15632786929465278	0.14380901843137725	
-0.1341489502902302	0.060731164464140695	-0.0663540548012315	-0.04030773215374206	-0.05515416236448018	
0.09968692922077275	-0.027948552109747473	0.025600935456872313	0.11585238788094525	0.09010024559801845	
-0.08338958631420829	-0.12248391213558968	-0.003941329309797944	-0.13803496351646402	0.023166232772864094	
0.27933194703970304	0.07559381100987854	0.11464133567757474	0.31598990980288916	0.20910110310300223	
0.097143824603235	0.06201671498249372	-0.020031369019605023	0.06630720347638151	0.011850151466954457	
-0.02528192903987791	0.008742582148147635	-0.13448362149995316	-0.008100219893772721	-0.18466495053195223	
0.08191952723317977	0.005244480841149448	-0.016813786946837807	0.05345654108800113	0.03916688033952731	
0.1462016370731697	-0.04939672632065029	-0.06669308200442102	0.12939868221088632	0.10825362595754588	
-0.14396185973876136	-0.07207987063787077	-0.0879823310057527	-0.11214248439888036	-0.17704280987742083	
-0.08398217583585257	0.003342629226976868	-0.08062723901928717	-0.13888705028051906	-0.08885589347499624	
-0.140081893212904	0.015029796954122574	0.016501859966305824	-0.10005974408736296	-0.1336218295495931	
-0.09192412654895614	-0.07301266493453694	0.053066576839670705	-0.026133841605778495	-0.07410327657675121	
-0.4954766097380516	-0.21586194989676258	-0.2996964952838439	-0.4162197894571319	-0.4178261627801054	
0.09034776542174898	0.08401883217089091	0.06152059896916343	0.060601614323544405	0.14133341028099172	
0.3275005380916981	0.078619573149443	0.19541958381985197	0.3139990878439081	0.40213214394337704	
0.27318539744987497	0.11025675580176611	0.1697519626069587	0.24718136657733178	0.15536196974727445	
0.01850342550495664	0.08738191768361979	0.044215494169153075	0.08130706775024857	0.029477738237336085	
0.1418111889529847	0.09937830920667644	0.009779942513036623	0.12543381835157774	0.2114686589235411	
-0.05103232072957342	-0.07453029973255315	0.026503733292960577	-0.09846902615725894	-0.02235962202421298	
0.18103312080975187	0.1310843099919702	0.14487955047285309	0.19671013285152097	0.04087880539253378	
0.33527799908632533	-0.03440462996370171	0.11773599995944564	0.2736835003737467	0.09849170049959087	
-0.11005298875399673	-0.01853815767229779	-0.16131789290878407	-0.2087502876254533	-0.0850649485494511	
-0.11958778730446076	-0.12337675401646626	-0.01753040553056144	-0.010589709389464602	-0.10757322772932362	
0.27587673349938807	0.024933242936761895	0.1649702304074907	0.13109859305113014	0.1638721181131758	
-0.10782096415607081	0.0671669076689482	-0.07508637905507697	-0.13505299776252616	-0.12484868835842564	
0.0037632141631030627	0.051889023686338895	0.07485552396054201	0.13146364398647786	0.0834159786040658	
-0.24990499064589664	-0.07543703750542645	-0.18865016070153215	-0.27202221818224837	-0.2483407377165894	
-0.04631321983137576	-0.062762212149015	-0.0653066098124201	-0.03427699382616038	-0.06368584642993298	
-0.27368747471273336	-0.007446730705742286	-0.2357150862990555	-0.11524674592240741	-0.1959401256023262	
0.1078590962824409	0.09705899616057892	0.11330205308363914	0.05377714928504374	0.16341391593468996	
-0.06512726023886942	-0.04822933714644585	-0.05836064811287606	-0.0059479252901226305	-0.10187244283861346	
-0.15979567534727973	-0.09736107769364197	-0.11851051361230133	-0.162965096476626	-0.0846960915516026	
0.12883361147688518	-0.07984498070735527	0.021112267241409237	0.09864275407949381	0.029557805415478033	
0.30769845955461533	0.01260310534706665	0.1800018681742026	0.209987028986356	0.13508595907727422	
-0.0878114917809251	-0.01419524941598255	0.0942781250443916	-0.023958293303305747	0.06361302909373344	
0.009913334500626706	-0.015004916410554545	-0.02077186845243824	0.10042238623276822	0.10218489821201042	
0.10895867022754811	-0.034008820616513454	0.08666719505497232	0.000329388648991043	0.04478416321286775	
0.17854261096318907	0.01540362210392468	0.041829093298707466	0.1817891583300985	0.21248340231418164	
0.14569348048044203	0.05378561534976245	0.01317832086335059	0.021559954270580713	0.10202388584438381	
0.17439647630247618	-0.0451116282525673	0.05493284772151644	0.061272162774940964	0.08224448898077007	
-0.18202184644151484	-0.058060883831721526	-0.11884848684421137	-0.018079835370878858	-0.029683135626580696	
0.29949536450059416	0.04183737058937896	0.09610039104234624	0.2518445341235107	0.21713208806583328	
-0.17229312828405402	-0.07057423903352636	-0.13241831022070627	-0.2510689302099804	-0.1612541101238259	
0.7110937140058616	0.25922317351713436	0.47297389374613386	0.40698403531192384	0.5555748014150039	
-0.7548515287317042	-0.2134061314056025	-0.5370426999019935	-0.5966360363609108	-0.575049507565469	
-0.5517973984489083	-0.2273053519373408	-0.42774854178547794	-0.6097153133862954	-0.5026472639048842	
-0.04119431259031158	-0.04753310371929892	0.01644939845943757	-0.040755433445014755	0.06624186920284807	
0.02376172956398305	-0.01666746945367639	-0.011461658638769093	0.12924061779268106	0.13079427466539428	
0.04962369216688225	-0.04779797270646734	0.11419163137019278	0.03465991003481846	0.1411341642754628	
0.11240241145076912	0.029160331957498842	-0.007851222000309417	0.11381310014936641	0.06414585229793922	
-0.8676297501137245	-0.309126829829125	-0.6357621305313137	-0.7260840221798868	-0.6867429188373357	
0.5384218035198909	0.18952674251719562	0.3907429737611286	0.5145780053561971	0.42947711278204115	
0.10827804288556689	-0.23222955825639444	-0.17938434004198026	0.043582502390104874	0.008855095849909534	
-2.0809681655654533	-0.39279730243095445	-1.3177653291114666	-1.6261158094891726	-1.7022888914275303	
1.8241327054771515	
