            A        R        N        D        C        Q        E        G        H        I        L        K        M        F        P        S        T        W        Y        V
 1 A   0.0793  -0.0007   0.0247  -0.0195     -0.0   0.0193   0.0194  -0.0026  -0.0107      0.0     -0.0      0.0     -0.0   0.0009  -0.0557   0.0659   0.0172   0.0462  -0.0003     -0.0
 2 A      0.0  -0.0046     -0.0  -0.0029   -0.001  -0.0013    0.267  -0.0035     -0.0  -0.0051   0.0135  -0.0086  -0.0065   -0.002  -0.0063  -0.0129   -0.018   -0.004  -0.0156  -0.0048
 3 A    0.037      0.0   0.0136  -0.0297     -0.0     -0.0      0.0   0.0289     -0.0   0.0336   0.0289   0.0006     -0.0    0.052     -0.0  -0.0061  -0.0016     -0.0   0.0097   0.0166
 4 A   0.0099     -0.0   0.0304   0.0158     -0.0   0.0007   0.0237  -0.0061      0.0   0.0446   0.0223  -0.0124     -0.0   0.0048   0.0532     -0.0   0.0224   0.0365      0.0  -0.0623
 5 A    0.045   0.0367  -0.0079  -0.0074     -0.0   0.0379  -0.0135   0.0009   0.0292   0.0201   0.0097   -0.026     -0.0   0.0159   0.0287      0.0  -0.0088   0.0005     -0.0   0.0224
 6 A    0.045      0.0   0.0127   0.0371   0.0028   0.0194    -0.02   0.0237   0.0088   0.0091  -0.0033  -0.0388  -0.0177    0.032   0.0374      0.0   0.0664      0.0   0.0116  -0.0428
 7 A     -0.0  -0.0297   0.0066   0.0142    0.045      0.0      0.0   0.0289     -0.0   0.0486    0.053   0.0061      0.0   0.0116   0.0416  -0.0108  -0.0458   0.0193   0.0002  -0.0051
 8 A  -0.0135     -0.0  -0.0267   0.0545     -0.0   0.0664   0.0028  -0.0177   0.0009  -0.0026   0.0652  -0.0653   0.0007    0.041   0.0083      0.0     -0.0      0.0   0.0176   0.0518
 9 A   0.0439  -0.0463  -0.0014  -0.0573  -0.0546   0.0211  -0.0725   0.0145   0.0145   0.0591   0.0357      0.0     0.11   0.0229  -0.0426   0.0802      0.0   0.0108   0.0661  -0.0207
