TESTRUNID EPOCH: 84 L_PCC: 0.9020220949136526 L_ERR: 0.008744103011050018 T_PCC: 0.8657174982207148 T_ERR: 0.011826524110485286
180 LAYER: 1
2 LAYER: 2
1 LAYER: 3
84 :ILEARN
-0.16895720681130327	-0.09696133619814273	-0.1600787916007371	0.008726751624211512	0.2804493375653799	
0.055230298479411605	1.1434410876003405	1.2773482196270325	0.38881102698659425	0.48961771104569285	
0.10373816260972213	-0.008420522391922156	0.9115659858148276	0.9046757655202876	-0.235737938847042	
0.24215373373839216	0.06938181329553834	0.13618738456848434	-0.5317732559840073	0.2850258453007805	
-0.14302202022551916	-0.10819621968542167	-0.3506764555906899	-0.2255415964761924	-0.574817056183277	
-0.4956402445393535	-0.6488103159531137	-0.8357604081917955	1.1130458654087185	1.2392535219903384	
-0.4041302516205073	0.28375575697605704	0.25489447183164887	-0.04232991075983395	0.2664401328525692	
0.11578060254130115	-0.38817436949143896	-0.8689889091704305	-0.1136734564318793	0.07696226381000333	
-0.10890018353022121	-0.12072559384021712	0.7215710538615969	0.8264662409820093	0.6503778586371416	
0.8467512501633973	0.20276025580923776	0.054282586117131014	0.8802257389533047	0.9613312567564243	
-0.7302072933596538	-0.658220672095461	0.7221068126758428	0.6652802653496607	0.6602938816671688	
0.5796560219744338	1.0127575159013082	0.9415157442782677	-0.7291955355640106	-0.7422921096263336	
-1.426452022018479	-1.093521148002907	-0.07847745035710092	-0.23529797621865248	-1.4338956873181985	
-1.0946349082527038	0.24045233161851595	0.22050349105956715	1.0393476531457688	0.9148795451867103	
0.09330770384983998	-0.19530970319489702	-0.2894323086244812	-0.3666828877670039	-0.015914207691620684	
-0.061216792439512564	0.7410668251009781	0.6071313601503139	-0.7449431240756885	-0.09984582337555896	
0.008079854951525632	-0.14522112302261414	0.5299433306768357	0.7080675856828518	0.2420708782416013	
0.00852099946952039	0.12779083303961078	-0.13841992593257688	0.32553894379606774	0.5814835451832654	
0.13621927912252285	0.18186805259992192	0.5620581679177793	0.6459770388132636	0.25640509588835386	
0.3760715296994235	0.419198149789166	0.3014280464624566	-0.3090726953619054	-0.02125391233789866	
-0.08911214963066387	-0.2414397016739258	0.8909269029694098	0.6219357741859912	-0.513960599674763	
-0.6914882231565953	-0.5098459977405668	-0.15975401050190338	0.07777450704642255	0.5264176334444101	
0.12845133204630657	-0.03190012611503109	0.34815463800181484	0.09430140668688161	-0.5013409352574558	
-0.13452564234972933	-0.6683816535447598	-0.020623783153156296	0.008008882502705246	0.2044270950117516	
-0.08762128714424969	0.09516922251922347	0.41528781675315407	0.40223788210169287	0.16249928514451387	
0.04327272064326443	-0.016200203542478295	-0.5847893008154009	-0.03671236673217718	-0.08274939469672249	
0.12041992166177702	0.1494162789137421	-0.6558576964756323	0.11513917111028588	0.17082694972739912	
-0.02960065078662407	0.36378324907226367	4.828456457969284e-05	-0.07862031666487311	0.5419825989967127	
0.048595805564958926	0.5619893769190417	0.1205077317234339	0.14212048293480617	-0.010037853914202442	
0.2851865552336078	0.46238806077169203	0.013105018515662294	-0.005287127082783543	0.1808660193084045	
-0.004613712280063809	-0.11858469976481091	0.16379411415115616	-0.09762422998197161	-0.26367427443788677	
-0.07369262461523339	0.05953951237139877	-0.08108390433982901	0.21355593450708793	0.4515044313104418	
-0.019112078953844806	0.23039706274656285	0.3099718716241166	0.2503260700141385	0.46609779120794553	
0.05762264545127002	0.13667049919096097	0.04744438716016233	-0.1618055570874273	-0.10710919608287536	
0.11326314725537975	0.6696227039643629	0.3489419884355363	-0.0625783245625087	0.26128675299004006	
0.16785263591444058	0.16657550036106877	0.010329145690539186	-0.07769673751792254	-0.13313475916559495	
0.05450273052441538	0.15785102797179007	0.4718139165274648	0.09609718113458669	-0.01142594336428527	
0.14954594580715164	-0.0726321621920291	-0.31690038305930085	0.3699038664132421	0.5158440016423129	
0.09414966987264801	0.04553030580459493	-0.43080976057046777	0.8196094274324158	-0.2508027791567409	
-0.3173307172449804	-0.28294385293095214	-0.3685710142387777	-0.32995408676488874	0.40601592628795513	
0.21217384087914795	0.354005590243586	0.5031650771119864	0.5388791185197244	-0.0003235372638531994	
0.02332544558644893	0.24726282109158793	0.16264650170333186	0.06956845422507862	0.026349690321016087	
0.13413432455275892	0.21387539538916595	0.20325194651305278	0.3278100917040676	0.1188310236670229	
0.5547717692168803	0.21660200797000745	0.24083169503455149	-0.20847848586049403	-0.3736046310419789	
-0.49807182217913554	0.06058286444976843	0.5983579903036411	0.44861545396730507	0.07909677703538051	
-0.17936788329827152	-0.37508465848296696	-0.04242519958498069	0.08223034166341105	0.21208433939546098	
0.14291853536206392	0.1227233964980785	0.12844933921912427	-0.38867571524930605	0.3186751474969085	
0.22896872450701333	-0.08937766934202379	-0.03772248463387195	-0.5591693043071052	0.1575491921928157	
-0.6535208757176371	0.5899348093639242	0.7055286047768738	0.6062621744578969	0.5465605037736482	
0.18257122429565667	0.2911872358979715	0.2322695457953031	0.27719691870845364	0.1915369138412381	
0.1530688969215599	0.23405994793966925	-0.0355728758672353	0.1474579511044032	0.5167587187169911	
0.647648045534332	-0.11314559832531418	0.016920261222739427	-0.4097300901113851	0.2488033908444823	
-0.11854245125172348	-0.052216320818171215	0.7861803832527209	0.9159984666397953	-0.016557385514729378	
-0.05202353938682694	-0.1869793916761714	-0.540402490684057	0.024690240184378882	-0.19216645734432083	
0.29568472806890655	0.20773961320904105	0.17707255294893692	-0.10482738855719585	-0.27493606949700694	
-0.5549956534279767	-0.2791525686185434	-0.23749405239751353	-0.24115343081351232	0.16492572883879691	
0.07546644864067907	0.06729032972099241	0.1700912937593724	0.2623963809338964	0.34326618597193076	
0.013227443611663942	0.3759181823514525	0.7348752186401446	0.05181369272993432	-0.02309964362033727	
0.09412807333592375	0.23519555520914678	-0.00045890818936233577	-0.10105742303961403	0.11606505563096835	
0.016045617603394815	0.5589277133586174	0.3161474869649573	0.038952723072876436	0.3841091444875904	
-0.2336844004448884	0.23694317708606644	0.3665208240158088	0.18245568567640136	0.15458056229527434	
0.07823215666087222	-0.1883806881845665	-0.23212642239984865	0.1894235950460621	-0.5111165394561699	
0.013983631870229772	-0.04924182357339531	-0.32789922370908314	0.2955544632463343	-0.22311985610170046	
-0.01570482951090793	-0.23352032962943503	-0.3338284674578681	0.18475011547040807	0.6449814902892164	
-0.7471542140398346	-0.5081368893361815	0.6873572579714776	0.9530424561789869	0.22988948057406489	
0.1751153589199827	-0.021968828482157664	0.07043888314164973	0.836849151107073	0.87712693086985	
0.09788966308802771	0.2286550150331171	0.0660347437517607	0.10808146521761017	0.30075976733792886	
0.11232754694278899	0.3109898960039004	0.3899632135123794	-1.0335154584187836	-0.7974737166799198	
-0.966355315246481	-0.7631916605651607	1.0235491191035846	0.9919828675548581	-0.469287479749982	
-0.350666813461588	0.51448709897424	0.7105261055874266	0.15214841921869923	-0.002835893506426939	
0.11870841938212368	0.1141887502220684	-0.023058194376625204	-0.40732781089833847	0.8264347644086891	
0.6884537916247586	1.0093732728584277	0.929357761683576	-1.3681138768060552	-1.1407195438541256	
1.3611701796794953	2.0980967623071325	-3.2837733067079506	-4.044124534826517	3.9085103813488202	
