            A        R        N        D        C        Q        E        G        H        I        L        K        M        F        P        S        T        W        Y        V
 1 A   0.0598   0.0288  -0.0786   0.0544   0.1814  -0.0721  -0.0271  -0.1584   0.1996  -0.0825   -0.164  -0.0348  -0.1624  -0.0338  -0.2726   0.0629   0.0971  -0.0405  -0.2408   0.0134
 2 A   0.0264  -0.0892   0.0788  -0.0846  -0.0257  -0.0194   0.1882  -0.1448   0.0952  -0.0866   -0.111    -0.27  -0.0418   0.2366  -0.0828   0.1426   0.0844   0.1583   0.3931   0.0802
 3 A   0.0359   0.0368  -0.0524   0.0429    0.184  -0.1015  -0.1968  -0.1438    0.194   0.0822  -0.0699   0.0092   0.1133  -0.0041  -0.0278   0.2756   0.1986  -0.2587   -0.041   0.2587
 4 A  -0.0201   0.1089   0.0382  -0.1509  -0.2248   0.0235  -0.0741   0.0549   0.0602  -0.0621  -0.1669  -0.0631   -0.077   0.1319   0.0303   0.0032  -0.1162  -0.0748  -0.0725    0.139
 5 A    0.025   0.2289   0.0429  -0.0638   0.1661  -0.0508    0.325  -0.0141  -0.1267   0.0303   0.1291  -0.1202   0.0447   0.0009  -0.1762  -0.1388   0.0705    0.005  -0.3014   0.1536
 6 A  -0.0403  -0.1148    -0.02   0.0223  -0.2895  -0.1822  -0.0284  -0.1065  -0.0604  -0.0352  -0.0629   0.0269   0.1755   0.0071  -0.2861  -0.0931   -0.095   0.0236  -0.2411  -0.0613
 7 A   -0.042    0.031   0.0772  -0.2054  -0.0419   0.1326  -0.0035   0.1997  -0.2733  -0.0607  -0.0268   0.1223   0.0091   0.1083   0.3634   0.0856   0.2231  -0.0609   0.0552  -0.1664
 8 A  -0.2686   0.0543   0.0341   0.1159   -0.041   -0.282   0.3533   0.2931  -0.0351  -0.2328   0.0163   0.2376  -0.1761  -0.0662   0.0035   0.0971   0.2156   0.1536  -0.0125  -0.0385
 9 A   0.1033  -0.1942  -0.0441   -0.075  -0.0667  -0.1793   0.0211   -0.331  -0.0978   0.0522  -0.1642   0.1073    0.094   0.1419  -0.1278   0.0051    0.105  -0.1231   0.4048   0.0866
