            A        R        N        D        C        Q        E        G        H        I        L        K        M        F        P        S        T        W        Y        V
 1 A  -0.1374  -0.6601   0.2403  -0.2113   1.3955  -0.1949  -0.6315  -0.0998  -0.0712  -0.1388  -0.2045  -0.4549   0.4182   0.8153  -0.8968  -0.1254  -0.0288   1.6607   1.6308   -0.312
 2 A   0.4136   -0.602  -0.8099  -1.5677  -1.5115    0.241  -1.0872  -1.6886  -1.8496  -0.0814  -0.0999  -0.9586    0.632  -1.9344  -1.6934   2.6505   2.9139  -2.7264  -1.9386   0.2262
 3 A  -0.2878  -1.6578   0.6251   4.3754   0.2675   0.0041    1.938  -1.2185   -1.128   -2.205   -2.589  -0.9524  -0.7797  -0.7911  -0.6043   0.4666  -1.0801  -2.7413   -0.335  -2.3095
 4 A   -0.583  -1.0434  -0.3539    1.235   -0.101    0.258  -0.3409  -0.0314   0.0154  -0.0651  -0.0915  -0.1025   0.0679  -0.1147   1.9517  -0.5556   0.1898  -2.2652   0.4427  -0.4968
 5 A  -0.3858   0.0309  -0.3494  -1.7209  -0.7475   0.4034   0.1954  -0.6771   -1.174   -0.184  -0.1021  -0.0193   -0.266   1.1537   0.6089    0.306  -0.1851   0.9349   1.8201   0.0287
 6 A  -0.7413  -0.1684    0.937   0.4022  -0.1294   0.5016  -0.6145  -0.5562    1.077   -0.496  -0.4721  -0.8738   0.6783   1.5518  -0.3527  -0.1442   0.0057   0.8872   1.3055  -0.6386
 7 A    0.109  -0.1077   1.0273   0.6705  -2.2943   0.1713  -0.4752  -0.7331   1.2094  -0.8661   0.3439  -0.4663   0.0367  -0.9237   0.4218   0.5662   0.5174   1.9087   -0.341  -1.0477
 8 A  -0.3038  -1.1065   0.2591  -0.4673   0.5256  -0.5389   0.0836  -0.7049   0.0875   0.2213   0.8224  -0.5668   0.7732   1.1075   -1.393   0.0405   0.2288  -2.0782  -0.1242   0.1095
 9 A   -1.925  -1.9182  -2.2405  -3.1744  -3.0773  -1.5309  -2.0808  -3.3177   1.8047  -1.4558  -1.0597  -1.2287  -1.1064   2.4865  -2.9161  -1.3093  -1.8921   1.4562   6.8748  -1.1691
