            A        R        N        D        C        Q        E        G        H        I        L        K        M        F        P        S        T        W        Y        V
 1 A    0.031   0.0003  -0.0013  -0.0215   0.0119  -0.0046   0.0101  -0.0119  -0.0234   0.0175   0.0237  -0.0292   0.0261   0.0213    0.004    0.014  -0.0013   0.0318   0.0463  -0.0139
 2 A   0.0566   0.0153  -0.0347  -0.0092    -0.01  -0.0343  -0.0209    -0.03  -0.0116   0.0403    0.022  -0.0411   0.0124  -0.0264  -0.0048   0.0768   0.0804   0.0122  -0.0018   0.0395
 3 A   0.0209   0.0109   0.0304   0.0838   0.0074  -0.0109  -0.0076  -0.0175   0.0027   0.0106  -0.0118  -0.0195  -0.0021  -0.0067   0.0144   0.0328  -0.0064  -0.0036   0.0079  -0.0048
 4 A  -0.0051   0.0141  -0.0077    0.014   0.0029   0.0085   0.0044   0.0145   0.0116  -0.0012   0.0037    0.001   0.0099  -0.0205   0.0172   0.0191    0.045  -0.0095  -0.0026   0.0114
 5 A    0.022    -0.01   -0.002   0.0072  -0.0097   0.0122   0.0111    0.002    0.014  -0.0007   0.0269   0.0025  -0.0157   0.0459  -0.0072   0.0016   0.0166  -0.0072   0.0189   0.0023
 6 A    0.018   0.0023  -0.0097   0.0229  -0.0084   -0.008   0.0156   0.0188   0.0311   0.0199  -0.0066  -0.0271   0.0048   0.0315  -0.0246   0.0171   0.0215   0.0175  -0.0138   0.0078
 7 A   0.0615   0.0107  -0.0171   0.0024  -0.0223  -0.0197   -0.001   0.0109   0.0147   0.0011   0.0126  -0.0239   0.0105   0.0191   0.0205   0.0053   0.0178   0.0313  -0.0087   0.0047
 8 A   0.0218  -0.0117  -0.0271   0.0005   0.0087  -0.0357   0.0009  -0.0074   0.0118   0.0171   0.0296   0.0155   0.0282  -0.0092   -0.002   0.0102   0.0216   0.0033   0.0523   0.0022
 9 A   0.0047  -0.0038      0.0   0.0137   0.0109  -0.0263  -0.0029  -0.0163   0.0054   0.0012   0.0233  -0.0167   0.0127  -0.0027   0.0047   0.0089  -0.0023   0.0102   0.0861     0.02
