            A        R        N        D        C        Q        E        G        H        I        L        K        M        F        P        S        T        W        Y        V
 1 A  -0.0081  -0.0171   0.0102   0.0179  -0.0154  -0.0007   0.0606   0.0033   0.0405   0.0116  -0.0221  -0.0468    0.059   0.1627  -0.0088  -0.0073   0.0087   0.0431   0.0271  -0.0092
 2 A   0.0587  -0.0161   0.0073  -0.0052    0.021   0.0092   -0.026  -0.0103  -0.0388   0.0398   0.0386  -0.0189   0.0584  -0.0024   0.0348  -0.0013   0.0962  -0.0025  -0.0172   0.0835
 3 A   0.0156  -0.0305   0.0141  -0.0107   -0.029   0.0069  -0.0086  -0.0288   0.0022   0.0573   0.0452   0.0118   0.0619   0.0357   0.0064   0.0059   0.0395   0.0634   0.0491   0.0017
 4 A   0.0445   0.0026   0.0053   0.0568   0.0086   0.0115   0.0147   0.0166  -0.0021   0.0111   -0.015  -0.0026   0.0183   0.0238   0.0181   0.0381  -0.0024   0.0309   0.0257   0.0046
 5 A   0.0247  -0.0029  -0.0202   0.0042   0.0036   0.0153  -0.0001   0.0251   0.0203   0.0275   0.0091  -0.0214   0.0426   0.0244   0.0672   0.0312  -0.0239   0.0315   0.0143   0.0367
 6 A    0.012  -0.0141   0.0232  -0.0207   0.0105   0.0324  -0.0409   0.0292  -0.0087    0.044   0.0069  -0.0165   0.0864   0.0796   0.0177    0.024   0.0139  -0.0001   0.0069   0.0238
 7 A   0.0098  -0.0121   0.0218   0.0095   0.0103  -0.0111   0.0097  -0.0019   0.0641   0.0112  -0.0119  -0.0035    0.031   0.0477   0.0342   0.0305   0.0127    0.006   0.0195   0.0317
 8 A   0.0238   0.0003   0.0324  -0.0188  -0.0053   0.0162   0.0122   0.0271   0.0356  -0.0016   0.0189   0.0132   0.0189   0.0664   0.0357   0.0173   -0.025   0.0091   0.0252   0.0074
 9 A   0.0325   0.0137  -0.0031   -0.015   -0.025  -0.0157  -0.0348  -0.0388  -0.0152   0.0863   0.0752  -0.0222   0.1042  -0.0036   0.0028   0.0059   0.0789  -0.0262   0.0052   0.1041
