            A        R        N        D        C        Q        E        G        H        I        L        K        M        F        P        S        T        W        Y        V
 1 A  -0.0417  -0.0118   0.0283   -0.006  -0.0154  -0.0188    0.046  -0.0795  -0.0033   0.0023   0.0023  -0.0473   0.0114    0.073  -0.0816   0.0187    0.035   -0.039  -0.0135  -0.0538
 2 A   0.0761  -0.0421   0.0051  -0.0774  -0.0321  -0.0404  -0.0435  -0.0655  -0.0444   0.1038    0.061  -0.0532   0.0162  -0.0171  -0.0432   0.0091   0.1383  -0.0629  -0.0417   0.1464
 3 A   0.0859  -0.0377   0.0112  -0.0236  -0.0316  -0.0419  -0.0516   -0.015   0.0137   0.0435  -0.0299  -0.0438   0.0288    0.041  -0.0192   0.0539  -0.0174   -0.069   0.0034   0.0654
 4 A   0.0104  -0.0041  -0.0221   0.0178  -0.0247  -0.0275   0.0157   0.0119   -0.018   0.0021  -0.0115  -0.0133  -0.0525   0.0442   0.0103   0.0019   0.0089  -0.0289   0.0075   0.0133
 5 A   0.0041   -0.009  -0.0074  -0.0243  -0.0211  -0.0116  -0.0275  -0.0122   -0.024   0.0747   0.0205  -0.0276   -0.045   0.0311   0.0017   0.0066  -0.0063  -0.0221   0.0029   0.0363
 6 A  -0.0192  -0.0088   0.0112  -0.0068  -0.0263   -0.019  -0.0334  -0.0211  -0.0275   0.0632   0.0001  -0.0335  -0.0041    0.057  -0.0349   0.0024   0.0484   -0.018  -0.0179   0.0097
 7 A   0.0261  -0.0515   0.0108  -0.0077  -0.0335   0.0082  -0.0002  -0.0186  -0.0289   0.0183   -0.033  -0.0491  -0.0175   0.0486   -0.031   0.0252   0.0351  -0.0057   0.0355   0.0112
 8 A  -0.0107   0.0077  -0.0128  -0.0399  -0.0235  -0.0276   0.0164   0.0351  -0.0288  -0.0385   0.0492  -0.0138  -0.0307   0.0461   0.0079   0.0365  -0.0053  -0.0372   0.0241  -0.0086
 9 A   0.0658  -0.0762  -0.0405  -0.0308  -0.0529   -0.065  -0.0447  -0.0912   -0.045   0.1345   0.1254  -0.0397   0.0037  -0.0186  -0.0658   -0.023   0.0108  -0.0514  -0.0627   0.2276
