TESTRUNID EPOCH: 26 L_PCC: 0.9685973503508302 L_ERR: 0.0030522205611174455 T_PCC: 0.8307617570189756 T_ERR: 0.016491074142793244
180 LAYER: 1
3 LAYER: 2
1 LAYER: 3
26 :ILEARN
-0.03717284510897827	-0.2168706378437743	-0.18919820024002695	-0.03301872676136974	-0.23133218852995155	
-0.16472483350353054	-0.0536476790709783	-0.23791765593042502	-0.051468376937565896	-0.10861593540651572	
-0.39277668157648415	-0.1137382766809243	0.136038115661273	0.44403901778415744	0.14623371135783395	
0.08923607780815648	0.08608013296258897	0.10673059115471649	-0.1221685308692439	-0.21318493220822807	
-0.028866596408787092	0.04311104014096387	-0.3510918174796351	-0.09783393981366956	0.1440809847268262	
0.6538378564426965	-0.07817950372057454	-0.15326006427155733	-0.3418203954938034	0.10203060163044433	
-0.10596084541294136	-0.17032157539028367	0.14882729953551233	-0.01645622414549681	-0.2291383657200787	
-0.08505282344515218	0.01292700625087019	-0.05516142932412565	-0.05318000393676444	-0.050075773792578625	
-0.04465524907501697	-0.15842295230201484	-0.1449238932389244	0.06730314220098678	-0.22574149324387932	
-0.028577853259659083	-0.2746621350294429	-0.11306430764064598	-0.0768997888536778	-0.469003570855463	
-0.1562742918591095	-0.06525636451222007	-0.3577871890476762	-0.23267453162794063	-0.06030876246704177	
-0.07704233945859798	-0.1319893094804077	-0.11535118529340459	-0.2481100239449251	0.06842565588985107	
-0.011446742325582819	-0.029001324882969207	0.04936532610090973	0.2079149025724828	0.001125667284739948	
0.4084125154406143	0.01101310070871207	-0.1341504070393518	0.11168012765249005	0.08602265865236908	
-0.020210095078231335	0.0528539659308428	-0.09944194650335278	-0.05754345849910119	-0.1576854693371805	
-0.3606223941886235	-0.14911494603195735	-0.15288837701909427	0.1201657208502836	0.057171347155026066	
0.27567669350439344	-0.08533445015926555	-0.2818976910747387	-0.2077072243548485	-0.3520931097627939	
-0.2678885712651708	-0.10328682396768354	0.1301498818346367	0.14651557104440566	-0.09827235097283454	
-0.2852960332199395	0.012325474577680177	-0.29126151202587064	0.1266660449095561	-0.016241811469675144	
0.17189999992763652	-0.2990998487056451	-0.2078300525976832	-0.4573578877654004	-0.4352825612067204	
-0.2954523227372056	-0.4429638738428246	0.2433008234670524	-0.02390102180362294	0.281820622453516	
0.005640266162158443	-0.15407293861435814	0.04852169019604396	0.16133654823264285	0.25005890121367863	
0.011385169335060513	-0.7301325521748722	-0.7258424257349869	-0.6430468634901398	-0.594503148708468	
-0.43818111627874984	-0.2211489064776836	0.28852378209814145	0.26549588002600466	-0.029565532148504214	
-0.09861685967793707	-0.2809730777910421	-0.12567148287967406	0.015648673526689156	0.010178340400027408	
0.08117584288535963	0.10988417754287294	0.10540776217781613	0.08328682047737737	0.03615834789981504	
0.08013750331613453	0.2102025586030216	0.0005209970431186662	-0.3436889371775355	0.10923958207827564	
0.1187898663480722	0.21703671409883113	0.23996963777360067	4.9302366863686765e-05	-0.06521670359136385	
-0.09039829128553237	0.01945550583292785	-0.3180940029727445	0.02267587966664196	-0.09376894153014274	
-0.1724207399924828	-0.041248580267477665	-0.07454268225591246	-0.17337535215031868	-0.30103189887038917	
-0.059860210771194806	0.3137265297857704	0.01125893647533963	0.06960887234024699	-0.11329325524950767	
0.17520959975263764	-0.05462621299983846	0.10847551351528677	0.08843537130189535	-0.22463404543634377	
-0.2774077121035934	-0.4220534790617956	0.06423737096637924	0.20023919471615553	-0.044801923336088165	
0.020244988882486492	-0.07318058774528932	0.12753005584374913	0.10945252647315896	0.10801786417187881	
0.019645819062861884	-0.1133081138403134	-0.40038057054323767	-0.3371960936158452	-0.2139163742836395	
-0.3007186819215985	-0.26401329997198375	-0.1894367279443062	-0.38565091737028184	-0.2603076729262845	
0.02732454942844833	-0.1001957995107836	0.07683870389703147	-0.02596401057503913	-0.1263500849975576	
0.19359344528243685	-0.08246548459936602	-0.28258479729741304	0.07369662472822515	0.08237854535291479	
-0.11967836549845917	-0.1282143288426151	-0.016171526604479756	-0.12895604838905825	-0.024644931079416562	
0.2747645165443633	0.15823915741851455	0.2618704772644709	0.06721035955619498	0.06450844869514907	
0.17167574251510687	0.03057453036075795	0.02268899819450151	0.08336878815651466	0.0007976918203334812	
0.004720814787777227	0.1378332145786257	-0.06298333853312921	-0.14430893231993436	-0.09153643386996081	
-0.110222973745392	0.08241310797390311	-0.31656868018819356	-0.09766172792026856	-0.39016598229213134	
0.011444648984289799	-0.13535105063172023	-0.006250231164026871	-0.028759436565759824	-0.17812014588408187	
-0.0587333743246987	-0.24204579462529924	-0.15830410277101267	-0.1971466001845555	-0.02074318386761035	
0.07308238475357552	0.015908682017955793	0.07835593980541179	0.05948396427644122	0.09066973294366104	
0.03478540526922724	0.030009778612107255	0.03671780608268504	-0.036552708085716264	0.0068179741610550895	
0.05974457600638595	-0.10379622607369161	-0.02128075585822291	-0.18583587918731165	-0.03927249068382541	
0.011607020045288083	-0.003435084174202902	0.10698347984311916	-0.11408680958271857	-0.10523963462653373	
-0.07621935949591661	-0.12070325387734955	-0.22973039656670627	-0.031084545148772146	0.14426974180881227	
-0.07934190426801568	0.17649765531440495	-0.19053135852031614	-0.5151741381376357	-0.25258401410072545	
0.09516163753947744	0.19830010521451383	0.0950725886304801	-0.014536545705170826	0.08064291284952504	
0.07173251775038732	0.14485023250696863	0.015713520202200307	0.16710461091942397	-0.05148610521858639	
-0.3119517430597735	-0.18344781213052871	-0.03617304167163981	-0.16036543709501583	-0.11722289403026165	
0.04031891276302045	0.2645313555605684	-0.016014008352398752	-0.00180031414535142	-0.04840690232173701	
0.05628727560279716	-0.04050869276277172	0.14769481337592877	-0.07303839851283755	-0.1849817923330187	
-0.24917432601457293	-0.4018340006877024	0.22595959130099624	0.31591680174728903	0.3590299632006605	
0.11946314041164907	-0.11911826238463212	0.15270920091244072	0.026339256032420853	-0.048364024980722516	
0.01547264253555292	-0.2185578203818428	-0.3631540836486298	-0.29740318773361024	-0.22649889349616972	
-0.3684183909160911	-0.3457353656348232	-0.09583799792066075	-0.08004158607965482	-0.11266976990642955	
-0.004834548216787977	-0.1805615558361215	-0.030092373117831063	0.05300771143209607	-0.23430556641485267	
0.0013387589404766928	-0.11551356826961466	-0.4460956292366823	-0.06528225878743045	0.060318962306841147	
0.13177547579050408	0.27332956545286086	-0.12640564322071737	-0.30253469962035184	-0.20209479814857323	
0.07956279687364425	0.15212637568076956	0.027021587662912683	0.05196618765896006	0.19718841699839756	
0.12329624724444581	-0.10686350251520721	-0.4029091484318441	-0.14486542009019784	-0.019435350880818276	
0.08099366916506677	-0.15130784041114828	-0.07726613534837064	-0.2619786943750228	-0.17660430604523325	
0.003369169786264096	0.48458056776278446	-0.06750574989098344	0.08638806977710727	-0.0492090484746681	
-0.057200110562859945	-0.05120887077564913	0.20932294136852608	-0.0342123774791553	-0.09765819595570877	
0.09569855107343689	-0.08345052319211868	0.054017273404289454	-0.12890044106450194	-0.08676695001560662	
0.028900148102586242	-0.0797194028221479	0.08922002571289069	0.10408642938018786	-0.10497864272036012	
0.13679195546314168	-0.10853776248906369	-0.3185591533881345	-0.29592953815398476	-0.24258237347732664	
-0.41942093255702545	-0.34627570809936	-0.13565153889687756	-0.3258586871537548	-0.12258739407481434	
0.03247664912281737	-0.013332852762419769	0.16988076075078049	0.10588092173155414	0.10282362344723793	
0.14947057051349327	0.08528536494292682	-0.6169386952564355	-0.16529233785706196	-0.03888165636767079	
-0.45860491364869704	-0.14672682036485218	-0.042881010293773954	0.23455437741455398	0.06486301577621764	
0.0866708777849513	0.18035273966114765	0.16184670214332156	0.13701580008694408	-0.21691119878386556	
0.08048838543930541	0.17063077948992947	0.109833089237569	0.12107599793977467	-0.0282067401520218	
-0.2720543508257516	0.039196127169805035	-0.16591943837796405	-0.17045248137601723	-0.22532732645118086	
-0.20966330301776917	0.19052359869596042	-0.25115670076685626	0.08938098011731246	0.21697960096790128	
0.30761553553727533	-0.12329170745343712	0.11371681167866492	-0.16194553565790565	-0.20285511649386462	
-0.27519154287942904	-0.1482184676524001	-0.1103275040622075	0.049899257528087125	-0.04715820772067174	
0.2196464402027979	-0.06449453069866892	0.11977004032925613	-0.11062321288482153	-0.14494727163910884	
-0.10055334780577181	-0.2063935107395681	-0.40788252099564115	-0.3144105691222611	-0.04889662714772583	
-0.25444570043116727	-0.05107973587467954	-0.12625512744513992	0.01939846036221246	-0.12957100317503345	
0.02425367289459143	-0.013914484534838114	0.035758460826680195	-0.06891147119349794	-0.08560960404342648	
-0.19056221736320345	-0.12814956185022672	-0.38003834063630876	-0.16836785264358445	0.09254685991804237	
-0.3185166223039635	-0.08176376080747878	-0.027808943504618402	-0.20488477817728576	0.0541821420639903	
0.060684869733602355	0.014317572885071857	-0.08997529454296589	0.11216120572308375	-0.2968403073897956	
-0.057974642600556785	-0.05472469986555887	-0.13292668072867417	-0.08997099696423463	-0.10314722801343056	
-0.31137239297820485	-0.32364985364398124	-0.0568647789094659	-0.09761778479682398	-0.1082570565398688	
-0.3374230388125384	-0.34691719099461593	-0.15908667198686988	0.1651917921814242	0.03576447980742856	
-0.048577547961723824	-0.14173176347681357	-0.2759805978998344	-0.2224037506927225	-0.17360576474786762	
0.10282816835044269	7.307287939740123e-05	0.12610686974694874	0.23537756126928566	0.31874318220999315	
0.22733586225853786	0.3675305843245271	0.2950879992292115	0.10512494518138663	0.03719499357067067	
0.28640454120738396	-0.1303579282252687	-0.019127170291626017	-0.1576433848104774	-0.04643988414815488	
0.1789969456796312	-0.1810534511581137	-0.006489572624111602	-0.1067366138498273	0.015117175154199856	
0.08399673554162176	0.2373858051331485	0.20178963293953536	0.17136214119224885	0.2087943634241414	
0.22261061548340347	0.19485982405082553	0.24347173703049735	0.3838550957908715	0.19087726171961278	
0.34435648168365574	0.4254524875112935	0.06529497180445622	0.07310069039167141	0.09150140945227135	
0.2643831752046562	0.3991708471450758	0.34148126523030015	0.27020722585190393	0.22531255280600251	
0.17221759065157446	0.13489851999946362	0.20268598677336797	0.2150620012245226	0.2542524174818397	
0.35510667285532904	0.3786852401274077	-0.3618964473008773	-0.5268639521160088	-0.480475824631652	
-0.26563929105253026	-0.40529546422560114	-0.5718021377760717	0.10670654340967928	0.2853856372823339	
0.25241593690063585	-0.1803816822547101	-0.3366799540142727	-0.2905619909229124	-0.277966484605715	
-0.7176438779152335	-0.6378691917255076	0.13006219352849605	0.06492675551944509	0.08677717334604622	
0.15569213545819505	0.3354953073809806	0.28722890008322155	0.13255653713314727	0.2451249985615154	
0.3144935668140775	-0.34656256344477554	-0.6531182117351617	-0.35568276290890816	0.016360964814517105	
-0.12261658504994	-0.047946520387579156	-0.18451750320220944	-0.4489635715550665	-0.26537193365278466	
0.09016682028621889	0.4088828615008075	0.15868006686414396	-1.2817307115318601	-2.612977372009266	
-2.018258854204936	1.8513092618879938	
