TESTRUNID EPOCH: 36 L_PCC: 0.9684100030072527 L_ERR: 0.003212931802095287 T_PCC: 0.829557425040517 T_ERR: 0.015754435743221395
180 LAYER: 1
3 LAYER: 2
1 LAYER: 3
36 :ILEARN
-0.09100492649820252	-0.10881796770807184	-0.15436381851033584	-0.07147629539881199	-0.18896547188301643	
-0.1281310471177119	-0.09026006585336731	-0.17041697592041563	-0.055788265814811604	-0.13130594678544683	
-0.31861310717360586	-0.09473306094265051	0.07434277902825426	0.40685704932382016	0.04720168517958507	
0.08390566908906115	0.06750526076153426	0.11472404716168311	-0.1339966460950764	-0.18963758026301053	
-0.00715848653169715	-0.0009442628592230616	-0.26691135641646846	-0.078038070373974	0.28396323196652445	
0.5397389986791056	-0.055834375186485735	-0.1947815322244083	-0.253295208724576	0.06882051986517528	
-0.13731790415977518	-0.15013721342287237	0.10986111753161047	-0.06923606462354369	-0.16018345366714307	
-0.07345533470839372	-0.007067160799678187	-0.02044466513329865	-0.07307494018834801	-0.020263869821309087	
-0.07675266973143	-0.15512160247419512	-0.08310039328773546	0.04173837052972324	-0.1628252943040413	
-0.08909516740118864	-0.1618228830066354	-0.10734423837806271	-0.13000648064004006	-0.3428194127230451	
-0.1537795457310726	-0.08111373391574228	-0.3223606922455144	-0.20946901946457505	-0.004978725602302444	
-0.09918945620176232	-0.10203594734282789	-0.16657932167922357	-0.14149612387002078	0.04125042815357563	
-0.0681845245951169	-0.025826179510684038	0.06301618271636897	0.12591470313693534	-0.02266518863505721	
0.318951818836663	-0.021947881072254014	-0.09876471141069487	0.10501400113357744	0.011013928003428918	
-0.002779526920144829	0.0013063149414706554	-0.11117324634984675	0.041897724111199644	-0.11133178501565608	
-0.2698921714160768	-0.11601021835844319	-0.14405203046915566	0.07922147921797976	0.045425532189913936	
0.1970326686958899	-0.10872246871818181	-0.18800885395733088	-0.1626974844221957	-0.2684251442621883	
-0.19746387632073836	-0.12381697936786727	0.12262522866633602	0.10404339109365097	-0.03353932782194492	
-0.19887853607679046	0.02312831350730949	-0.21526796895025055	0.0681120446965162	-0.020826656500507322	
0.11540352676567225	-0.1682532412525016	-0.16946570010986778	-0.3602858005174182	-0.22319794790138778	
-0.2370875550128068	-0.3883633788598362	0.12527549601991997	-0.06064652939222667	0.17832791347422441	
-0.015745098736189473	-0.13066936390730727	0.07223872181005102	0.10911763916484048	0.20665188886495606	
0.012718925538950985	-0.5795109378629774	-0.5848702186514251	-0.5836495618104552	-0.42952794276419	
-0.35625866876356654	-0.21713260236310722	0.2131226061685545	0.19813958958067227	0.0056819258738390055	
-0.1352117829901932	-0.2311284530944434	-0.11568255159686967	-0.0506294669797874	-0.0003469170977677677	
0.05859365201060825	0.07252302623092563	0.12054781092351732	0.0845220703560638	-0.004382024077613468	
0.056202783265681296	0.20107120679111745	-0.047978786010010266	-0.28677394635789943	0.051571847053030105	
0.05672409970212674	0.166653701505873	0.2111542882241254	-0.015363634458212892	-0.0829198990614887	
-0.07782684509885782	-0.05394179249833017	-0.2331247820855525	0.01233562812031746	-0.1143869121052792	
-0.14121899409843974	-0.054778221406740574	-0.04661697862813735	-0.09702324282925769	-0.26698895800565015	
-0.009911777206504732	0.2929969072454721	0.0038617548727289093	-0.027103915956088624	-0.12121107751120842	
0.1625478785026066	-0.02818219496468994	0.110287584903365	0.09040083658701847	-0.12683155054724427	
-0.2212183690192964	-0.4080182598106226	0.06355710418675795	0.14186774385954048	-0.011212662662827224	
-0.031819763689796006	-0.06785686858608479	0.11756427853956976	0.08586259686756363	0.08956531263086483	
0.026583621292710486	-0.14039251305249215	-0.3537782967637922	-0.32788866950247103	-0.19111733620161922	
-0.22924670502253133	-0.25849609340603047	-0.17746106848891224	-0.29165174509374836	-0.22459722125453666	
-0.0140108598716939	-0.10366408405193664	0.06671685694928757	-0.07700786267925214	-0.10928530689776322	
0.1658513293319117	-0.16333066844959893	-0.15767180932330072	0.0693025641783755	0.027022194381367364	
-0.08406532494864952	-0.07440518147392336	-0.041749578026677996	-0.09516548172927318	-0.027406657298867758	
0.25070313866357624	0.13610224858446268	0.23503719951953553	0.028434071718490207	0.0876839525594837	
0.1727814699295885	-0.018401726877500232	0.047798717642347305	0.08228236165160756	-0.009442678517197328	
0.013909296404840345	0.11458202541891514	-0.059778320863914367	-0.10107275838959587	-0.0998555470744804	
-0.04151023408589681	0.046246662788608714	-0.30711870555695675	-0.16400011473434475	-0.3192884844999361	
0.0056701267780326125	-0.10664357433501154	0.023995820654348715	-0.04016721929483292	-0.0915363648738422	
-0.07340625659918713	-0.2299548228564688	-0.20347786801912118	-0.11650276154054383	-0.041155599836732434	
0.03211999461933224	0.010316788227551998	0.103213486607116	0.016306074217511044	0.08173378088522118	
0.015897083759621376	0.04183461266578003	0.05684960317226046	-0.056810090761855135	0.04089171018555959	
0.058323400126373416	-0.1111312108433667	-0.04090248480847691	-0.15914439933148097	-0.05838007031170382	
-0.040256738001793815	0.017734506493120396	0.08088397056221419	-0.1319591430597697	-0.07294643712909844	
-0.05244245609751722	-0.18946368494946683	-0.18740472570498784	-0.01457072351072985	0.0806300418779921	
-0.09345575444798551	0.16787164283361933	-0.24848980641110646	-0.39086188775407776	-0.24603132252459534	
0.08071236506713364	0.10361534156879973	0.1081923397363143	-0.048921375231065954	0.0553646838043037	
0.07087625031944224	0.08656985617924023	0.03445132209157236	0.14714496627426912	-0.07404432846540493	
-0.2895068802779342	-0.15349449053650127	-0.017807728177226367	-0.11290314597735947	-0.11878408658994151	
0.1092786875997158	0.17518226691638902	-0.002851136841602264	-0.044007916838855896	-0.002710765747872353	
0.0627058217124441	-0.0008625148378098257	0.08729361101923934	-0.059688566877915655	-0.09300206671962467	
-0.1650883905134963	-0.35721207658380394	0.19402034591500472	0.2535998022604434	0.29972310784965317	
0.044198271536367274	-0.10429090420235161	0.12803622128916872	-0.01772024230611252	-0.04447468779670171	
0.0013759514981763138	-0.20563939587909993	-0.30030847330500393	-0.2774365972047929	-0.18302541216483517	
-0.31167988440426697	-0.31355902254281853	-0.10614152482493532	-0.025390000041668775	-0.12969031053551186	
-0.0334163252897101	-0.132772857617724	-0.028494682725431753	-0.002847663422773197	-0.16978645472330883	
0.0315096353417416	-0.1615672415547577	-0.36387925939537774	-0.032200307075472494	0.024692283326442657	
0.12606004043400484	0.2549866409092705	-0.1474866256625103	-0.28720546202636515	-0.21481435965396672	
0.07035635497286788	0.1011052475985742	0.04247074916760887	0.02476996324003427	0.15262319979115752	
0.11626998633377643	-0.15639433145722262	-0.3364901898137247	-0.14220008985690916	-0.00922056663784978	
0.05663656806961379	-0.10768566467278522	-0.06264684872618306	-0.19410852216271393	-0.1808032586914177	
0.11322719307787259	0.4069914023982722	-0.0896739985183175	0.017149678657006135	-0.033978158896286255	
-0.028416913951862997	0.019146496203266045	0.18361722671204042	-0.030811194713295673	-0.07691723769196702	
0.08673958581976318	-0.08239351951203255	0.001372281571607989	-0.09669023596920813	-0.09038105258231233	
-0.006373314098874837	-0.06184037861821906	0.0854158043397985	0.09561074452959033	-0.09360252350573676	
0.11918575833879531	-0.12160961139992175	-0.27422679338515876	-0.26548361617551985	-0.23954296597523664	
-0.3446030313125035	-0.2752134604277503	-0.13675389008473662	-0.23135552957227912	-0.1216440498058556	
0.00741589824796423	-0.005153798025491035	0.1684318089515153	0.044695634900172254	0.08910476507553769	
0.12837342425474996	-0.06707419189375628	-0.436083160103975	-0.0977910608893422	-0.17030863670720445	
-0.38004311836564075	-0.15726873274640216	-0.044901026177633994	0.20209451835408193	0.025211083840548557	
0.03385614887564236	0.11463933909602875	0.15320617853029153	0.03998356665333662	-0.20258074471489032	
0.0426475685705068	0.09984478211196335	0.14849897465955647	0.12828856736098257	-0.0906879921854687	
-0.2352072072884604	0.04220855048618909	-0.09938212901738247	-0.13152428300279723	-0.2126017532406915	
-0.09394576640092374	0.16477892581940703	-0.2501720396848189	0.023220515462408747	0.16228788667743022	
0.28928775789441424	-0.052531836255574775	0.10426295846153234	-0.1471757617381626	-0.15112563021744088	
-0.18605168165748745	-0.17955323387981031	-0.10052982796828884	0.0023386345566547284	0.012619537000151169	
0.14854758449061062	-0.028195954731624468	0.11939165837016268	-0.14022592555959063	-0.09593403662074183	
-0.09170045972880413	-0.1981033715184219	-0.3432760305696682	-0.3078638156194025	-0.02503127921232269	
-0.23368411304945433	-0.07297718955971277	-0.07827064218764103	0.05061845546465561	-0.1276903559629082	
-0.0058561891310469905	-0.009325025543096626	0.019944281102745903	-0.1185194307068816	-0.06696639072539949	
-0.15577188960142566	-0.2216392315545806	-0.30947268533401645	-0.15377716773972955	0.00426561681155577	
-0.24360935852154458	-0.07055939309977712	-0.06300400456045763	-0.15013125037088307	0.037026235470254805	
-0.0006836067076976212	0.0409305127455943	-0.07764466517210286	0.021940816867738	-0.2306883566216593	
-0.03042557223239487	-0.11290302765311304	-0.09678528408693962	-0.09991486736510583	-0.12946373147052462	
-0.249504618071598	-0.2818855029070179	0.015780523106575052	-0.10954266829592983	-0.12158015567797464	
-0.2917795339846685	-0.29426842249436186	-0.14750210414690226	0.10083708884950769	0.02844333930277051	
-0.0029977279228858467	-0.10786826089810038	-0.2527815056094628	-0.21377176811123766	-0.06441169235175781	
0.06164128183826587	-0.027299405890145022	0.08183087122013856	0.18175896354478377	0.288405873084446	
0.16310449037984204	0.34331837241842555	0.2543822250269231	0.06488736673560902	0.016765700815189608	
0.24539183164902448	-0.07923019669437635	-0.02163313620272228	-0.1576321624318735	0.09176765613105266	
0.11019089555972547	-0.1642913641573963	0.044980513297048184	-0.09910203999076513	0.0006711573155576223	
0.06157437328933936	0.20975556325179665	0.15926431331580942	0.13928916536075805	0.16885394936882817	
0.19557270001229937	0.1452878803299491	0.19065909176442522	0.31684876404801054	0.14650321097477828	
0.2935477934189238	0.36472102319197924	0.057087380680640926	0.0888462589088364	0.10162481371914589	
0.2448787252807234	0.3389874672267815	0.2947546999328607	0.2250918862326911	0.17798913322070442	
0.12936456262388363	0.09983626713784212	0.18585159718438757	0.17920684734800862	0.19793515626569777	
0.3007404247099586	0.3406903175333884	-0.34171412584086047	-0.4495016895470521	-0.47115359207413227	
-0.2158153619841248	-0.3689834888274788	-0.5200399285937097	0.08055760760985055	0.24388863451649728	
0.21015384083302713	-0.16079993278655758	-0.3239140530420943	-0.27936011751786405	-0.31614236826120135	
-0.5864018219710809	-0.5458957967290873	0.10485722344246741	0.08655451355733013	0.07787751593499505	
0.11249307882602255	0.2621311890502395	0.22646453704322342	0.10772763304586022	0.18079102716777415	
0.26269023034301653	-0.36403975942646455	-0.528170525384639	-0.31491700391628574	-0.034426406493098784	
-0.10333811332779612	-0.03522721297753822	-0.17424050243693906	-0.406341975979048	-0.27828038820144524	
0.1373828183927036	0.32806834703128257	0.1600359973592416	-1.3084726268329243	-2.452208808602878	
-2.054335355600153	1.9039041346794319	
