            A        R        N        D        C        Q        E        G        H        I        L        K        M        F        P        S        T        W        Y        V
 1 A   0.0433   0.0137  -0.0522  -0.2235  -0.0111   0.0503   -0.195  -0.0371   0.0553   0.0189   0.0147    0.117   0.1615   0.2372  -0.2823  -0.0127  -0.0166  -0.0762   0.1278  -0.0555
 2 A   0.3047  -0.0949   0.0156  -0.2811  -0.2573   0.4278   0.1733   -0.501   1.5732   0.3423   0.3667   0.0714   0.2905   0.1575   -0.026   0.1833   0.3191    0.917   0.6066   0.3525
 3 A    0.017  -0.1151  -0.0812  -0.0532  -0.0101  -0.0971  -0.1656  -0.1793  -0.0778   0.0539   0.0334  -0.2186   0.1124  -0.0256  -0.0284  -0.0138  -0.0634  -0.0359  -0.0427   0.0818
 4 A  -0.1254  -0.0972  -0.1516   -0.051  -0.2478  -0.1799  -0.1228  -0.1762  -0.2056  -0.1304  -0.1656  -0.1486  -0.0918  -0.1219  -0.0129   -0.125   -0.165  -0.3172  -0.1247  -0.1534
 5 A   0.0275  -0.0089  -0.0289  -0.0006  -0.0357  -0.0545   0.0115  -0.0639  -0.0903   0.0383   0.0216  -0.0206   0.0408   0.0422  -0.1431   0.0285  -0.0266   0.1272   0.0314   0.0254
 6 A   0.0871  -0.0251   0.0277   0.0448   0.0037   0.0274  -0.0711   -0.053   0.0363   0.1836   0.2135  -0.0436    0.235   0.2429  -0.0662   0.0853   0.0391   0.1283   0.0284   0.0435
 7 A    0.121   0.0542   0.1011    0.111   0.0832   0.1861   0.1217   0.0362   0.1602   0.1424   0.1302  -0.0252   0.0973   0.2398   0.1516   0.1348   0.2316   0.1468   0.1512   0.1634
 8 A   0.0442  -0.0224  -0.0792  -0.0788  -0.1318  -0.0263   0.0488   0.1338   -0.055  -0.0614   0.0161   -0.023  -0.0874   0.1175     0.09   0.0672   0.0318    0.074   0.0906  -0.0517
 9 A   -0.057  -0.3957  -0.0676  -0.6948   -0.667   -0.103  -0.0539  -0.2397  -1.0927  -0.0125  -0.0362  -0.3097  -0.2006  -0.4222   0.4228  -0.2785  -0.1267  -0.8045   -0.367   0.1018
