            A        R        N        D        C        Q        E        G        H        I        L        K        M        F        P        S        T        W        Y        V
 1 A   -3.571  -0.9343  -0.6252    -1.46  -3.2408   0.0866   0.6373  -5.0547   1.2174   0.7189   0.5712  -2.0053   3.7429   2.8458  -6.5064  -0.2431  -0.8598    3.159    2.149  -0.8593
 2 A  -0.2608  -4.2901  -5.7855  -5.8674  -3.2263   0.3982  -3.0993  -2.6241  -3.2461  -1.9407  -1.7563  -5.1674   1.4995  -1.2333   7.1513   0.0902  -0.8138  -7.0277  -1.4792  -1.0864
 3 A   0.0998  -0.5807  -0.9915  -0.0464  -3.2002   0.0821    -0.04  -0.3164  -0.1886   0.3245  -0.5471  -1.9609  -0.1088   1.3112  -0.2391    0.515  -0.8172   2.7147   1.8557   0.4902
 4 A   -1.279   0.5473   0.4252   0.0178   1.3165  -0.2822   1.4158  -1.7528  -0.8763   0.0671  -1.9451  -1.8488  -0.1768  -0.0091    2.833   0.3362   0.6047   0.8058    -0.71  -0.0826
 5 A     0.77  -0.5776  -0.1971   0.2294  -0.8228   0.4569  -0.6071  -0.0729  -1.7905  -0.0968   0.3226  -2.4466    0.851   -0.294   1.5821   0.9208  -0.4511   1.5803  -0.7065  -0.6941
 6 A   -0.281   0.5661   0.4467   0.4973  -1.8093   2.5986  -0.2332    0.315   -1.723  -0.6181  -0.6138  -2.3072   0.3805   0.8032   0.5122   0.7451  -0.1542    0.819  -1.3053  -1.0188
 7 A  -0.0899  -1.7291   0.4339   0.0013  -3.2375   2.9141   0.2887  -1.0718   1.2193  -1.1107  -1.1861  -1.8672   0.3852   0.3375    0.165   0.1111  -0.1596    3.123   0.6996   0.6007
 8 A   1.7529  -0.2631  -2.0972  -1.4402  -1.7219  -2.2226  -0.3393  -1.0558  -1.8225   0.4952  -0.3855   -1.498   0.4068  -0.6553   2.6896  -0.3518   1.7067  -1.8834   0.2378   -0.196
 9 A  -1.1615  -6.3459  -6.6732  -7.1921  -6.0377  -3.8194   -4.687  -5.3507  -0.7697   1.3733   1.7833  -6.3109   3.2904   4.2715  -6.9805  -4.4577  -4.0464   1.0781   5.1895  -0.7233
