            A        R        N        D        C        Q        E        G        H        I        L        K        M        F        P        S        T        W        Y        V
 1 A   -0.029  -0.3947   0.0456  -3.5764  -1.5811  -0.5841  -1.3971  -1.0118   -1.569   0.3728  -0.4173   1.1365   0.9738   2.4764  -5.0489   1.5922  -0.2388  -0.2363   2.2277  -1.1833
 2 A   -1.008  -6.2494  -3.5229   -6.856  -3.3046  -1.5652  -7.4006  -7.1051   -7.587    2.119   4.3793  -7.1014   3.8676  -5.3789   -7.694  -2.9282   0.2133  -7.2162  -6.4365   0.8975
 3 A   0.6239  -1.6397    1.401  -0.2879  -1.5737  -0.7668  -0.2966  -2.4707  -1.9051  -0.1061  -1.2252  -1.4107   1.2174   1.7051   -0.783    1.792   0.0689   0.1422   2.2117  -0.4198
 4 A   0.1127  -0.7268   1.3671   1.5046  -0.4599  -0.3641   0.7483   0.8262  -0.0674   -1.079  -2.0612   0.6752  -0.9891  -0.5571   0.3476   1.4187  -0.8004  -2.0738   0.1747  -2.2923
 5 A  -0.0409  -1.9643   -0.292    0.072  -0.6821  -0.2589   0.0761  -2.0753  -1.5798   1.1029  -0.0452    0.501  -1.1251   0.7583  -2.3367  -0.1445   0.9216  -0.7181   2.6005  -0.0213
 6 A  -0.9822  -2.0088   1.0987  -0.8881   0.2025   1.3374  -1.4032   -1.954  -1.3086   1.5321   0.6926  -1.3066   0.7236   1.6424  -1.8275  -0.3471   0.4769  -4.2538   0.5094    0.321
 7 A   1.9238  -2.6143   0.1715  -0.0033  -0.6612  -0.1049  -0.1864  -2.7811  -0.2874   -0.263  -1.4056   -1.273  -0.0178   0.4625  -1.1262   0.8043   2.0586   1.0679   1.3758  -0.4859
 8 A   0.1629   -1.296   -0.808  -1.5639  -1.9584   1.3606   0.1695  -0.7325  -1.5769    -1.89   0.5505  -0.5714  -0.8781   1.3284  -0.0353   0.6434   1.7012   1.7942   1.9099  -1.5537
 9 A  -0.1007  -6.4318  -7.9438  -8.2663  -4.8896   -7.158  -7.6143  -8.0526  -7.9725   2.6294   3.3362  -5.1859   0.0858  -4.3881  -7.6692  -3.1824  -1.2015  -4.4583  -5.2816    4.144
