TESTRUNID EPOCH: 15 L_PCC: 0.8548266095395427 L_ERR: 0.00799648589340248 T_PCC: 0.7495051449564532 T_ERR: 0.013564658318771369
180 LAYER: 1
5 LAYER: 2
1 LAYER: 3
15 :ILEARN
-0.22285353581079206	-0.12403371211078917	-0.3238284721066328	-0.241967456673269	-0.2705865194263834	
-0.21393366115635748	-0.17829775613848356	-0.1708075518620721	-0.14996410469061197	-0.15105450784615654	
0.14251790079302265	0.14766574994895715	0.11439883082470093	0.2039224002501919	0.0930792944188248	
0.19188524941601467	0.0894067333009029	0.19303377661930074	0.05992040133393013	0.12948809818637816	
0.08963255347900626	0.11362538304250212	-0.004779749948826894	0.06271332824517095	0.11002132049971768	
-0.007357646981291539	-0.1525678551705669	-0.1848127214474503	-0.14883564310833153	-0.03259479462157873	
-0.0735077250708751	-0.009601061766966791	0.10350167400404917	0.015521105752607931	0.04690411049951154	
-0.06850583920928983	-0.0006136385291299223	0.04341108903901404	-0.1279326932207349	0.026486615531508138	
0.09989067238783622	0.051122019607222395	-0.04145775213184646	0.05966442624584045	-0.07676578812811848	
0.03279573264681486	0.11322032381004367	0.0072996055149564835	-0.008110133844871208	-0.02224845045628557	
0.043234697609211	0.13210886734474875	0.09902135552511149	0.06895114992860683	0.16037209155468707	
-0.046366754425105204	0.0438814940746011	-0.022543683937241803	0.05420027231786168	0.08988421288664418	
-0.03884855902738852	0.010590526988040144	0.08470347935988386	0.01719977839408785	-0.04219010066743256	
-0.061968573899714885	-0.02369588698243729	-0.0634971583247837	0.02148111723530769	-0.06152188428323479	
0.17241277026071136	-0.011814280830709466	0.030573616220746672	0.13622861163121816	0.08705032521680227	
0.004454271064666444	0.13463612313970527	0.050655350610126104	0.1099529005960565	0.1296184844502224	
0.0677679189382692	0.010621805642760974	0.055604207251238186	-0.036678477978921036	-0.045406769591734744	
0.13676684618661575	0.026445581701718786	0.16004672123934058	0.08192885257672242	0.09283233693734005	
-0.32897895859498105	-0.13923675086636003	-0.28843881670262306	-0.2080508846547021	-0.2993757220382444	
-0.061749806280066	0.031816314762286024	0.002057672354698941	-0.1398141570197079	-0.005836179484273141	
0.011207389360159014	0.03605061862685388	0.1299210380967495	0.01174120562692735	0.13576503167234316	
0.06255290777144619	-0.06952980521051909	0.13093225621184723	0.06712857389771952	0.1474692155683692	
-0.02298030865017426	-0.04371293262170404	0.13449107180886094	0.07196298754721883	-0.036018373927177556	
0.1675524001924496	0.1392267074369285	0.2053863133127938	0.1424330796051826	0.06407311225052538	
-0.08902944446247776	-0.08997344753301442	-0.08644398152202391	-0.04497018749578893	0.08026341464088559	
-0.00784210942226806	0.00013708700122446306	0.05224178663166499	-0.08828746931994316	-0.062286382991229135	
0.05884321336961415	0.12381672498376518	0.05993373311598509	-0.06294032992744775	0.11142842056778957	
-0.03447517691184353	0.07430298877918132	-0.0022097995079442692	0.08815245133983371	0.07198778935573301	
-0.044174682466146205	-0.11049155392074797	-0.1463629279467141	-0.11893121228065973	-0.15702516217428683	
0.020426308119149892	0.012856041258382406	0.1544121630111326	0.09424735303251952	0.018129315543691592	
0.1860507979990244	0.26680871509717313	0.3110733974830179	0.15654721469314595	0.2696260336116952	
0.07972004065197724	-0.03989628509845661	0.05071931525989395	0.11882188516217478	0.10608442960342328	
-0.17596967437674013	-0.13268002185682798	-0.11534394045555735	-0.06604666865003156	-0.20662071265800522	
-0.43932885920200937	-0.3660666875628138	-0.39460383926912107	-0.3023661102114267	-0.3905601673688876	
0.22878248346105265	0.2805882462659767	0.3155203884468805	0.19517057227972934	0.32666772058583865	
0.25968009956068533	0.18004398838359695	0.19389339695719446	0.09201995394921561	0.22059678822592424	
-0.010115611630220995	-0.0965403758125857	0.025414965266845804	-0.11148469303309722	-0.06830776114789028	
0.07334700406969927	-0.052761682501551416	0.041900990914617894	0.015194593799843956	0.09961357167458931	
-0.6886922907375198	-0.6126068049536266	-0.6191483394633274	-0.5353939877094365	-0.6567867306642236	
0.14772844202410582	-0.055800801176486545	0.023067878098999812	0.07767383097566505	0.1677963082718051	
0.22679642622713989	0.10606118630895135	0.23780867082133492	0.14275900365534597	0.14058597910556678	
0.15656222763631622	0.1305278165482086	0.1904185050404233	0.21885313113541668	0.27256313251710695	
-0.04540002305267809	0.07543372636407408	-0.0926012962892428	-0.0941461971625299	-0.09974830821286548	
0.19358732724322172	0.023440809997731887	0.30468364481391325	0.20733227253337608	0.13994053393526473	
-0.04179524296531962	-0.017055580497329186	-0.04693102162400468	0.08152036299375376	-0.002991154885113867	
-0.08094821699395209	-0.11672959752773951	-0.0897073898896808	-0.08401888844848993	-0.08568719176598177	
0.10267961865379156	0.0860297835937023	0.1882966628863877	0.0517132383396245	0.1301754994452831	
0.06709366825567736	-0.06833755261687943	0.07480467537685691	0.018021697034032332	0.1291884048460673	
-0.04634149601320801	0.07173097105449383	0.00730384701225586	-0.06972175280746791	0.0479106532351787	
0.048787740556106476	-0.07548790464344898	0.019341199240029774	0.049646485859874995	0.10077524675553204	
-0.31099910914948425	-0.11272943665233587	-0.26871651369636373	-0.13245970534052806	-0.2285170957830021	
-0.12613252098656294	-0.14531497588382147	-0.18312196477953105	-0.22256580782477936	-0.2048409035887752	
-0.044558462724107885	-0.0014944657716413606	-0.041792836450667156	-0.04036433509559009	-0.02660570395758996	
0.04774434221822407	0.09280095384384678	0.08821511895214698	0.045847330016476256	0.07763525343762062	
-0.16062360658164268	-0.15139005869253136	-0.12994602993056398	-0.13392231805521446	-0.08808482020472277	
0.11835922434169893	-0.005559893534971253	0.08022491351345366	0.03850950418762055	0.16082765392674625	
0.033803635014314555	0.039120595619067146	-0.01657279089938725	-0.08385428725743246	-0.09786487311961174	
0.09029073548461963	0.019427693953411748	0.08358307544334241	0.031566876591411476	0.07069144704178057	
0.02149182361057994	0.04142994815753471	0.03701646368155988	-0.0003695224501003396	-0.00035549745822550195	
-0.055720441843431674	-0.0029850583366514806	-0.050623241103868837	0.12369051022758784	-0.02705890703791307	
0.06419016324003612	0.06666303105608815	0.03826986598970964	0.006987766125216625	-0.07650912518768391	
0.1312830470373502	0.06595770266779168	0.10271489045916544	0.12811882793057214	0.13146630272406498	
-0.12135288517315328	-0.09344809047009243	-0.2647100193807546	-0.26007672268120713	-0.2796455896398849	
0.09537030510498054	0.10855398146020961	0.04754882271505205	0.02555229200552378	0.1825252060692449	
-0.12064551989116824	-0.05481461468006602	-0.16417913514273322	-0.17662649145791992	-0.13579008461647885	
0.03715764693492298	-0.05343520667216047	0.09022800914497082	0.029841572552451498	0.09072120702046946	
0.07449553443205627	0.15126666898612773	0.10860113314413376	0.12676430285460163	0.22780317240490147	
0.01064869660643645	0.03705393873665166	0.19573470950348537	0.15803480216127438	0.13432231626844265	
0.07332165483330261	0.08996119827072532	0.06528139952586828	0.07082308876730775	-0.08025131963593034	
-0.010547858585681202	0.0055383500888603315	-0.026050759268958317	0.012960730330830818	-0.1297224164462028	
-0.007868142635869902	-0.03346303981698883	-0.12158584741257586	-0.1215542247218868	-0.05881916740195834	
-0.13543000675806818	-0.025614908164051604	-0.12840480071026045	-0.03191736581951007	-0.020337515248156503	
-0.019278316368078585	-0.05796999081253928	0.10563652961001495	0.02637775599352279	0.12158485560288668	
0.04310173864532436	0.10700393591013517	0.029371802273390337	0.016710002635741877	-0.055103563221973184	
-0.17626977982797387	-0.24273570834679598	-0.22609558058748683	-0.1013924786101694	-0.24904465711950088	
-0.0815950339609771	0.024169469173614816	-0.02341460883267344	-0.020510378591948684	-0.1243946603269056	
-0.01771611442954547	0.011904165228649117	0.09390801693146303	-0.0632031192908877	-0.05542172959437461	
0.0820461495987972	0.14007925687707906	0.14133783785645232	0.022184078762955365	0.15933925190722487	
-0.04738475020831703	0.058819269531796836	-0.017453213293585686	-0.08599356037598775	0.0428448382392677	
0.13401087126998687	0.018769024108145554	0.12623029499074348	0.0582443327840632	0.08823789398545571	
0.07261705031702237	0.02581579375085417	-0.10827941627852494	0.006233431284728855	-0.008297892291226737	
0.2400404647178951	0.04210471713678757	0.1314253389783172	0.030629168117779413	0.17226727832836122	
-0.24042489099208497	-0.11579474965539774	-0.12198251920284624	-0.1093077208698748	-0.15599501255217033	
-0.06395836812511613	0.032196836922775814	-0.04759306387248997	0.026950819733248546	-0.016296683971995584	
-0.08277655957818267	-0.09327139306621686	-0.10908019092687946	-0.09699675789653411	-0.021719884609803904	
-0.05925135407811633	-0.0971357331280585	0.07078338239515666	-0.01135691107501855	0.06553571390391093	
0.053287354171489686	0.03264443491877981	0.0686698454256314	0.04876264988377513	0.13556604782933443	
0.06172010581331173	0.12603565647712925	0.014471114456064435	0.11357372378967771	0.03231650676862201	
0.0516661668917153	-0.07913271807377749	0.03951067180424994	-0.07610327770436806	0.12289241435243065	
0.14850127723683013	0.10613150879517363	0.15903817405826218	-0.013416186867642281	0.011271862777455685	
-0.056594563872498733	0.0273132851383374	0.0980878953361593	0.10467099425546972	0.05987299317092998	
-0.06393482123283178	-0.020139286344720266	-0.13800506844094662	-0.1664213069906443	-0.18233653818484333	
0.010804732863817007	0.12133367588164065	0.025759157987841685	0.02462938666247779	0.16534246270997544	
-0.1490516613684293	-0.008034596907673467	-0.1815603224544896	-0.09815860508452708	-0.16560910059614364	
-0.011579070916932013	-0.09744234127870197	-0.11127338244603406	-0.08444301176106972	-0.040320289511828804	
0.000434366785704356	0.10707655118765844	0.18714098050244046	-0.022970162300634242	0.12079101058657911	
0.017227248085130528	0.10811472426357259	0.06904027016430934	0.08248376186576695	0.052233493951567865	
-0.028979174718495263	-0.0942234830453197	-0.15992902633839406	-0.03296049420046315	-0.10251009563241092	
0.15131447940555773	0.18578924110166725	0.15250033477868666	0.07192017781867803	0.15070953455147848	
-0.06719778865242802	-0.03245907304368765	-0.08761868808769223	-0.04580300681507486	-0.20499214648136857	
-0.10626050426817475	-0.08487150277723723	-0.06882260024121373	-0.0963580258658768	-0.0032839633319645166	
0.0889813822461424	0.13561608748691845	0.05939026506146432	0.13139907029287537	0.07546086485670539	
0.13837498469721213	0.05657805693273494	0.053450604705560685	0.05192928449715052	0.18394998059395928	
0.16828349161912692	0.11924179201676591	0.1301341619656855	0.15473393355366902	0.2972910803990376	
-0.08685034355019249	-0.09802725923517536	-0.060537633044876527	-0.04952940744235376	-0.14741050324767885	
0.00011868650889846743	-0.016571618448857788	0.01863947548326141	0.06904351970446192	0.09349252752110851	
0.10228516775236572	-0.06121046938260851	0.10281299010808147	0.059604226626275854	0.07332367789468813	
0.28367130901109744	0.2133902021713826	0.29109762895048025	0.11125826689583633	0.27663928471777033	
-0.134321873981399	-0.05337866712450982	-0.14514259742116375	-0.12000113083002036	-0.20582395014217836	
-0.14031724808983667	0.007647903160357179	-0.08041858071479296	0.04997957811724562	-0.10989685682276208	
-0.14300110400140312	-0.11090484575161014	-0.08250325403212405	-0.11799635341113117	-0.19847206939124382	
-0.00012474685874110043	0.027469962966022644	0.07967862670448854	0.08639816538188252	-0.027943974783471888	
-0.00667129541135358	0.06456448852875789	0.1645757581579041	-0.022711960473505103	0.1420051129219581	
-0.12515201327190134	-0.13370515283381942	-0.08490929518590351	-0.11315001532808895	-0.2734606539082779	
0.16947166076142697	0.19246998947139823	0.2707993583160972	0.17467657190590297	0.24490012084049345	
-0.03187830315767451	-0.10797808536937605	-0.04385959723049752	-0.026739693446935615	-0.06059422063002969	
0.0028925223954869854	-0.13279689188138286	-0.04020692898117722	-0.12337153739778957	-0.04777114331597656	
0.008282370105331244	0.07717363251129562	-0.003794662516869009	-0.03838667060395919	0.0802512654884801	
-0.0922962675745606	0.00217233801907181	-0.006114324528694902	-0.09736349906056607	-0.12060963991741486	
-0.2997864559607109	-0.27036445748619276	-0.2789818136472503	-0.3248136665779389	-0.3878283163906644	
0.08839820051534611	0.08101566490881251	-0.021695531018147904	-0.021165322713106432	0.015038665960213063	
0.17392621873656244	0.10508937678951431	0.1135027951280986	0.037057544125630934	0.17368666698384527	
0.0053511828660919815	0.08231084351445098	0.060417881633016104	0.002489085328612577	-0.051519276973404984	
0.06520366446236338	-0.10218880276953539	-0.09040412299468259	-0.050432447317703646	-0.054624237687816136	
-0.02202752267851913	0.08042487313210439	-0.006601669148094929	0.07011521628614498	0.1081144865706551	
-0.1132829760601121	-0.022961646037904057	0.001610808209364092	-0.02513651254409404	-0.05237814831769963	
-0.1692436062532374	-0.06420494195480522	-0.0547619666391361	-0.12924634038876567	-0.08373660938054756	
-0.03394370942973994	0.09398068604213262	0.016680356346643894	0.016697216486928897	0.03875513751285778	
-0.3152681948175828	-0.11951290761879599	-0.2971518277852248	-0.21976536963643756	-0.285639421684223	
0.11782823924416955	0.07371091485981886	0.13188538933607574	0.16040502875173365	0.17865647651267103	
0.01786397451970583	-0.056278564401203136	0.10707174318318478	-0.04644473507786954	0.1423646694591745	
-0.04479233515038407	0.019341267897693012	-0.05080454041520168	0.06502266201165591	-0.026613920788260255	
-0.06225807042034079	-0.00894522923493972	-0.13501788110648227	-0.05502717685209223	-0.13329980816199088	
0.11957021847721483	0.08901962221151725	0.011889963135568586	0.12863089432602814	-0.015933296478447503	
0.09661339039551427	0.02797139682665907	0.008930303713850599	0.07294093342726594	0.07236562509420702	
0.039478806749477	-0.09185640476253244	-0.16151822254299344	0.04496051726624278	0.011222006174677421	
0.16759480821008668	0.0869549311998714	0.18073371550359868	0.15826513891512353	0.11956858868697995	
-0.0381587897047196	-0.01831716939393355	-0.07000636517064732	-0.09344543447990307	-0.04622164788002489	
-0.047892660611618294	0.08843022710056744	0.13942567196635794	-0.011028299314856695	-0.015493841995879326	
-0.13559275638103097	-0.11866975649885936	-0.01840190801355412	-0.07907958750368799	-0.13232392088251457	
-0.13968835552124106	-0.0968846541730364	-0.03937724413016799	-0.09887854375260087	-0.08498721133990944	
0.08509577453443126	0.13054164666995752	0.09100606725906653	0.04724667069385484	0.14453787228044804	
-0.10644434804099749	-0.0663446745503937	-0.1034322009322268	-0.03827801320043862	-0.007135070508383695	
0.0034389082757375214	0.04652355499406286	0.009062035778846747	0.0369370862222696	-0.04629981940299807	
0.03608140865346809	0.115659280356711	0.07739719935687378	0.09571908658832512	0.06269358822082681	
-0.026468301200546947	0.043863121964855235	-0.10952700039429179	-0.018915409127362188	0.04148605430820002	
-0.0650822792530421	-0.12099753527157901	-0.008326031480398247	-0.11575245425409005	-0.011498000811802292	
0.1923044092771239	0.21292932427644032	0.2337675912531641	0.2179510111626703	0.11874100466147744	
0.013856586626523866	-0.15489120341089582	-0.11793578250291291	0.014085677246244077	-0.18713296202202265	
0.09302008860265092	0.09221121954283114	0.019835075159157396	-0.02526041653417593	0.09325858344118544	
0.24209526031805106	0.08923868136409568	0.37012806422053335	0.28391762431845763	0.291482043467146	
-0.0260509279841271	-0.09460620354610827	-0.0700027272338934	-0.10076974320678574	-0.11711790798704261	
-0.00012142101926139069	0.1356340492694919	0.02913595399647046	-0.027981205303212214	0.003717245231759645	
-0.24973505174816776	-0.08011051393902936	-0.14318315212864136	-0.08299227112632453	-0.14334780212606293	
0.20263265182773432	0.13920270074944893	0.21765592093979308	0.10314677495541413	0.19908856559215793	
-0.1030892150986072	-0.07771466163468432	-0.1137055569108083	-0.05770457207498383	-0.10054433971555145	
-0.21364410609983292	-0.07851594715497882	-0.24995133271516368	-0.0949286031248676	-0.19349160160249174	
-0.0035394817648548415	0.0863450434408846	0.05336447987970159	-0.028384167930852022	0.08772399851708383	
-0.017593775050879036	-0.04561822695202631	-0.033659477226964885	0.025698363576387894	-0.052540639003587145	
0.04627007817028668	-0.04835268027371636	-0.001645085940646841	-0.016981750542472127	0.05772949784571431	
0.1876311375746911	0.01256774406445891	0.14310821857918257	0.1712627282406983	0.12181548260845	
0.2051733900389192	0.039262326037357784	0.1574774345453576	0.1380724379509104	0.08843007436314547	
-0.09724649748845665	-0.016655207525860777	0.0876963783713468	-0.03139437803391869	0.055948859096520004	
-0.04798724556223165	-0.019809205937478726	-0.051953810797086455	0.05739199396177364	0.05965726982573861	
0.09629946491825826	-0.010380706226892801	0.10526626694527433	-0.006086781646960077	0.05430404393840178	
0.05838938525454144	0.029095987071858776	0.00640242045029151	0.09711530238308115	0.14306872138314114	
0.08062976964262046	0.068965660879359	-0.0020037427498206606	-0.021987960209848674	0.07133622253585974	
0.07548293794816896	-0.06586416755655228	-0.0019725075137552862	-0.010938181697320597	-0.0010582561684101552	
-0.03631893899019231	-0.010796782928337207	-0.011718653930529815	0.09517498120950604	0.09739726204157996	
-0.12102605791007788	-0.07345749485533902	-0.19237484873156172	-0.10446226066905787	-0.19854583911568574	
-0.213576255939479	-0.23462028456003983	-0.2922059585337425	-0.36569107179805416	-0.33298317868868366	
0.37280520210225393	0.2793547947131117	0.3440209532420435	0.163620746215303	0.3569220437098679	
0.03907576530962442	0.011457926745579002	0.015187039947014693	0.041558694785930286	0.1006091705597121	
-0.6170819134789928	-0.532508140904906	-0.6474742671874274	-0.7032554081155415	-0.6475977870346894	
-0.026551689552180933	-0.017007671449999765	0.05541085707167432	-0.026938162217193373	0.09945477481965298	
0.015534529462590835	0.030977372449894926	0.0327980423355762	0.1293514369192903	0.16033707803331168	
-0.051304788641448676	-0.08120559710428399	0.019012853122793116	-0.05390579196279516	0.02763932347955456	
-0.29206030108548775	-0.2091946038326425	-0.40382800168013083	-0.22661425955309894	-0.36179160284436945	
0.18172760209521283	0.15601784660109433	0.2524370653839613	0.1968916596096732	0.3869741480207377	
0.20861912232477417	0.22097522812923795	0.28311366284095646	0.2818194067434039	0.257907601183446	
-0.004743241413947053	-0.07795691850900503	0.028461974266866627	0.005742462670432349	0.12757964880006395	
-1.4042539437800308	-0.9397236279601249	-1.5851725303152209	-1.1296206310502597	-1.6754074350370483	
1.7229662308143288	
