            A        R        N        D        C        Q        E        G        H        I        L        K        M        F        P        S        T        W        Y        V
 1 A  -0.0353  -1.4892   0.6222  -0.8494    2.198   0.0836  -0.8177   0.3304  -0.0483  -0.2611  -0.3089  -0.4255   -0.075   0.7112  -1.0573  -0.3058    -0.12   0.0009   2.6552  -0.7715
 2 A  -0.0197  -1.4668   -3.169  -3.9342  -3.8374  -0.6296  -3.5245  -4.0018  -4.2734  -0.9833  -0.2898  -3.3944   0.8087  -4.3229  -4.0408   4.4268   4.2861  -5.1256  -4.3307   0.4133
 3 A   0.2494  -4.0289   0.0222   5.3819     0.82  -1.4012   2.5012  -2.8404  -3.5024  -3.5135  -5.0095  -3.3225  -0.4464  -0.7526   -0.932   1.2136  -3.3739  -5.0964    0.115  -4.6712
 4 A  -1.8871  -2.3095  -1.0464   2.1648  -1.6183   0.7493  -0.6039   0.6379  -0.1066   -0.757  -0.6881   0.7996   0.7011   0.0626   2.2748  -1.4046    0.717  -4.6175   0.9014  -0.8869
 5 A  -0.3554  -0.1175  -1.2573  -4.1505   -1.532    1.251   0.2326  -0.4576  -3.5912  -0.6141  -0.3016    0.115  -1.2079    1.115   1.0684   0.8241  -0.0791   0.0113    2.662   0.2928
 6 A  -0.8773   0.2735   1.4517   1.0346  -1.6068   0.0743  -2.2822  -0.4351   0.8469  -0.7468   -0.945  -2.3906   0.7261   2.5603   0.4921   0.1021  -0.6813   0.0179   2.0254  -1.3567
 7 A   0.5534  -0.1354   1.4934   1.3886   -4.735   0.7564  -2.0746  -1.3896   2.4912  -1.9093   0.7709  -1.4574  -0.0765  -1.2909   0.5322   0.5587   0.3692   2.5867  -0.4906  -2.7188
 8 A   -0.032  -2.5498   0.6039  -0.2454   0.9302  -1.8069   0.1777  -1.5085  -1.5059  -0.4345   1.4365  -1.0191    0.887   1.7487  -2.3483   0.4885   0.3779  -4.4269   -0.425   0.0871
 9 A   -4.407    -4.36  -4.7355   -5.676  -5.5459  -3.9521  -4.5345  -5.8001  -0.0065  -3.9461  -2.9907   -1.965  -3.5468   0.4956  -5.3427  -2.9459  -4.3859  -0.7513   8.8086  -2.9341
