TESTRUNID EPOCH: 99 L_PCC: 0.7553405370097519 L_ERR: 0.0019327037561191122 T_PCC: 0.47678419181866344 T_ERR: 0.003749418705552952
180 LAYER: 1
5 LAYER: 2
1 LAYER: 3
99 :ILEARN
0.1559632348789986	0.16025324889173767	0.09101183426474609	0.14413824692105123	0.1512721487674585	
-0.06270437787493115	-0.05566988512453594	-0.003185795213014719	0.0027316705398989266	0.03772515319067401	
-0.125270775580934	-0.04440203035077481	-0.1822268106007552	-0.031028932670152453	-0.21595526595823433	
0.10667000352045693	0.03245608437298705	0.09188558473151684	0.005672734309213299	0.033318652945104874	
0.06582283586265443	0.09773616546717637	-0.030848107588547412	0.04439090515402035	0.08246784691761828	
0.0019708966049622177	-0.13619114799814372	-0.16562032553980333	-0.1386086429269014	-0.01939933296686617	
-0.06479689002800021	-0.004214767343974735	0.1092056401302724	0.02095153978418432	0.0572986508738114	
0.0552166116031479	0.09969455303423821	0.17106094827658927	0.0014651756959814227	0.17210603115769757	
0.12633230165570966	0.06503785895263314	-0.012489567689153548	0.08533838950356601	-0.04165138338521064	
-0.17961669615953643	-0.06729857039355402	-0.22003079057336128	-0.23102803314680495	-0.279395216987454	
-0.1447886378149454	-0.004428356501802622	-0.11541124336858023	-0.09985730027326087	-0.06459712725461475	
0.00973339032573907	0.08241503168042737	0.04144487728346342	0.12226625089585946	0.16738776178968987	
-0.07935144144656897	-0.01661864223151795	0.03888507549928421	-0.016625527483192064	-0.09119658607078494	
-0.22303143466879247	-0.14264422195139428	-0.25397274208385096	-0.17846970663578055	-0.2880459527920418	
0.13076171237124753	-0.03994068850755717	-0.0177861312605374	0.11489420134911152	0.04434471154088485	
0.005668121795858435	0.1339101610021957	0.0512482035506339	0.1271889708276975	0.14079368580345467	
0.16704013453180194	0.0848014176692588	0.1518546869134809	0.06714585396750201	0.07200581056617976	
0.06816399181017763	-0.021654940485428903	0.07898407237251782	0.02071160806052103	0.011317401658704531	
-0.22933006975932538	-0.03236071053632179	-0.1817315497215359	-0.15257993755328897	-0.205423693461949	
0.04240731344986128	0.1441852423111235	0.12759159200198572	0.009614466101727873	0.15745142071403295	
-0.17509364375037567	-0.09811038353780843	-0.08106266497141924	-0.1859486116557278	-0.10883413043517161	
0.03971690753838697	-0.0899273759050466	0.10948388819632784	0.05771306458609046	0.12461516362104469	
-0.10465927303914031	-0.10244477050374441	0.038271651689809165	-0.0031735078179229072	-0.1271225980236372	
0.0389307761595455	0.042626571695184995	0.07136618958056537	0.02862653410681039	-0.09136053199348144	
-0.08104354448438815	-0.08471506724247606	-0.07830244821820984	-0.03397245731700176	0.09196131915670439	
0.0844145873958469	0.06303785507401227	0.15664602895393026	0.007336598917214864	0.056156741859060874	
0.08408555507922812	0.13652946182921968	0.08857955826350819	-0.027001552217049207	0.14812748951302543	
-0.07601885698998002	0.04601720747287701	-0.044190795691320915	0.049008755948573686	0.023464231302219	
0.09074991492373709	-0.018486935894865386	0.007625773222858327	0.016553275736210855	0.015924011259940835	
-0.026196259987619347	-0.0196333542070046	0.10231110303218477	0.06870031350101269	-0.02926604870563254	
-0.20677918082828578	-0.01432622716062932	-0.11915211334586844	-0.18164561492742487	-0.18978935129892896	
0.07928697083438845	-0.04095265173361689	0.05022041480775876	0.12660172277681916	0.1098332710958647	
-0.05921353319478173	-0.009049732500815819	0.015251462358335658	0.05413785702690586	-0.07805462180993888	
-0.15288666197835787	-0.12864882613935597	-0.06625858204809125	-0.04594168575478148	-0.05928687758257452	
-0.31943341908934614	-0.1412889883723043	-0.2922217649194541	-0.32725693073770085	-0.32545652776738937	
0.24944120847596618	0.16795810064471708	0.17527160236737935	0.12508968020614808	0.22757831867123643	
0.15092436950731586	0.027544077118000575	0.1909230038487009	0.04648712062261295	0.11328107836372216	
0.06607346686848642	-0.05769773076456055	0.0336386067078428	0.01031475062920988	0.0914262469348685	
0.049035022341821305	-0.021010987419529368	0.15634487796617738	0.15791109114237456	0.2070677749015709	
0.021521195688790764	-0.1438637018787831	-0.12422194606555793	-0.05488622238653156	0.005299444988370241	
0.009977414854332449	-0.047803749694358244	-0.0014273554243564883	-0.0549318045149126	-0.11454921195267122	
-0.3205762617458238	-0.22730887066828184	-0.34265784620559003	-0.27677603862378175	-0.32433665630008	
0.09135569075825895	0.1665836255485263	0.05907938519965517	0.045336625441445705	0.06982464171810089	
0.1227217637692595	-0.012020551133385952	0.2257137115559073	0.19308103232561674	0.060930500070569396	
-0.042010739599439885	-0.018590306412843795	-0.04802556836059976	0.08594735920208973	-0.0024929258753740692	
0.03233810171790731	-0.030259096819243325	0.012074109073253887	0.0063573848301495895	0.007771504208150644	
0.03949134433464016	0.037956274656518275	0.11569028104554685	0.011346977182600578	0.06146092386665108	
0.11076920420696264	-0.035539186137413366	0.12288815703900813	0.0846150607930062	0.1802708444188573	
-0.015660869458709883	0.09114657026797404	0.039499213057080616	-0.040390156386761494	0.08402322939826619	
0.04728917920138007	-0.07556938997768743	0.009044275172429879	0.05711977729304665	0.11079021794470001	
-0.10636896383998358	0.08131452768096026	-0.0295188722499297	0.08806462934127492	0.023079342957593417	
-0.27281314559134434	-0.2536537463518242	-0.3614121602820619	-0.40704707991085304	-0.3933312389219663	
0.06571824918595875	0.08288757608862965	0.06915838523187769	0.056037028531136096	0.09279426020959165	
0.06575174210074826	0.10386599462901618	0.10534075857316426	0.08458790031919203	0.11315639472665912	
0.03745902671303131	0.0018175604443561612	0.09130414203317087	0.04613708856110416	0.16752649868775887	
0.1042031668109106	-0.013186637453404811	0.06358308987222314	0.042416685780754415	0.1486595306449396	
0.10716626294054546	0.10517878442069077	0.08199026024251654	-0.0033256731944459363	0.001130641081491934	
0.08281259093558642	0.01363518429004282	0.0743729513724707	0.028822666982662344	0.06296543715862281	
0.03489768903837912	0.07492578711326012	0.0516900375304961	0.03175364399931086	0.013290221168402205	
-0.03027112465002023	0.013324431780864199	-0.02097528307420862	0.15686562928425027	0.009243736432043261	
0.05800563699359352	0.07056252855345545	0.03453824454674442	0.010246183518391494	-0.07444794605112551	
-0.2211460093161924	-0.19809489910417474	-0.2693271876566227	-0.2072275724687209	-0.28660011195612695	
0.13313538272386494	0.11502626060693703	0.005455967587466216	-0.023644830315819678	0.002292730046585055	
0.11336796923409395	0.11686470275866802	0.06421615565345691	0.07101328894649077	0.21631818573277883	
-0.01934326909843534	0.01601549024980918	-0.05919082198799188	-0.08306652934109242	0.0011337004140106574	
0.012505765664555659	-0.0619859658393566	0.04763822460849592	0.025427858431371884	0.05222412339217382	
0.027836622728275456	0.11035550186705716	0.06393408825561657	0.10779719958847878	0.18943185877221197	
-0.0635825602102654	-0.0212798529138524	0.10859628692557957	0.09530850483014558	0.054483212761096876	
0.058334382819224595	0.08026196534959612	0.04834223406858393	0.05416248305204253	-0.09847510749939271	
0.08985796635066898	0.07820075704857637	0.08861132826851754	0.1229352731751126	-0.017688482781541393	
-0.08764949751842498	-0.05679969461062173	-0.19596174050463913	-0.1868093601091763	-0.1388003019942948	
-0.15980826210495014	-0.04009459457369711	-0.16196210927297147	-0.0927495345489243	-0.07830118216879636	
-0.02162583659728583	-0.05969623756530575	0.10155499993811684	0.028527441091132966	0.12042708862700244	
0.03568374315918309	0.10463284943172699	0.017549036614957242	0.012244823858482173	-0.06451487525109198	
0.07213371503580455	-0.03057843086712117	0.044656252558610145	0.15498342490376815	0.037325177996676596	
-0.02310883881275199	0.06916900589105789	0.036266221909873796	0.04058203130847712	-0.047150772924933984	
-0.055325935459942084	-0.023611724284004914	0.047822554275149275	-0.1123267998524642	-0.10698347191490204	
-0.036824766218716394	0.054557710101978664	0.006430593847633408	-0.07388015967365553	0.01946728928396067	
-0.01682611705235686	0.08739342791506811	0.006281092051521684	-0.050345629020077914	0.0721602306562149	
0.08148998029569336	-0.016854545893892802	0.06324590511098357	0.016128253085080695	0.025172414052361872	
0.14862046137652837	0.09560962521694102	-0.03023394968315937	0.1038718984562932	0.06888056136217753	
-0.15553995012118482	-0.23624542646883726	-0.3174425320451381	-0.34533057415750706	-0.3080505785617588	
-0.16018966035589072	-0.0492946476402023	-0.011838662427607257	-0.04703714364300525	-0.03523648199951205	
0.012265461458618539	0.09354600384736343	0.033957852349386135	0.11412941308069699	0.08643309658084282	
-0.12751629130886116	-0.1245849008379101	-0.15690282596991287	-0.14868991895626385	-0.0766391696571546	
-0.10163267666193963	-0.11642230694063947	0.0172077739392564	-0.055100962753895526	0.013187558190508026	
0.10356075215910945	0.06614277217838649	0.1232841304234901	0.11720657922695993	0.20599170900732108	
0.058018231361647736	0.12737287551879076	-0.0005842848026433015	0.13408842701750628	0.024763165367694105	
-0.0010439871710595798	-0.11593431402458737	-0.019563243524150082	-0.12466217182188792	0.06174810747543825	
0.14636360309746277	0.10391741179935292	0.15978349393442426	-0.002500463988961096	0.015024405726113096	
-0.04510413597081147	0.03286376293621284	0.09650676470692174	0.10741875674495487	0.06017172660649847	
0.006820158315933187	0.04302152505886553	-0.06792267974926054	-0.0952916056617736	-0.11220835765116556	
-0.10140294026591315	0.044202367466556654	-0.09841314321484047	-0.07550441113057858	0.026510641100508207	
-0.06774247133030642	0.07339047000219082	-0.07431638841104725	-0.02196197308158657	-0.07281288158772413	
0.14694463767945126	0.015339651176500022	0.05873383166341514	0.07270852555478961	0.1741063651455806	
0.007499100541998805	0.11183793232923815	0.19796681464834864	0.014915667320740601	0.1405124488029027	
-0.017755219368978396	0.08339145838673699	0.03045688167611908	0.05540918297158214	0.01258625792941024	
0.0623066518754899	-0.028377777295751784	-0.06250389097992916	0.051695728343968184	0.01125784381009235	
0.02847432778736947	0.09907824989094684	0.017868179270987522	-0.015770863400850686	0.011382500400215939	
0.010491612405968716	0.027854139419392025	-0.019210654682177725	0.00030372082906845706	-0.1532186995391724	
-0.06774595305090539	-0.04816896676098177	-0.020951633579935635	-0.05070284505156297	0.04058298760817602	
-0.21801855550995658	-0.08850642313912757	-0.27774236576774985	-0.1704755850039767	-0.3012516923822205	
0.10849677596345496	0.033202073965861736	0.01845530889326925	0.04663218495477069	0.15636635395259962	
0.06251394154957166	0.04456064008539193	0.006241803806255278	0.0820203641118326	0.18173121389483834	
0.17701063737384384	0.09284881134861979	0.21933611705926656	0.19982399655364352	0.16213334225452528	
-0.002268198906213306	-0.01978728222703221	0.013726848848004623	0.08752930712732106	0.09233771174244622	
0.16694763523319295	-0.017931873335985934	0.1745160231472028	0.13198572569235106	0.15605641192874833	
0.010984071853655384	0.007213855176074818	-0.02718235799324089	-0.11382945930144786	-0.0457013894852402	
-0.08976910289386024	-0.015167694802914059	-0.09694348052761441	-0.09938574647091555	-0.18085636379073788	
-0.029944995158416452	0.09828433431316493	0.04125429813305901	0.16921443473844613	0.033300127008542395	
-0.1799361608209229	-0.11782411517198804	-0.12275558736849752	-0.17055022692955182	-0.24642531658260178	
-0.03586530602943705	0.0020268811225524447	0.03649824740029639	0.05614123459526433	-0.0694794784506042	
-0.14722796442194874	-0.039035783069086505	0.001626770841387284	-0.15550307684460313	-0.0339644791027003	
-0.12332082439884555	-0.12463526816085421	-0.09027231386779781	-0.15305321149727227	-0.29310672049022896	
0.08746460752555454	0.13205241480545413	0.16680384113454041	0.12617757260369525	0.15164310752589166	
0.12149209600059405	0.028329341062057475	0.13140093211332812	0.1463932177933791	0.10677731498302752	
0.08620721997321784	-0.05173182520334604	0.07080198723064537	-0.02393733901797838	0.0769570862482941	
-0.025386860779522565	0.04730402605884187	-0.04739392934910443	-0.07209405004867078	0.03483115644886766	
0.009618234575999831	0.07866986216739652	0.102528657360413	-0.005167551069319952	0.004397178840052039	
-0.14597720635663997	-0.1454016842714409	-0.09893360632161	-0.18463715129376868	-0.17844138538917542	
0.009387366452950541	0.024192215111549103	-0.10753234585097199	-0.08257969289943373	-0.08203426152081258	
0.12491324371469206	0.0696006679679258	0.058146782152906105	0.0062399094276754	0.12112100146666545	
-0.09172874049521317	0.015290850872159815	-0.04003933988700766	-0.0920401058963897	-0.16789300166349563	
0.17132307948579917	-0.01820512384405137	0.025583192671444245	0.0678822559366964	0.082648484691168	
-0.06430722673795115	0.050312515703917815	-0.05532386040752529	0.03539534385098158	0.05841406269846828	
-0.15161495077849751	-0.057671415854890266	-0.0579146405137725	-0.08222892615826803	-0.10373896095730191	
-0.13335844409735703	-0.020465142341294863	-0.014722010616424818	-0.11299255353315313	-0.06167119491883899	
0.024038155607524907	0.14386509245162113	0.07133372709360036	0.10923970561882888	0.11481882905691607	
-0.1058933862581065	0.058253968059016295	-0.05129920876670079	-0.015541094422559593	-0.026277107003738975	
-0.017520081997877874	-0.022340084549988315	-0.02301329046389817	0.059746243016889786	0.027756912622799886	
-0.014541167224907604	-0.0702052309314483	0.07375815590844503	-0.06619991194386589	0.11381933050756589	
-0.08226839514877335	-0.0009272195445684442	-0.11157512896794673	0.03312100439406412	-0.08873421960955062	
0.009723659256927659	0.049208873040710706	-0.06335631410157695	0.01363910616457661	-0.05235357595654138	
0.07063398562773004	0.052842188458373233	-0.03771579381406608	0.08955584276569255	-0.07205848091538707	
0.11828567384184732	0.03776254803613079	0.032797234139558	0.09967664619990815	0.10398728731444992	
0.05088196107977682	-0.07838714569523693	-0.13067334362019273	0.04765731353489634	0.027238472168847058	
0.09901639047144412	0.03940973876775761	0.10013359217562268	0.11227672027145319	0.04514920159317813	
0.08663872388283032	0.0719454686860808	0.05852812978772836	0.015369436583095558	0.08269927850906686	
-0.09683937733080772	0.05489743842045417	0.08379792794065113	-0.04610331604045009	-0.06854060942563558	
-0.127829713931509	-0.10428000001486182	-0.019400892254617247	-0.07831977666928615	-0.12869471252338877	
-0.23874051777437988	-0.1752616909661573	-0.17027198495861695	-0.22103484257144604	-0.22152879890913046	
0.09661395114183187	0.1382016963120193	0.10608401567839788	0.08547919355651334	0.17568501626265065	
0.0023003622070599	0.03153978931147528	0.029490618517999997	0.08886205265440192	0.15490754195429185	
0.09573270452848802	0.12648561517229334	0.1097379460262747	0.14470396439216215	0.06602245075906597	
0.03761798768614921	0.11520051258958025	0.07826946220374703	0.10776454774237847	0.068332753519498	
0.002949376456414832	0.06788531626980897	-0.08458345889195207	0.013073591700011298	0.09097168124318854	
-0.07244558515095677	-0.12252263875339112	-0.01939866580624637	-0.12782526261189192	-0.059133045668848146	
0.14955153546543629	0.185330026247345	0.18231036251815244	0.21967663980103577	0.08620105169358212	
0.13809981162275256	-0.05867979350108928	0.008446995068406911	0.13228379927859285	-0.04875483109945343	
-0.004321091713749444	0.02164674188781446	-0.07876560186071802	-0.12011393169552023	-0.01422117658652282	
0.025407828791248897	-0.055718143172749666	0.11833834997145282	0.10395192353385371	0.03789956565798563	
0.04899451529291888	-0.0325121227499463	0.016380261498553633	-0.036812187588782165	-0.017857301163500677	
-0.022343642274238205	0.1200699471789367	0.004115710104688834	-0.03644972684244328	-0.019799126562590745	
-0.041396679913502446	0.08190805711847235	0.07919563467222172	0.12058904039132261	0.07832985697137816	
0.02798327573580554	0.012479354383678533	0.0175578575053388	-0.0607048053643444	-0.012188198238491689	
-0.10218317687877802	-0.0784835932231451	-0.11233661395052025	-0.06226707919565073	-0.10168125946841226	
-0.0970311270121357	0.025230508045797337	-0.12124750781973964	0.008875826828145975	-0.06057327290766922	
-0.007540422224903485	0.08065011007239443	0.045357951425573084	-0.03030272144827872	0.08298445370642567	
0.06944473993608316	0.026506090080251073	0.05822803202808065	0.1269895812764383	0.06048071764180987	
-0.17578326966581911	-0.2120576395923354	-0.23057458839994632	-0.2508833201465388	-0.2260464363491489	
0.02193629526735798	-0.1032343574621082	-0.04488910734328484	0.017712945020243703	-0.07469326371057941	
0.16430929675429584	0.008984298954702558	0.11109181514731778	0.12194144284510897	0.0483229081026731	
-0.08351081726795187	-0.006892327554335462	0.10468222580756241	-0.014815690730377456	0.07652963925057463	
-0.05959049383088295	-0.02785694602917461	-0.06495126243936826	0.049015443502403964	0.046715792294240444	
0.05445691787459046	-0.038000955810529695	0.058336307106138095	-0.03545571839986452	0.008184951832836957	
-0.01639409759460511	-0.022602268500577363	-0.07761037126571352	0.03595890432089748	0.053227593211320375	
0.06722384838036242	0.0597329969451805	-0.018349500417169096	-0.022126926694534085	0.060169595945628894	
0.1233667589717911	-0.03188795704055765	0.04543486983187471	0.03848695413998739	0.06210005927129841	
-0.046985359727892556	-0.016472275230330072	-0.023928421402814308	0.091144563409498	0.0866944796296598	
-0.020646605456443628	0.009284956358832617	-0.08993887718631706	-0.008852640990002242	-0.05004369526328536	
-0.17194474482718228	-0.16487440178340354	-0.21618438359429518	-0.3264033829268597	-0.2965913268279518	
0.26263489725380507	0.20229917688280075	0.2160803724770303	0.10681070363076636	0.24216346400441413	
-0.25445057890747047	-0.20213255153430096	-0.3129515263675253	-0.2778448414779134	-0.28447629388089624	
-0.09000055081846384	-0.11119163877539606	-0.07028290455911344	-0.23813586213209378	-0.05998034607804993	
-0.06106453773731764	-0.042861981982133465	0.01654905212083526	-0.04740109513434418	0.06380706408774849	
-0.06427254429115387	-0.025727548306902822	-0.058277603674628295	0.06888346722726171	0.06797692743559454	
-0.018326165366010096	-0.05952462528415301	0.05934769130775344	-0.02175184843979299	0.07663312646727766	
0.10315409729285197	0.07725093111141187	0.02404906066605857	0.14123225179668925	0.10584954599195928	
0.15495478052394146	0.13380096008773323	0.21878334080848752	0.21752170723826944	0.3702168964107242	
-0.07706310571923848	0.008867359751586076	-0.05286339602775184	0.013045895014937654	-0.09931316301794398	
-0.03517056866267149	-0.008171097520281142	-0.04581004644947392	0.0937236017749347	0.09124819221002545	
-1.0146109559129701	-0.5813674610199686	-1.1250759787405802	-1.1085442971912338	-1.3594140526718757	
0.4919712809303218	
