            A        R        N        D        C        Q        E        G        H        I        L        K        M        F        P        S        T        W        Y        V
 1 A  -0.0729  -0.0321   0.0134  -0.0011  -0.0383   0.0212   0.1151  -0.1963   0.0163  -0.0115  -0.0263  -0.1228   0.1011   0.1199  -0.1763   0.0054   0.0452   0.1715   0.0339  -0.1421
 2 A   0.1121   0.0468   -0.091   0.0079   0.0724  -0.1124  -0.0679   0.0776  -0.0541   0.0941  -0.0013  -0.0129  -0.0183  -0.0658  -0.1193   0.0687    0.208   0.0548   0.0498   0.1767
 3 A   0.1347  -0.1265  -0.0307  -0.1313  -0.0364  -0.1114  -0.0504  -0.0648  -0.0293   0.1271  -0.0612  -0.0574   0.1272   0.0974   0.0326   0.0747    0.034   0.0194   0.0206   0.0784
 4 A   0.0624  -0.0307  -0.0434  -0.0416   0.0746   0.0538   0.0349   0.0938  -0.0024  -0.0575   0.0474  -0.0495   0.0157   0.0617   0.0885  -0.0413   0.0098  -0.0134   0.0205    0.011
 5 A   0.0382  -0.0067  -0.0511  -0.0047   0.0547   0.0027  -0.0639  -0.0111  -0.1076   0.1426    0.023   0.0008  -0.0193    0.059   0.0913  -0.0096    0.003   0.1189   0.0515   0.1567
 6 A   -0.011  -0.0014   0.0526   0.0441  -0.0233   0.0831  -0.0584  -0.0472  -0.0501   0.0624    0.007  -0.0436   0.1526   0.1687   0.0074   0.0128   0.1096  -0.0404   0.0398   0.0444
 7 A   0.0132  -0.1219  -0.0402  -0.0761  -0.0104  -0.0016   0.0153    0.062   0.0559  -0.0171  -0.0402  -0.1052   0.0777   0.0554  -0.1244   0.0681   0.0417   0.1349   0.1173   0.0702
 8 A   0.0367   0.0097  -0.0353  -0.1041  -0.0225  -0.0587   0.0335   0.0314  -0.0587  -0.0726   0.0338  -0.0113   0.0365   0.1006   0.1004   0.0426  -0.0835  -0.0582   0.0304  -0.0307
 9 A   0.1186  -0.0689   0.0196   0.0539  -0.2416  -0.0788  -0.0704  -0.0022   0.0174   0.2319   0.2263   -0.158   0.0707  -0.1095   0.0083   0.0159   0.0598  -0.1284  -0.1866   0.3196
