            A        R        N        D        C        Q        E        G        H        I        L        K        M        F        P        S        T        W        Y        V
 1 A  -1.4668  -3.7889   0.0375   1.2537  -0.7527   0.3041   1.2311  -2.8229   1.6678   1.2579  -1.5149  -0.8252   2.3345   0.4642  -2.6187   0.6873   1.2563   -999.9   2.6142  -2.2156
 2 A   0.8028   -999.9   -999.9   -999.9   -999.9  -2.4103   -999.9   -999.9   -999.9   1.2121   1.1309   -999.9   4.0907   2.3184   -999.9   1.8086   3.9613   0.2678   0.1224   0.0287
 3 A  -1.3409   0.4924   -0.102  -2.0256   1.2607  -0.9366  -1.9299  -3.5879   -999.9   1.3866   0.2373   1.7651  -2.3181   1.6888   -3.728   1.0665  -0.3365   3.1805   2.0884  -1.3532
 4 A  -0.5713  -0.8185   1.5208   0.9432  -2.3776  -2.5432   -0.056  -0.8131  -0.4829  -0.0766  -1.2282  -0.9945   1.5557   1.2125   1.4132   -0.726  -1.8845    2.562   2.4462  -0.2911
 5 A  -3.8347   0.4992  -3.2092  -1.8903   1.4152    0.263  -1.7497  -0.3035  -0.9783  -0.1205  -0.5059  -0.5403  -0.7978   1.6339   0.6386   0.8101   0.8352   3.0085   2.6369    0.116
 6 A  -4.5568  -0.2295     1.41  -1.6864   -999.9   0.3346    0.254  -2.8565    1.024   1.3439   0.0841  -1.9427  -1.6666   2.0678  -0.4809    0.137   1.2706   -0.606   3.5377  -2.5814
 7 A  -0.0284  -0.1524   0.0702  -1.8887   0.8661  -2.1349  -2.2272  -1.9518  -2.7296   0.0257  -1.0071  -2.5926   2.5033   3.0193  -0.5352   1.3409   0.5605    1.943   1.0171  -0.1584
 8 A    0.282  -0.5665   1.7063  -2.5463    0.664   0.3493  -0.5675   -3.826   -0.782  -2.7869   -0.189  -0.3925  -1.3487   2.8555   0.2742   0.8256    0.535   0.1026   2.3377  -1.6335
 9 A   -999.9   7.0222   -999.9   -999.9   -999.9   -999.9   -999.9   -999.9  -0.1975   -999.9  -3.9844   4.7236   -999.9   -999.9   -999.9   -999.9   -999.9   -999.9   0.3667  -3.2679
