            A        R        N        D        C        Q        E        G        H        I        L        K        M        F        P        S        T        W        Y        V
 1 A  -0.0988  -0.0822   0.0226   0.1776   0.0046   0.0237   0.0676  -0.1257   0.0067  -0.0278   0.0047  -0.0985   0.0247   0.0083  -0.1289  -0.0375   0.0098  -0.0189    0.016  -0.0588
 2 A     0.09  -0.1351  -0.1406   0.0385   0.0627  -0.0788   -0.083   -0.231   -0.256   0.0696   0.1376  -0.0158   0.1228     0.12   0.0604   0.0601   0.1248   0.1132     0.28   0.0858
 3 A  -0.0324  -0.0068   0.0988  -0.0524  -0.0192  -0.0594  -0.0637  -0.0673  -0.0395   0.0348  -0.0252   0.0239  -0.0027   0.0126  -0.0676  -0.0145   0.0513   0.1204   0.0915   -0.021
 4 A  -0.0213  -0.0088  -0.0671  -0.0493   0.0169   0.0088  -0.0159   0.0353   0.0072   0.0434   0.0399   0.0343   0.0613    0.025   0.0245  -0.0124  -0.0433   0.0767   0.0651   0.0444
 5 A  -0.0328   0.0924   -0.071  -0.0368   0.0415  -0.0393  -0.0296   0.0749    -0.01   0.0742   0.0227   0.0479  -0.0676   0.0889  -0.0337  -0.0406   0.0021   0.2326   0.0993   0.0622
 6 A  -0.0553   0.0849   0.0405   0.0277   0.1121   0.0783  -0.0449  -0.0066   0.0841   0.0297   0.0011   0.0094    0.033   0.1036  -0.0182  -0.0143   0.0342   0.0245   0.0479  -0.0447
 7 A   0.0152    0.023  -0.0356  -0.0733   0.0864  -0.0207  -0.0805   0.0027   0.0021  -0.0054   -0.051  -0.0832   0.1174   0.0686  -0.0117   0.0024  -0.0413   0.1321    0.066   0.0052
 8 A  -0.0037  -0.0852   0.0109  -0.0246  -0.0544  -0.0294  -0.0553  -0.0672   0.0751  -0.0849    0.023   -0.031  -0.0879   0.1336   0.0446   0.0192  -0.0195   0.0202   0.0627  -0.0387
 9 A  -0.0025   0.3378    0.024   0.0658  -0.0686  -0.0963   -0.086  -0.0027  -0.0694  -0.0255   0.0103   0.0954  -0.1077  -0.0595   0.0102   0.0491  -0.0512   -0.011   0.0189  -0.0066
