TESTRUNID EPOCH: 17 L_PCC: 0.8924028156575955 L_ERR: 0.006022510939787115 T_PCC: 0.7436100784393154 T_ERR: 0.013526256331041903
180 LAYER: 1
3 LAYER: 2
1 LAYER: 3
17 :ILEARN
-0.22193689404723738	-0.22543886654009032	-0.3774230785778492	-0.17197308838238962	-0.22388663223616292	
-0.2113234765901736	0.14077612845592688	0.18027072195222846	0.22321015336738628	0.22583738405567563	
0.2119842542027795	0.316297478974438	-0.015888068008217238	0.12118958526693298	-0.04102943685923037	
-0.04879223071561466	-0.11688012208852978	-0.10081936606612785	-0.06805991778692967	-0.05148375074908356	
0.06820169643625149	0.06199034621194365	-0.08050776990332995	0.0135947038158034	0.07711614681632396	
0.0810052109305523	-0.08123213843948435	-0.0371280083831365	-0.007696846195578467	0.14705824756178684	
0.06741478687218987	0.13840024689681116	0.26712775533668476	0.044336480452803716	0.07841109537429838	
0.010544802115969622	0.07660524925860225	0.10793142688941976	-0.04937172413215226	-0.04393900303574059	
-0.02696827350235285	-0.08968801728307774	0.07283490923073267	0.17895311217140827	0.06066639010661358	
0.08977065180459938	0.18565078466053525	0.08019280672005825	0.0034388661480957037	-0.015223003653013026	
-0.01928737490802736	0.13060964077893827	0.040599173407514774	0.06666406563481067	-0.30958269660833043	
-0.39434153485235857	-0.2855726216340918	-0.0893017119442841	-0.012210839673786535	0.006713143177105719	
-0.0010459428568225862	0.06635970485365648	0.1337419254132505	0.06113424688562116	-0.02438026092223416	
0.0972383452720544	0.09271809768433599	0.06408031289577397	0.16146147954216972	0.23814226039932587	
0.29414928192608164	0.16041985614322923	-0.06429372374484106	0.06950077807294938	-0.0110214496292945	
-0.08642392734826349	0.06594928160137585	-0.05124560655684122	0.10557675227800176	0.10168872385552738	
0.1439093546967605	0.06835428234000317	0.09407508893283459	0.022190046570425295	-0.13627164563124564	
-0.007911728148162593	-0.1181580105312713	0.18921222357491163	0.1341509259447463	0.14264440125056838	
0.27526386551259974	0.4523959696783221	0.4204168088193933	0.05549990183546424	0.022714080668176526	
-0.004534851522427243	-0.08935797623084861	-0.15441065420553013	-0.2528890507020244	-0.3823932881714905	
-0.4773262545044334	-0.5029926906953796	0.41454487713514077	0.31548121836932114	0.4889989566327179	
0.2570351307078916	0.147793600988438	0.3628621000724899	-0.006869995422445025	0.050577491787808695	
-0.06632202457257297	-0.06387637161752832	0.09527030806891101	0.04920438473219974	-0.8145450632863542	
-0.7523221966795263	-0.8132014445280484	0.16690818147760716	0.12382716714859383	0.027738621575430736	
0.14531922279775666	0.15524222299414667	0.19938201722321586	0.1606747982714655	0.29031248725833986	
0.2617314158940881	-0.03166437141894629	0.021320423578383298	-0.12986224372548338	0.17281765218453574	
0.24511783447709837	0.3553568093827947	0.0334474063099604	-0.07416221975730854	0.08461348982396201	
-0.23314734125857536	-0.15476705410097233	-0.21667599942175966	0.21688665856841582	0.20114371304736456	
0.18393735484890963	0.033917538858437436	0.016191406913297294	0.04512561116257956	-0.11484103440956032	
-0.10197175270852407	-0.0833445712061218	0.10072553469139534	0.05336962864070677	-0.018708821213745022	
-0.3218449161478542	-0.1893854514186645	-0.2757897854054593	-0.2687299710213389	-0.3179568438589155	
-0.24152743748575836	-0.17711552049878496	-0.1009893301905001	-0.03350002551127503	0.14557255992134346	
0.03454154341438927	0.09382398270505417	-0.17813895704625365	-0.1394018424810641	-0.28729917447997566	
0.05679713548238551	0.07272906789465494	0.19241654086878815	-0.03703490390465666	-0.037470609716046245	
-0.08457565792835306	0.12157383789245074	0.0390649341066782	0.005020362286457131	0.029757569899771262	
0.08817979411628035	0.0812691796412959	-0.016512091221014547	-0.05290637235334664	0.014863370038373715	
0.0529750816691378	-0.04210220587242071	0.06985517385312667	0.13668397492319345	0.13878172581578962	
0.2747032463382827	-0.3106225353245822	-0.2329781142344924	-0.2729012729162099	0.22275278161154097	
0.10508166143650974	0.0841713655483545	-0.10248483864393856	-0.11308077519316297	-0.08613552496672322	
0.16907081988177802	-0.015529301590052655	0.053944468336666565	0.18552555028985418	0.2585349972616962	
0.28733845974655525	0.12650199159999562	0.20430849170055468	0.1672315767099754	-0.02199845717175075	
-0.0028018665806180537	0.020862096583994655	-0.09198616521009009	-0.029511209858850394	-0.050117408707615975	
-0.11255988946109523	0.028814890436024077	-0.1065727636450338	-0.18482977433118797	-0.19972128676453116	
-0.13672854551954255	-0.0580058474271807	0.12756974508700256	0.11636199414564156	-0.03801460927937169	
-0.006134695439564027	0.039715914232338674	-0.195242262901675	-0.10528865769376827	-0.1434321595606029	
0.01797600376584013	-0.06533740504116513	-0.02072753160257973	0.06429225886944151	0.07573597971848785	
-0.014252492706204227	0.17944294822302548	0.2363642692087873	0.16383157613257857	0.02479038478404776	
0.05610650032287406	-0.0470912019458977	0.11052949023281192	0.08396023009259333	0.16920784750956622	
-0.03193584652161908	0.05929075209163161	0.022749799353800757	0.1233853095182137	0.23989736314788018	
0.23672086103354464	-0.2682612936054923	-0.20254313303505575	-0.16380925868814647	0.002413597122027784	
-0.17329614345565444	0.01325804966829511	-0.0305192723570088	0.08893298768770722	0.015035653647203683	
0.06387870909792413	0.02823203653792736	0.05239780988324319	0.02642088254605773	0.09076284440817993	
0.1328681859011753	0.1717652190985891	0.15313923895725395	0.16023723350305957	0.11422940393773964	
0.007394743940218048	0.08354032973269707	0.07817651658137968	0.06910030981633242	0.08904715251331985	
0.018596031329802015	0.0003647575020780629	0.08073779985149943	-0.11722882972329327	-0.04633219701534029	
-0.1028210083023715	0.05778877670475323	0.10789663822471898	0.1108517324429713	-0.08207277799914077	
-0.08402349954482033	-0.11668013043444299	-0.08747103449663061	-0.18156151675373355	-0.17972362265289413	
0.22697673691745762	0.14704369331045242	0.24802494323060512	0.07551669837390523	0.11215767057324441	
0.08195647789905937	-0.04536174135469767	-0.0863210301363687	-0.12012012423764323	0.17131124269113002	
0.12461714080963537	0.22201495295636778	-0.18291432482050207	-0.020284392636578497	-0.1534383262130661	
0.08456160854025528	0.05488730411720944	0.027909993364508296	0.15735562253161425	0.08721726094928668	
0.1710241689338331	0.14800101399121707	0.13575184424310452	0.24418885589639444	0.19082405838195393	
0.320423532847763	0.36048522185515336	-0.20482194652111974	-0.2525679234491313	-0.23823154437048213	
0.15327095115369074	0.20471929597469654	0.12972958125730494	-0.03996592144354246	0.08068588318432	
-0.004604763773787907	0.39433866137107926	0.32242652582688125	0.37562878404907807	-0.15519332510447745	
-0.1865836115666637	-0.24021759531771106	-0.03736065133805478	-0.04178623942766366	-0.027140769250993957	
-0.23464809812301482	-0.12819624206064845	-0.23785837411274047	0.059954904578202885	0.11648150422957222	
-0.028095263282030606	0.06287557818246756	0.17660428667069702	0.1876460739873169	-0.21346857207989697	
-0.16282778521470403	-0.17905153808024846	0.32926651649432903	0.3332153719930234	0.2355030980717986	
-0.03880242878959153	-0.025685187273650933	-0.054334068999793546	-0.0009756522312036036	-0.1753842762290962	
-0.04250380785781184	0.0803787792675552	-0.012725231999484672	-0.007832395359013733	-0.061778103201196054	
-0.10945591878214878	-0.01201967401184605	-0.35623736871387346	-0.31591114506498325	-0.3090598565050896	
0.02215372400826742	-0.010687201147781804	0.17294751725250937	0.13970683164642925	0.2327025181556503	
0.18699299856901566	0.09722520339815617	0.0030798238796794887	0.00771112873184248	-0.08395963994165201	
-0.02735203580155575	-0.09245099805376815	-0.002774976861005999	0.11712571420851035	-0.014754498500953053	
-0.08724840357160432	-0.009349444964714789	-0.022093395371609093	-0.14193294954283767	-0.23726672824121334	
-0.21657852867158794	0.09276960451099014	0.14372402783970611	0.0314648257133757	-0.3315507273061491	
-0.3618135772125319	-0.31709419903749303	0.22650494002112082	0.15693531235885622	0.28392967347148845	
0.016810562751982925	0.1267651554775946	0.0431602034110161	-0.0488958754615756	0.062392569763091814	
0.12993514761363137	-0.09788124402422585	-0.05463433279786617	-0.11359194622441653	0.06868774037654146	
0.15737910651710738	0.14022748056901135	-0.06516501433883774	0.07148257075195527	0.0276892655636054	
0.08068611438080173	-0.05570024195457489	-0.04272726936423584	0.12013289769961065	0.1928712330658845	
0.1704568943057262	-0.06787031926556304	-0.05773536317103924	-0.056114606923476015	0.12743298116436894	
0.04640683271064478	0.1635270169413749	-0.12428038270541762	-0.03990790663309846	-0.083635022725636	
-0.13356713506159723	-0.17674184541723353	-0.2018708142540804	0.03761869670148265	0.12106373639114693	
0.0736915033200644	-0.14156883839298054	-0.009911851619766635	-0.09645885401205306	0.060724477024365675	
0.013839234291356327	0.018415172941459588	0.06295951814912741	0.06808401370971986	0.14646618777664416	
-0.05354023510630068	0.03077528702325259	-0.12186885035079341	0.03560672096436525	-0.1313722778435375	
-0.03379101796260793	0.17100818591102437	0.28952693512056	0.232824801668323	-0.01826999216551891	
-0.04447624133282071	-0.06209878293794874	0.12078856886777922	-0.03144504269114364	-0.023031669342034485	
0.26638774806662663	0.37470923466726735	0.49570954852661847	-0.04235882348035024	-0.08445116321585276	
-0.08571100893182353	0.18773022700961337	0.08638260654461474	0.0785432678621393	-0.23060656799581486	
-0.294262666902396	-0.14194603557071492	0.11367676238665178	0.14538353994330908	0.2831792240356879	
-0.10881573120552913	0.01999454489780629	-0.13147412786663534	-0.22375796249208874	-0.2613615644500076	
-0.15540710630941618	-0.000675022473847819	0.012996814987964716	0.04039204264556899	0.03941265262076801	
-0.1330947926210168	-0.0011016946692409702	0.08517485809349788	-0.10123573612491994	0.01558204448674554	
0.09899533467522019	0.21140092744291408	0.178109338279884	0.18028250416780509	0.13881435489866858	
0.1970956100210775	-0.04198062966251484	-0.09813028440669685	0.01535118699741815	-0.002838418344769338	
0.03896401087911393	0.1250330133198366	0.04467690921911734	0.010958471257580062	0.044443835820410386	
0.1852802496110876	0.19217386263838987	0.18994641210442714	0.16245502722956445	0.027983493799647208	
0.013193239907952771	-0.04418433691353866	-0.016882923439368792	-0.04306118224396908	0.05063893175800187	
0.013799972763362636	0.09859010816739422	-0.19363743928492233	-0.11690432689589637	-0.21374707772941784	
-0.261202995805327	-0.34398321755915445	-0.40709171935283706	0.3171336837801295	0.41902684051708705	
0.4518716753763559	0.03552640589928062	-0.03217560095204333	0.05216619671310917	-0.6911389916307787	
-0.7788105311057593	-0.8522099004533986	0.16289958754366837	0.14985871573356285	0.10070120068251154	
0.044438600421892654	0.06194223400862634	0.08015141037980794	-0.051654518615858874	-0.06946649366342664	
0.04594192551366367	-0.4451233258221496	-0.33594608039415863	-0.4447222254827343	0.4064566248604638	
0.37980863343781346	0.4469615668356625	0.310913452414275	0.22789216151087083	0.355229911714448	
0.2335730879018179	0.19139787133243527	0.35579765818818093	-1.8479687733972308	-1.8981896328078114	
-2.2502130880112396	1.7302915830269103	
