            A        R        N        D        C        Q        E        G        H        I        L        K        M        F        P        S        T        W        Y        V
 1 A   0.0595   0.0218   0.0114  -0.0478  -0.0085   0.0156  -0.0227  -0.0293  -0.0214   0.0064  -0.0009   0.0956   0.0487  -0.0248  -0.0255   0.1083   0.0874  -0.0051    0.006   0.0671
 2 A   0.0447  -0.0442  -0.0088  -0.0001   -0.046   0.0029  -0.0056   0.0022  -0.0049   0.1141   0.0288  -0.0087   0.0616  -0.0209  -0.0139   0.0793   0.0966     -0.0  -0.0107   0.0754
 3 A   0.0522  -0.0577   0.0329  -0.0107   0.0027   -0.009   0.0055  -0.0268  -0.0063    0.054   0.0413  -0.0041   0.0483   0.1005  -0.0089   0.0493   0.0117    0.001   0.0499    0.016
 4 A   0.0351   0.0384   0.0345   0.0086   0.0044   0.0241   0.0388  -0.0255   0.0195  -0.0111   0.0027     0.04   0.0076   0.0082   0.0231   0.0509   0.0348    0.013  -0.0188   0.0136
 5 A   0.0209   0.0214   0.0279   0.0073   0.0031   0.0104   -0.016   0.0037  -0.0046   0.0065   0.0621   -0.007   0.0434   0.0593   0.0069   0.0674   -0.009  -0.0069   0.0105   0.0344
 6 A   0.0033   0.0233    0.029   0.0274   0.0099  -0.0091   -0.011   0.0497   0.0063  -0.0013   0.0161  -0.0085    0.006   0.0177   0.0221   0.0917    0.025  -0.0133   0.0231   0.0345
 7 A   0.0272  -0.0114  -0.0232   0.0122   0.0173  -0.0221   0.0023  -0.0062  -0.0105   0.0673   0.0544  -0.0374   0.0534   0.0658   0.0258   0.0739  -0.0111   0.0048   0.0309   0.0284
 8 A   0.0139   0.0227   0.0212   0.0138   0.0125    0.003  -0.0081    0.032  -0.0071   0.0144   0.0539  -0.0203  -0.0011   0.0497   0.0081   0.0195   0.0498  -0.0037   0.0551   0.0128
 9 A  -0.0029    0.154      0.0  -0.0009  -0.0014  -0.0017  -0.0012  -0.0139   0.0113  -0.0249  -0.0431   0.3043  -0.0056  -0.0205   -0.016   -0.012  -0.0106  -0.0127   0.0685  -0.0289
