TESTRUNID EPOCH: 95 L_PCC: 0.8618426740542148 L_ERR: 0.011478578682907728 T_PCC: 0.8304843460562497 T_ERR: 0.014032819365625742
180 LAYER: 1
5 LAYER: 2
1 LAYER: 3
95 :ILEARN
-0.01085029867150469	0.22668686781116978	-0.09107384867889974	-0.04816085232060936	0.0035162452398314692	
-0.11278764345822348	0.018545924101344306	-0.024033011320127296	-0.005936331952397833	0.11180910503239405	
0.06175505162471275	-0.40058950094211243	-0.009784763742217097	0.08442536343515387	0.023489730233903865	
0.394386123033442	-1.3240780077608258	0.32016232447593074	-0.05008273534350923	1.0986094963292425	
-0.06759051141652866	0.1931784378674219	-0.06633685369412459	0.04468290167957401	0.05136998213989073	
0.1245476829283896	-0.10780698866583184	-0.07006733953137621	-0.07534151914693679	0.10113271291038292	
0.3146470157449645	-0.4847278402509218	0.3466116501813396	0.007524640696824242	0.44063818260957593	
-0.157808441279634	-0.08382054607778326	-0.031668684643885975	-0.10024509203440504	0.0661523431216126	
0.1439727731858239	-0.03884764369943743	-0.026674591199912313	0.07111022758606762	-0.03446907999698371	
0.02639008895715096	0.027415727251553057	-0.002053596528361133	-0.0354766282004293	-0.23484605370807024	
-0.24362245324332849	-0.024995760788241485	-0.10381903350415557	-0.04231806934550646	-0.11503521900521574	
-0.25776169832777324	0.105297579356168	-0.1963340169899766	0.003800271592735983	-0.08120313105992182	
-0.3954154747977557	0.528625201688819	-0.21739487815084257	0.008516996123400438	-0.6383401040249768	
-0.48960364385062444	0.7456449404513245	-0.46123557197345255	0.06951868547191267	-0.7584741652193603	
0.6236563696393823	-0.8780584340238479	0.27824059673048945	0.026870978225735583	0.7894269076277775	
-0.3457726851819587	0.1574554614610475	-0.30475847837441294	0.03915020918525114	0.09593020004073317	
0.1633793411193889	-0.053466074360952784	0.12062135352785691	-0.030478224775671817	-0.006159541163886924	
0.09051652419957479	-0.04931055346364162	0.09722545971086952	0.025679693055444656	0.046416309195642984	
-0.3154450307677503	0.2930861884815703	-0.07099639564219766	0.000749754508498914	-0.2672279785792091	
0.3043501093892752	-0.06178005240910201	0.15108358529152943	-0.11517706061960291	0.19213395332669495	
-0.12399544919753042	-0.2190972280177264	0.041029217346841326	0.005724668455752071	0.27641453677657	
0.19920492894270578	-0.4134850874346691	0.2109041439097116	0.010308252331709473	0.3781885103378572	
0.21489006666819582	-0.7965963480614734	0.35728118514531865	0.014147095207183293	0.4685745021913029	
0.2705958894640193	-0.29312500595867974	0.21616658127600477	0.013511396234882055	0.22814776202388903	
0.08517442487229117	-0.3741087308252512	-0.05033410673060723	-0.06010860276536554	0.23066761469911684	
-0.04195253751259074	0.25210443809262445	0.04110769949386591	-0.06235346387781758	-0.25429608881124866	
0.01715185429165758	0.09391914966393491	0.01220604385114199	-0.0962705421254114	0.060126534536123266	
-0.039374712993870395	0.04931983038486649	-0.01415477991010123	0.07313253651982705	0.0630084129226004	
0.011248046798083777	-0.072708954867863	-0.08801646209755767	-0.07573130885185253	-0.09108962429104767	
-0.41185617628809607	0.06424929081684783	-0.15892891602327675	0.019413971980950365	-0.22806556012161208	
-1.0113908423754874	0.6706766008740084	-0.6028900668619749	-0.14819198076882256	-0.5241036730368209	
0.04876517081501858	-0.06091410377813625	0.01627178545465155	0.09400399781766247	0.06936576029800706	
-0.3486860657684187	0.6449325195914328	-0.26247877680195014	0.07020814841177812	-0.7688304610559512	
-0.0686792824218941	-0.1512536560691123	0.01801541506988556	0.02027384396198001	0.06835457015631248	
0.6941126452616084	-0.8262857692205318	0.5014551195398009	-0.08535676087013314	0.9111481790064463	
0.2673646324434047	-0.28597773694203005	0.13528918548947647	-0.08844013193565384	0.2688211233134298	
0.02832050928526239	-0.011874592710002527	0.07815434431437815	-0.028775152561304092	-0.008380809750480302	
0.05964425576371671	-0.06730179784713558	0.027022539378643694	0.007100779870692209	0.08981914291656665	
-0.04690974151283028	-0.08972971012212497	0.047715468833704124	0.055613765878091435	0.08528724321694983	
-0.026689041314570512	-0.1457974429245664	-0.2674473203837799	0.11094494487227351	-0.1545480932752373	
0.05330913355137008	0.38625843264705934	-0.10487229249234542	0.027060518181927392	-0.457359717882507	
0.14100685129399765	-0.26320681866039775	0.13388449819169504	0.08044173073946267	0.39657030043731406	
0.2498949894613552	0.17198328446728336	-0.03596203103787497	-0.0762241765353228	-0.08164364257283718	
-0.055980875682808566	-0.29591839672185316	0.1382153463907733	0.06165293353356224	0.05900708954010927	
0.03143704617424336	-0.3614744682106835	-0.005695149822403712	0.05208083403769143	0.2534493806905804	
0.2849436931761573	-0.09148745195339474	0.20358212526865255	0.05694869161217753	0.20578440431712056	
0.13890281764304685	-0.43631436348997316	0.19069025426528685	-0.03428164547884123	0.24165845528606703	
-0.18907701931150597	-0.3046708306885696	-0.024275983795481515	-0.001503259215426592	0.09460577582169322	
0.19483376622806842	-0.093119063546915	0.1633825406157793	-0.08574640774892017	0.2765619449397678	
-0.1880246567634548	-0.21515807850516006	-0.13412992281327787	0.041329771581692466	-0.20584142152294763	
-0.010494028441312484	-0.38213810240000273	0.07582349042216353	0.12837276968530026	0.46345488384420047	
0.2960398825891754	-0.11492333376768307	0.17181739600226414	-0.034777801078872496	0.2536495965275979	
-0.31370719562089977	0.5358615923609447	-0.15853878560161344	0.051177100446106266	-0.4021165683226454	
-0.4484974869794584	0.3414432181174077	-0.1563888274203535	-0.04609013358952646	-0.1781727009890177	
-0.07033489750879629	-0.15551086439405373	0.023425517832863868	-0.008436799813654495	0.23519718248993982	
-0.12483522317059631	0.29003812068818124	-0.24351622494948688	-0.037410111346856414	-0.23340969483758073	
0.2495687052844503	0.04383054592023986	0.11892059128888055	-0.05287738490682965	0.13525999989250406	
0.3263845741938255	-0.3478247752453803	0.1690110971410896	0.0011510501632466098	0.34633765268393685	
-0.31822762018358525	-0.0007255732032745471	-0.20757808206563202	-0.00609080394310901	-0.052980433115307056	
-0.05880916050125268	-0.1948491670704255	-0.1325394314602046	0.07974313631366003	-0.014759417583782	
0.016885470730803008	0.03835387698108405	-0.017818252841974032	0.01250502308319169	-0.19045828845594354	
0.2664838394478287	-0.19922094834232548	0.07273270094067177	0.017429061865934126	0.08794382214397783	
0.03780259192660871	-0.21687258906306334	-0.11148286780652004	-0.05300406454696945	0.18760069571313948	
-0.12232673678806162	0.2562602760665976	-0.13208918519564775	-0.06625056213527276	-0.27395242202350584	
0.013208420717598271	0.035405516635932256	-0.007826343796610496	-0.0808957175888942	0.009266889059492071	
0.02340109838916744	-0.07626049141418531	0.08351710631680215	0.01089767346463695	0.07376559124266038	
0.006494254958913575	0.30415644593578756	-0.034304107318727725	-0.014494454207189889	-0.10708520517181089	
-0.2266024220927912	-0.13430466545828348	0.055299486631235975	0.03969599379343864	-0.13569329284039636	
0.16446067256211605	-0.1745051002618833	0.14409438460295612	0.0538256290716686	0.11746181216259655	
-0.06476950607166675	-0.21370880176025436	0.0102183322793451	0.06981863004586762	0.20091104243970656	
0.02901278192961135	-0.11296361533992164	-0.1413048580342832	-0.030374861772086977	0.2987639091656277	
0.0014888416748032871	-0.1082887422135252	0.027557054624642054	0.06387211254529225	0.29357784313401736	
-0.03295705040963811	-0.19026450323792693	0.05580765032142608	0.010700093172408689	0.19015059202110182	
0.050052149358925845	0.07984588125530252	-0.023101325652074445	0.0031595461204699075	-0.07381135034746232	
-0.3336813458439979	-0.07474344207705125	-0.16449625422842903	0.052517308896687376	-0.15085756610024026	
-0.10176923666876853	0.06145887496826516	0.014559733718904639	0.018089772066022157	-0.14989643402070188	
0.22303886801239417	-0.11115780008097871	0.18915268144421826	-0.0614842089653058	0.03073135130289798	
0.026295384294932403	-0.042996613159780414	0.010916795050630328	-0.09981142059774596	0.097091032805684	
0.005687709123704779	-0.042601607352263524	-0.006708717202817068	-0.09626363308273647	0.17493258735251419	
0.018987261112592562	-0.23015857388867283	-0.05818223249594508	0.019875704630206888	0.16007632761141888	
0.09115771016906485	0.0917838548054489	-0.07589703541452607	0.03650570695533766	-0.02112916082628012	
0.3078771018509132	-0.27158786367446525	0.039385816116748386	-0.07921363250606255	0.11780547993411558	
0.01677199719494077	0.04112064415794552	0.1146184841427841	0.04579599869204397	0.16089772980858474	
0.12653568758473122	0.053652596077316025	0.02671821418451619	0.07054418009093737	0.11903459167798942	
-0.15875702316649032	0.16562754853172854	-0.12913367693170205	-0.07805024138744822	-0.27850661000946725	
0.01347917154143093	0.0040898582407721115	0.06957106799333435	-0.01972781390818572	-0.061124839171121985	
0.020524625461468195	0.15563755043701114	0.015061691881716544	-0.014837114495569237	0.028092779936337187	
0.10691413969715409	-0.2197572423014455	-0.12537118589659602	0.062590077693484	0.20663665192264538	
0.020616773721556483	0.08272158395133668	-0.04671590374500305	-0.08667716977583338	-0.059717690821393096	
-0.3031167923307086	0.32428655650075	-0.16052722662975655	-0.11068561850854115	-0.33148191174305336	
-0.457001003192137	-0.30355372740652403	-0.046294411433763574	0.10434746090492067	-0.0015938857759941302	
0.2638730460400029	-0.24618114906784874	0.05356640660629931	-0.051300551937310264	-0.005584875630500654	
0.069274968807083	0.028061712030723038	-0.002282735802639339	-0.057538000495978306	0.11918712166474382	
-0.029082003113595937	0.017327381872208128	-0.04259206481902174	-0.005347448670360103	0.06620408550282443	
0.3510119617881859	-0.5273507801186712	0.13202080281378437	0.018056786954952067	0.6568055823155317	
-0.07144115268025009	-0.039130301837133896	0.038028497795325245	-0.0756478868629579	0.14122304685003642	
-0.28917381875634834	-0.4221592584332015	-0.12973974830495485	0.02552392748664548	0.30404720562809345	
0.15392648803398368	-0.30603166484275246	-0.047513398327663804	0.005683587740678589	0.1611945610525142	
-0.1668447208200338	0.06397212943763586	-0.04744152692464085	-0.06722279421378118	-0.1643370716932828	
-0.0890265185768758	0.10756856772966493	0.10921585437696327	0.07759963259385735	-0.04021739411160672	
-0.20556259114342776	-0.2896261643925488	-0.12626616667017457	-0.05336504172083807	0.21535337716950467	
0.31733111604519987	-0.3380450448400224	0.05997116035989426	0.04292067028180502	0.2686116686084151	
-0.04003255003721621	0.041814102296789425	-0.09956318418421127	-0.05266370059705482	-0.013664472482383961	
0.026354594528265517	-0.12093909516909543	-0.0510190046119247	0.01926173342116417	0.17820496655671345	
0.09841504481105937	0.03595216642067256	0.10709452236080733	0.08883140521982452	0.012460070341641084	
-0.13215992731096127	-0.0427028072885772	-0.12543836162847125	-0.03832802296230007	-0.07646354593071386	
0.06005707502190241	-0.060866175319286446	0.08087571710179345	0.06715763682983636	0.15804856480701657	
0.13490707987391506	-0.22386006769941244	0.1146578953926573	-0.11335534662791952	0.26969843267330107	
0.047470012029364184	0.16337153972335228	0.03257553186710785	-0.00525933455218649	-0.11308963452330711	
-0.13402172203046483	0.24746437813301364	-0.14041213282499454	0.0914683910106736	-0.18887518829736558	
-0.30118267199891385	0.008787573838685782	-0.10328757715124387	-0.019360247650120278	-0.3541702748704122	
0.44473316484945064	-0.27213697473944526	0.3410881781747121	0.03540717865659637	0.3646730286494064	
-0.13250353125577918	0.09313608624989266	0.060680154430491184	-0.0921653884546366	-0.022131019092692508	
0.0939505265882794	-0.11360480530135111	0.0019843441683019955	0.022786676728874453	-0.27346808164159375	
0.029451755847195574	-0.2708128041369821	0.12953691452960037	0.03493374563533172	0.30630801644541955	
-0.0848850625767803	-0.18481087309912364	-0.002755695893231002	0.03913620638274298	0.016418424647271213	
0.046922840081436455	0.44079623795587364	-0.07371658664728696	-0.01758084352396666	-0.2142483637169929	
0.2858604378582063	-0.2848091462147321	0.16139883099061686	-0.08518518141884102	0.3866844662496161	
-0.2584093493818208	0.09693784842669573	-0.05753262991335414	-0.06822419430278272	-4.1235362727977585e-05	
-0.5073391763270494	-0.576355526810789	-0.24101189410024593	-0.08933327131398992	-0.10937685546571742	
-0.4751592833294553	-0.254992255005399	-0.2563100983844166	-0.10864281547544932	0.04090867188093057	
0.30366154841314974	-0.48640626604296133	0.20351794864278835	-0.04513144564275454	0.4568739171941642	
-0.02179178688126543	0.22225005691444177	-0.0005046879227385561	-0.005548269849563885	-0.3402475055443416	
0.13135623368527366	0.10636126626001721	-0.12619912475950168	-0.010785506000650225	-0.14947284521607695	
-0.08349913688201115	-0.23134857281542634	-0.06908415214497135	0.013901655228207199	0.23542484017787282	
-0.13873914159552306	-0.061908553308357865	0.06875668654541327	0.010371896251059696	0.1625491605354314	
-0.1279882283975198	0.04792598174312789	0.05725761261024748	-0.011639031427771732	-0.050655172580920324	
0.18152233813771654	-0.2814152973013214	0.07019910601727822	-0.02737766151220651	0.36273876772694413	
0.00965967831456304	0.07990311966486464	0.006426962752465031	0.0019656144256126012	0.034891707396239875	
-0.10734905399893702	-0.21225123089722017	-0.06470646780836067	0.020114112464177082	0.16993702154437962	
-0.12916290007913186	-0.40413677946673293	0.11089612877230635	-0.07667615688634806	0.14751237550494226	
0.3036656950257087	-0.6110986361947817	0.17362432565707314	0.07376452963612953	0.48245159871945736	
0.0721963351806902	-0.014889638771054089	-0.05985340042575298	0.02292134846316802	-0.07202914234222903	
-0.09986443689851075	0.07887190896448763	-0.2544814298813116	0.06919833791378059	-0.05508786323630505	
0.27964685739432843	-0.18543366903674183	0.15080280413347438	0.036148705809975576	0.24006870910905484	
0.24273063992930724	0.05639262536779733	-0.14492809887599084	0.08792654741019146	-0.05176281893825298	
0.14086536983156348	0.29755787737940337	-0.025596355068669	0.039517597814534906	-0.24983023532598586	
-0.05342764660810094	0.276692667449092	-0.08470856834836742	0.004657670465670415	-0.15790524944692028	
-0.4270677431948386	0.2159691469053727	-0.12736490828777142	-0.039824327038938054	-0.3014153421538924	
-0.09823160887704126	0.11044557506170308	0.03161274394078205	0.019432623553104805	-0.01624868086815714	
-0.39256387886270117	-0.098672327659565	-0.02934977657797114	-0.03385665634582945	0.009115241972966379	
0.05559111779445068	-0.19537135502146627	-0.003057183880394661	-0.027674177929573048	0.31672142619978644	
0.13661124752157494	0.006915768491299601	0.024497454810958576	0.03713761040667466	0.07923468114930979	
0.27340199180081504	-0.5933303309760553	0.1664768190429586	0.05298233856036227	0.5309060780866429	
0.07047618322267372	0.07482335785399595	0.0824510809121922	0.04599792216004975	-0.031552101077684046	
-0.10133234020938571	-0.07153687454231769	-0.1233836406145102	0.003365404768319434	0.06913001797036977	
-0.092114967162322	0.02051787043836334	-0.015233393885220436	-0.04260361036274248	-0.04561952102721786	
0.0749760490253526	-0.017258313298439524	0.03702409030346293	0.06617458238281622	-0.2597401698553007	
0.277543768218058	-0.3498726853161343	0.08782826707772515	0.0687799481696527	0.03981085077799835	
0.00654654076692593	-0.16042569449908586	0.024486624151995134	-0.03601802058927946	0.34648247544237926	
-0.17293397711088848	0.0015787029462578147	-0.062163041223850565	0.0775834163893884	-0.03237419987714646	
0.36658222493840553	-0.040543806244906166	0.2582104948434864	-0.04942443066847621	0.1267048103136118	
0.2294154657235848	-0.1379468268870921	0.1091147937881089	-0.09208937102695243	0.15472629848512792	
-0.09688638301799396	0.3745571363511767	0.04979195663451294	0.03448169526989525	-0.20531069287303472	
0.19365477127081074	0.24419133354347583	0.014985861438653525	-0.018039734325996957	-0.20924393247407852	
-0.20241882852061083	-0.10361465016548196	-0.2141020789792656	-0.0020861427935111483	-0.1615072436218763	
-0.3112981928510435	-0.18009058101312547	-0.19188065106492463	0.07174112709209826	0.3220144353299138	
-0.1892365245845783	0.06507430940316226	-0.06844322380055896	-0.05513831989534898	-0.03508144431608839	
-0.2540382204626056	0.29176031248079903	-0.2079141176330873	0.04576820875493894	-0.26960647179905506	
0.08501750250464431	-0.37946807910285446	-0.035161105254396606	0.01927576907405075	0.3382662816513852	
0.04137425363184816	0.3193644262724933	-0.07586642614322357	0.0887084312598365	-0.41893378773864015	
0.4727689504781689	-0.513608885017627	0.278167234111522	0.014115023349839266	0.41968233032062235	
-0.0015532437546175375	-0.19121125990608573	0.15185263787550826	-0.04696357396013013	0.2150675011576318	
-0.06505273743451852	-0.031609432739509516	-0.07108045583238065	0.043354162829275206	0.03986152473936283	
0.311721230534743	-0.4623123986497834	0.23843782074217226	-0.09384051023546727	0.3953209053643521	
-0.025615575666462553	-0.02893841767597556	-0.08846903855174873	0.02632932537318794	0.04146332053633989	
0.022717738900567122	0.0296625512326249	-0.06601185715654845	-0.07011064021222752	0.00283500870517657	
0.07506654527090781	-0.0632093116905556	-0.007432176258348022	-0.014213533194019412	-0.0005421628160967307	
-0.06769784590279762	-0.031511871773037894	-0.04762391917929596	0.0689053886458958	0.06006644915528034	
-0.4079681703919277	0.35929722209224907	-0.41353888474319334	0.02888069015203941	-0.12702064212768135	
-0.6597272675864739	0.42296654417043555	-0.41855026559386377	-0.07109171786898046	-0.780367050933406	
0.7567350207522057	-0.8804928103513481	0.46737379680253055	-0.08653351096979751	1.0202879506729476	
-0.2808758901284629	0.059630769711639636	-0.14235090776749218	0.04286342993338901	0.050885072896953785	
0.08677298475090725	0.08742211452825013	0.10154223362241102	-0.08282596221565378	0.06602012111582532	
-0.0894010914664021	-0.06010089077228773	-0.015449467671087819	-0.07849822476296647	0.02473408219954036	
0.006682836972361604	-0.35789075628930733	-0.025692662320239524	0.03884148933833656	0.2237352355114607	
0.09716958877137957	-0.17725775760433127	0.11386075730136046	0.013769936244150547	0.04279893131743904	
-0.12667294317599292	0.23114476140331516	-0.1792146586274098	0.05500240680263842	-0.263769659133578	
0.5817475335851366	-1.0897500875425457	0.38340076439900067	-0.053828279319900675	1.1314216755893782	
-0.7163216536167429	0.47875545947067727	-0.4913826894558687	0.04660321543141625	-0.6770076733737718	
-0.011087594913227129	-1.55478197344934	-0.17796559189075117	0.05422487717551035	1.0542933702119242	
-2.3461567646973847	3.6713585435241867	-1.3900603692795028	0.45191524758418605	-2.81881765112625	
1.3163401981469505	
