            A        R        N        D        C        Q        E        G        H        I        L        K        M        F        P        S        T        W        Y        V
 1 A     -0.0      0.0     -0.0     -0.0     -0.0     -0.0     -0.0     -0.0     -0.0      0.0     -0.0   0.0135     -0.0  -0.0051     -0.0  -0.0001     -0.0      0.0   0.0107   0.0577
 2 A   0.0037  -0.0004  -0.0043  -0.0006    0.001  -0.0032  -0.0067   0.0039   -0.002  -0.0051     -0.0   0.0006   0.0075  -0.0047   -0.007     0.06   0.0374      0.0  -0.0038   0.0005
 3 A  -0.0152  -0.0001   0.0007  -0.0103     -0.0     -0.0      0.0   0.0052     -0.0   0.0104     -0.0   0.0125     -0.0   0.0159     -0.0     -0.0      0.0     -0.0   0.0577      0.0
 4 A     -0.0     -0.0      0.0  -0.0051     -0.0   0.0052   0.0042      0.0      0.0   0.0577      0.0   0.0094     -0.0      0.0   0.0104     -0.0      0.0     -0.0      0.0  -0.0049
 5 A      0.0      0.0      0.0     -0.0     -0.0      0.0   0.0577  -0.0051   0.0104   0.0042     -0.0   -0.001     -0.0      0.0     -0.0     -0.0      0.0      0.0   0.0052   0.0055
 6 A   0.0042      0.0      0.0     -0.0      0.0      0.0     -0.0      0.0      0.0      0.0     -0.0   0.0088      0.0   0.0577  -0.0043  -0.0051      0.0      0.0      0.0   0.0155
 7 A     -0.0  -0.0001     -0.0     -0.0      0.0      0.0   0.0042      0.0   0.0104     -0.0   0.0023   0.0022      0.0     -0.0      0.0  -0.0051   0.0052     -0.0      0.0   0.0577
 8 A   0.0145     -0.0     -0.0     -0.0     -0.0     -0.0     -0.0   0.0577      0.0   0.0052     -0.0      0.0      0.0     -0.0     -0.0      0.0  -0.0051      0.0      0.0   0.0045
 9 A     -0.0     -0.0  -0.0081  -0.0007  -0.0017  -0.0005  -0.0103  -0.0006  -0.0047   0.0004     -0.0      0.0  -0.0004   0.0137  -0.0149  -0.0011  -0.0185   0.0965   0.0293  -0.0016
