TESTRUNID EPOCH: 11 L_PCC: 0.8977392911736817 L_ERR: 0.002694665127882421 T_PCC: 0.8682792406201584 T_ERR: 0.0035781714454374757
180 LAYER: 1
5 LAYER: 2
1 LAYER: 3
11 :ILEARN
-0.09403801943722273	0.04316382495324917	-0.1573328123863633	-0.1071012242567178	-0.1591618392163265	
0.022486780540520886	-0.019012091007286302	0.08527793035798875	0.0864354229817988	0.12219642414637193	
-0.04498048461970827	0.05208098165125164	-0.106485664383469	0.029507724878370667	-0.12986291336867117	
-0.036915228088803896	-1.3251329253183155e-06	-0.15712956681735088	-0.2135199892281482	-0.17671241009540326	
-0.182102568577769	0.062013900336324854	-0.28538893628564616	-0.18508133142648617	-0.18565179363502468	
0.037473778301352866	-0.0726668685826601	-0.15492625210956307	-0.1212914643074253	0.0377552241809742	
-0.07626371190494807	0.007138072983497166	0.06731245710079892	-0.00827673374951978	0.034717765285880504	
-0.05285232279873782	0.04144559666443595	0.03233798112542142	-0.12660894227373315	0.007096286673175615	
-0.07786502256956088	0.03744549487543924	-0.2640591632090091	-0.16172881847265191	-0.31314340231183063	
0.026440621150287315	0.10951080252976517	0.034097655638285845	0.0246963851325682	0.009541494416834268	
-0.20498778959535602	0.037621534731660876	-0.2155629617982401	-0.1914413866353222	-0.15149468291811505	
0.046908706596388454	0.06014407451942836	0.08961439679173061	0.1597159964747394	0.17935902173653168	
-0.11133946545954629	-0.009087146789409792	0.023055151538946158	-0.035914852266366454	-0.09024415992144118	
-0.09334543564740594	0.021511543098201344	-0.12275446376585232	-0.028523472629315677	-0.13150728919596436	
0.02330626814691758	-0.0481916695423975	-0.11563059763631692	-0.02058589235069935	-0.10219748799970696	
-0.21066827336072386	0.07013737443147564	-0.19876323612210678	-0.1239031988915918	-0.15087608752463105	
-0.05957984039483097	0.01773855464000754	-0.10706087892485085	-0.18610035915339798	-0.2136700248484673	
-0.1623221473533457	-0.013793705209949918	-0.20358311604287743	-0.2179952452487829	-0.24885615739765501	
-0.27637103762818976	0.06251274833462728	-0.23904886867859015	-0.1998278509020562	-0.2540766190286088	
-0.04687464749151432	0.10239985487115062	0.07196172270157958	-0.051699029634780784	0.08681671117632991	
-0.3651765793624644	-0.0457443790011455	-0.31251591671100204	-0.3668601268468353	-0.2973110138570645	
-0.03966675339331416	-0.08166371677210343	-0.027133122859037354	-0.05121749205190361	-0.003540955690049864	
-0.07440850200891094	-0.0711371313227666	0.06208049834073374	0.04805359867364404	-0.08403717166581215	
0.03644375072521287	0.0762488684270281	0.02810645113971623	0.007429434200540244	-0.11285189925540819	
-0.28868175163903803	-0.1033941319375148	-0.17346953374482943	-0.07256091534049396	0.06202576055887852	
-0.12122456501934929	0.032247257714117086	-0.1226193109459136	-0.23152099141600288	-0.2028992034819644	
0.15131425148004427	0.14353475395576698	0.1432670137820643	0.03750056455877198	0.20961885520984108	
-0.13705399134792087	0.07090451801856534	-0.1523830866243386	-0.03432180294359515	-0.06374352679106036	
0.2139397108116909	-0.009636544555706205	0.11332361450845548	0.11541125110573411	0.12529966642871462	
-0.2673879921386348	-0.08480132631534402	-0.180250951464299	-0.2225170784772558	-0.3499695540658736	
-0.4475344585750399	0.04661575756622421	-0.43591535856264957	-0.5103634629192058	-0.5241805918165109	
0.04738554518223191	-0.038997533149070764	-0.012534751750596323	0.08094740373933683	0.05715578928760176	
-0.2904539576488838	-0.027931897942636775	-0.2822469471196732	-0.24188799200644445	-0.38106087516607684	
-0.08236315582358823	-0.07496437506461238	-0.007639229831065282	-0.009277305983941966	-0.01970897441607057	
0.14730617791862813	0.1547225739032549	0.21188841610170128	0.1585915841394856	0.18493870729219558	
-0.7248064574144895	-0.09858069740636352	-0.9678723451783053	-0.8866930449582131	-0.9173618240504771	
-0.6684388266090571	-0.20407466343175001	-0.7643347749864199	-0.7873968472676441	-0.8513115577861354	
0.05671012599030284	-0.023563645712156935	-0.019107562054916337	-0.057438736323633846	0.02871966258713661	
0.09398606103475154	-0.050274389691110345	0.18432661441744294	0.16115196732340437	0.20410372239483818	
-0.17892632596526362	-0.14947452280606152	-0.3492738412765746	-0.2634178293291599	-0.22696094556807528	
-0.1974954466432027	-0.014696208675008504	-0.26850196905055623	-0.2912514011795964	-0.3765934997381778	
0.20581423452031838	0.07701744026035946	0.26094052740987334	0.3046265829028367	0.3259625133098939	
-0.13228531357841	0.07132529270701132	-0.17718710079826225	-0.1756403230093349	-0.1691462531348622	
-0.6528032596341723	-0.23396973543212615	-0.6297642659003491	-0.6042557342027226	-0.7794621396162569	
-0.22640609284103574	-0.02567323310982143	-0.3402071598989764	-0.1447564639490163	-0.23682482065980046	
0.0814072582301319	0.020772612727833338	0.08902075856732458	0.08129803938404813	0.07475604582103859	
-0.30298933137230594	-0.050432894984984426	-0.28718169865538334	-0.3276658508130777	-0.32448805263252334	
0.08846407389799633	-0.06194671575607129	0.08621213183243366	0.037253355839504	0.12851961536508538	
-0.05592126316508783	0.09701393138166194	-0.025994009833273317	-0.09451611324244155	0.011840578110572304	
0.024191187524493007	-0.04972494029627557	-0.006100896765932364	0.03288199590734152	0.07630540386152967	
-0.07326682635245645	0.13965844627965143	0.0242861757909809	0.1403951137516282	0.05949887946733113	
0.29731882822909905	0.06546541969690223	0.30203142694431523	0.21498482197073787	0.28842261547821474	
0.035181314924154224	0.11007340256854711	0.059485652873232486	0.050962633684295246	0.053956798256469124	
-0.06964982403314382	0.06384210179883984	-0.08077615120991762	-0.07953944409605712	-0.09516789613882813	
-0.0007894427964852971	-0.013840067771850269	0.015846833776048258	-0.015755116097862593	0.06899289277144015	
-0.16756408322494049	-0.08602463629422522	-0.2118266537239247	-0.22522750674167752	-0.1356536203729752	
0.12046483738945095	0.09351878222979332	0.11197390955925166	0.017690476405076833	0.0383727062840462	
0.10765254316550431	0.04539821913381049	0.08290057227228206	0.017465730883178425	0.018835733479851277	
-0.0996893028668668	0.05763315558585455	-0.13821561937655322	-0.15652309170475762	-0.21577380664725912	
-0.1298689860138109	0.0028442089453419328	-0.13399493199530724	0.039888429363015336	-0.12560618533846485	
0.10893221193776846	0.08782793404187471	0.095773742489341	0.056800908697470266	0.007299041446615867	
-0.10144749585136745	-0.017933934858918865	-0.12015288694912625	-0.07239425923299074	-0.13985399313749425	
0.034117717349936676	0.08374396144164324	-0.09561289614784226	-0.14974494908606162	-0.11869486352530396	
-0.11296516263895452	0.04811982773130026	-0.2084717120648554	-0.2261666729436566	-0.12162369615879827	
-0.09016182391458065	0.03729139699309003	-0.1309586559947283	-0.14411220897965638	-0.008387911650944596	
-0.0005031225539317734	-0.05330616939703138	0.05530435082567041	0.0042545852334746	0.01964790528356927	
-0.027809069066584983	0.07148718030051958	0.02153237636626061	0.030924208502461137	0.07973371742458127	
-0.1323570408175977	-0.023748469884916953	-0.0014552526977155602	0.01412947913391901	-0.07441710865452998	
0.015239608327122494	0.08948678075436162	0.027329126941562944	0.021183675785924186	-0.14486280141170477	
-0.04808475324662527	0.04810903344666471	-0.10515387101976242	-0.02697853247075615	-0.17273490568269412	
-0.04950940039915577	0.05263413853696331	-0.19932086089582882	-0.14892611938260836	-0.09158130003083816	
-0.15754948627798276	0.059668007863436213	-0.08129526957350575	-0.05656346643050235	-0.0206496364499147	
-0.10811073363613673	-0.07324370188856472	-0.023842272471441425	-0.06712703851750802	0.02387530891238501	
-0.04217483993665133	0.1031521834601018	-0.08866672800345059	-0.031262168689841864	-0.16403786129267953	
-0.09211889199993363	-0.08908040121285207	-0.14917627420830412	-0.07934881231588013	-0.17819398992477795	
-0.05170626328665399	0.07385591192071368	0.01177346544951947	0.006412406441283388	-0.06388252939259353	
-0.17296098260363527	0.0024245165577412163	-0.10153887515224536	-0.23731793825869968	-0.20549799219056403	
-0.0845215011034619	0.07633602001744508	-0.0681467574890611	-0.11923825460542951	-0.08202568785782487	
-0.0915863617627686	0.059630713900700176	-0.07687578545888038	-0.10043922013852088	-0.035536780086098035	
0.03109149333177089	-0.01303928834696188	-0.02730748623578415	-0.04330151146221751	-0.015564938563530521	
-0.07851789936588262	0.02875448753279607	-0.32015111522123896	-0.180319365997193	-0.2478728308651317	
0.06763129814737073	-0.04161082313771152	-0.06837988183043257	-0.06671512967889182	-0.05667321876480293	
0.0339476253983086	0.06394708472925133	0.16322678658210865	0.1403534736725237	0.15307341842477848	
0.04808692358686836	0.11249499180735899	0.03912852945532596	0.1193338764557462	0.07236013632297128	
-0.15630359046722375	-0.05186493616348907	-0.10129897303017517	-0.05136033741338306	0.04583514877566917	
-0.1505974888916872	-0.09289295185373084	-0.023668090480682236	-0.07560280311550854	-0.04292128916767659	
-0.11711314244876127	-0.0014995301652467935	-0.11009413823580799	-0.07656622905421243	-0.06714564966815452	
-0.05652711487430601	0.07964126231800754	-0.22199331611771603	-0.10120354917397091	-0.19314022150894047	
0.0543359205217358	-0.07834693246453031	0.02936443816879268	-0.06926473293625425	0.10404230662983321	
0.006304274544225021	0.0601698425381814	-0.010663484751397386	-0.1748863197372286	-0.1606489680917122	
-0.13492304307537417	0.019975697812053394	-0.012954731488164475	-0.006559022202148084	-0.024187450855255827	
0.01379257008317115	0.09582525327322082	-0.036438356047801684	-0.03058073055271568	-0.09834688004762467	
-0.046121042011825014	0.0631870418262812	-0.02451872043982249	-0.02273684508620808	0.12010340880690519	
-0.18321275792384653	0.0850334791994898	-0.24025752036233075	-0.18012513432802582	-0.19786177011176825	
-0.01258137110760532	-0.018830703053073623	-0.1294418044129516	-0.08745943306390525	-0.06154877769863399	
-0.10564448982370381	0.03691557549712627	0.010937501949690965	-0.14617213238996218	-0.04356020944122266	
-0.008622371019348037	0.06909485349968786	0.010178293170919811	0.04462160611029456	-0.0006148290026819328	
-0.03723536143122179	-0.030277088683942053	-0.17332834007528378	-0.10066652470688471	-0.13595561453875177	
-0.011654955279139982	0.07449887768178592	-0.057257661978162164	-0.09688429705304369	-0.06467979631289231	
0.009013360440035612	0.0820789312269698	-0.022289990000678665	-0.010040483490909665	-0.15268071509806438	
-0.04134377736962618	-0.04135355717564701	0.009377986111164716	-0.01885918789149593	0.051023299494389315	
0.01054824554351707	0.07668520274877005	-0.08861973476248679	-0.013980910329098336	-0.06585481440098566	
-0.12144741148818616	-0.05078000464023	-0.23074739532056227	-0.1978304138703846	-0.15410885426066206	
-0.19137147829627152	-0.0022157191116346144	-0.2622172300070967	-0.19839410520262496	-0.16651550622603348	
0.06345282489880485	0.044410220026101434	0.19359512194577896	0.17370147966896157	0.04269652996429102	
-0.048610476247776056	-0.05801166189894418	-0.03684518087008253	0.007338316109588523	-0.01181542079028384	
0.13308014730901627	-0.04686264181604331	0.12698928727973655	0.07513967015231773	0.0833733007476792	
0.020062053338860377	0.0498424748578061	-0.009639987405309912	-0.12487779666815448	-0.08275978656836284	
-0.06676333296877959	0.04104210043603837	-0.11746054983949937	-0.09824022923733727	-0.1272611551737025	
-0.13563397420545567	0.07897294834211145	-0.08869006107419254	0.08348135186832453	-0.06710538776380359	
-0.07404448808195219	0.03369470257488616	0.00040262265241191583	-0.008824899698283931	-0.05751073923282773	
0.1165980372236997	0.031896376307942266	0.19377893246684913	0.1719557605251806	0.06514347001387509	
-0.11316461185093778	0.02436604397917847	0.03212914919561309	-0.09307987358130461	0.05554073723988225	
-0.0785693239112766	-0.024870909795694007	-0.12628144881102502	-0.10503241632317681	-0.15575485095080743	
-0.0897480058190285	0.07982643963820063	-0.07126458401168145	-0.11485683555451581	-0.11206136180617383	
-0.04933140192873132	-0.05155060522701964	-0.03611545064381673	-0.02902522958966032	-0.10213434562367399	
-0.05713183190921471	-0.061309655236993596	-0.08228276515406813	-0.1569261221712337	-0.08085614502693748	
-0.11537047145023845	0.0733722440904791	-0.20103369988823785	-0.22184955858590813	-0.10940102437156522	
-0.021962753393022536	0.04244079523233495	-0.009362264420293627	-0.08901342673884206	-0.025698863351768502	
-0.0887461215010885	-0.04557511944547222	-0.061970369695540144	-0.10458575765331381	-0.09409969501479681	
-0.11036914555904562	0.03650782277895781	-0.22697806058162195	-0.20722840669376272	-0.2105152309506723	
0.21058257931042915	0.06895026071382863	0.18088741727800056	0.10697045958566115	0.2360342233380757	
-0.005780000612696935	0.08666804701743554	0.012411828170002267	-0.038563641489229486	-0.09822234534041628	
-0.020625682818793258	-0.07717844625088881	-0.20925209038290027	-0.14932648113779323	-0.1292897860149727	
0.0024695760748710428	0.07926453203528881	-0.022612468228447143	0.10861161784390315	0.13802329494061907	
-0.14335199013882266	0.007344347108721466	-0.060507764279815086	-0.09356439890248747	-0.1371837868339803	
-0.1877654852014357	0.03479364633877143	-0.09915272187081152	-0.19396502597063925	-0.12088333645735602	
-0.2019003376824534	0.0719433413873435	-0.20200687794399474	-0.15408176852642969	-0.1805679854913784	
-0.1428740717297223	0.06806040227914979	-0.17789288414137358	-0.13320484744931196	-0.11886968508356027	
-0.021312799434771844	-0.02611990722696496	-0.017370655497167403	0.07039095005319712	0.004311141193362356	
-0.30880874797523794	-0.08579820533759289	-0.254468412366734	-0.3548113644019602	-0.2471915793594945	
0.09955025200889296	0.04166964471427569	0.1556216243774606	0.27367711521693794	0.17338265562917188	
-0.07128232752388981	0.04635007945736121	-0.15719257300020098	-0.06746687535086399	-0.17015652298437345	
-0.028568715346654068	0.06550002745074175	-0.21201068909337392	-0.045454860479413384	-0.21482172576040925	
0.04185253123199955	0.02811405155252954	-0.03642365917383372	0.01208389281574378	-0.007352471167184233	
0.029980435205499943	-0.04958367124506204	-0.15614762299816837	0.015337436955710246	0.002614878050240398	
-0.11725177686602324	-0.005989972935647293	-0.12348736723144287	-0.1103257061370873	-0.216190471694306	
-0.1564244824275308	0.052955149657188935	-0.2299418298147419	-0.28889740917795653	-0.25707514912686413	
0.034534359014584674	0.08450682272815865	0.18251665199026038	0.05180729967855657	0.05030881829664041	
0.021066776159004947	-0.007565384363823555	0.17237252345826773	0.09708082902362848	0.041233904592625374	
-0.06416702374698746	-0.04235911692732722	0.015477633414771189	-0.06731110252415647	-0.027240490041115655	
-0.025887512973939125	0.09888743729254094	-0.038912264313068504	-0.06167851619742809	-0.02794267962422799	
-0.05790723344075587	0.015165664828221005	-0.047114437928975454	-0.013523284324570057	0.06285089629260972	
-0.081782964713208	0.08280041032839672	-0.14224880006814353	-0.09450630676869691	-0.1736027456021599	
-0.02737321441412371	0.06971398552534164	-0.036170546689054936	-0.0067490574381326475	-0.023176017979923882	
0.1021654681276799	0.10419039505430233	0.018475160276789273	0.09258190371549747	0.16436047249238267	
-0.041848161831482864	-0.05030211722694223	0.013570565820017493	-0.1182578686971348	-0.04506332757605527	
0.0869709955404369	0.13652356202512578	0.09166109963312428	0.11915028878235648	-0.006671435588092789	
0.08270151932276931	-0.05928145106751789	-0.018536729633545	0.09775592131080636	-0.11771864914048367	
-0.05146536574892974	0.049971122350099276	-0.14487354427668098	-0.16046117506541038	-0.05177383278964189	
-0.26856278269925377	-0.12108214488028864	-0.24133550711753832	-0.21462015354263336	-0.29815599753666727	
0.0017109354325272298	0.004004057966750348	-0.06551997994334766	-0.12445251484493741	-0.1364392537696707	
-0.11084916911946917	0.07371555580746768	-0.0710073157572245	-0.10514641618190741	-0.08070559208264282	
-0.30102421134442503	0.019779903305706815	-0.10652326489161505	-0.049147210405216225	-0.1724664644226041	
0.08446097028755926	0.08697959389099533	0.05967851275986818	-0.008889840073756003	0.02003266936577654	
-0.019219881698267542	-0.017504346278731965	-0.037405995490457825	-0.026811176214989036	-0.041014867718108534	
0.04022988363831846	0.10968236818876863	0.020214769010795927	0.11617433163105649	0.06634273303531484	
0.042154519975875444	0.12526438060519535	0.15646922660031726	0.06832101923566607	0.16208636720323444	
-0.030842338459477477	-0.017674742293602837	0.030537042271053944	0.09443222973160215	-0.010188312611345625	
0.05406220303645872	-0.05303650674304306	-0.011955920224767404	-0.016679257963508737	0.06946505579638527	
-0.05513371977004579	-0.05464490506810683	-0.1405867224385549	-0.06703708507337929	-0.16205208063626741	
-0.05530203624066648	-0.04968817003248524	-0.14907694691208578	-0.12554638073370236	-0.22460757928062167	
-0.22475805598984508	-0.010458645765152144	-0.06910289625628471	-0.1735799471815127	-0.09316056221184044	
-0.16504710708578207	-0.008955327412874725	-0.19963556887716655	-0.0757275406942832	-0.0837385565531915	
-0.04306583016751641	-0.021185605008807954	-0.07794579618118007	-0.15920726451280878	-0.1090199547133344	
-0.041717839439117964	-0.017966329232480076	-0.10410640662431932	0.005735701919604599	0.015929744857188424	
0.15036763040003925	0.07303637690606818	0.08005798067378402	0.06225455881656913	0.1503928553338651	
0.017157823161974617	-0.034159743584275704	-0.08485544844875924	-0.08623645638001556	-0.09309208863850339	
-0.3769222060241221	-0.12116172299136656	-0.40198084865620126	-0.24557450603478673	-0.26717552913968073	
-0.21846086500271256	0.004968440108803603	-0.32309200723425635	-0.22802985094778486	-0.2578031168632977	
0.06846810309590606	0.04349365926990361	0.021485919909012784	-0.09100967833169092	0.005744835879298974	
0.04360603329104771	0.11997831326251723	-0.031476393786694555	-0.13798010109761286	-0.046717331915373826	
-0.05305568646278488	-0.022511685093973582	-0.08929703623007038	-0.05185522452532012	0.013091642539431292	
-0.08409570521295026	-0.07249842580089347	-0.12121387802623096	-0.2410068261992484	-0.06675765493605783	
-0.14782175492696842	-0.02971576781942118	-0.1032244292971408	-0.1547425870396207	-0.05163105464628185	
-0.21419263015874299	-0.033147804804666794	-0.24601606884354077	-0.10178779273321285	-0.11469636683218042	
-0.05471426931406724	-0.038415522811199074	0.003241640346625315	-0.07742121606385748	0.024635114566869946	
-0.06914453984605261	-0.018380962256404176	-0.15021229133978878	-0.029348633709228054	-0.1827603137108282	
-1.0079043501546268	-0.2853187680990518	-1.169738516256203	-1.0196652332061422	-1.0128621875983808	
-0.3229301942644524	0.02542169492504584	-0.34212073831047274	-0.2466213732105533	-0.35045571589406516	
0.129068810825437	0.04173637747405946	0.14654609485733147	0.31052986116944004	0.24469341457381247	
-0.974187280706863	0.06058467490258434	-1.2528178154804706	-1.136182240694393	-1.3126423226686454	
1.9291947639316605	
