            A        R        N        D        C        Q        E        G        H        I        L        K        M        F        P        S        T        W        Y        V
 1 A  -0.0658   0.0001   -0.116  -0.1644  -0.0599  -0.1871  -0.0436  -0.0625   0.0102   0.0213  -0.0157   0.0057  -0.0192  -0.0466  -0.0585   -0.054  -0.0928  -0.1384  -0.0266  -0.0495
 2 A   0.0271  -0.0055  -0.1351  -0.3557  -0.0492  -0.0503   0.0085  -0.2796  -0.0876  -0.0782  -0.0279     -0.3  -0.0761  -0.0519   0.3294  -0.0237  -0.0323  -0.0551   0.0016  -0.0385
 3 A   0.1327   0.2099   0.0111    0.125   0.1954   0.0278  -0.0031   0.0792   0.1027   0.0884   0.0193   0.0037   0.0959   0.0851   0.0883   0.0993  -0.0095   0.1553   0.0682   0.0871
 4 A  -0.1273  -0.0773  -0.1019  -0.0675  -0.2674  -0.0983  -0.0808  -0.0815  -0.0571  -0.1365  -0.0159   -0.064  -0.1654  -0.0421  -0.0862  -0.0995  -0.0216  -0.0061  -0.0412  -0.0592
 5 A   0.0351   0.0885   0.0355  -0.0367  -0.0428  -0.0716  -0.0184   -0.015  -0.0171  -0.0323  -0.0339   0.0104   0.0196   0.0616  -0.0061   0.0208  -0.0051   0.0268  -0.0151   0.0248
 6 A   0.1004   0.2268   0.1514   0.1154  -0.0168   0.0488   0.0719   0.1145   0.0739   0.0851   0.1256   0.0919   0.1436   0.1264   0.0841   0.1225   0.1921   0.1344   0.0374   0.1123
 7 A   0.0774   0.1176   0.1033   0.0692  -0.0072   0.0748   0.0848   0.0894   0.0724   0.1245   0.0922   0.0715   0.1509   0.1447   0.0981   0.0867   0.1259   0.0398   0.0348   0.1174
 8 A   0.0775   0.0049  -0.1168  -0.0189  -0.1099  -0.0089  -0.0173  -0.0036  -0.1713     0.01   0.0097  -0.0332  -0.0076  -0.0134   0.0933   0.0731   0.0272   0.0215  -0.0156   0.0262
 9 A  -0.0731  -0.1598  -0.0093  -0.1973  -0.2625  -0.2655  -0.0862  -0.1249  -0.0145  -0.0291   0.0283  -0.0542   0.0639  -0.0025  -0.2066  -0.2401  -0.1324  -0.0594  -0.1054   -0.042
