            A        R        N        D        C        Q        E        G        H        I        L        K        M        F        P        S        T        W        Y        V
 1 A  -0.0389  -0.0311  -0.0624   -0.042  -0.0176   -0.028  -0.0151   -0.067   0.0611  -0.0182   -0.033   0.0599   0.0317  -0.0384  -0.0423   -0.027  -0.0017  -0.0173   0.0594   0.0002
 2 A   0.0214   0.0229  -0.0081  -0.0321  -0.0434   0.0376  -0.0027  -0.0804  -0.0256  -0.0424   0.0114  -0.1063    0.015   0.1238  -0.0483  -0.0157   0.0279   0.0029   0.0843   0.0319
 3 A   0.0758   0.0177   -0.058   0.0344   0.0008  -0.0234  -0.0039  -0.0051    0.055    0.017  -0.0318   0.0059  -0.0037    0.046   -0.003   0.0063  -0.0427   -0.027  -0.0131   0.0967
 4 A  -0.0411    0.006  -0.0272   0.0182   -0.107  -0.0301  -0.0486  -0.0273   0.0181  -0.0115  -0.0007  -0.0199   -0.053   0.0471  -0.0209   0.0185   0.0204    0.023  -0.0154   0.0734
 5 A  -0.0439  -0.0282    0.019  -0.0501   0.0097  -0.0221   0.0515   -0.003  -0.0097    0.014  -0.0262  -0.0313  -0.0516   0.0408  -0.0072  -0.0506  -0.0249  -0.0293  -0.0144  -0.0512
 6 A  -0.0064   0.0268    -0.02  -0.0038   -0.064  -0.0012  -0.0142   0.0019  -0.0065   -0.018  -0.0211   0.0468  -0.0223   0.0174  -0.0277  -0.0222  -0.0194  -0.0012   0.0087  -0.0015
 7 A  -0.0526  -0.0129   0.0496  -0.0043  -0.0615  -0.0047   0.0279  -0.0696  -0.0614  -0.0473   0.0845  -0.0534  -0.0404   0.0853     0.01   0.0082   0.0206   0.0177  -0.0072  -0.0336
 8 A  -0.0293  -0.0235   0.0132  -0.0038  -0.0035  -0.0004   0.0524   0.0717   0.0045   -0.046     -0.0   0.0186   -0.019  -0.0149   0.0277   0.0712   -0.024   0.0226   0.0021    0.063
 9 A   0.0097  -0.0856  -0.0146   0.0295  -0.0251  -0.0584  -0.0604  -0.0769  -0.0189  -0.0042   0.0083   0.0096   0.0129   0.0923  -0.0248  -0.0223  -0.0199  -0.0045   0.3362  -0.0212
