            A        R        N        D        C        Q        E        G        H        I        L        K        M        F        P        S        T        W        Y        V
 1 A  -0.0004   0.0842  -0.0032  -0.0111  -0.0093  -0.0151  -0.0042   0.0167   0.0097  -0.0011   0.0017   0.0119   0.0125   0.0038  -0.0004   0.0503  -0.0119   0.0191   0.0383   0.0078
 2 A   0.0092   0.1664  -0.0061  -0.0088  -0.0153   0.0646  -0.0081  -0.0095   0.0099  -0.0057   0.0002   0.0365   0.0411  -0.0225  -0.0124   0.0052  -0.0085   0.0001  -0.0209  -0.0163
 3 A   0.0299   0.0064   0.0138   0.0029   -0.005   0.0243   0.0013  -0.0094   0.0047   0.0173   0.0289   0.0056   0.0001   0.0142  -0.0115   0.0096  -0.0102   0.0119    0.058   0.0061
 4 A   0.0046   0.0051   0.0115  -0.0105   0.0096   0.0087  -0.0003   0.0445   -0.012   0.0121   0.0223   0.0091   0.0121   0.0142   0.0061   0.0277   0.0017   0.0258   0.0064   0.0003
 5 A   0.0348    0.004   0.0173   0.0157  -0.0064   0.0045  -0.0097   0.0034   0.0224   0.0113   0.0179   0.0225   0.0076    0.005   0.0049   0.0056   0.0085   0.0146    0.001   0.0142
 6 A   0.0127   0.0175   0.0338   -0.012   0.0032  -0.0028   0.0127   0.0033    0.015     0.03   0.0242   0.0058   0.0003   0.0052  -0.0049    0.016   0.0142   0.0101   0.0014   0.0132
 7 A   0.0422   0.0348   0.0112  -0.0082  -0.0054   0.0134  -0.0009   0.0027   0.0093   0.0145   0.0157   0.0169  -0.0124   0.0001   0.0046   0.0054  -0.0156   0.0182   0.0524   0.0001
 8 A   0.0027   0.0049  -0.0015  -0.0048   0.0198  -0.0016  -0.0045   0.0302   0.0062   0.0016   0.0302   0.0262  -0.0063   0.0043   0.0309   0.0281   0.0214   -0.002   -0.004   0.0177
 9 A  -0.0031   0.0402  -0.0033   0.0036  -0.0005   0.0046   0.0026  -0.0075   0.0097   0.0001   0.0014   0.0852   0.0003   0.0315   0.0073   0.0024   0.0061   -0.007   0.0203   0.0051
