            A        R        N        D        C        Q        E        G        H        I        L        K        M        F        P        S        T        W        Y        V
 1 A   0.0241   0.0006  -0.0015  -0.0082    0.004   0.0011   0.0044   0.0027  -0.0103   0.0239   0.0144   -0.004   0.0189   0.0136   0.0086   0.0087    0.003   0.0107   0.0176  -0.0047
 2 A   0.0356   0.0116  -0.0092      0.0  -0.0007  -0.0132  -0.0072  -0.0041   0.0049    0.014   0.0139  -0.0102   0.0052  -0.0022  -0.0026   0.0374   0.0282   0.0028  -0.0019    0.025
 3 A   0.0063   0.0119   0.0085   0.0599  -0.0004  -0.0046  -0.0075   0.0032   0.0015   0.0082   0.0012  -0.0039   0.0005   0.0034   0.0187   0.0126   0.0018   0.0007   0.0039   0.0015
 4 A  -0.0002   0.0049   -0.007   0.0104   0.0007   0.0051   0.0078   0.0074   0.0053   0.0111   0.0093   0.0104   0.0058  -0.0053   0.0174    0.016   0.0172   0.0038   0.0043   0.0032
 5 A   0.0228  -0.0048   0.0026   0.0076   -0.001   0.0081   0.0097   0.0079   0.0042   0.0122   0.0113   0.0079   -0.004   0.0242   0.0018   0.0055    0.002  -0.0042   0.0074   0.0063
 6 A   0.0209   0.0018  -0.0026    0.003  -0.0027   0.0085   0.0082   0.0096   0.0285   0.0192   0.0004  -0.0057   0.0009   0.0097  -0.0098   0.0128   0.0122   0.0047   0.0013   0.0066
 7 A   0.0448   0.0094  -0.0046   0.0008  -0.0039  -0.0117   0.0056    0.006   0.0066   0.0044   0.0138  -0.0094    0.003   0.0117   0.0145   0.0044     0.01   0.0143    0.002   0.0057
 8 A   0.0237   0.0022   0.0016   0.0002   0.0089  -0.0125   0.0027  -0.0081   0.0106   0.0072   0.0186   0.0143   0.0133   0.0027  -0.0014   0.0057   0.0075   0.0033   0.0262   0.0007
 9 A   0.0057   0.0031      0.0   0.0047   0.0065  -0.0072   0.0056  -0.0039   0.0008   0.0042   0.0226  -0.0038   0.0069  -0.0014   0.0035   0.0049  -0.0004   0.0065   0.0508   0.0183
