            A        R        N        D        C        Q        E        G        H        I        L        K        M        F        P        S        T        W        Y        V
 1 A   3.5127   4.1454   -999.9   -999.9   -999.9   -999.9   2.4218  -0.4873   -999.9  -0.2434   -999.9  -1.7844   -999.9   0.8224   -999.9   1.4357  -1.4133   4.5307   -999.9   -999.9
 2 A  -2.4873  -1.4693   -999.9  -1.5782   0.6439   1.7566   7.2064   -999.9   0.5307   -999.9   -999.9   -999.9   0.6439   -999.9  -0.6392  -1.7342   -999.9   -999.9   -999.9  -2.4481
 3 A   0.6826   -999.9   2.1178   0.4218   0.6439   -999.9   1.5917  -2.4873   0.5307   1.7566  -3.3271   -999.9   2.6439   4.4371   -999.9  -1.7342  -1.4133   -999.9  -0.0684  -2.4481
 4 A   1.5127  -1.4693  -1.0521   1.5917   -999.9  -0.2434  -1.5782  -0.4873   0.5307   -999.9   1.3167   -999.9   -999.9   -999.9   4.0046   -999.9  -1.4133   4.5307  -0.0684   1.5519
 5 A  -2.4873   0.5307   2.9479   0.4218   -999.9   1.7566  -1.5782   0.6826   0.5307   1.7566   1.3167   -999.9   0.6439  -1.1776  -0.6392  -1.7342   -999.9   -999.9  -0.0684  -0.4481
 6 A   -999.9   0.5307   -999.9   1.5917   0.6439   1.7566   0.4218  -2.4873   3.7006  -0.2434   -999.9   0.2156   -999.9   1.9923  -0.6392   1.4357   0.5867   2.5307  -0.0684   0.7218
 7 A   -999.9   -999.9   2.9479   -999.9   -999.9  -0.2434   -999.9  -2.4873   3.7006   0.9266  -1.3271   -999.9   -999.9   1.9923   1.3608   1.4357   3.7566   4.5307  -0.0684  -2.4481
 8 A   2.1565   1.7006  -1.0521   0.4218   -999.9   -999.9  -1.5782  -2.4873   2.5307  -0.2434   0.6729   -999.9   -999.9   -999.9  -0.6392  -1.7342   3.2306   2.5307   -999.9   0.7218
 9 A  -2.4873   -999.9   -999.9   -999.9   -999.9   -999.9   -999.9   -999.9   -999.9   -999.9   5.0127   -999.9   0.6439   3.9923   -999.9  -1.7342   -999.9   -999.9   -999.9   2.1958
