            A        R        N        D        C        Q        E        G        H        I        L        K        M        F        P        S        T        W        Y        V
 1 A  -0.0907  -0.0181    -0.02  -0.0013  -0.0697  -0.0639  -0.0357  -0.0464   0.0614   0.0139  -0.0047  -0.0411   0.0079  -0.0582  -0.0374   0.0693  -0.0447   0.0039  -0.1221  -0.0062
 2 A   0.1335   0.1092   0.0142  -0.1061  -0.0733   0.0184    0.266  -0.0436  -0.0152  -0.0356  -0.0422  -0.0334   0.0442   0.1867  -0.0139   0.0403   0.0114   0.0239   0.0026  -0.0046
 3 A  -0.0254  -0.0631  -0.0893   0.0355    0.089  -0.0312  -0.0518   0.0434   0.0944   0.0167  -0.1186  -0.0676    0.002   0.0587  -0.0395  -0.0149  -0.0884  -0.0792  -0.0489   0.0671
 4 A   0.0005   0.0412  -0.0144    0.087  -0.1179  -0.0937   0.0069  -0.0259  -0.0253   0.0397   0.0198  -0.1116  -0.0696   0.0605  -0.0159  -0.0611   -0.075  -0.0043  -0.0184  -0.0031
 5 A  -0.0387   0.0332  -0.0033  -0.0327     0.08  -0.0059   0.0236   -0.081   0.0392  -0.0958  -0.0188   -0.116  -0.0057  -0.0006   0.0532  -0.0563  -0.0086  -0.0459   0.0871  -0.0184
 6 A   0.0017  -0.0373  -0.0051   0.0297  -0.0517  -0.0978   0.0414   0.0044   0.0256   0.0803  -0.0863   0.0876  -0.0459  -0.0176  -0.0383   0.0121   0.1064   0.0714   0.0605   0.0442
 7 A  -0.0686  -0.0032  -0.0051  -0.0678  -0.0155   0.0183   0.0372  -0.0798  -0.0201   0.1012    -0.01  -0.0794  -0.0331   0.0412   0.0059   0.0543    0.009   0.0077   0.0482   0.0729
 8 A  -0.0923   -0.028   0.0145   0.0264  -0.0646   0.0233   0.0146   0.0651  -0.0458  -0.1022   0.0326  -0.0131   0.0015   0.0131   0.0087  -0.0058     0.04   0.1164  -0.0068   0.1944
 9 A  -0.0197  -0.0815  -0.0254   0.0236  -0.0327  -0.0449    0.014  -0.1761   0.0064  -0.0431   0.0033   0.1413   0.0361   0.0166  -0.0971  -0.0497  -0.0082   0.0096   0.1783  -0.0016
