TESTRUNID EPOCH: 54 L_PCC: 0.9115315246616681 L_ERR: 0.0023555019298707024 T_PCC: 0.862320774513137 T_ERR: 0.003725646311339404
180 LAYER: 1
5 LAYER: 2
1 LAYER: 3
54 :ILEARN
-0.08144769409245824	0.04309835908649177	-0.14509209539945928	-0.08816571453941813	-0.14330318029317426	
-0.001247763835879292	-0.017210289924401094	0.06510050060229848	0.06341170672852185	0.09237288007775589	
-0.04046814037911235	0.04997079028686636	-0.08819600319092304	0.04633472115211756	-0.117111428767949	
-0.03131220687535654	-0.003374874620808836	-0.12803607567811065	-0.18535403878456105	-0.1650061143619579	
-0.13960439876018768	0.05525731971104432	-0.23980171326868382	-0.14460905462232868	-0.13253463139056695	
0.0387127171532714	-0.07006684477085785	-0.140226034885873	-0.10835810918387516	0.04109143508537947	
-0.08191127332427678	0.003911999778323304	0.0730338789946988	-0.006969272937816685	0.03137446698082992	
-0.07517888478335673	0.03741074536741395	0.010325376966860093	-0.1320245381699348	-0.008354336944693617	
-0.0576520288817428	0.036581278051957725	-0.23064677061303862	-0.13054689810100056	-0.2739240123532851	
0.029608792866423907	0.10628672626637961	0.020771419131910447	0.012087314775752126	-0.0020468664864994966	
-0.19064213849279735	0.0338543506292611	-0.20500215660259502	-0.1758933108588147	-0.1373437066773783	
0.014083532739007636	0.06227847624437814	0.06243448198632198	0.1258881971769748	0.1411488756429466	
-0.09806472273149607	-0.010543957378936679	0.02699323922142538	-0.030180266226307848	-0.08014808870090788	
-0.056593474038310755	0.014937976649647466	-0.09765778420498912	-0.008165667440962785	-0.09040495218256898	
0.01578893423758274	-0.05302180216968803	-0.111081396573861	-0.012400910146201441	-0.10362299730391189	
-0.19927149711614342	0.07018452930212327	-0.1764274679555301	-0.0985168291805838	-0.13446004440783205	
-0.05176898582819195	0.016421998520393746	-0.09205723178079943	-0.16687719979004856	-0.20452067630207518	
-0.13436721498487028	-0.016486145597166386	-0.17744953735902977	-0.18953621669025503	-0.2308551624978126	
-0.24068050254264267	0.061977190876279856	-0.20867543160326402	-0.1735433564308597	-0.21941493148383703	
-0.042672568612967005	0.09975503423974579	0.060086458181557924	-0.062473617885783754	0.07360719831628262	
-0.3177534564625082	-0.04940170511815293	-0.2558142519970081	-0.31115554581658283	-0.25322454962691027	
-0.05271578358826952	-0.08559725772871334	-0.03964356214977419	-0.059207923218421346	-0.01760188491923547	
-0.0663626575377471	-0.07704536693917577	0.07915073921647517	0.0597140870404598	-0.06854394825590428	
0.03518514854668619	0.06754267813150239	0.03895683687719411	0.015254070401001697	-0.10287664484473599	
-0.24667789561418746	-0.11141737006872778	-0.1426936283254881	-0.061178733563431585	0.06205329877219797	
-0.1256579537557303	0.03068753762283306	-0.12427736621479642	-0.22187627361756843	-0.21541708948406443	
0.14097505749868527	0.13871312858751664	0.13622635424489488	0.029691886818704796	0.20619114656081747	
-0.13939614692968294	0.06333376648835458	-0.14167132428266305	-0.027193625412414685	-0.06118586827611813	
0.1929255987930197	-0.010434329893744706	0.09573342536662105	0.0971071776686666	0.1108050723515035	
-0.24893494052337925	-0.0837365805576378	-0.168617803749592	-0.1954581476747941	-0.33443254902306335	
-0.4111688779882995	0.05166244071125067	-0.3971983054128543	-0.45327163983290886	-0.4898117643958384	
0.028645960412185152	-0.043883979338655454	-0.0305770248184543	0.06720218743866922	0.036251767160602015	
-0.26603957241693554	-0.023142884524063306	-0.26069686329969755	-0.19841643512370205	-0.3610428252214148	
-0.06681036012571603	-0.07106416738987148	0.010435220003518632	0.01282418389290159	0.00244043727034872	
0.1257711918325718	0.1497791762984147	0.19332776041543354	0.13751520946563703	0.18437661001887684	
-0.6566541640617665	-0.10504411293033297	-0.8778312446659596	-0.7969036656338311	-0.8624196250355649	
-0.5908285885322896	-0.206564215003679	-0.6707757250251274	-0.6941181437379319	-0.7742086590550522	
0.05798059278521034	-0.024154093514620063	-0.01586524294963277	-0.043598203397348635	0.03557549666194165	
0.0825517005159155	-0.04655521810041878	0.1699296975274222	0.15302748359770252	0.1954526889203922	
-0.15025335793604805	-0.15039513869085364	-0.32711630842921613	-0.2304839102194933	-0.205715298438734	
-0.18735991878721545	-0.016578614183600505	-0.2569418388596953	-0.27124578974252445	-0.3730361204966936	
0.17172343542997942	0.07531314786840283	0.21566896102572253	0.2687396807228429	0.30087921982571586	
-0.11027219899877538	0.06773983208856958	-0.1696538653405284	-0.15877381516478953	-0.15258384621519322	
-0.5866786498689108	-0.24151950579271445	-0.5790380089257438	-0.5271289956260602	-0.7228081724496755	
-0.204322938739786	-0.035566199853799024	-0.28105421252570356	-0.12255658104977937	-0.22578098806832683	
0.07352604506838349	0.017971620700637844	0.06858647467898146	0.07524664695810232	0.06882642917849816	
-0.2741459250320436	-0.053480158691411685	-0.2656301697805162	-0.2920889288823852	-0.2935520863884357	
0.08867649219483288	-0.06567400364405165	0.08226332287540059	0.03816198501547596	0.12949897155938708	
-0.05363570130034628	0.09305628659120989	-0.026686733841531314	-0.08626556614495516	0.01880764812322804	
0.0146545079776116	-0.05193854001831542	-0.011409897352594114	0.02759359671791076	0.06553038009963505	
-0.09094402301826011	0.13671051801582415	0.007415855587236172	0.12396866443523295	0.03672008342345445	
0.2631739250827528	0.06256877148154999	0.25597410378383806	0.17686593848554602	0.26125248417745883	
0.014236778233449756	0.10923643359300497	0.03460757409420087	0.03020474388147237	0.022905353842084166	
-0.05724256740123243	0.065321318604455	-0.05086538581765995	-0.060595573896240575	-0.07491749384562052	
-0.001523203663842854	-0.01790839703197218	0.018168470813436716	-0.0076557421425876935	0.07322025313311811	
-0.1548023761003605	-0.08872991525639615	-0.2107922544441999	-0.2169759426088662	-0.13512143312858685	
0.12674284150992035	0.09076319603236874	0.11232941181709538	0.020086936918394426	0.04543508517940894	
0.1049441906934926	0.04687860203824346	0.0850382403910177	0.0228412963669543	0.026932308092618526	
-0.0897417664698612	0.05960449521167151	-0.11665874248035236	-0.1331418273710159	-0.1942560438756093	
-0.13526095765883392	0.0007880719704187867	-0.13389160998711952	0.03946189795600781	-0.13192387006436262	
0.11200494880782495	0.08643553521560522	0.09392463309175411	0.05937884529429708	0.018910195906437773	
-0.0933916952106573	-0.021530527569389522	-0.11264556492315882	-0.05964313928914965	-0.13586914304134884	
0.049652334924618444	0.08151211675157033	-0.08372108813728871	-0.12876715706866657	-0.09477833258382745	
-0.08187026946598328	0.045246707438228326	-0.1677898783504252	-0.18291890185278387	-0.07206797525174245	
-0.10744752589497265	0.03151705574010961	-0.1562282881587328	-0.16395903305021936	-0.05045454523893672	
0.0028763653904364016	-0.05466413243214334	0.06687432454774606	0.017202663768457888	0.027382220032451984	
-0.030498810301985847	0.06906849949139468	0.021250103331656944	0.03494355671886114	0.08188560826618597	
-0.1342470561166421	-0.027634673652119864	-0.01655755059247533	0.0063090615336215995	-0.07286479903127736	
0.029297357693462762	0.0892819499747328	0.029222909707019566	0.031177534964029273	-0.13882400527719044	
-0.0322959883710457	0.044116219448856187	-0.07155644667151212	0.0013308743029654354	-0.14826443356111643	
-0.05253831007162826	0.04996715063153231	-0.18427942937585162	-0.14029994574265184	-0.09866871713906002	
-0.13482366406594257	0.057383941520693864	-0.05781093802418834	-0.027811908231723706	0.0004909982675297709	
-0.10417113078545556	-0.07400432093347636	-0.005909941031195012	-0.051727326485884226	0.026042848854873835	
-0.03795539173750881	0.10003027716852692	-0.08807413489754247	-0.03106438497933689	-0.1638428121679279	
-0.08844260359281021	-0.08818202499938943	-0.14269275425826133	-0.07111023887728925	-0.17347622166173188	
-0.04112691508858474	0.07305329146218345	0.019689636183671953	0.020388610401351537	-0.045730027239863864	
-0.16060174691366588	0.0033729819852790534	-0.0815602630148676	-0.21197703369324483	-0.18996148924207232	
-0.0855167292707592	0.07164528976719425	-0.06724741575020177	-0.11701148965926535	-0.08047441678244752	
-0.07902477017750624	0.05837280686778074	-0.06996642724238689	-0.09315225582198583	-0.022758369918727317	
0.039835785640633316	-0.01678362328895292	-0.003907644471616676	-0.02360704727024653	0.0012581008289460497	
-0.0697600233899126	0.0295444265153129	-0.3085782288897173	-0.1593160940340352	-0.23312920099161774	
0.0700438764110478	-0.043686879485854646	-0.0672350408116213	-0.05608015678834093	-0.05011586301529034	
0.023418427452291928	0.06395227273818496	0.15411717963764987	0.12940211791768727	0.13783433816663448	
0.03559564426052268	0.10889549546107069	0.03043392926950202	0.10901319119015798	0.05756112906448577	
-0.131856861548321	-0.05829002565854076	-0.08837437190731873	-0.055382582445435556	0.03652616197938433	
-0.1467332660554828	-0.09154691468159015	-0.02010935341346734	-0.06699265602464373	-0.046552531005039366	
-0.1128607226268241	-0.001564733459947187	-0.10981968386686823	-0.07277854467731604	-0.07661567021928241	
-0.06459517147406403	0.0781174275091559	-0.2167721816876515	-0.08635406962464567	-0.19091791759309432	
0.04829538999032717	-0.07974353028961914	0.031002661024518357	-0.06863719976088564	0.09399110760136074	
0.004618428284629192	0.05645048856444011	-0.026887475929667552	-0.17676363016363492	-0.14968994739909566	
-0.12774290983450548	0.016961001459186144	-0.020206732090460332	0.0015308841335841877	-0.014451777785246658	
0.018517712809747875	0.09533798652410734	-0.03592828004406063	-0.025728105743813526	-0.09941844271879818	
-0.04770028942710527	0.06265367034199638	-0.03988171774228095	-0.028063359506277624	0.12256022468566757	
-0.17161423924128683	0.07849964546594569	-0.2215549826252007	-0.15648359148540955	-0.18651266081679807	
-0.005910725235202394	-0.024684604938321638	-0.09569540651765099	-0.07798691413250716	-0.05492016289699151	
-0.1003073918609607	0.035515186871455	0.026014255668140827	-0.13176156084423774	-0.037903460026303716	
-0.005174950516654098	0.06662243683394696	0.014804013666042259	0.05124498377491636	0.007502053675671649	
-0.02490244160268426	-0.03295288120122543	-0.14530992482042254	-0.07102224352571194	-0.1130353553188624	
-0.017307977726823527	0.07083496776705353	-0.049390532460900576	-0.08337609262943523	-0.06195469945458055	
0.00788287294599931	0.07939624883188014	-0.03798314931249637	-0.010921248461830698	-0.1393958508328492	
-0.040117531560913335	-0.040884700019833124	0.017172491284687532	-0.026102994051372248	0.052048817537597505	
0.0014294963248409934	0.07516279986876814	-0.08027441968202038	-0.004626714599788225	-0.05641101497464345	
-0.10803067416642038	-0.05108734797481864	-0.21025418422404396	-0.17627572129774535	-0.13549980170193188	
-0.1894221505912886	-0.007349297326777454	-0.254911910714165	-0.18410872034475234	-0.1692268803025525	
0.04055765876677477	0.04187653700604701	0.12404209198305086	0.10486684759752064	-0.02000962204852613	
-0.05476970328481911	-0.05640695619261873	-0.03589744212370594	0.013301888069053934	-0.005624847366496351	
0.11607878953877236	-0.049751850855414996	0.11601383300754274	0.06631332519666804	0.07099828422428936	
0.016579355044485915	0.04877923242125646	-0.0057418166675442285	-0.11936816460296001	-0.07943594856764156	
-0.049250563947970775	0.039778637512459906	-0.08958839473376401	-0.06166633844882524	-0.09543757249483198	
-0.12053913474200895	0.07659030104046552	-0.07816479861679	0.08962775316777903	-0.057325727714923426	
-0.06449401391282243	0.029950562297706065	0.0007642757251192412	-0.009914498135350006	-0.06043645897480269	
0.10228743090351272	0.030654459591034303	0.19026096205953155	0.16478548993418415	0.06791609362453663	
-0.10979088308169203	0.023793202837562876	0.025474729105355507	-0.09753944312913213	0.05393340256387966	
-0.06787450366159063	-0.029622562634061336	-0.11087865767256044	-0.08212589379704166	-0.14523849627647192	
-0.07514792548349854	0.07178335400481553	-0.04341907612375607	-0.07993254066161173	-0.08009707372425011	
-0.04322220677759861	-0.049955985186867	-0.02763782590711671	-0.02692815060418977	-0.09641603068922898	
-0.04341494322832983	-0.061311602993126865	-0.06877235510621754	-0.14878124500798645	-0.07110649789152651	
-0.103379326149081	0.06883148436324803	-0.17035783723133036	-0.18687135875458752	-0.08460059672790739	
-0.023338533146434092	0.04028133072061701	-0.0011081232358875778	-0.07024581000695523	-0.014842224988940774	
-0.07905574313247134	-0.04653776350256978	-0.05699447852407321	-0.10619315793401016	-0.09065664772957936	
-0.09829144523334513	0.033683933575992725	-0.21138242554580425	-0.18663700055937693	-0.19722011962426167	
0.20043403965278522	0.06414640785827355	0.1600158556168931	0.09051489411964445	0.21190590433143802	
0.005557710761722851	0.0851365133013455	0.03569091073693066	-0.01205527582711912	-0.07892643760636103	
-0.02061732755497662	-0.08155157950721216	-0.1974573476005255	-0.13063480341017297	-0.12395339036010991	
-0.006518193340491033	0.07344622669866345	-0.011901777708213072	0.08889537857406066	0.11710740117198705	
-0.1392270416599631	0.006613517818257213	-0.05402221558272448	-0.07819406636293284	-0.1274990003379743	
-0.19039375707697237	0.030909152911710005	-0.09526573966550836	-0.1773446063823242	-0.12241863952813455	
-0.18848260679180268	0.06750093953730676	-0.17926861510269818	-0.13596949677782943	-0.16020463709366095	
-0.13655125296427775	0.067384994937574	-0.15918141940147632	-0.11255913107201727	-0.10588907157550291	
-0.024566213440190564	-0.025315600430797294	-0.03311056515293286	0.061158886321523116	0.003170809943932526	
-0.2803642292521949	-0.08683778139287449	-0.23538502022441346	-0.33056642887439813	-0.21979108178257076	
0.08047572894534896	0.03646290198606361	0.1255489038468611	0.2425456751400718	0.13739501305027346	
-0.060713389638949726	0.047051074907449614	-0.15676655921126179	-0.061925723206821714	-0.1569031119942526	
-0.03476794353544508	0.061081544048258295	-0.2134198143079787	-0.042747094476937426	-0.2109521840486084	
0.04874072600596972	0.02447916220179274	-0.023618420292766704	0.025766216948857196	-0.0007415540930585247	
0.03310089731983503	-0.052776646249592954	-0.1507229149640312	0.021121698435259118	-0.001629479444921539	
-0.09970576054683608	-0.007112989183780777	-0.10788036129752862	-0.08902797417844216	-0.2032397406712582	
-0.14432394811710578	0.04603032699178154	-0.21974350600911058	-0.25879106829644516	-0.22717206465252543	
0.010574332786659972	0.08118551764472617	0.1601536593743635	0.035720395393040186	0.041864269627988816	
0.015766976321506438	-0.006630206235485327	0.15500887247952483	0.0874879347280631	0.03629000497855866	
-0.07508298439799288	-0.042092648395568796	0.00287717315482886	-0.07362842304270434	-0.03687860924873703	
-0.040566313112783	0.09779981858595761	-0.05075029116707268	-0.06909583806856649	-0.03496640726196896	
-0.058558794348707255	0.017198708852984034	-0.048362259485105856	-0.005326933376384633	0.05996298219342279	
-0.07061119618882611	0.08152684959139989	-0.1138584999396786	-0.06509668135720323	-0.1529799065744015	
-0.026872994009285674	0.065927869981015	-0.031160994873318377	0.008022800573744498	-0.020128796020729346	
0.08068453032264754	0.10522511079359241	0.0032908245427307036	0.0803590584679409	0.1560660944688546	
-0.035361848593718215	-0.0510958472023219	0.03175145800265438	-0.10377465087308499	-0.026094657164221408	
0.07308826582953425	0.1352195746389917	0.06876268466894088	0.11088474711864274	-0.017841528347091618	
0.08597874879723617	-0.060514563910532865	-0.018333440848147954	0.0983905778181573	-0.1073917979262082	
-0.04005177082050916	0.04472758318814275	-0.1313899214037932	-0.15395894176805527	-0.0531859894481975	
-0.23726271622512418	-0.12646683034168996	-0.19951923724678886	-0.17839175202214944	-0.27039278824518503	
-0.0047766396863148175	0.0051875937362112975	-0.06517430552416564	-0.11524506285900353	-0.13209012741505127	
-0.09879401351948175	0.0704367719614028	-0.06091035797523065	-0.10210835178150218	-0.07677427646472446	
-0.2596314992247553	0.010925680168304528	-0.08322893862667481	-0.030365459568129076	-0.14445417076518074	
0.0709194346233889	0.08515679568198532	0.049130950460315	-0.01678274567080243	0.011146582768874749	
-0.02532563639679686	-0.016813680684233327	-0.043175224551431746	-0.024010009881434962	-0.040434550194777825	
0.03365033423396717	0.10902465307865021	0.016913409380399307	0.11510862012953559	0.06723291963454464	
0.04250365375358204	0.11732367429295305	0.1458244846843151	0.056307146416170274	0.16057886924856896	
-0.014278581167814242	-0.02248223445768841	0.03427107077922691	0.09463440600577325	0.0027098304525389237	
0.05451273577830606	-0.05748270379881639	-0.007134735613061775	-0.020781053380921195	0.0625944173972994	
-0.05172573255675577	-0.056696231350825896	-0.13405264341084988	-0.058714190411098204	-0.16017375482031926	
-0.043973065242083484	-0.0528367221277744	-0.13030737370730006	-0.10735657149776108	-0.21451550198364733	
-0.21033083203311262	-0.015769922012909818	-0.04696293824892866	-0.15388899311345464	-0.08001463237392596	
-0.16339435534429642	-0.016673555183763157	-0.19046651095229009	-0.06802448325184457	-0.08267072174040371	
-0.03768279714309898	-0.024829800051686814	-0.06714832947530201	-0.14442689057808314	-0.10093790261571473	
-0.0445346079396596	-0.021587078393189126	-0.10427110766421663	0.002212481247330665	0.010060347989526878	
0.1399506784612608	0.06787867952930032	0.07368921626188646	0.052531903225348654	0.14611417094817047	
0.019851957662741018	-0.03969788336558065	-0.08307644648243209	-0.08548483310649192	-0.09248730887029276	
-0.32268096182613876	-0.12597113057005518	-0.3294446240416678	-0.1831244847617684	-0.22224132573734276	
-0.21155353420318057	0.005422958971948389	-0.30988621598539695	-0.20709508284764103	-0.24977731807817888	
0.0553904908183264	0.045857042496840035	0.008361315569731265	-0.09872468741103117	-0.0059357812314509185	
0.03855218180390822	0.11827434714582812	-0.034299121624938485	-0.14118971398576252	-0.05047380507929971	
-0.050325038008671545	-0.02027915046405753	-0.0829483559143649	-0.04406469961259981	0.014617277384858374	
-0.04622802028326569	-0.07272693598134598	-0.06850764127804422	-0.1869302627229852	-0.030168747312532024	
-0.15108048299446258	-0.03638697632976652	-0.10106672247721536	-0.152720139678465	-0.05486497518462675	
-0.20420596926382364	-0.03603847305073914	-0.22970594276400574	-0.08559389837684027	-0.10647221669535907	
-0.05581148951741963	-0.03988077989289259	0.0054400772941400315	-0.07280018135645899	0.02531343419678828	
-0.052468238365460204	-0.022316090313094807	-0.151229270403001	-0.026102014801388237	-0.17707546805355306	
-0.9050368382547306	-0.28733715965562645	-1.0318332493747715	-0.8837436324414838	-0.9377039351505454	
-0.30916926759567565	0.025288624931282627	-0.3210551893878337	-0.2174857204134317	-0.3377846702017258	
0.11726614526168305	0.05291343302079341	0.1285182850141994	0.287114129309483	0.23196369970707917	
-1.0201915598432039	0.12269918056545356	-1.3320341861256408	-1.1625910501487147	-1.465480856775409	
2.1665185528745745	
