            A        R        N        D        C        Q        E        G        H        I        L        K        M        F        P        S        T        W        Y        V
 1 A  -0.0499  -0.0376  -0.0874  -0.2224  -0.0983  -0.0798  -0.1955  -0.0433  -0.0746  -0.0232  -0.0209  -0.0175   0.0422   0.1377  -0.2354  -0.0597  -0.0843  -0.0587   0.0929  -0.0525
 2 A   0.0643   0.0287  -0.0277  -0.3843  -0.1495   0.1552    0.062  -0.2543  -0.0055   0.1815   0.3177  -0.2303   0.2926   -0.014  -0.0143   0.0478   0.0917   0.0872   0.0453   0.1368
 3 A  -0.0338   -0.145  -0.1082  -0.0338  -0.1791  -0.1284  -0.2214  -0.1218  -0.0925   0.0031   0.0024  -0.1997   0.0758   0.0068   -0.102  -0.0281  -0.1506   0.0223  -0.0126  -0.0575
 4 A  -0.0899  -0.1748  -0.1499  -0.0223  -0.1254  -0.1477  -0.0737  -0.0933  -0.1681  -0.1251  -0.1529  -0.1092  -0.1308  -0.1236   -0.133  -0.0964   -0.091  -0.0543  -0.0641  -0.1435
 5 A   0.0104   0.0166  -0.0273   0.0086   0.0402  -0.0199   0.0204  -0.0124  -0.0088    0.041   0.0053  -0.0354   0.0137   0.1016  -0.0738  -0.0048  -0.0281   0.0905   0.0968   0.0371
 6 A   0.0117  -0.0306   0.0415   0.0089  -0.0032   -0.014   0.0138  -0.0104   0.0145   0.1374   0.0924  -0.0601   0.0761   0.1318   0.0092    0.024   0.0671   0.0548   0.0476   0.0706
 7 A   0.2515   0.1569   0.1943   0.2225   0.2243   0.2548   0.2428   0.1613   0.2546   0.3048   0.2917   0.1189   0.2919   0.3725   0.3072    0.231   0.2489   0.3396   0.3142   0.2753
 8 A    0.043   0.0124    0.025  -0.0603    0.012    0.035   0.0592   0.0599  -0.1867   0.0255    0.061   0.0237   0.0121   0.1014   0.0819   0.0675   0.0603   0.1012   0.1115   0.0051
 9 A   0.0075  -0.2021  -0.5141  -0.2368  -0.2945   -0.261  -0.1686  -0.2185  -0.1382   0.0652   0.0507  -0.1411   -0.058  -0.0968  -0.2413  -0.1605  -0.1151  -0.1336  -0.1401   0.1578
