TESTRUNID EPOCH: 26 L_PCC: 0.8998965347403458 L_ERR: 0.006097136215520779 T_PCC: 0.835520755231153 T_ERR: 0.009989928915869124
180 LAYER: 1
5 LAYER: 2
1 LAYER: 3
26 :ILEARN
0.2880729036147683	-0.9295533663449405	-0.0072736470619467735	-0.5736915987560489	-0.42677753704689164	
-0.08378833361695699	0.1609838436621975	-0.6121898648310861	-1.074821523900514	-0.8320577936165143	
0.1466262406723241	-0.33623855927127005	0.40746744860031303	0.10477244652952723	0.48142380505317345	
0.4240053631979666	-0.5765026381272322	1.3819436004036918	0.7180753222223637	2.183992137034889	
-0.22083480735797828	0.16452156106632335	-0.14910847651318584	0.15250062529380454	0.1467867882302302	
0.2581562733827666	-0.04359418213791853	0.21068503926027904	-0.1421560535765463	0.10388098127904917	
0.3257276070608574	-0.11645836787118415	0.989745673011156	-0.08768442652952595	0.8730857045561686	
-0.4190528858792518	-0.3641607661434901	0.6003269048055693	-0.1610974318068314	-0.26009481911109916	
-0.2635127402949804	0.04858744109100794	-0.7497482652951788	-0.5934808891238303	-0.550481730817857	
-0.25051647125807147	0.2765630131888547	-0.32945176641481694	0.4097056650338013	-0.7726124284236362	
-0.7742754723748149	0.30092070505917745	0.017115633081297085	1.1727063876681187	0.27541097395208947	
-0.062322484995281306	-0.6783927769189425	-0.6901285622815868	-0.817783883146992	-0.8656715314105218	
-0.428367052242119	-0.22275863350740754	-0.5910957035951302	-0.9667640453691656	-0.7075436329420932	
-0.0353856830980406	0.4396337429678844	-0.3896129997261265	0.36791771049068367	0.9431289566421864	
0.21765529488678337	-0.6462917105487924	0.9163273360661935	0.5393346243731354	1.2074249509637016	
-0.47068580412466854	0.4453386479235241	0.08807309926092331	0.46172272768282	-0.1595547373230573	
0.32975438885603764	0.5277184634860711	0.004615900324228105	-0.4232261449015681	0.2716589041975128	
0.31901712383815106	-0.2362301061248592	0.2779255631200879	0.01012976369637935	0.5174871770847316	
0.19491447729499345	-0.00788552853788574	0.2808686128960321	0.09938887483131993	0.3510223304251041	
-0.4446558263071358	0.35436376787923507	-0.5545398592452623	0.3761167681503375	0.023821124647528065	
-0.30468294685920455	0.4353874234181808	-0.15002836632057498	-0.12055167550574732	-0.231986431480772	
0.6732686818363824	-0.694986648372662	1.6020854962648732	0.4845338282790026	1.9825196567517278	
0.13438304195652756	-0.21613750771568305	0.4740802272100602	0.4126152192295658	0.308537569631916	
0.31064404156297837	-0.21080456646623053	0.5163684725410436	0.4635750300949365	0.46340182263320173	
0.18809648514323957	-0.7032393124171832	0.6455234830206417	0.5226538016517333	1.220496298819218	
-0.17052212076738343	-0.09418787112469654	-0.2813586863685954	-0.2606970227241867	-0.7753965897613377	
0.09771406459932207	-0.08508450251016904	0.6075803800886516	0.13614218816770135	0.741589615450579	
0.23392008038954334	-0.12698455788321938	0.5672097975294663	0.45634068556369584	0.554143132466904	
0.40615575795732883	-0.5213542931492849	0.6795632509238522	0.2124671680891239	1.179461972569359	
-1.2297346117657062	0.7526047044408287	-0.27424942432261534	-0.5883289314309048	-0.6240410927110296	
-1.1742947463148934	0.2656915960998831	-0.7060317004585747	-1.1096591267030802	-1.4268342347020884	
0.6562929393806014	-0.7226712343445727	1.1573724431307173	0.9346675566871049	1.489917787624253	
-0.2614085143009412	0.8361518369918243	-1.2026263026464408	-0.5122974925086862	-1.9354849269031662	
-0.714018591031255	0.2825008408070602	-0.17388862497436125	0.15346457832677687	1.062649126942534	
-0.15568898086156369	0.09697508327626768	0.5118308719375086	-0.16464443462342385	0.6493390232688624	
-0.07982252135044483	-0.19074187785811975	-0.3759097004650702	-0.27402010546233835	-1.204345069936393	
0.11670497670426633	-0.7422894262246175	-1.4717642964085247	-0.41214399205847424	-1.3229080841140948	
0.28451697502648693	-0.24760197842726225	0.3264675080652303	0.20188312505175	0.435847839696216	
0.18002294168441127	-0.45561111854204767	0.5715513792383388	0.25426638950402314	1.571121668069527	
-0.21501946534068997	0.081438699408762	-1.3011761477700652	-1.2482596208024095	-1.0499597739380104	
-0.40565434684386825	0.3518635736914469	-0.09094351494600451	0.13084034103997103	-0.278348178116361	
0.003293774788222541	-0.14064692653046662	0.14320929198577648	0.09892868440484229	-0.13739280726874065	
0.10787591273463698	-0.45607313518217624	-0.33211241002744596	-0.47998785394952126	-0.6754511246451821	
-0.012042096050848593	-0.31292474488185484	0.10613803304904182	0.5240340524800063	0.8908074018850293	
0.2540976778868555	-0.4420602463301315	0.007586014936142011	0.20990117893007004	0.6274193099773946	
0.09961099941154095	-0.14551861830783241	0.6194178866002652	0.327427096095333	0.5959954788376388	
0.1064481904532224	-0.3379816196494058	0.8717395707328727	0.04171786296167608	1.8222217685626048	
-0.05259970477769348	0.006890977840447912	0.46512143319975696	0.37415008547473244	0.2564979966521934	
0.15503147439340448	0.11833595612924502	0.022314935925643632	-0.3504276893068135	0.21575230924313302	
-0.04617391974739558	-0.31307026063418214	0.29222751426578714	-0.3397381341992076	0.45829980638169043	
-0.7940679111946786	0.24530891584790643	-0.2712815320448516	0.6334044180424583	0.0049423821425530375	
0.3927296018111702	0.011031662164975342	0.6353283487798908	-0.12015149634450645	-0.1081981727361594	
0.0738057589787168	0.14998005057586208	-0.24753738257022284	-0.3085655379764523	-0.37055228359933656	
-0.5424341249482043	0.5485303818091123	0.15714729493495508	-0.581234478292483	-0.8636944605563647	
0.5346961630057989	-0.43394895749249845	0.7418502906979686	0.06426749415214561	0.9732270561193724	
0.7278277531744117	-0.8544435384112282	-0.46568458597061657	-0.4590404946564319	-0.09734551170070864	
0.005765284289420226	-0.16623678605690653	0.17807612348585422	0.12602284825494275	0.3929943475547661	
-0.35278698854121043	0.07480199601594958	-0.31349587121357114	-0.15689239840839583	-0.15978484523561942	
-0.5735189169367496	0.8961805921380469	-0.8209947457371496	-0.35521243984900863	-0.9560827824204365	
-0.29398237402640437	-0.5158157416303321	-0.048618810201936785	0.5099281848238465	0.6634051068913831	
0.47901001882407374	0.21457239129026573	-0.0408413383059249	-0.5361485670143789	0.09375349301053128	
0.35741193224267276	-0.2239172206666245	0.24139699629282008	-0.045649168899825794	-0.25960070583173117	
0.1567652328564321	-0.04387647497956501	0.29864124859888364	-0.2877194299970627	-0.0557971992651333	
0.06768138070207762	-0.30940415562043666	0.08166808786934948	-0.106362193027016	1.0333975348977065	
-0.044194118674517974	0.14865351156642373	-0.027798606602373085	-0.23050886938806636	-0.08094155681167722	
-0.12173107364746266	-0.14020993790651998	0.2242649937280781	-0.2113270711290985	0.4274754993698074	
-0.07941020482641566	-0.42499577440191655	0.39284477523292477	0.3329122069733824	-0.008910895527989031	
-0.4972465899057709	0.19577759988490084	-0.2082643013525907	0.30722551248854035	1.0401567903497935	
0.15459464881818216	0.5142652510733188	-0.2689258451210135	-0.04006927411869713	-0.45085176647321795	
-0.33631233292161067	-0.3597882762139387	0.643549800480986	1.1880558585885852	-0.226519831456814	
-0.2402121810911041	-0.012456459480511217	-0.6137204352101755	0.134643068534116	0.5940586071584874	
-0.36485847162811175	-0.38354394512485834	0.3841739038469753	-0.2366215254241448	-0.2926708367207278	
0.11920570611873135	-0.1969738686236447	-0.1511121513338787	-0.13387437072940708	0.33999697991821237	
-0.37275242217185667	-0.07205589809633318	-0.5482776143463154	0.13691550600835692	0.4930109835804255	
-0.2820018999677734	-0.06481111652546509	0.37859833106815965	-0.2974620040783218	0.4853608920823817	
-0.09372260286436104	0.12459984960308208	-0.5518869263630908	-0.02534483880772233	0.07282418634429776	
0.13769921226259246	-0.19020960800555353	0.8082641638828092	-0.43063337444217054	-0.3233640741591873	
-0.11227957747530241	0.2852176195098338	0.07733072148263788	-0.11300547523312153	-0.389601792773263	
-0.24951113809661193	-0.09095942812721823	-0.11906719320361026	0.29232310417674967	0.01191085795893552	
0.5226464402395428	-0.3503410561997566	0.4299349306345295	-0.1346897575813401	0.2562914998685693	
0.6278296909381125	0.22774369998429939	0.013571746081331378	0.02042526528440552	0.7729326278626887	
-0.03678985503097709	0.23463179372562204	0.19319366309005115	-0.7982252014703235	-0.25700384402794274	
-0.1924320291941036	-0.2514529485637549	0.3513190939636896	-0.13942052084737294	0.41996504993351885	
0.33161509888059665	-0.33502485561999923	0.02729060106029782	-0.3315198736416594	0.6611481479949288	
-0.161616404772708	-0.36239304983141074	0.06720375007744656	0.426905147958966	0.21064865764849164	
0.21834545000014188	-0.002559997921939082	-0.040733772460352036	0.15700137479908657	0.12524983998506334	
0.5587668047404905	-0.18769197142196306	0.4223473985732387	0.024995272513911725	0.5079785036162556	
0.2832557406404188	0.13806441629557836	-0.16033142132769765	-0.5005097815827438	0.659896145978306	
0.006417093142349796	-0.3799771770407909	-0.03823124094567246	-0.31945925979723205	-0.25944385737231535	
-0.43921631959124097	-0.06245718305145493	-0.09306372580431424	-0.7493071363912281	0.7400918211767441	
-0.24412766680614376	-0.003943014395389107	0.18938904727811762	0.19582794264825829	0.0801640638469273	
-0.3297058168282997	-0.18453507015950224	0.304718169568069	0.8409246620650355	-0.524612980275632	
-0.5346167604058374	0.3300894066001835	0.026669171131577726	0.5175666615985228	-0.26573421938075775	
-0.5422401781905793	-0.1707650399904794	-0.15633683430781528	0.3812422381053971	0.5870558743057209	
-0.47179059753302777	0.10681350106042811	0.11216413663928704	0.06886402527617615	-0.0524218199039796	
-0.36629016630912786	0.12855938811553705	-0.062194046038790966	0.07613059710959691	0.046949068565551935	
0.4654934822172249	-0.07610719243417664	0.6739143770985594	0.23426202882419234	-0.2761139328786738	
0.01135115372331367	-0.31643352799880686	-0.174457771170707	-0.2788642097762269	-0.09456565348706265	
-0.40792085967124586	-0.3827479568557	0.18799972982253707	0.007911322056522738	-0.2781145503841308	
0.4007816917330398	0.12239440035684629	-0.6355223907262711	-0.3414997573427218	0.23282618163164603	
-0.6957592886546328	0.1592899582309521	0.16625718507021964	0.3687342208159994	-0.031012389533467886	
-0.3768481325788743	-0.004567143425742701	-0.003138864195752448	0.46105593812000883	0.19820176601283582	
-0.11350607016794871	-0.31909888938105374	-0.09355117596850218	0.29052622895413804	0.3500602102094331	
0.7319448193443888	-0.5629539237844235	0.8678198687308973	0.12910508424443587	1.0174729458853722	
0.14241238092197223	-0.5563728745588339	-0.11502851746536544	-0.014443160164166441	0.24964467160841766	
-0.3727104191411072	-0.01821653953356426	-0.2053137769157949	0.11086565055917277	-0.009258011589287596	
0.35298214211929435	-0.2692226535086242	0.5737265279941443	0.12532697380632363	0.9852373543475024	
0.3490937256049389	0.09937937612215772	-0.04448334456278541	-0.3769059174516172	0.49241971772871745	
0.019855239758688508	0.15604986560418357	-0.041240666481032175	-0.6823034228266353	0.8278643375874885	
-0.1399570815195876	-0.3388335347234912	-0.2011617000680193	-0.13749671491516757	-0.30872637233097694	
-0.8195870947097668	-0.11862201034322085	0.3124385142525991	-0.2980199164328158	0.02369121779941422	
0.7416844811503014	0.18639636498622486	0.5582379108024009	0.13300692059072236	0.03369753145296982	
-0.40342413021840945	-0.11128559255680387	-0.6490534506471648	-0.3151866751574624	-0.01642536669762072	
0.162245138157492	-0.15641807640811564	0.21004760938448813	0.12688918247020287	-1.0814637020044389	
-0.04157844917658353	0.15322947833614242	0.36591835563100056	0.21540181010605425	-0.011758404126654874	
0.018894972030261057	-0.24289276712329333	-0.10058928480304696	-0.009753532007516696	-0.28614193767225365	
-0.4753969360734649	-0.3614963026368638	-0.19322558758306407	-0.13168245775090778	-0.39080329394026736	
0.07545749148484386	0.20151750917795785	-0.26026504704212455	-0.15815767107211423	-0.0889402011450929	
-0.05661094894699702	0.19022381333364846	0.343999805932074	-0.2997036947589518	0.3552803404069693	
-0.11024586148462663	0.03569401498900435	0.041697413607046235	-0.03732406504775317	0.4213516590899722	
-0.6294499643059397	-0.2859775027304091	-0.3207573227833927	0.4725961863966523	-0.24498063586184599	
-0.0656832027033242	-0.020751015356966815	-0.09156254494521156	-0.2572932164530042	0.7132237824302786	
0.04330666180128366	-0.28987873434352407	0.8979268870660571	-0.029056783198836027	0.33963074438935503	
0.5807941994402672	-0.25220785009628643	0.446031880438678	0.26671372415032585	1.4041360319121394	
-0.2271680184389647	-0.2444330726500535	0.049548000095486676	0.5192803643820195	0.8151428134656922	
-0.43693947190276955	-0.15071858321058423	0.5276818792440997	0.7222605457928482	-0.20359797586326187	
0.14291896857722983	-0.010384533737531206	1.0158944277337298	0.8492536429279038	0.8812440530772353	
-0.37644906322155247	-0.131044880164697	0.09263715799860009	-0.09767311287880599	0.00853823269011543	
0.1965686108133104	0.011463521348185419	0.19840552514918688	-0.06952194070220359	-0.15894956577886163	
-0.17943068484582006	-1.1113671110965258	-0.9212590872037764	-0.28579793115558766	-0.43236505017049687	
0.37710208356606006	-0.4484296816165914	-0.2934635249036403	-2.116331725567531	-0.6473471199595022	
0.23682274376477136	-0.1957253868380209	0.16076105002121682	0.5627875531635873	1.0394022353419317	
-0.5414477656696094	0.5529177875226813	-0.6717913284508182	-0.6240414372153011	0.09248700786464553	
0.23496113090303375	0.13296561448035002	-0.362699744550342	-0.29232299468234196	-0.24889125604965165	
0.28309778437913646	0.1796767911836811	-0.4151221056732923	0.06421496653318129	-0.015052906537458104	
-0.029776712741509725	0.4218955979947729	-0.19663376779613895	0.5617443517772819	-0.3129816295182019	
0.09561276673887915	-0.04490176245825276	0.20078789269323782	-0.39265476073502986	-0.1648636297738943	
-0.04818050937579732	0.2385906219768383	0.05201243013191374	-0.25107171076263723	0.10710712214236416	
-0.44624402986227896	-0.3519893708751874	0.4782628934915734	0.00011676530757519368	0.17809386485603218	
-0.10780288531811898	0.5208985023010582	0.2769281893281944	0.16394464956156715	-0.34181447619565153	
-0.27700222969433097	-0.6140428516204312	0.390221366715672	0.23409101680482958	-0.326528148552019	
-0.07516137738485756	-0.055181204419164014	0.3245266817079349	0.2697849322490192	-0.174820755676687	
0.026930956525509708	-0.17642229071302476	-0.1168415799728629	0.7325946952434841	-0.10762774072397514	
0.6734552893258661	0.1085610102878999	0.6386529475493261	0.4607844939104163	0.402921619233917	
0.09235288216515461	-0.025576120913972163	0.0693869241458341	-0.1716967978439502	0.9697657407947333	
-0.2597199797732173	-0.11192671551388181	-0.2650520654755589	-0.4458539004228418	0.12011859671158699	
-0.2978261435939956	-0.5460760376946976	0.45876351645694613	-0.14515448466042807	0.9522680989049486	
0.2118998984321344	0.13999642375814442	0.5456497359189573	-0.42637524635358365	0.3135490724684102	
0.29331363111311903	-0.2489721009169396	-0.00022970095553484537	-0.026315017995262525	0.005903873641360433	
-0.24814156955439015	0.07269755441508295	0.4244647223110559	0.4382963293934453	0.887366326824891	
0.2113728210050672	0.2083733854309758	-0.9413742823578936	-0.537111106806021	-0.13424479040300627	
-0.22677713337766917	-0.8528191603271343	0.02293946222398083	-0.17716233842610077	-0.16857541393629108	
0.2676700072588472	0.12203507893453361	0.34131099558662803	-0.2615157866704183	0.3239604629739084	
-0.47906187290067265	0.17501310403192197	-0.4858867852002868	-0.04866590160854884	-0.7965970573817468	
-0.05931110362363734	-0.30426930810004754	0.025631781117547745	0.3330696305003347	0.17448573531197398	
0.16875210290421552	-0.2797336073237166	-0.04771473161265548	-0.2566852786481189	-0.2041467857977861	
-0.5876197604546498	0.08467367659580391	-0.02118866546535971	0.8153443478784662	0.4719134594278725	
-0.42187843952161364	0.043350335848059016	0.18430267740919418	-0.0924343611258561	-0.43766794126192526	
0.112259563413075	0.7229141286320856	-0.4107660586205173	0.20973614012980948	-0.00034693306670782135	
0.031074920169537786	0.06080159115313718	0.2316140485288417	-1.0455220954184015	0.7308391292891925	
0.1702182387328771	0.028439738257295996	0.19117506476231533	0.014300584291628683	-0.053112948566540294	
-0.32501135682078164	0.07323835802754036	-1.3594771999378619	-0.3937124407708654	-1.4554514664120757	
-0.06508180419964538	-0.053452674970874824	0.16220143959998748	0.04184145299592777	0.13545390824371867	
-0.02894966382258332	-0.06862331220925239	0.0022362791027277233	0.07920304216001775	0.1307448884061184	
0.3429546295140471	-0.405006261761005	0.718617285852812	0.5871587802376029	0.7558451320290309	
0.15325182584408015	-0.33075004808077646	0.45753365856985995	0.42819807954091704	0.693911855385049	
-0.046029107200103205	0.06607599640996116	-0.0891099747856618	-0.16652426831428838	0.01284289262682576	
0.2947804006572195	-0.32316908464579974	0.5183698093511434	0.4481141655708573	0.6359075230218025	
-0.5017440621495933	0.10728362173414682	-0.6142922128449497	-0.040375109400457576	-1.1019404195491609	
0.2751831226960881	-0.24809282896301155	0.6572999895480237	0.4201903277197125	0.7467978128883938	
-0.04793763151809388	0.03512258145498583	0.7430059827565983	0.0187254287869141	1.1068297795517585	
0.14651793646814906	0.6555678247230695	-2.6621984942063968	-2.9769680167140753	-2.012597267698252	
0.19754800194453415	-0.2134560179168968	0.5380054463785144	0.34443709537446454	0.763137021507711	
-0.06537217084514584	-0.10808683567839533	0.7122974597768759	-0.24412441355995299	0.6928323760536619	
-0.0598097764820218	-0.10283820776163019	0.08337118519677095	-0.03958039540259156	0.154646131017645	
0.13659624964827352	-0.37506417820911364	0.5451084988687497	0.494195304297745	0.7114534468296876	
0.3706616887617661	-0.4946709237106719	0.8348520079797567	0.6128534211695627	1.10357042792318	
0.0973107763734892	-0.1757522007881178	0.45812283636794565	0.3399009479849996	0.6556232790399841	
-1.6090754005180432	0.15546208951428292	-1.314499583798518	-0.1674624734678829	-1.5540804623159021	
-0.22455272013236513	-0.3497680417938123	0.5735841169364694	-0.23805225483962783	1.263584951501126	
-0.8114986824849068	-1.7826723486867	1.2862661680306262	-0.25292341178475225	2.9737530985365908	
-2.269379066159945	2.194302740813236	-1.5818767855893048	-2.5979764428306145	-2.218044855912351	
1.8122482296299878	
