            A        R        N        D        C        Q        E        G        H        I        L        K        M        F        P        S        T        W        Y        V
 1 A  -1.5347  -1.0013   1.1842   0.8247  -0.0236  -0.9849   1.2481  -3.3815   0.0683  -0.4721  -1.1366  -0.9693   0.6156    2.861  -4.6341   1.3515   0.8405  -0.4851   1.9122  -2.1576
 2 A   0.7536  -4.6268  -1.4279  -4.3055  -1.1586  -2.4794  -4.5287  -4.4014  -4.9694   2.7755   1.5535  -4.3108   1.9733  -3.4688  -3.8914  -1.0263   2.8935  -4.9636  -4.1098   2.3953
 3 A   0.9259  -3.1999   2.1152  -0.7275  -1.8997  -1.4766  -2.3818   -1.638  -0.5741   0.5506  -0.7588  -2.0329   1.6287   1.6065   0.1084   1.5591   -0.625   0.0338   1.4903  -0.3025
 4 A  -0.1993   0.0595   0.4394   0.5035  -0.0133  -1.5325   0.5574    0.355   1.4233  -1.2758  -2.0104  -0.3703  -1.3742   0.9914  -0.2461   0.6378   1.1789  -2.4873   1.5745  -0.8537
 5 A  -0.2499   -1.448   0.7672  -0.6603   0.3098  -1.4804  -1.7073   -1.996  -1.3984   1.9179  -0.3003   0.1693  -1.0374   0.5234   0.7292  -0.2943  -0.2731   0.5079   1.4373   0.7575
 6 A  -1.2686  -0.8968   0.8886  -1.3681  -0.6017   0.5832   -1.925  -2.0236  -1.4087   1.7692   0.0286   -1.073    0.361   2.5702  -1.5957  -0.0488   1.3361  -1.3703  -0.0156  -0.1499
 7 A   1.1219  -2.4696   0.3744  -0.9049  -0.9382  -1.3902  -0.5921  -1.6477   0.2366   0.0878  -1.5043  -1.9639   1.1591   1.1617   -2.606   1.1533   2.4977    2.251   1.7309  -1.0701
 8 A  -0.0158   -0.918  -1.1854  -1.3608  -0.5971   -1.163   -0.369   0.3189  -3.0259  -1.1211   1.3332  -1.3903  -0.6984   1.5328   0.4385    1.123   0.5425  -0.5714   1.4657   -1.141
 9 A  -0.0098  -4.4294  -5.4322  -5.7279  -3.7015  -4.7027  -5.1169  -5.5275  -5.5437    3.115   1.9691  -4.8298  -0.1262  -2.7668  -5.1228  -2.7246   -0.954  -4.9345  -3.2478   4.4079
