TESTRUNID EPOCH: 32 L_PCC: 0.8015294460889086 L_ERR: 0.00975546823494726 T_PCC: 0.7185266912609622 T_ERR: 0.013316263062605466
180 LAYER: 1
2 LAYER: 2
1 LAYER: 3
32 :ILEARN
0.3477859377807112	0.5085557546412129	0.2228571970986923	0.36987267390613043	-0.14731296637038924	
-0.1458435967376428	-0.7322823734695854	-0.8265449577406511	-0.019207310948087954	0.014550663803543931	
0.07307997293816978	0.16240017889191674	-0.4551992511069129	-0.485738423037644	0.14567866168995822	
0.3390820821230112	-0.21748784238912067	-0.2401180934077395	-0.0845082288125565	-0.059154804998860916	
0.02489245641678936	0.0916860656950793	0.5001692883051253	0.7533121365253945	-0.2099712643983844	
-0.26532658849719604	-0.1365191326967723	-0.18067848271098283	0.18517573981005578	0.39720489870769454	
0.13635706141486037	0.2682567803222684	-0.052758561998191525	-0.1568226022414307	0.13689961446153295	
0.08998771133849673	-0.2009790360387787	-0.2843200622050725	0.11845922739019048	0.32104534774009974	
-0.015925427030725917	-0.08152869574303145	0.051580282091846834	0.18190095856546118	0.05023472924086737	
0.20435290229910427	0.08171910061861912	-0.0412771703252641	0.21441277751336113	0.25854534955159053	
0.18725927103590906	0.39760343764601774	-0.05767437679998819	-0.04689066812555476	0.23787448259013924	
0.21471120589456216	0.08977100553607548	0.02602774582733207	-0.010556366994280563	0.004483588608554475	
0.08396568428427621	0.16722591240818235	0.03888003154554903	-0.01716414609461947	-0.26076144601532797	
-0.2066340611735828	-0.25621751909333274	-0.347291080192621	0.196859612259811	0.1532923900227877	
0.20761451776094236	0.180985026612165	-0.24416224155210503	-0.1986000973235831	-0.07987147490167314	
-0.14214842027554733	-0.2213373373469154	-0.4141913220420103	-0.06360306221031077	-0.10482473462655387	
0.20351761724346593	0.1598646689336646	-0.20091897234993	-0.3129934206317707	-0.15680416168499314	
0.000521290965093715	0.20232015342140242	0.3715851650605586	-0.07026766405902297	-0.11716917608363696	
0.11602208781440358	0.31340358241176636	0.2367022483083922	0.3291095956709828	0.14152544108964624	
0.15785098359894795	0.24574912831292978	0.22151062766365587	-0.1260565549225025	-0.01822848150755079	
-0.09204414869454261	-0.048291297171812866	-0.14754498233858582	-0.26766202636124714	0.18836842442739526	
0.1813707698019531	-0.36558059089874845	-0.2645227112849295	0.33833315724034996	0.46565056908417246	
0.040375630137007804	0.06512038706731824	0.018531234764224802	-0.03465772735386349	-0.27894693323342273	
-0.20257247051153024	-0.17452261912230835	-0.20007501833956431	0.1733606931763251	0.10458492229283262	
-0.10610687848540726	-0.115605655809687	-0.05481524291546497	-0.010228021734391933	0.10087131741465066	
0.060945837799965506	0.0653224649465008	0.17237028872962484	0.05030474963943685	0.11447146007149853	
0.19708923611460788	0.31779304627855837	0.15550540211848454	0.07697262019057079	0.045520197115485904	
-0.057239403628308205	0.033879206634361	-0.08015335297026054	0.07136293470055192	0.08330210795225672	
-0.14273327204462835	-0.23203387358299132	0.10895281200794771	0.18447629108620084	-0.22359094246036468	
-0.2585312977030828	-0.20456020856851442	-0.1461634704025234	-0.09160589453663573	-0.19658570250108454	
-0.008266742859714177	0.2122773242219113	0.3316676080061442	0.3317365619832186	-0.18998963085348175	
-0.12936301123076435	-0.23456544639115917	-0.21504927278601296	0.06154429744316596	0.039048736414901176	
0.18370128475158784	0.32244828243898144	-0.40830743054874274	-0.48357207425506565	0.35707025741828974	
0.47715888261023964	0.22515112310751406	0.381308931764956	0.03239523786697972	0.020164703558166918	
0.060513620919331886	0.2297108951637966	0.2782447948830585	0.3135682614435393	-0.0964034396999177	
-0.10924515213066295	0.09225080769784681	0.04139314503556502	-0.18803625999901016	-0.1511499361808963	
0.026078735761931038	-0.04089902577516612	0.13296427397935212	0.014156598180083413	-0.06052241399418774	
0.043770568867880055	-0.23479523680683795	-0.1439769092447994	0.03236605541891445	0.11937081731231688	
0.15816098384538485	0.17131859581297454	0.05683461998831362	0.10175076080620736	-0.18599814649835125	
-0.2804852133319117	-0.20296382682218575	-0.16665938922914694	-0.27949784155352997	-0.3031406958700859	
0.3381965005452307	0.33920591586271776	-0.13118955224977435	-0.22298463031693394	-0.01196528612626234	
0.03278637223434658	0.2456485933872953	0.2806060674408132	0.12833905421184846	0.14511612732215165	
-0.07768115599568808	0.011761983712784693	0.027252568015472534	0.05843964910812014	0.08742703434750965	
0.20668840633235477	-0.3095508654165773	-0.19718888318529093	-0.01605043773065828	-0.19417607459358344	
-0.07326378218987861	-0.03188676904326754	-0.02722764264162089	0.10832272299367576	-0.06438795516839356	
0.05428114557317476	-0.2894963344665601	-0.29184590302940977	0.043603344850289445	0.03564096555399886	
0.1978396954846367	0.27694551806634915	0.02914548043460618	-0.06068978435541802	-0.027546098817984126	
-0.01617247181906727	-0.15774332711675815	-0.021141812921019403	0.23607474015035185	0.37604278429303684	
-0.15736696950534076	-0.1102671638715635	0.15035257975817193	0.13524835165763355	0.07881692118566902	
0.04984222955792804	0.25025636924526595	0.40356355703703695	-0.07544145950157052	-0.035774015917580046	
0.043487505980989466	0.2773217744193956	0.2027407890748821	0.3850467415494106	0.04822159212559397	
0.09934384196853102	0.04460658051577505	0.060159632815778984	-0.016869298138891785	0.07820046425399	
0.1788257508510953	0.24512442954194016	0.40307289510895317	0.465783506710843	-0.17561499460121777	
-0.3466732852763155	-0.27190019519896974	-0.347442388254243	0.1315076075916788	0.17634453477745213	
-0.09288998777426258	-0.09217094143843044	0.0506034300490416	-0.005413627874738026	-0.2967811962817405	
-0.43482971616443966	-0.1755436696551605	-0.1316499868376401	-0.05223378112129708	0.018772206124945637	
-0.08792134080587634	-0.11433933073793617	0.19197948318434394	0.16780037429465677	-0.10174468896965691	
-0.024314428906477357	0.24326425837632745	0.36484928914492	0.0534459391134384	0.09344436130024011	
-0.0409944016993956	-0.01253935587324068	0.0743626218321546	0.05933864578443502	0.1776584356112922	
0.1729274030186032	-0.036355334319861786	-0.09709931276213567	0.4051270733122111	0.30984431257006556	
-0.16018140190270877	-0.22431555053863877	0.14739673204755005	0.17604799186736672	0.10477604902319973	
0.2496288176824189	-0.48087843575664474	-0.6107750388087781	0.017887267889940328	-0.028693003371561773	
-0.023793593041655826	-0.04688447592489586	-0.035758616046895085	-0.06514080410312371	-0.054965712978361475	
0.008063834957290478	-0.23506280001654334	-0.3475311547391772	0.19179558028912333	0.40949440052723624	
0.034090413249663706	0.08549771086431115	-1.175158112491008	-1.3478586531093997	0.00317140339370596	
-0.004571802590043528	-0.06946567118136736	0.024361246348083093	0.00880202376278763	0.030827469394148876	
-0.07109089197506804	0.05030556342704878	-0.05559017204001546	0.0038703648732066054	0.05705920564432379	
-0.09553391440163878	0.23716865922078564	0.421957675922032	0.23234826308373044	0.21227547784270684	
0.11685510765313135	0.12969320987947908	-0.24551932639724425	-0.3284084427803555	-0.03694989695306243	
0.0851753750970216	0.18014237140361727	0.19937861863380757	0.0599230523472056	-0.09308575602567315	
0.05404774691099598	0.04634572014790539	0.11501208196787488	0.16071806648081446	0.03780545310651176	
-0.016564549413759427	0.651867157116597	0.736819874883817	0.23371124268838186	0.31623253702250076	
0.18438260353099617	0.3366247366157984	-2.4090123342716923	-3.233581211645192	1.569565659680086	
