            A        R        N        D        C        Q        E        G        H        I        L        K        M        F        P        S        T        W        Y        V
 1 A   0.1024    0.137   0.0725  -0.0476   0.0325   0.1545   0.0401  -0.0312   0.2018  -0.0337  -0.0533  -0.0652    0.046  -0.1743  -0.1698   -0.051   0.0422   0.0395  -0.5469   -0.076
 2 A   0.0583   0.1775  -0.0012  -0.1848   0.0182  -0.0659   0.2373  -0.1337   0.0096  -0.1738   0.0721  -0.2298  -0.2488   0.0126  -0.0316   0.0256   0.1314   0.0097  -0.0619   0.0404
 3 A   0.2661   0.0558   0.1083   0.1496   0.0966   -0.083  -0.1998   0.0591   0.1798  -0.0269   0.0121   0.0752   0.0866    0.104   0.1135   0.0951   0.0497  -0.0766  -0.0047   0.2947
 4 A   0.0405   0.0144  -0.0339  -0.0005  -0.1569  -0.1217   0.0292   -0.184  -0.0192   0.0387  -0.0867  -0.2292  -0.1439   0.0053   0.1861  -0.1899  -0.1188   0.0461  -0.0338  -0.0276
 5 A   0.1549   0.0391  -0.0245   0.0023    0.022   0.1139   0.1644  -0.0476  -0.0256  -0.0082  -0.1624  -0.1053  -0.0233    0.183  -0.0218  -0.2335  -0.0653  -0.0651  -0.0306   0.0553
 6 A  -0.0457  -0.0036   0.0134   0.0102  -0.2047  -0.2896  -0.1215   0.0413   0.0936   0.0893   0.0178   0.0482  -0.0758  -0.0595  -0.0801  -0.0328  -0.0098   0.1928   0.1926  -0.1948
 7 A  -0.0566   0.0074   0.0107    0.047   0.0849  -0.0423   0.0128  -0.0958  -0.3335   0.1211  -0.0707  -0.1154  -0.1974   0.0667   0.1035   0.0165  -0.0211  -0.0279   0.0505   0.0521
 8 A  -0.2678  -0.0478   0.0523   0.1696   0.0405   0.1561   0.1926  -0.0392  -0.0944  -0.2653   0.2449  -0.0438   0.1427   0.0162  -0.0199  -0.0956   0.1701   0.2629   0.0986    0.348
 9 A   0.0162  -0.0544   -0.111   0.0617  -0.0835   0.0394  -0.0212  -0.2506  -0.0876  -0.0139  -0.0806   0.1809   0.0397  -0.0248  -0.1524   0.0433   0.2518  -0.0682  -0.0518  -0.1039
