            A        R        N        D        C        Q        E        G        H        I        L        K        M        F        P        S        T        W        Y        V
 1 A   -1.709  -1.4106   0.6736   0.0711  -0.2702   0.0951    0.511  -3.0599    0.177   0.6145   0.0598  -0.3799   1.5905   0.4571  -4.9411     1.45   1.4689  -2.4466   1.2253  -0.3681
 2 A   0.4075  -8.0422  -2.4498  -8.2443  -5.1068  -3.1106  -7.8704  -5.4033  -5.5377   2.2528   1.2394  -7.7185   2.1731   0.3378   -8.174   2.3451    3.355  -4.1291   -5.388   1.9242
 3 A  -0.2298  -2.1288   0.1353  -1.7753   0.2792  -0.8064  -1.7413  -3.6581  -1.0273   1.5554  -0.4108   0.8512   1.4433   2.3571  -2.1109   1.2211  -0.3039  -1.4076   0.8129   0.2129
 4 A  -0.2269  -1.6202   1.4879   0.3147   -0.949    0.611   0.6204  -1.9447  -0.0776   0.2582  -1.1804  -0.1249   0.4823   1.1854  -0.6898   1.1619   0.4525    0.832  -0.6091  -0.5002
 5 A  -0.5229   -1.035   1.9738   -0.048  -2.3792  -2.0423  -0.7699  -2.1263  -0.6634    1.416  -1.5986  -0.9589  -0.2677   0.7915  -0.6908   2.2405   0.5721   0.4137   0.7855  -0.2687
 6 A  -0.9988   0.1655    1.012   1.0881  -2.3934  -0.7663   0.0787  -3.6244   -0.353   0.2644  -0.3133  -0.2391   0.0093   0.4426  -0.0896   1.5882   0.8664  -1.4399   0.7792  -0.4957
 7 A  -0.4287  -1.6469  -0.3057   0.0563   0.0162  -0.5451  -0.0654  -3.9932  -0.0822   0.8398  -0.2765  -0.6656   2.5984   1.3017  -0.6969   1.5795  -0.0288   0.4247   1.2374   -0.804
 8 A  -1.5667  -1.0136   0.8886  -0.9493   0.2675  -0.7812  -0.0667  -1.7955  -1.3843  -0.4227   0.0466   0.7781   0.4951   1.4823   0.0786    0.455   0.7572  -0.6491   2.3485  -0.6082
 9 A  -7.3952   5.0382  -6.8036  -7.5569  -9.4329    -5.35  -6.0538  -8.2777  -3.6303  -8.7675   -7.378   6.2756  -7.5961  -6.0858  -7.7967  -6.8352    -7.27  -3.9755   3.5849  -6.2379
