TESTRUNID EPOCH: 32 L_PCC: 0.829008458023545 L_ERR: 0.010606237795692685 T_PCC: 0.7341991634736788 T_ERR: 0.01605607743290823
180 LAYER: 1
2 LAYER: 2
1 LAYER: 3
32 :ILEARN
0.18722041613003718	0.3662385950579947	0.084106232341872	0.14242453272987404	-0.2783267458861518	
-0.3269666684182407	-0.27159467320792585	-0.30583249652413425	-0.10820369088329208	-0.11051028921566979	
0.02073609225077722	-0.03161034622898629	-0.18141865951330563	-0.18061805699717676	0.031242420430758904	
0.37766651854719974	-0.028364627200444203	-0.14882271072340653	-0.08252109378629724	-0.05454220546001075	
-0.04755476527766744	-0.21856936509550093	0.15467315834114725	0.2513713895921176	-0.23343818960398988	
-0.599140960832872	-0.24454178251239886	-0.4307565802377564	0.08439611960955208	0.2789115229600006	
-0.1447496405231584	-0.05867991319794521	-0.077331814219765	-0.2464640024623864	-0.1278967138376479	
-0.5297942908827165	0.050094625963807704	-0.04360374791485749	-0.02404098156941146	0.2057404976948461	
-0.38682574808698944	-0.6387079308487066	0.270352706535268	0.4641229089022388	0.03029241781286339	
0.1946965922702104	0.17981199147817564	0.186860040813842	-0.12024614825087448	-0.25937993037983	
-0.04357261108092989	0.18720607341037568	-0.04821405527918577	0.024134026217937945	-0.13677940315367942	
-0.15650712486477875	0.12080974354975445	0.09962302287659101	0.055054391442839	-0.06327719328230577	
0.16594438850160562	0.14352513069454365	0.20455178289910778	0.24930609439084717	-0.07571797715650362	
-0.13248943288813553	0.09759680433235862	-0.12326529483665465	-0.5468553839513054	-0.6555112048253128	
-0.055760272568644825	-0.22933395835852094	0.09532609280199646	0.30603976533033384	-0.021189296816432023	
-0.1638430394896209	0.11834614752109224	-0.11430535196092952	0.020298159100911175	-0.1284453456640851	
-0.17342553293832075	-0.32934998018976386	0.25498150911975376	0.11877498657541899	-0.08743554456801728	
-0.1291286319418676	-0.016853941229152736	-0.11755140965648547	0.014504043285144335	0.04381247430841443	
0.03971341585830316	0.06755392584757586	-0.1409656170190739	-0.3067289903689015	0.11395946463267129	
0.15064057831723135	0.0034168283669642795	-0.19643862179646515	-0.12840019903992284	0.052840906696273365	
-0.06392848318116492	0.023798670974025125	0.3251862559805851	0.12740737950034298	-0.012299084994641926	
-0.0763404338340288	-0.2617632943267957	-0.0031095588856904573	0.14967747109991633	0.10920830872374263	
-0.09554838513489247	-0.2749315222262887	0.033674710287864076	-0.16130678017946892	-0.40143594384510717	
-0.2636038500192034	-0.06236143687398669	0.02090467251344058	-0.08339239909138133	-0.17689081132865347	
0.13015344846218493	0.16195497950659057	-0.03030435407917163	0.001179057926012996	-0.05921082846418372	
-0.2995163063106746	-0.10089417981853505	-0.05532453656733655	-0.0016313693329129135	-0.03358326550538756	
0.059802857997201635	0.12126995406489695	0.03155766229622694	-0.10330832190999385	0.10920394279047906	
-0.0683528088812925	0.11479311488717969	-0.008876925165032563	0.022805735542892766	-0.02408855418700428	
0.05645583304638739	0.0901862679173945	0.10259612578596602	0.14173806245576479	-0.117313961527905	
-0.10637395718764209	-0.13467874673887364	-0.04011711330231702	0.03952095487375673	-0.18780769534751834	
-0.002109676431880584	0.19390481795311465	-0.10602653770963333	-0.2455430515790839	-0.2080327172364967	
-0.04879701634465653	-0.07767349345033477	0.10210979031146487	0.04010561329547656	-0.010419471281218205	
-0.23439751146481413	-0.32525728234576984	-0.04738799214520789	0.23577144310397294	0.08167754008252547	
0.04930090234155609	-0.18836017183208495	-0.24765828023724043	0.10022729443237023	0.019616951085698636	
-0.12430215442427335	0.036919427326914216	-0.0354916032951705	-0.023980701711528062	0.04669650580223462	
-0.1802384492373177	0.08774680434791272	0.059788246933001735	-0.015474774441563626	0.09580414468651102	
-0.06163514865536812	-0.17307197030429844	0.2583423118902863	0.41552750941160094	-0.19930216895813557	
-0.10597390276335583	-0.11925098025947042	0.0945266298128394	0.15049626995731002	0.18401902136952852	
-0.15187017304656789	-0.23093424580388133	0.048381901561736884	0.15362839013836993	-0.08032525239324562	
-0.08972065641624655	-0.15623291179874213	-0.024465161021640508	0.04207668726088915	0.14109571465934806	
0.13583051900879484	0.12051015728098415	0.1189689429803675	0.026577122149523347	-0.012791608316682322	
0.1640679058658814	-0.1617060626344905	-0.14115341056283764	0.13537206103974467	0.19237398318529889	
0.014087780690848555	0.11653337409331191	-0.13137417231795226	-0.1393863561660836	-0.029060283400109466	
0.04733461894652635	-0.0730369673780898	0.23536040282260323	0.11349636072880534	-0.17007724264284008	
0.12397496507129466	0.007429797321816691	0.011167589844537362	0.23328505213289008	0.1280044853641674	
0.1338880420536084	-0.00205639399008879	-0.016078416878877174	-0.0017754854639084852	0.039207718190071905	
-0.05402956610519458	-0.026194002997314985	0.04294736342216428	-0.1468042971916746	-0.047235984896057084	
-0.04004365100993416	-0.1161251938749857	0.013206414654593648	-0.023364252368780175	-0.07978196605576512	
-0.2790825180020814	-0.2405743689662682	0.11805816499468369	0.049181982641790564	0.042959491471989346	
-0.10229112618923956	-0.12112146972589126	-0.18135209450206421	0.11374980127053484	0.17189100862926746	
-0.1049609724169095	0.0753911837093407	-0.10067730698657147	-0.08260631091297033	0.01500931739033892	
0.07942963096256041	-0.014961210409291248	-0.19311830087181753	-0.042447756087605724	0.08887396297214864	
0.016537557827686372	0.014955193612496073	0.28894806468034145	0.3819486973243168	0.034393004863531085	
-0.048462706259752755	0.017326253847364192	-0.11151057301665701	-0.13255715230122073	-0.06595708333924064	
-0.0840598199684337	-0.11613682740941884	-0.11004689516381118	-0.2083606597459594	0.041219163641243985	
-0.13350426052702222	-0.08926750904758557	-0.16530854505601741	-0.11295212734880823	0.01868190089721328	
-0.3029105459113851	-0.638801203414851	-0.007979741850066372	-0.12864932713790536	0.17440657095617781	
0.29290307817187994	0.12036426863808829	0.179761442392282	0.003955237250393047	-0.04690124568218285	
0.04471499731371047	0.13474798226825593	-0.13695145375534884	-0.2598829411638795	0.13741723366247915	
-0.051003817757273265	0.10905018738334724	0.07321427159133641	-0.010690180678829679	-0.15875146338827575	
0.03042842086885581	0.19160123439166138	0.14006304492194827	0.21730413752713315	-0.11616458770284138	
-0.0030761738629152217	-0.018908980072702936	-0.02483163823877295	-0.23565128462062682	-0.47473871104435045	
0.1008891315642772	0.06214960865907656	-0.16069360064241617	-0.22399521837635536	0.011743048972498808	
0.18573536282436748	0.0073785306798418255	-0.14887189742130882	-0.2908448923594002	-0.25661557228407494	
-0.1030844763187523	-0.2522450967093298	0.08065341177685387	0.01655529195115521	0.00681786702359954	
-0.1318883525294793	0.007576798898354141	0.0165491404402333	4.4000162419030596e-05	-0.05400416069087799	
-0.09326051786773876	-0.048983239465235785	-0.05030471431437735	-0.07248748657792929	-0.05945215187393767	
-0.3541466726086057	-0.47152138691828355	-0.49386232745145964	0.18312085815026577	0.11696233573851426	
-0.25927032424414076	-0.287290721743524	0.3642188319275417	0.34866276145848435	-0.6596839418779769	
-0.7986289374515487	-0.5122835156238837	-0.5455986590030598	0.11625718160796698	-0.13226314670188813	
0.05876007985712961	-0.0807444548622485	0.02231311851577912	-0.03850223875189992	-0.11157314565567895	
0.038377089205428254	-0.5381266530373434	-0.6755667669235647	0.3100842185281398	0.3835355920122908	
-0.03174375176470777	0.0013186465469818358	-1.7083217576608298	-2.639890430972634	1.4411782052279252	
