            A        R        N        D        C        Q        E        G        H        I        L        K        M        F        P        S        T        W        Y        V
 1 A   -999.9   0.5307   2.9479   -999.9   -999.9   1.7566   -999.9   -999.9   -999.9   2.9266  -1.3271   -999.9   -999.9   5.4662   -999.9   -999.9   -999.9   -999.9   3.9316  -0.4481
 2 A  -0.4873   0.5307   0.9479   -999.9   -999.9   -999.9   -999.9  -0.4873   -999.9   -999.9   2.6729   -999.9   -999.9   0.8224   6.0046   -999.9   -999.9   -999.9   -999.9   1.5519
 3 A   -999.9   6.1454   -999.9   -999.9   -999.9   1.7566   -999.9   -999.9   -999.9   -999.9  -1.3271   5.3855   -999.9   -999.9   -999.9   -999.9   -999.9   -999.9   1.9316   -999.9
 4 A  -0.4873   3.7006   -999.9   0.4218   -999.9   3.7566   0.4218  -0.4873   -999.9   -999.9   0.6729   0.2156   -999.9   -999.9   -999.9   0.2658   2.5867   -999.9   -999.9  -0.4481
 5 A  -0.4873   3.7006   2.9479   -999.9   2.6439   1.7566   -999.9  -0.4873   -999.9   -999.9  -1.3271   2.2156   2.6439   -999.9   -999.9   -999.9   -999.9   4.5307   1.9316  -0.4481
 6 A   -999.9   0.5307   -999.9   -999.9   -999.9   -999.9   -999.9   2.6826   2.5307   -999.9   1.8428   -999.9   2.6439   2.8224   -999.9   -999.9   0.5867   4.5307   -999.9   2.7218
 7 A   1.5127   -999.9   2.9479   -999.9   -999.9   4.9266   0.4218  -0.4873   4.5307   -999.9   -999.9   -999.9   2.6439   0.8224   -999.9   0.2658   -999.9   -999.9   -999.9   1.5519
 8 A   3.5127   -999.9   -999.9   -999.9   -999.9   1.7566   2.4218   -999.9   -999.9  -0.2434   -999.9   0.2156   -999.9   -999.9   3.3608   2.2658   0.5867   -999.9   -999.9   1.5519
 9 A   -999.9   -999.9   -999.9   -999.9   -999.9   -999.9   -999.9   -999.9   -999.9   1.7566   2.6729   -999.9   6.6439   5.4662   -999.9   -999.9   -999.9   -999.9   -999.9  -0.4481
