TESTRUNID EPOCH: 14 L_PCC: 0.8461761951161474 L_ERR: 0.006021786306045269 T_PCC: 0.7580079549994266 T_ERR: 0.011658866520909375
180 LAYER: 1
3 LAYER: 2
1 LAYER: 3
14 :ILEARN
-0.08370943133868515	-0.05464656615136202	-0.15899893202315876	-0.1421229593148735	-0.192401121704098	
-0.18499721725077387	0.023773087088681914	0.12340031972537571	0.06551399551719422	0.29568993149802425	
0.476063230636795	0.32519052230469087	-0.059109550053696516	0.0756234872781891	-0.09452248136041477	
0.07614332354791035	0.05609342406807315	0.052768532018907265	-0.07192261228095326	-0.06037970218302424	
0.060148913735107334	-0.10782890860345055	-0.2820183160856172	-0.1552612291749183	0.21427624543810184	
0.28741594307783064	0.05928179757175536	-0.09218904335342354	-0.06603391608708623	0.07562850068588264	
-0.08033063323338999	-0.015778474998989572	0.09157790603010038	-0.052189388022203145	-0.06560221483080929	
-0.09432144725011748	0.03730018553631673	0.06692513437947459	-0.09634234453116164	0.06608305447411406	
0.12083249864695862	0.06610903657256323	0.03607998033401985	0.20138830394114768	-0.0007278062748910762	
-0.16827106121913799	-0.17423094180284796	-0.1929536140070202	-0.042444932282730254	-0.07399428557634447	
-0.09612660842594059	-0.07363561365336553	-0.19566228366429916	-0.16448278127368002	-0.0037883193065198786	
-0.10366386714110935	0.014924112517964694	-0.07065428501883797	0.017861107380656854	0.03995167200418623	
-0.07953311423443483	-0.017188802436086337	0.03888003154554903	0.03941129001691622	-0.000628706367949034	
0.06339666372195567	0.05765572832593797	0.045194790157633044	0.1146331158817896	0.041470417820562336	
0.11874328365449867	-0.047710750126610774	-0.046573089397378704	0.10220506789147837	0.005558566024414771	
-0.042378808621852185	0.12458486768750851	-0.004219548756853068	-0.8323245936251386	-1.189223690122775	
-0.8070955645395267	0.05085951901044267	0.09370979693086066	-0.0027725595770504447	-0.02238700899266913	
0.11656597283384952	0.00997686173190472	0.1876823388541996	0.19508596247554022	0.12219914554932801	
-0.07705080540932496	0.08989785174141426	-0.0100175733040119	0.03997384180785667	0.02126227488390732	
-0.027236506587140233	0.10775890770430603	0.05802793024528312	-0.0709786270174238	0.023428982724144773	
-0.03467101964558077	0.0054116204515218536	0.13966136021912925	0.0646903887436993	0.14683713841730894	
0.11578433603265582	0.044652770667590116	0.17948009611498827	0.20484281815671207	0.3629717489022161	
0.10434580149943452	-0.0468165713510353	0.1281448546520908	0.06609761517107227	0.024219594240562397	
0.2428872294891407	0.15969267695824438	0.11064684130142181	0.08618405449903013	-0.04818053254648476	
-0.057759771753516286	-0.02834348988881912	-0.05675506714743058	-0.050757786479390825	0.07200558973657761	
0.007766212868330569	-0.005935718468965734	0.07812690773397933	-0.06735721397628155	0.09099391895921743	
0.2410402837975419	0.2287539885970044	0.01220604385114199	-0.0962705421254114	0.060126534536123266	
-0.05340514523179592	0.06142103912375582	-0.022427871187165646	0.07270837091188573	0.04942432854743692	
0.011248046798083777	9.85878950048669e-05	0.04021350448427625	-0.004658723288069765	-0.09108962429104767	
-0.07850117417878143	-0.05485813227842906	0.06291400806631782	0.061080978209812696	-0.07300678227391104	
-0.06004199769510695	0.12435641472154427	0.03201778325913127	-0.048227771497086444	-0.029819301881198395	
0.061460984287938114	-0.06091410377813625	0.01627178545465155	0.09400399781766247	-0.04153805457329721	
-0.15746319021659322	-0.11223582957609572	0.049236273117322496	0.11124597155401596	-0.044147550135608414	
-0.22938027775237393	-0.24240750939057773	-0.13654207789377434	-0.14391957452429008	-0.2492535906527313	
-0.20383819723958949	0.09772323088248977	0.015949043849159378	-0.023971765475289925	0.06676507993511509	
0.13844748802413395	0.09006396122949026	-0.054194780560605074	-0.10788917049605631	-0.031549362794949604	
-0.03317301215758413	-0.13240056435885322	-0.009300118808871417	-0.08669270372917702	-0.04793698028429181	
0.060950912748669095	-0.004737707363798764	0.11727277801882156	0.06115144436360008	0.10983653145103627	
-0.009614276392404872	-0.056552667142090625	0.047013192657733904	0.05443560590864935	0.0815631705007048	
0.15703156084102116	0.02654706793659582	0.019779137208118452	0.00561768466318122	0.06093269662943985	
0.07141474258458992	0.011330637639031277	0.08312126995325492	0.0283132417892675	-0.02199845717175075	
-0.0028018665806180537	0.020862096583994655	0.24329877487569831	0.45967323831993423	0.3185082743739129	
-0.05840931538832663	0.05723409067173264	-0.08892108400523516	-0.16945072058011065	-0.15811862512760444	
-0.09472046929687848	-0.0956950389451604	0.0895940422435362	0.0654230942341465	-0.09699620385157554	
-0.06476074888498895	-0.0335872851266326	-0.21942997479072204	-0.16250632124868683	-0.16749353935694505	
0.08802149646667343	0.016402835989416012	0.07576639688236883	0.08030215163594222	0.10112387969528527	
0.002645641715590293	-0.05653377666683729	-0.04243759808733676	-0.10650944679683999	-0.0019492954760144537	
0.019822061529175677	-0.09689334488983287	-0.005568818947515512	0.00862417343135614	0.024701138634615066	
-0.10533087655963416	-0.05242247273792507	-0.05925905317516644	-0.17568092961336434	-0.12294538722954826	
-0.08887348790056172	-0.193211698888011	-0.07439862594003598	-0.06630116073603069	0.3095984606572017	
0.2929765645048881	0.3188828380737177	-0.02468393705084511	0.09475670767166453	0.02094322019481061	
0.0657691615961386	0.014942300941620454	0.025615239661470085	0.09611367131803297	0.22586127850827775	
0.19227730803833173	0.12823820339734415	0.14039703953636956	0.09582883222831393	0.09447911884314364	
0.0022485753870976474	0.05557380454312652	0.060811934284323514	0.10017730374777986	0.05506898996827147	
-0.07408702092584185	-0.11679474311648692	-0.031552057908700006	-0.0307484482243125	0.0650466882184953	
0.01893095178889541	-0.06028602231457783	-0.014659798130393448	-0.0313307520451154	-0.0014986864882309305	
-0.03245494819718737	0.020528475880665288	0.09247169558099175	0.0579402814733617	0.011182346916801405	
-0.06211592964837532	-0.15086900887267288	-0.0733788832802611	0.02584873909622961	0.0663665988630439	
0.014918712379027015	0.09272753118440565	0.08473452728405932	0.04054086147092323	-0.2810810463646297	
-0.48646092935065416	-0.26364113793395844	0.04438018222255582	0.31146009841867306	0.0647299815532981	
-0.03376876682973117	-0.10017361755972773	-0.0648482673192771	0.013898882549075148	-0.06780571263687825	
-0.006623995447338743	-0.04175146649371404	-0.07350886292540833	0.008046403004792148	-0.08089909457598865	
0.0218075005306742	0.039775601763269115	-0.048576341243560764	-0.07782173985119417	-0.061407453596177435	
-0.10536369362768923	-0.10556276216345489	-0.16154379172433628	-0.02180072696701242	0.12109715984564703	
0.0076393753510045695	0.005599026693896937	-0.08213733966023343	-0.09822702937966656	0.00317140339370596	
-0.004571802590043528	-0.06946567118136736	0.12269364412669559	0.18443970316689384	0.13613883713044272	
-0.02047016113260025	0.1300228524747616	-0.005617629580048207	-0.10520567646684609	-0.10273429194690513	
-0.19223924496876557	0.05349626668873074	0.2149316727646398	0.1568877181879018	-0.02417782066645898	
0.016883399544247574	0.059649229982274114	0.18701378745117428	0.270448780868917	0.04486395667994447	
0.0302608664681982	0.0407033976305306	0.022048162529325926	0.008310870138415735	-0.12774087044287288	
-0.005481232964996358	0.04634572014790539	-0.048060321340329386	-0.04858614023557067	0.03873387560011438	
0.05468645332493551	0.07015843698414118	0.007085130754032611	0.12781943648489863	0.1278353799078679	
-0.0677110012883504	-0.11556456645633216	0.052561265705462545	-0.020629967553320444	0.04544572400219544	
-0.0016851449006735349	0.14790903089019472	0.13596933781233544	0.06160241333861114	-0.02562872577959505	
0.05516889934858518	-0.04967450333454687	-0.2693963194626347	-0.2382847140358783	-0.3025616583274966	
-0.02669138055125113	0.07246925056760883	0.03853554350147087	0.03818842841323372	-0.062272639808937824	
-0.01161914385031533	0.08912302423172608	0.22618030811457493	0.011853830610407139	-0.05045341964752903	
-0.04756538324541762	0.05003448265959856	0.0761103452734668	0.06050953637175308	0.08749560062444814	
-0.13634862438839704	-0.06224134629645119	-0.10901287198375868	-0.08359586239659986	0.03859983638961727	
0.07963107002995257	-0.023796775187557156	0.04997166214522869	0.0022282956594256442	-0.028792047574443348	
0.026550083975306123	0.02509358971999173	-0.2780880996947712	-0.2286297897811746	-0.19872788983537878	
0.09073746835575072	-0.0532686684317403	-0.045694588974995023	-0.0294062914754697	0.10734735221568077	
-0.0031792599210833227	0.06880717363461346	0.13322511106939533	0.08039066555379265	-0.02109076794351654	
-0.13487080718446068	-0.011522774555347831	0.2083249781458002	0.4191126325831351	0.2510892841794377	
0.03992235551781276	0.08000625824009866	0.018239062316009014	-0.08665500047212871	-0.008283237258313633	
-0.07733161544648191	-0.0005003466845615373	0.21287365944253867	0.07219828319934428	-0.016415440749406908	
-0.11167735096845434	-0.0736358677435173	-0.004385498656433812	-0.005199214687561196	0.060632668422833935	
0.16951455969128287	0.41189168517950303	0.09411825605047525	-0.07832064964377206	-0.2312836619068744	
-0.11010838669876362	-0.07625340233714557	0.0349414695533206	-0.07326337876640966	0.1468141932095766	
0.1704610085833891	0.1154107709273072	0.01466915842348318	-0.1591795673513642	-0.12836863825349376	
-0.1674721917658663	-0.13249071505503024	-0.029913087101824012	0.20901059536796462	0.2340191107218106	
0.15527752109445414	0.15249578791050458	0.10393149981570057	0.022876856028841715	-0.18411277471472365	
-0.297290924023211	-0.06364672781008035	-0.2496606889682825	-0.31014873472946436	-0.1249209279958582	
-0.037882549641158	0.09648348985858857	-0.04667225956967296	-0.07634529168513213	-0.18524642509142353	
-0.000958441047776714	-0.026688671229753116	-0.013281534545367096	0.002458538455672274	0.0700393087367924	
-0.12268076625385332	0.024755251461511807	0.14717475417417142	0.09799050238498881	0.10073247216291217	
-0.1031818748247037	-0.05910235026983816	-0.06312718604756996	0.19451205921954828	0.25850684030776355	
0.1787356360361811	0.0756876857467231	0.11018969953293786	0.130302937421994	-0.03771115717350744	
0.0034535197002259627	0.08328117061077955	0.10298648977363534	0.1604054315233272	0.08668248595755741	
0.11487177223687006	0.1391600166455085	0.09578594086878768	0.2015628478225878	0.14963188333338698	
0.025264746589011608	-0.05930752786544609	-0.04424091086696316	-0.07013060604711818	0.02141883239449209	
-0.01728271699976773	0.06327030236544282	-0.08071190708334414	0.011504738443178657	-0.07054935629499826	
-0.23310208632047974	-0.3345546559974479	-0.33097847141549863	0.0507925271776878	0.22466644262463215	
0.1020834372885269	-0.06084920735766085	-0.18620788336382682	-0.04612598070591518	-0.1429408528015619	
-0.3121779461671061	-0.21122251664403746	0.1849234932721546	0.2410867897283378	0.10359785018993567	
-0.09351473493710859	-0.08128458083650386	-0.08692565699155473	-0.09371861611003515	-0.17220194693875007	
0.01089013034918559	0.041079651232658256	0.2880341898704458	0.1636344426023908	0.1451646874840539	
0.11596893186466242	0.1502071367907111	-0.24300532732396676	-0.44379748511235034	-0.272885397722629	
-0.04940681303623253	0.16283165788315418	-0.036365823182238	-1.1990151784105239	-2.0794924186160646	
-1.1612647673096188	1.0517302381204279	
