            A        R        N        D        C        Q        E        G        H        I        L        K        M        F        P        S        T        W        Y        V
 1 A   0.0136   0.0149  -0.0299  -0.1575  -0.0747  -0.0449  -0.1461  -0.0156  -0.0447   0.0308   0.0238   0.0504   0.0431   0.1618  -0.1191   0.0011   -0.038  -0.0675   0.1396  -0.0004
 2 A   0.0115  -0.0047   -0.099   -0.189  -0.1119   0.0731  -0.0465  -0.1702  -0.0718   0.1355   0.2799  -0.0993   0.2406  -0.0029  -0.0333   0.0265   0.0452  -0.1385   0.0132   0.0837
 3 A   0.0208  -0.0829   -0.024   0.0402  -0.0845  -0.0384  -0.1321  -0.0439  -0.0355   0.0723   0.0548  -0.0979   0.1159   0.0638  -0.0468   0.0411  -0.0688   0.0362   0.0604   0.0148
 4 A  -0.0157  -0.0883  -0.0584   0.0452  -0.0666  -0.0544   0.0311  -0.0093  -0.0569  -0.0323  -0.0403  -0.0279  -0.0589  -0.0119  -0.0432  -0.0076  -0.0081  -0.0209   0.0064  -0.0574
 5 A  -0.0148   0.0054  -0.0319   0.0072  -0.0481  -0.0503   0.0012  -0.0211  -0.0157   0.0425   0.0053  -0.0221  -0.0064   0.0835  -0.0637  -0.0039  -0.0282   0.0407   0.0807   0.0374
 6 A  -0.0086  -0.0369   0.0347    0.013    0.011   0.0076   0.0075  -0.0024   -0.008   0.1228   0.1025  -0.0582   0.0676   0.1145   0.0252   0.0323   0.0581   0.0056   0.0187   0.0702
 7 A   0.0124  -0.0696  -0.0461  -0.0161   0.0025  -0.0027  -0.0271  -0.0395  -0.0068   0.0505   0.0447  -0.1175   0.0266   0.1437    0.009  -0.0022   0.0215   0.0467   0.0648   0.0277
 8 A  -0.0321  -0.0475  -0.0467  -0.1033  -0.0172  -0.0084   0.0097   0.0331  -0.1513  -0.0353   0.0208  -0.0362   -0.035   0.0565   0.0532   0.0012   0.0104  -0.0056   0.0585  -0.0689
 9 A   0.1219  -0.0863  -0.0951   -0.046  -0.1389  -0.0979  -0.0568  -0.1631  -0.0193   0.1938   0.1918  -0.0256   0.0729   0.0206  -0.1459   -0.042   0.0286  -0.0173  -0.0011   0.2945
