            A        R        N        D        C        Q        E        G        H        I        L        K        M        F        P        S        T        W        Y        V
 1 A  -0.1391  -0.1057   0.0706   0.0745   0.0214   0.0145   0.1581  -0.1767   0.2602    0.015   -0.053  -0.1343   0.1652   0.0381  -0.2465    0.045   0.0652  -0.2211   0.0307   -0.071
 2 A   0.1615  -0.3123   -0.035  -0.4794  -0.0902  -0.1302   0.5602  -0.3815   0.0916   0.0888    0.043  -0.3674   0.0333   0.0269   0.1109   0.1073   0.2478  -0.1843   0.0694   0.1857
 3 A   0.1546  -0.0075      0.1  -0.0888   0.1455  -0.0111   0.0078  -0.0054   0.2452   0.1785   0.0166   0.0411   0.1634   0.2884  -0.0091   0.1908   0.1113   0.1002   0.1595   0.1456
 4 A  -0.0058   -0.144  -0.0998  -0.0599  -0.1424   -0.161  -0.1204  -0.0696  -0.0388  -0.1111  -0.1165  -0.1286  -0.0044   0.0809   -0.094  -0.0999  -0.1114   0.0876   -0.014  -0.1263
 5 A  -0.0158    0.015   0.0163  -0.0226  -0.0757  -0.0471   0.0084  -0.0478   0.0039   0.1131  -0.0451  -0.1664   0.0096   0.0814  -0.0872   0.0157  -0.0377  -0.0009  -0.0195   0.0596
 6 A   0.1515   0.1477   0.1116   0.0732   0.0611   0.0595   0.1295   0.0133   0.1011   0.1149   0.0866   0.0847    0.149    0.143  -0.0118   0.1295    0.134   0.0834   0.0605   0.1109
 7 A  -0.0066  -0.1167  -0.0308  -0.0748   0.0235   0.0002  -0.0455  -0.0636  -0.0568  -0.0645  -0.0685  -0.1399   0.0307   0.0616  -0.0459   0.0289  -0.0754  -0.1222  -0.0023   0.0124
 8 A  -0.1123  -0.0155  -0.0442  -0.1193  -0.1604  -0.0346   0.0294   0.0237  -0.0379  -0.0685   0.0119  -0.0627   0.0193   0.0534  -0.1191  -0.0674  -0.0481   0.0517   0.0146  -0.0611
 9 A   0.0403   0.4517   0.0674  -0.0874  -0.2715  -0.4267  -0.0889  -0.2606   -0.016  -0.1034    -0.16   0.3533  -0.0655  -0.0265   0.3072  -0.1552    0.078   -0.579   0.1627  -0.0959
