            A        R        N        D        C        Q        E        G        H        I        L        K        M        F        P        S        T        W        Y        V
 1 A  -0.0022    0.002   0.0099  -0.0071  -0.0027  -0.0141   0.0092  -0.0095   -0.004   0.0149   0.0661   0.0027   0.0335   0.0625  -0.0003   0.0139   0.0214    0.001  -0.0014  -0.0132
 2 A   0.0064      0.0     -0.0  -0.0002   0.0024     -0.0     -0.0     -0.0     -0.0    0.005  -0.0092   -0.001  -0.0051  -0.0011    0.197  -0.0056   0.0018      0.0     -0.0  -0.0078
 3 A   0.0048  -0.0029    0.042  -0.0051   0.0025   0.0246   0.0091   0.0207   0.0001   0.0084  -0.0038  -0.0155      0.0  -0.0045   0.0052   0.0589  -0.0002   0.0194   0.0038   0.0153
 4 A  -0.0028  -0.0038   0.0046   0.0194   0.0035      0.0   -0.021   0.0092   0.0107   0.0188   0.0182   0.0068   0.0025   0.0067   0.0055    0.032   0.0168   0.0007   0.0095   0.0453
 5 A  -0.0402   0.0149  -0.0005   0.0486   0.0013   0.0301  -0.0068   0.0172   0.0021   0.0198   0.0183   0.0105   0.0225   0.0045   0.0111   0.0048   0.0337      0.0  -0.0031  -0.0061
 6 A   -0.005   0.0255  -0.0114   0.0057  -0.0226  -0.0145  -0.0024   0.0144  -0.0002   0.0243   0.0817   0.0088  -0.0035   0.0208   0.0154   0.0109   0.0372  -0.0015   0.0024  -0.0033
 7 A   0.0132  -0.0073   0.0002   0.0288    0.016  -0.0049   0.0139   0.0006    0.007   0.0047  -0.0014   -0.003  -0.0246   0.0278    0.005   0.0406   0.0469   0.0056   0.0291  -0.0154
 8 A   0.0146   0.0057  -0.0007  -0.0054   0.0156  -0.0007  -0.0126  -0.0048   0.0018   0.0145   0.0507   0.0144      0.0   0.0011  -0.0031   0.0046   0.0526   0.0009   0.0398  -0.0062
 9 A   0.0035  -0.0023      0.0      0.0     -0.0     -0.0     -0.0     -0.0      0.0   0.0406   0.0219  -0.0088    0.055   0.0112      0.0      0.0  -0.0007   0.0202   0.0543  -0.0122
