            A        R        N        D        C        Q        E        G        H        I        L        K        M        F        P        S        T        W        Y        V
 1 A  -0.4646   -0.991   0.1139   0.7054  -0.4476   0.1746   0.5885  -1.2252   0.9928   0.3371  -0.3284  -0.3011   0.7564   0.4637  -1.1292   0.2321   0.4551  -1.8229   1.3821  -0.3624
 2 A   0.3976   -2.105  -1.8761  -2.4934  -1.6564  -1.0892  -1.9717  -2.3561   -2.035   0.9876   1.0432  -1.8262   1.9856   1.5156    -2.33   0.7141    1.965   0.3884   0.4317   0.6829
 3 A  -0.4582   0.2835  -0.2111  -0.9423   0.7273   -0.309  -0.6548  -1.5205  -1.4437   0.5181   0.2415   0.6462  -0.2573   1.1024  -1.5629    0.198  -0.1052   2.2884    1.205  -0.1218
 4 A  -0.3087  -0.4317   0.6246   0.4637  -1.1852  -0.6237  -0.0532  -0.4316  -0.0066  -0.1093  -0.3688  -0.4102   0.3664    0.806   0.8029  -0.2723  -0.5593   1.8167   1.3444  -0.1808
 5 A  -0.8171   0.1034  -1.0236  -0.9716   0.8145  -0.0847  -0.6777   -0.291   -0.279  -0.0029  -0.1048  -0.2658  -0.1664   1.0805   0.2874   0.1004   0.2301   2.1802   1.5144   0.0209
 6 A  -1.0919  -0.1719   0.5476   -0.621  -2.4749   0.0486    0.006  -1.3748   0.7375   0.4263   0.1514  -0.5639  -0.2168   1.4373  -0.3482  -0.0793   0.3875   0.1691    2.107   -0.397
 7 A  -0.0199  -0.3016  -0.1641  -0.9332   0.5363  -0.7747  -0.9016  -0.9214  -0.8564   0.1509  -0.0315   -0.858   0.9138   1.8361  -0.3683   0.3741    0.214   1.4141   0.8621   0.0821
 8 A   0.0334   -0.219   0.6937  -0.8456   0.3432   0.0562  -0.2293   -1.391  -0.0597  -0.7468  -0.1165  -0.1622  -0.3332   1.7335   0.1271   0.2897   0.1783   0.3841   1.4419  -0.5872
 9 A  -1.6394   4.9461  -0.9033  -1.8385  -3.5217   0.5127  -0.3531  -2.5645   0.3982  -2.7045  -1.8625   3.2217  -1.5713  -2.5398  -2.1491  -1.0545  -1.4212  -2.4324  -0.1473  -1.9636
