            A        R        N        D        C        Q        E        G        H        I        L        K        M        F        P        S        T        W        Y        V
 1 A   0.0378   0.0028   -0.015   0.0101  -0.0308  -0.0133  -0.0064  -0.0083    0.005   0.0149  -0.0103  -0.0096  -0.0128  -0.0153  -0.0317   0.0022  -0.0193  -0.0155  -0.0244  -0.0277
 2 A   0.0029   0.0059  -0.0049  -0.0076  -0.0147   0.0104   0.1054  -0.0278  -0.0124   -0.032  -0.0199   0.0017  -0.0076  -0.0049  -0.0167  -0.0111  -0.0085   0.0041  -0.0029   0.0026
 3 A  -0.0048   0.0152   0.0004  -0.0101  -0.0015    0.002  -0.0292   0.0024   0.0194   0.0029  -0.0341  -0.0228  -0.0062   0.0032  -0.0001   0.0057  -0.0159  -0.0075  -0.0418   0.0187
 4 A   0.0045  -0.0148  -0.0194   0.0471  -0.0284  -0.0339  -0.0161   0.0036  -0.0022   0.0058    0.035  -0.0276  -0.0408  -0.0018   0.0066  -0.0049  -0.0041  -0.0055   0.0094   0.0162
 5 A  -0.0062   0.0113  -0.0025  -0.0104   0.0013   0.0012   0.0125   0.0118  -0.0201  -0.0134  -0.0183  -0.0094  -0.0384  -0.0085  -0.0025  -0.0042  -0.0195   0.0022  -0.0048  -0.0154
 6 A   0.0186  -0.0103  -0.0083    0.017  -0.0397  -0.0384    0.017  -0.0122  -0.0059   0.0042  -0.0077  -0.0023   0.0056   -0.024  -0.0159   -0.019    0.016   0.0034   0.0117   0.0227
 7 A  -0.0178   0.0014  -0.0006  -0.0147  -0.0013  -0.0044   -0.016  -0.0335  -0.0242   0.0017  -0.0095  -0.0105   0.0024   0.0165   0.0091    0.002   0.0299  -0.0088   0.0151   0.0063
 8 A  -0.0079  -0.0133   0.0117  -0.0098  -0.0158    0.001   0.0065   0.0431  -0.0132  -0.0174  -0.0018   -0.018  -0.0123   0.0039  -0.0012  -0.0008   0.0059   0.0077   0.0018   0.0469
 9 A  -0.0158  -0.0264   0.0076   0.0002  -0.0231   -0.013  -0.0125  -0.0187  -0.0025  -0.0244   -0.007   0.0012   0.0086   0.0358  -0.0059  -0.0128  -0.0155   0.0048   0.0318   0.0251
