            A        R        N        D        C        Q        E        G        H        I        L        K        M        F        P        S        T        W        Y        V
 1 A   0.0612   0.1374  -0.0225   -0.075   0.1208   0.0055  -0.0418   0.0278     0.13   0.0877   0.0246    0.106   0.1538   0.0206  -0.1038   0.0542   0.0363   0.0949   0.0109    0.083
 2 A   0.0849  -0.0444   0.0249  -0.4083  -0.0675   0.1067   0.0571  -0.1164   0.0256   0.1684   0.2345  -0.2106   0.2168    0.018   0.0928   0.1337   0.1661  -0.0381    0.027   0.1889
 3 A   0.0369  -0.0101  -0.0154   -0.032  -0.0329  -0.0397  -0.0922  -0.0088   0.0536  -0.0377   0.0173  -0.0567   0.0613    0.114   -0.075   0.0207  -0.0499    0.015   0.1398  -0.0621
 4 A   -0.005  -0.0165   -0.024  -0.0642    -0.06  -0.0768  -0.0739  -0.0615  -0.0231  -0.0836  -0.0856  -0.0189  -0.1001   0.0117  -0.0083  -0.0304   -0.035   0.0502  -0.0454  -0.0799
 5 A   0.0599    0.175   0.0333   0.0287   0.1326   0.1071   0.0356   0.0889   0.1437   0.0917    0.105   0.0946   0.1036   0.0931   0.0913   0.1143   0.0485    0.117   0.1022   0.0765
 6 A  -0.0274  -0.0697  -0.0771  -0.1488  -0.1425  -0.0694  -0.0838  -0.0295  -0.0643  -0.0316   -0.038  -0.0697    0.001  -0.0326  -0.1139  -0.0294  -0.0146  -0.0128  -0.0673  -0.0751
 7 A   0.1524   0.1355   0.1051   0.0472   0.0514   0.1817   0.0817   0.1629   0.1532    0.226   0.2258   0.0977   0.2784   0.2228   0.2166   0.2031   0.1803   0.1239   0.0984    0.159
 8 A  -0.0209   0.0511   0.0095  -0.0496  -0.0762    0.013  -0.0506   0.0139  -0.0912  -0.0295   0.0932   0.0418  -0.0031   0.0839   0.0106   0.0533   0.0018   0.0476   0.0661   0.0446
 9 A  -0.2891   -0.114  -0.3254  -0.3863  -0.5529  -0.3124  -0.1847  -0.3684  -0.1409  -0.2837  -0.2498   0.0903  -0.3153  -0.2041  -0.2105  -0.5343  -0.3623  -0.2569   -0.083  -0.2474
