TESTRUNID EPOCH: 81 L_PCC: 0.9042619789984951 L_ERR: 0.00854457010881042 T_PCC: 0.8563643766514213 T_ERR: 0.012579488462370862
180 LAYER: 1
2 LAYER: 2
1 LAYER: 3
81 :ILEARN
-1.2625527041523634	-0.65312967166806	-1.0368378509086704	-0.12925923689868066	-0.8219690862764225	
-1.0226522128499378	0.4432932403695577	0.7486989398365972	0.13655822622005942	-0.7059884978151274	
-0.7026909200766402	-0.823064698146876	0.35598358094761445	1.2400592157057888	-2.308644736306982	
-0.6743752166318097	0.42648121302578007	0.09869244032463355	-0.23778293872121253	-1.5428159400985157	
-0.8834051404377172	0.1029904179268263	-1.469606831467259	-2.4158661265046275	-0.9642369338564556	
-0.22671245410612548	-3.0424013017724914	-1.6030463969848978	0.01532647350203828	0.7627263974109946	
-0.1758279149976295	-0.503736547459689	-0.08736708949260713	0.6179256442431652	0.17655392725579594	
-0.25749548455937005	-0.6002114062335804	-0.5450115424208091	0.256937268160014	-0.2615217466920043	
-0.008838742260129278	-1.3360741443893769	0.8006786861348625	0.8850366371229631	-0.028793267618994877	
0.6720915702351483	-0.350063835060491	-0.6068946286537535	-0.6138161170843538	1.4916611901242502	
-2.173332082473801	-2.9314304998155722	0.6925121490068592	0.6511185544879161	0.21462080185741061	
-0.6199944643300529	1.4837714934836923	0.6327005975499596	-1.1398878295133543	-1.6337999359085855	
-2.846130598865754	-3.0607624868561407	-1.3077213897339444	-0.6286221945470816	-1.17550558087994	
-1.1699980335972275	-0.7819861806690682	0.057149876244409	0.303281914284669	1.1380545554075399	
-0.7430604350949394	-1.549586778565821	-0.67131566891104	-0.7450254802356184	-0.5716463871625622	
-0.8654621261748666	1.6048070815781266	0.692800223337099	1.1126343364854516	-0.22323972433768424	
-1.0633069037030016	-0.974592040669788	-0.3809881766577165	0.11304642695937929	-0.3498539119846996	
-0.5302356755736161	-1.7148668626062344	-1.2269631145336604	0.27301894693300655	-0.15232737681764233	
-0.14040095637442385	0.10422189647708242	0.8781761809313285	1.262121183885976	-0.44826958525302324	
1.0599897791752695	0.3314798289617124	0.3818537196590706	-0.45359976460214535	-0.34531665531256805	
-0.04849049128190484	-0.48465315493238514	0.486202775883706	0.9961113184521553	-2.5117062197236883	
-0.7048005324232243	-0.9811487559633042	-0.7796401608086605	-1.3654436906901095	0.09895980341321024	
-0.21702630199942743	-1.0046250385280373	0.9722559010092935	0.17128829400711312	-0.2512581507931547	
-1.1701983549328676	-0.23300093856149895	-0.3000148455310648	1.0261789229677956	0.26886329582959684	
-0.20131239298537726	0.4038594216294973	0.6804314287129073	0.1378749359906447	0.7178473908779165	
0.1246543525981314	-1.2612574482936285	-0.06706417882364338	-1.23211633043596	0.23264634009079826	
0.18941031670991132	1.582165992545984	-0.045658662097532325	-2.176220783069064	-0.012280309571821427	
-0.09949354116297376	0.1054510416740909	0.17653716555401094	0.2767274222112745	-0.4852248914638179	
0.46434218148870926	0.20375716724901063	0.39379365088988877	-0.13001994032663897	0.1952190987883879	
-1.2094944312180396	0.02285629549149874	0.9616534807582141	-0.2819067136675714	0.1004633620964836	
-1.175883305641531	-0.7432584727244944	0.14035069798936078	0.5083082340353029	-1.4176272572433473	
-0.09404776785549174	-0.573260886719064	-0.0854309155718603	0.9701709648863527	-0.7844756452846383	
-0.09521976282092973	0.16267390429630782	0.6156880029873526	-0.1394727642193761	0.7549198177285901	
0.21745474485477326	-1.2928235832510289	0.00896835509156036	0.18281808550578965	-0.8031912088413365	
0.12190653033409043	1.4216313893006571	-0.20086361186683535	0.1035266661894562	-0.08391897469375036	
0.328589325027739	0.27760284783672295	-0.8301017908101621	-0.6402346806743356	-0.7182712104471016	
-0.0817651723636832	0.6533660075795341	0.06879680790644321	-0.3004310311351949	-0.02874157257619857	
-0.07619300056497652	-0.5245443248157505	0.833097056952283	0.2513489459463859	0.5370727892076322	
-0.9158734875997082	-0.5691908585078886	1.5712672451268956	-0.7301328950606449	-0.23362025281826532	
-0.9204131064036347	-0.8500176369276569	-0.4908104872911619	0.5276717838617894	-0.5894355219872858	
1.911153033194697	-0.1714258710691265	0.034476533088697164	0.3663146798215275	-1.8484113416746542	
-0.09285792780942304	-0.47549700999990613	0.25285590259107016	-0.019728936819353626	-0.061919601579928006	
-0.8009697773094677	-0.7439616313330986	0.9999955441868593	-0.6645139201696527	0.4396873466168153	
-0.4425986709202901	0.33217449514467995	-0.04524438133697694	-0.42657875875882445	-1.072463595896716	
-0.24586272732700787	-0.7781326881599917	1.498679961267419	0.07905892071375913	-0.35341775933276753	
1.0112569434199021	-0.6691816596807344	-0.658458385429096	-1.4268999741374473	0.5859051400064795	
0.28188370414018254	-0.0354488469261759	-0.17165971579313924	-0.8327173467160496	-0.07611618295528921	
0.396321306443064	0.6280283819668798	-0.6105272233330186	0.38537384999749313	-1.0066359748690399	
0.5148742320635302	-2.506288868182058	0.12680268108419057	0.4168528866447928	0.053045343321659125	
-0.0011760476235746658	-0.37522844506546693	0.019757881831403062	-0.9107397732609657	0.9775589654856234	
-0.6802994748871479	-0.42607317203374145	-1.300356661603626	0.4103931904393614	1.0487197233771053	
0.2518195188773555	-0.36563926877348585	-0.44441584180137184	0.4534759541108935	-0.9547685496178884	
-0.80540501533102	0.028437362398757222	2.685743549749572	0.6424985743172761	0.20523933471333838	
0.1952854128105091	-0.7015052254556352	-0.739425421171504	-0.8539137201281651	-0.3199977858812365	
0.5925517555815646	-0.7296788042999485	-1.353258910779827	0.8071220023330731	-0.6200830085678377	
-0.4755983625534136	0.27408320794910157	-0.44894334176705847	0.17552488716333206	-0.35949801221614425	
-0.7695720309005866	1.2010147617166196	-0.5526053988314855	0.1581739113549543	-0.8675746533694283	
-0.2499967307544632	0.2894135957377392	1.3399345071328732	-0.5887798745932836	-0.19977433298300837	
0.35386177811853925	-0.8408514067214693	-0.8883143729078131	-0.9000010613635349	-0.40492169277431045	
-0.49304522560454933	0.5935130179861812	1.0524778352499593	0.8823806003178953	-0.3197387284599712	
-0.6878931787953673	-0.7455064018727666	0.6487348197784113	0.7012440592250595	-0.420092640342917	
0.2960982135610719	-0.8895673868720695	-0.4169682615102311	-1.2160951548951375	-0.5629209263560183	
-0.3269986891135282	-0.6508466532365225	0.6723776505192945	-0.7926952650436546	0.32389374731268916	
-0.5341793597568475	-0.8367006608978251	-0.7579717923517005	1.172635727506858	-0.11590997125865822	
-2.234892749286263	-1.6235529652958576	-0.20334164843063957	-0.5877440373859465	1.6011743337718427	
1.0137005556127296	0.0895899658054703	0.2940477852499451	1.1034870838425215	-1.1770086379198332	
0.8613479704737624	0.03305877006150139	-1.1259577641823244	-1.045454146745464	-0.8002513362443485	
-0.04063333264185601	0.8251435408231711	0.5634603215588796	0.08858857961179534	-0.060033151281813794	
-2.3291737018504235	-1.7615499947160245	1.770199862960408	1.315788940460994	0.42550760007286403	
-0.6328579142642989	-0.35635176635325333	1.0832132308142253	0.9819044866004538	0.3867314618714492	
-0.9674237667007018	-0.30184051230489833	-0.537222613526161	-0.6506750886249261	0.2503312994306656	
0.7766325886411053	0.37045918496447605	0.6521563889699025	-2.545632595661994	-2.1783742969068456	
0.8983910809597695	0.5738837186088223	-1.7684024052083887	-2.1853332964479173	1.706780885526968	
