            A        R        N        D        C        Q        E        G        H        I        L        K        M        F        P        S        T        W        Y        V
 1 A     -0.2  -0.0806  -0.1866  -0.1639  -0.3471  -0.2303  -0.1251  -0.1869  -0.0909  -0.0746  -0.1066  -0.1656  -0.2054   -0.124   -0.129  -0.1282  -0.1681   -0.123  -0.1262  -0.1678
 2 A   0.0884   0.0844   0.5468  -0.2234   0.0527   0.1358   0.0721  -0.1737   0.0917   0.0424    0.152   0.0125   0.0581   0.1405   0.1934   0.1305   0.1163  -0.0953   0.1391   0.1336
 3 A   0.2312   0.2643   0.0062   0.1891   0.2565   0.0928  -0.0178   0.1416   0.3053   0.1601   0.0682   0.1571    0.127   0.1922   0.1383   0.2027   0.1207   0.1657   0.1427   0.1396
 4 A  -0.0326   0.0798  -0.0488   0.0348  -0.1881  -0.0605   0.0118   0.0081   0.0058  -0.0448   0.0066   0.0641  -0.2186    -0.02    -0.01  -0.0588   0.0114   0.1119  -0.1233   -0.024
 5 A  -0.1162    0.006  -0.0918  -0.1098   -0.101  -0.0804  -0.0881  -0.0657  -0.1133  -0.0494  -0.0863  -0.0724   0.0184   0.1321  -0.0554  -0.0872  -0.1078  -0.0032   -0.052  -0.0777
 6 A   0.1156   0.2265   0.2118   0.1364  -0.0003   0.1183   0.1367   0.1773   0.1438   0.1827   0.1693   0.1714   0.1826   0.1926   0.1157   0.1503   0.1924   0.2683   0.1544   0.1311
 7 A  -0.0066  -0.0667  -0.0218  -0.0642   -0.094  -0.0318  -0.0334  -0.0237   0.0281  -0.0152  -0.0244   0.0486   0.0084   0.0665   0.0332   0.0235  -0.0123  -0.0514  -0.0464   0.0048
 8 A   0.0781   0.0869  -0.0619   0.0175   -0.031  -0.0152   0.0782  -0.0479  -0.1591    -0.07   0.0943   0.0628   0.0001   0.0341   0.0311   0.0481   0.1227   0.0751   0.0653   0.0404
 9 A  -0.2591  -0.2174  -0.2329  -0.3077   -0.229  -0.1927  -0.2064  -0.3044  -0.0811  -0.2016  -0.1125   -0.162   -0.068  -0.1015  -0.3408  -0.3278  -0.1893  -0.1542  -0.1462  -0.1529
