            A        R        N        D        C        Q        E        G        H        I        L        K        M        F        P        S        T        W        Y        V
 1 A   0.2791   0.1233   0.2769  -0.5305  -0.0837  -1.4786  -0.5686  -1.3051   0.5584  -0.3107   0.2101   1.4098  -0.5773   0.2801   -0.153  -0.1366   1.1549  -1.2671  -0.9941   1.0605
 2 A   0.2721  -0.0685   0.2046  -0.2123   1.8819   0.3185  -0.0803    0.074   -0.131   0.0029   0.6094  -0.9607   0.3286   0.7083  -0.1679   0.2143   0.4414   0.5501   0.3789   0.2621
 3 A   0.3245   0.4701   -0.263  -1.4127   1.6748  -0.8043  -0.0112  -0.7797   0.1736   0.0757   0.1111   -0.269   1.1049   0.0909  -0.5105  -0.2077   1.1326    2.095   0.0522   0.6525
 4 A  -1.0424   0.7836   0.2815  -0.6521   -1.195  -0.2534   -0.427   0.0591  -0.1586  -0.7285  -0.8995  -0.0827  -0.7046  -0.2944   0.3044  -0.2292  -0.5994   0.0786  -0.4266   0.4305
 5 A   0.1749    1.624   1.0187   0.4197  -1.1598  -0.9951   0.9695   0.4922   0.2423  -0.6732  -0.4424  -0.2318  -0.4952   0.4437   1.1533   0.8169  -1.1937   0.4261  -1.6975   0.4314
 6 A   0.4765  -0.7379   1.1461   0.3232   -0.641   0.5237  -0.4697   0.2752  -0.1742  -0.7356  -0.2777  -0.2485   0.2438   0.0193  -0.3175  -0.2543   1.8784  -0.6515  -0.5967   0.7125
 7 A   -0.442  -0.8426  -0.0852   1.5712   0.6434   0.6648  -0.4205    0.584  -0.1069  -0.0496   0.3355   0.0731  -0.6262   0.6849   0.9208   0.1218  -0.0537  -0.3902   0.7044   1.0072
 8 A  -0.4201  -0.7348  -0.9299   0.2336   1.3899  -1.2135  -0.0782   1.4653  -0.5435  -0.1235  -0.0804  -0.5183  -1.0399  -0.4045    0.216   0.5143  -0.1412   0.4337   0.6599  -0.2788
 9 A   0.0381  -0.6355  -0.0657  -0.7265  -0.1602   -0.475  -0.2953  -0.6968  -0.2568  -1.3065  -0.5025   0.1039  -0.2073   0.3929  -0.6529  -0.1703  -0.1323  -0.6573   0.6772   0.0066
