            A        R        N        D        C        Q        E        G        H        I        L        K        M        F        P        S        T        W        Y        V
 1 A   0.1101   0.0172  -0.0164  -0.0578   0.0015   0.0224    0.002   0.0492   0.0001  -0.0138   0.0314   0.0312   0.0238    0.155  -0.0365    0.043   0.0213   0.0166   0.0413   0.0001
 2 A  -0.0119  -0.0008  -0.0036   -0.005  -0.0047   0.0009     -0.0  -0.0007     -0.0   0.0469   0.2467     -0.0   0.1483   -0.007  -0.0304   0.0086   0.0212   0.0001  -0.0002   0.0334
 3 A   0.0801   0.0002    0.033   0.0148  -0.0108   0.0143  -0.0431    0.005   0.0008   0.0253  -0.0139   0.0007   0.0235   0.0816   0.0088   0.0529   0.0406   0.0146   0.0667   0.0468
 4 A   0.0135  -0.0431   0.0122    0.094  -0.0085   0.0216   0.0474   0.0436   0.0125   0.0451   0.0231   0.0266   0.0003   0.0235    0.023   0.0529  -0.0176    0.023   0.0281   0.0202
 5 A   0.0408  -0.0044   0.0006   0.0382   0.0183   0.0457   0.0707   0.0109   0.0359   0.0781  -0.0033  -0.0001   0.0028  -0.0024    -0.03   0.0216  -0.0021  -0.0102   0.1074   0.0231
 6 A   0.0083  -0.0167   0.0368   0.0053   -0.022   0.0817   0.0189   0.0175   0.0114   0.0875   0.0853  -0.0428   0.0139   0.0466  -0.0025   0.0397   0.0351   0.0047   0.0214   0.0118
 7 A   0.0392  -0.0312   0.0455   0.0259   0.0187   0.0087   0.0026  -0.0103   0.0265   0.0231   0.0236  -0.0236    0.011   0.0939  -0.0297   0.0055   0.0876   0.0074   0.0819   0.0351
 8 A   0.0508   0.0055  -0.0076  -0.0303   0.0008   0.0255   0.0122   0.0637   0.0037    0.004   0.0446   0.0029   0.0226   0.0668   0.0242   0.0751  -0.0204   0.0191   0.0783   0.0003
 9 A   0.0249   0.0009   0.0005      0.0   0.0021     -0.0     -0.0     -0.0      0.0   0.1231   0.1076  -0.0343   0.0103  -0.0077      0.0   0.0138   0.0131  -0.0027  -0.0304   0.2204
