            A        R        N        D        C        Q        E        G        H        I        L        K        M        F        P        S        T        W        Y        V
 1 A  -0.0734  -0.0805   -0.017   0.0846  -0.0578  -0.0219   0.0268  -0.0881   0.0695   0.0348  -0.0283  -0.0687   0.0223    0.015  -0.1071  -0.0474   0.0201  -0.0818  -0.0482  -0.0453
 2 A   0.0819  -0.0629   0.0151  -0.1502  -0.0224  -0.0533  -0.0294  -0.1381  -0.0483   0.0543   0.0451  -0.1297   0.0797   0.0881    0.027   0.0434   0.1206  -0.0582   0.0787   0.0871
 3 A  -0.0423   0.0436  -0.0264  -0.0585   0.0011  -0.0333  -0.0557  -0.0087    0.014   0.0165   0.0186   0.0158  -0.0163   0.0623  -0.0779   0.0093   0.0157   0.0004   0.0237   0.0029
 4 A  -0.0105   -0.033  -0.0262   0.0221  -0.1165   -0.059  -0.0248  -0.0068  -0.0139  -0.0022   0.0326  -0.0757   0.0098   0.0478   0.0172  -0.0279   -0.066   0.0405   0.0143   0.0067
 5 A  -0.0595   0.0892  -0.0763  -0.0698   0.0317  -0.0475  -0.0149   0.0019  -0.0282   0.0035  -0.0107  -0.0293  -0.0488   0.0266   0.0094  -0.0194  -0.0031   0.0222   0.0254   0.0284
 6 A   -0.058   0.0209   0.0202  -0.0011  -0.0215  -0.0449   0.0376  -0.0239   0.0435   0.0367   0.0349   -0.005   0.0322   0.0804  -0.0654  -0.0083   0.0032   0.0326   0.0423  -0.0263
 7 A   0.0259   0.0008    0.003  -0.0651  -0.0315   0.0269  -0.0305  -0.0224  -0.0213   0.0156  -0.0081   -0.052   0.0243   0.1126   -0.021   0.0294   0.0189   0.0146   0.0196  -0.0038
 8 A  -0.0098   0.0014   0.0477  -0.0105  -0.0193   0.0168   0.0172   0.0297  -0.0019   -0.042   0.0657    0.011  -0.0225   0.1027   0.0426   0.0236   0.0408   0.0385   0.0737  -0.0206
 9 A  -0.0704   0.3232  -0.0623  -0.0271  -0.0503  -0.1004  -0.0309  -0.0415  -0.0562  -0.0232  -0.0606   0.1409  -0.0508  -0.0142  -0.0497  -0.0892   0.0523  -0.0302    0.007  -0.0025
