            A        R        N        D        C        Q        E        G        H        I        L        K        M        F        P        S        T        W        Y        V
 1 A   0.2343    0.241   0.1961   0.0087   0.1664   0.2593   0.0959   0.2004    0.201   0.2693   0.2957   0.2829   0.3784   0.5019   0.0317   0.2959   0.1963   0.0908   0.3153   0.1746
 2 A   0.0133  -0.1122  -0.1356  -0.2356  -0.0281   0.0409     0.86  -0.3347   0.7847   0.0967   0.2653  -0.6854   0.1901  -0.4151  -0.3006  -0.0754   0.0262   0.4578   0.1498   0.0837
 3 A   0.2572   0.0966   0.1658   0.1362   0.1287   0.0626   0.0535     0.16   0.1915   0.1769   0.0804   0.0799   0.3014   0.2219   0.0939   0.2461   0.0892   0.0469   0.1899   0.1771
 4 A  -0.1491  -0.2257  -0.1951  -0.0479  -0.2768  -0.2106  -0.1073  -0.1163  -0.2275  -0.1906  -0.1746   -0.193  -0.1802  -0.1422  -0.0612  -0.1392   -0.222  -0.2962  -0.2139   -0.157
 5 A  -0.0255  -0.0503  -0.1069  -0.0772  -0.0605  -0.0554  -0.0596   -0.086  -0.0147   0.0223   -0.033  -0.0929  -0.0663  -0.0581  -0.1967  -0.0898   -0.134  -0.0824  -0.0264  -0.0463
 6 A   0.0581   0.0407   0.0961   0.0512   0.0316   0.1131   0.0473  -0.0202    0.069   0.1682   0.1446  -0.0657    0.141   0.1298  -0.0156   0.0714   0.1316  -0.0908   0.1011   0.1033
 7 A   0.0742  -0.0239   0.0986   0.0837   0.0116   0.1342   0.0392  -0.0299   0.0554   0.0035    0.006  -0.1142   0.0676   0.1211  -0.0594   0.0727   0.0935   0.1061   0.1184   0.0937
 8 A   -0.083  -0.1215  -0.1626  -0.2359  -0.2148  -0.0652  -0.0754  -0.0534  -0.3347  -0.1675  -0.0709  -0.1423  -0.1468  -0.0176  -0.0382  -0.0355  -0.1139  -0.0572   0.0469  -0.1477
 9 A   0.0628  -0.2708  -0.6499  -0.4805  -0.2389  -0.6098  -0.0666  -0.2195  -0.7462   0.0675   0.1649  -0.1119   0.0145  -0.1076   0.5426  -0.1214  -0.0638   -1.039  -0.1644   0.1619
