            A        R        N        D        C        Q        E        G        H        I        L        K        M        F        P        S        T        W        Y        V
 1 A  -0.1582  -0.0354  -0.1735  -0.2187  -0.1955  -0.1677  -0.1566  -0.1377   -0.091  -0.0443  -0.1401  -0.0757  -0.1708   -0.148  -0.0855  -0.1873  -0.1112  -0.1801  -0.0642  -0.1477
 2 A   0.3274   0.1675   0.2051  -0.1462   0.0198   0.1556   0.1634  -0.0106   0.1253   0.1542   0.2246  -0.0182    0.215   0.1255    0.161   0.3078   0.3086    0.216   0.1876   0.2148
 3 A   0.2283   0.1475   0.1228   0.1297  -0.0405   0.1292   0.0591   0.1655   0.1471   0.2136   0.1665   0.0271   0.1309   0.1898   0.1158   0.2353   0.1002   0.1381    0.166   0.2012
 4 A  -0.1708  -0.1295  -0.2602  -0.1622  -0.3075   -0.134   -0.158  -0.1167  -0.1741  -0.1228  -0.1532  -0.1776  -0.2452  -0.1515   -0.127    -0.21  -0.1494  -0.1547  -0.1257  -0.1131
 5 A    0.011  -0.0234  -0.0423  -0.0291   0.1231   0.0461   0.0281  -0.0266   0.0475  -0.0494  -0.0907  -0.0293   -0.056   0.0174   0.0048  -0.0158  -0.0317   -0.006  -0.0537   0.0218
 6 A  -0.0259  -0.0118  -0.0026   0.0066  -0.0898  -0.0375  -0.1185  -0.0187  -0.0077  -0.0155  -0.0118  -0.0087  -0.0142  -0.0201   0.0155  -0.0092   0.0081   0.0505   0.0122  -0.0693
 7 A   0.1607   0.1503   0.1965   0.1595  -0.0542   0.2211   0.2645   0.1422   0.1892   0.2335   0.2172   0.1569    0.252   0.2519   0.2557   0.2183   0.1769   0.2111   0.1889   0.1902
 8 A  -0.0101  -0.0363   -0.066  -0.0178   0.0413  -0.0307   0.0352  -0.0596  -0.0711  -0.0599  -0.0056  -0.0186  -0.1038  -0.0379  -0.0041  -0.0244   0.0166   0.1021   0.0204   0.0821
 9 A  -0.1414  -0.2157  -0.4924   -0.166  -0.2921   -0.332   -0.212  -0.2809  -0.1115  -0.1386  -0.1055  -0.1756  -0.0985  -0.0421  -0.3545  -0.1777  -0.2611    0.238    -0.07  -0.1125
