TESTRUNID EPOCH: 25 L_PCC: 0.9591100462571559 L_ERR: 0.001309473639987161 T_PCC: 0.7568026765788923 T_ERR: 0.007809198097153157
180 LAYER: 1
5 LAYER: 2
1 LAYER: 3
25 :ILEARN
-0.1607943282060038	0.13270531766925547	-0.221687351777166	-0.18044814256634667	-0.1851475102292187	
0.07219916711341845	-0.14966606687827205	0.1610441431711903	0.12300774278869579	0.09650804011003201	
-0.09296923691054976	0.09659491325244893	-0.15801329149211354	0.0013382331931789879	-0.13507700110327425	
0.15173397840350192	-0.14796093478397246	0.17928712402745176	0.06921836569832115	0.005998226210342831	
0.060148913735107334	0.0936523151438795	-0.03731516436815144	0.03846452313386281	0.07527783045920766	
0.012787490804782605	-0.034948164366097885	-0.1681353375626818	-0.12733462538579834	0.03288757229360015	
-0.13161002227611995	0.023442782134200302	0.021249699142657653	-0.047069624213671106	0.010389428622194065	
0.025835618179237137	-0.021840632121364178	0.1561140162194752	-0.034373158681920625	0.08486507736272782	
0.24577469063046484	-0.0452055962371223	0.14521671620587334	0.20653031895550766	0.017260782177070548	
-0.01042129476481897	0.08171910061861912	-0.0412771703252641	-0.042444932282730254	-0.07399428557634447	
-0.09612660842594059	0.03576710658797819	-0.05767437679998819	-0.04689066812555476	-0.0016853681439323448	
-0.08932749097658393	0.014823521098402612	-0.07065428501883797	0.017861107380656854	0.03995167200418623	
-0.07953311423443483	-0.017188802436086337	0.03888003154554903	-0.01716414609461947	-0.09000930821078257	
0.07890814035285076	-0.011064396915856216	0.09478533831008094	0.15450556205717098	0.05998311547631672	
0.2919575253276266	-0.23333272761608317	0.19501213319680957	0.26084415852947296	0.09006880453251032	
-0.25479207490793365	0.20682821442322072	-0.22685119799724554	-0.1443597807903821	-0.11911808350165762	
0.03976218016794382	0.05056588532271919	0.0013641844097585332	-0.06447284757943794	-0.06584370246718525	
-0.0778862383560928	0.11345998154038858	-0.1093020463365665	-0.1213008673196457	-0.0833683322820676	
-0.07015002912051636	0.09032227381973051	-0.0019514069526875614	0.021623524105225698	-0.01288334763613798	
-0.05259460395139446	0.08067590411245076	0.014735897334457168	-0.09942593459376821	0.023428982724144773	
-0.03467101964558077	0.0054116204515218536	0.07718841986215491	-0.028546047999500043	0.08170703018395983	
0.12486523636414162	-0.15407606959389125	0.2141528604442625	0.13051278699406801	0.16088133092466708	
-0.06553189833093429	-0.07257285007422445	0.08651909260743271	0.03936363229798004	-0.0867999654555875	
0.0893861810524224	0.0314637880844421	0.13240547128160926	0.07839415645648327	-0.050814188712444044	
-0.055860250186190084	-0.11305896257025748	-0.04456664536806474	-0.012914909290560718	0.09698962618106854	
0.04817966995418415	-0.011279982312532112	0.11883706468031012	-0.036934088061241294	-0.018896024758114593	
-1.0013681997776815	0.6195938201432862	-1.1192775699484072	-1.0449405169460013	-0.6783084218568435	
-0.011093939758686656	0.03634090383259392	0.031093293861232354	0.11227217566294528	0.07561250549784537	
0.011248046798083777	-0.072708954867863	-0.08801646209755767	-0.07573130885185253	-0.09108962429104767	
0.0827343566871592	-0.1385893029415746	0.23914004772209085	0.16017809286765622	0.0012262657041816258	
-0.08575107858850857	0.10312768754442164	0.006670494767845295	-0.06472294001003707	-0.04690100607513423	
0.0833538163399692	-0.07995921195934677	0.06060383438636947	0.1259568394721693	0.09151213003350166	
-0.012629761850959919	-0.022024735672817247	0.07315726186572478	0.10273943992734251	-0.04360472426070041	
-0.05526382135106775	-0.10617077742794444	0.04788466466025094	0.05952283171008663	0.03909061235712759	
0.0022936278051504896	0.07839369310994365	0.06376314811875486	0.012649344846580986	0.03474407980267031	
0.22730107298239707	-0.0765886904212427	0.18109497776883968	0.09068799305113653	0.09027095590586072	
0.14147253419370837	-0.12734902491214764	0.18201431534964585	0.01857451420195294	0.02012544613673578	
0.09153725323710646	-0.07401973043262662	0.06637605779172352	0.03382446207357695	0.10543954712626423	
0.08831853642796254	-0.17490288673098597	0.21635634305631135	0.1819112746136068	0.1602733246320123	
0.12037767662552162	-0.11318960026361272	-0.009914621527825598	0.05565332515671633	0.11177338074842819	
-0.05899515782826027	0.12059416947375468	-0.0892748839766537	-0.12093972124031344	-0.12304788690515991	
-0.0028018665806180537	0.020862096583994655	0.009909584301712515	0.08523628534129074	0.08374668712672123	
0.0790634886844112	-0.0022526979343523677	0.09949633961480328	0.01654260773753767	-0.03537806028888097	
0.12431085884542929	-0.1789244764018911	0.2324700671109788	0.1789232666461819	-0.026691856306442736	
-0.06476074888498895	-0.0335872851266326	-0.07380063103781663	0.06189813842531641	-0.031052669463341315	
0.08802149646667343	0.016402835989416012	0.07576639688236883	0.06894688907844437	0.08107846374172986	
-0.00802394683663861	0.009269363204074649	0.05972071823040789	-0.042856229653170486	-0.0019492954760144537	
-0.06604659254979661	-0.04050216882325089	-0.07734840481643154	-0.09791458040749415	0.00050286916759797	
-0.03695103938092541	0.07857774170503026	0.015571443056907094	-0.06319795967450699	0.05758584676510087	
-0.07229925717224515	0.0035177873273567095	-0.10620623353563126	-0.055786049410731516	-0.007503570423081472	
-0.1004481227053256	0.05648327836163713	0.0039033550808069617	0.1133469459631992	0.02398268655069729	
0.15937134682674897	-0.03758267883250753	0.14453339765311948	0.05131353547955899	0.08233530670136599	
0.050004352740532	0.07166276728580848	0.05101643769353603	0.03961144968946059	0.07289588601091998	
-0.13051892033263035	0.09049315542257219	-0.12437543025074367	-0.11004993352007958	-0.09068391921169149	
-0.019704083306091885	-0.03652321080834463	0.024383873584060287	-0.013950545835747133	0.09476041558545045	
0.1177977380123095	-0.11279862745281581	0.09060732117163246	0.0447636231386497	0.10739593213314351	
0.11185644063729955	0.05035622185332306	0.08830024708115952	-0.004430407646564342	-0.02721683619896046	
0.07097958853948047	0.0055429292617493325	0.06043221680091962	0.014497703438321269	0.04662850505750221	
0.0735857685811853	0.008515014332905243	0.10220934543176742	0.05695122622900357	0.0091676268371134	
-0.1141485845670081	-0.007117240737761928	-0.12494528512759813	0.06290936924579539	-0.09668036398788538	
0.06790620792541768	0.08017305430671759	0.02098725732090536	0.006376233737803515	-0.0682517595224529	
-0.006623995447338743	-0.03096558976895701	-0.05499200843718308	0.018502373753159357	-0.03754603245961661	
0.03880146409988263	0.12178581552558516	-0.10801828946641301	-0.1254843023134949	-0.08170908341659944	
0.03911516933805291	0.010643308070788766	-0.030474513079574096	-0.03555853459429763	0.0726411177670526	
-0.01683025634649453	0.023337013431047243	-0.05326677215214999	-0.07960654811484053	0.00317140339370596	
0.059770117780976476	-0.10418664425487083	0.10103024862942743	0.06761577284372097	0.0704003326308344	
-0.11295066109151335	0.07089949084285545	-0.10378294307953417	-0.03594307281859184	0.027061067166264996	
-0.027009759098404	-0.07340237312868485	0.15907847152898053	0.13214174786479221	0.04765376501522175	
0.07332165483330261	0.08996119827072532	0.06528139952586828	0.07082308876730775	-0.08025131963593034	
-0.07325573223584769	0.11830225482475973	-0.07939857070828374	-0.042759197876474565	-0.17648690115746057	
0.08902900280368267	0.011760810343084323	0.06803325431456417	-0.01502960865452967	-0.005867243361119217	
0.09764704550731004	-0.057762901971649835	0.16618317875490213	0.19325942094781134	0.17877493043958367	
-0.03995033209321999	-0.07139883434838012	0.08026168726985478	0.00831187577747465	0.09494807417101644	
0.028838812980043635	0.09459487343453306	0.011697571909797365	0.007056338752971218	-0.0724828657271208	
-0.16687457260203437	0.015358940594478959	-0.23984200432271058	-0.08688995785611427	-0.16775385340811524	
-0.02669138055125113	0.07246925056760883	0.03853554350147087	0.03818842841323372	-0.062272639808937824	
-0.07200458702403947	0.060557277926891535	0.018241672270324555	-0.1161132039506247	-0.08373308158244658	
-0.18823264936111753	0.17143576786438988	-0.16125348306606602	-0.2249802742011911	-0.10897997177917049	
-0.05760796707126481	0.05972084895204205	-0.040533723698545555	-0.09447879760909927	0.018686489892924207	
0.30675492777645536	-0.24495511494939196	0.38588755333069663	0.27367144337729293	0.15713920634881348	
0.008352395997949241	0.12154425813177051	-0.18671032172204194	-0.05120124117700641	-0.0679592696625486	
0.003507050142960379	-0.007921060488969742	-0.13453841418447332	-0.1787416798590513	-0.10372399212156558	
0.024489440944074306	-0.05721334834495784	0.1902518531314299	0.13646959523657476	0.10296724374807245	
0.034696895564876894	-0.023467040251982096	0.09852812624888684	0.16709551535842537	0.07250106770215228	
-0.07131539026595102	-0.08432262002901042	-0.09633347141739855	-0.08665500047212871	-0.008283237258313633	
-0.20971195915842625	0.02070714732411424	-0.1209966957148757	-0.15325729326965992	-0.04226819960991247	
0.07469319691947723	-0.06230907516988208	0.09866400638671602	0.07625411387725389	0.11307068261784183	
0.05220736314129559	0.037113906108910626	-0.0007802745107735945	0.12036147940309203	-0.032199616396534105	
-0.07815746281284343	-0.02439304203527218	-0.10072609530973113	-0.19888213725919016	0.015368834380615865	
0.09414293806884566	0.0636936724481403	0.08939565937685916	-0.06577728589566173	-0.05686711695710847	
-0.028697796749041944	0.015194443528897948	0.10932662336719867	0.11610323589090357	0.04692590102809066	
0.16827457650054709	-0.010764357362917889	0.14236627467539872	0.07000420425504598	0.008053721546872896	
-0.0761085899332542	0.06252211760656576	-0.07064152531655138	-0.04714050345461987	0.06381783572670616	
-0.10480987392054651	0.1426652818626712	-0.13303159880676063	-0.056208192346592564	-0.07569600464530621	
0.008967700711432039	0.013090178443840394	-0.10350942412225636	-0.05729790221364428	0.04782968943573431	
-0.08009679432355737	0.02913799266202196	0.09897691391153543	-0.08164800645711943	0.012312774295619357	
0.013076901239425516	0.018046774792681238	0.08379515647920315	0.08595737968319726	0.016984569431571526	
0.07658749040372774	-0.07152774473898049	0.0070784546394222535	0.07624231788929575	-0.015101300924218509	
0.0034535197002259627	0.08328117061077955	-0.014705042299720805	-0.05052079267952292	-0.025741247744189108	
0.07592850084037923	0.10591440933279483	0.0653814658576663	0.06853688022792395	-0.06993424031118814	
-0.16603802630368308	0.006214027088978906	-0.13029961182394667	-0.15812551615200313	-0.039540733580757714	
-0.01728271699976773	0.06327030236544282	-0.06297392034619387	0.0403753059512621	-0.05192887503017223	
-0.04462567694538406	0.008793303789720541	-0.1582969175004004	-0.10841459973929747	-0.0019484926411750146	
-0.13508470092782063	0.12368154789272563	-0.20608625378421586	-0.11661710794427554	-0.009103581816395766	
0.12715726303730335	-0.02363777777686034	0.18127622641602345	0.14753364163425917	0.06329915338706336	
-0.14253754128516136	-0.04160061060625984	-0.1550073199421643	-0.06078480010203634	-0.056263416033834966	
0.1950994354864768	-0.13703100310801025	0.22444691715633613	0.15200756902072832	0.1261733495360862	
-0.015336605760845865	0.05434048145715308	-0.052816304335280055	-0.137186166307184	-0.059396921369693836	
-0.0035310557826626248	0.044179800410362506	-0.009644100058373113	-0.010296377130514603	-0.07450971394034046	
-0.020491058128769675	-0.009668589685814027	0.05996364934277709	0.17413448506673374	-0.008452693932337116	
0.06986091946618306	-0.08520392544090652	0.1797280145726442	0.07820058508106006	-0.02387071186907473	
0.09704282242419095	-0.12004808928453603	0.21314660601493113	0.18721850494307543	-0.002584141000311375	
0.013211282765063156	-0.06599178453103392	0.185394780383042	0.0018423701093058793	0.0970671035401686	
-0.06625518049954492	0.061766346827689965	-0.04466834004951847	-0.06760624534001637	-0.1570844752770434	
-0.16005538399836133	0.17000535644490083	-0.11755837070940556	-0.09317922687151751	-0.05396739193565416	
0.015699915957840108	-0.045176044966629574	0.01210599810721176	0.03434595696348405	-0.029514073956718234	
-0.14124629510680908	0.0816240449777542	-0.18533313998764922	-0.2479768070726674	-0.09713087947043343	
-0.014452534132784758	0.061539681822441905	-0.02929302746640193	-0.057261352474083774	0.053456901684353325	
-0.003132175513550728	0.03450767704908238	0.08594541908354358	-0.035027739688220615	-0.05383431826651177	
0.2133138414774666	-0.26097922835187376	0.3559434596664114	0.17319619148080717	0.07468895450885966	
0.0349128047526821	0.05995530737947727	-0.08389409457432283	-0.05365953790284159	-0.05847486763923713	
0.24851516501564633	-0.09021478142089019	0.20815941993061793	0.10524655066920706	0.15817005654762709	
0.06570474163303461	0.03308041693297682	0.13497847880709968	0.06856293164211294	-0.030100302667745483	
0.10771519078486948	-0.07761268210393579	-0.033049573531334205	0.008223081361260879	-0.005254997476748577	
-0.14047076763932997	0.09237812363995	-0.1346527986182519	-0.051405013721546086	-0.0021958510148728447	
-0.05785352158333586	0.020190849621527993	0.04978567504916728	0.027643742124066673	0.019425460589329813	
-0.04090354286890059	0.04632129424830175	0.08906168799998995	-0.014887721947690613	0.05643636336628108	
-0.17464044614658922	0.12344549656457515	-0.15759468309132946	-0.10563047642739117	-0.10095302742429905	
-0.08397927123879015	0.08092620058724859	-0.02596916448925235	0.006139487695227902	-0.0011767468207349863	
-0.1425466087771484	-0.00666108164021999	-0.12885159738303373	-0.037828349822458356	-0.1174143365205443	
-0.16137929317503388	0.04052620726825208	-0.12457733648045942	-0.2221377364223243	0.004521181136163882	
-0.08421324113432452	0.02101628537470468	-0.11333754867537803	0.03969727735161226	-0.07547959410147673	
0.005580795681625325	0.04801550863181431	-0.07001370301654881	0.010217434837394346	-0.05667655833424412	
0.022996559920156822	0.036736216462547856	-0.09538005614790838	0.03592622823826266	-0.13495293450987245	
-0.07315193389284665	0.111974852602284	-0.19167106178858984	-0.08015194490996391	-0.04364769434368677	
0.11026419492848814	-0.06669508717654628	-0.08392021847757532	0.09905474890348447	0.07603445967288187	
0.2727134794613586	-0.10177216807996507	0.34970905840876876	0.2722435760618827	0.10950965020434499	
-0.012069336829995328	0.0981678571949816	-0.05330405190040633	-0.08092752450514468	-0.003279324539414349	
-0.023470079832529467	-0.03188407385633442	0.20203305792943788	0.028733612203931672	-0.03887426593118015	
0.04125830386844701	-0.11851034701972447	0.19895928620181377	0.1085306605595321	0.017707941715440195	
0.01188316952877621	-0.09429753194912598	0.12582372299140035	0.046281034544304385	0.043910050533207554	
-0.011176578596677117	0.06562707214630242	-0.014730369152753872	-0.030860235764899532	0.034994320961821035	
0.07663632463886552	-0.14723116543215342	0.1516738029230599	0.18896537100724056	0.1654148593085386	
-0.19037352972941773	0.20596572350742762	-0.2112409217716923	-0.14247713689756492	-0.20550424286706712	
-0.013403698606470366	0.08186239773098733	0.021095800206186927	0.053354917447420436	0.0009401216191788631	
-0.17512843056911676	0.1719019810951236	-0.2716307719666717	-0.15103707853146017	-0.03935904664105931	
0.08107565533565582	-0.11785688070179486	0.17643941429160537	0.030443502010952264	0.09222529880815902	
0.11668044457996682	0.01995900868261215	0.14826437873109394	0.1669172091128765	-0.0358402901516736	
0.16959687040307597	-0.12828041189333675	0.05623341862137314	0.15481708995036136	-0.05554007214983284	
0.1135650886401992	0.027339250079993847	0.05638192162864753	0.0002236757710404351	0.08747159345527684	
-0.20103633161371326	0.06963494866821175	-0.18363306012219222	-0.13992337490062526	-0.14801046739625387	
0.3147997977605791	-0.19283728189496965	0.3434136374475775	0.20760857274806538	0.13137464880454666	
0.002252260937805464	0.05827681174867931	0.0355121399301953	-0.02049433969578636	-0.031564056717504896	
-0.16600658833001256	0.08780232086605938	-0.05964196101888242	-0.019039861437065906	-0.05206932624267151	
0.03368106961746895	0.05184410886611719	0.025268631598560645	-0.040465203726130286	0.013502549045021782	
-0.06404114046140513	-0.035636007322419214	-0.0654790759760415	-0.01827255499734752	-0.05171625040688024	
-0.018615601174128416	0.09504446848746242	-0.035936134835593755	0.09649818899497906	0.027261225171196724	
-0.024981796321217803	0.07149689981671933	0.02391734787371476	-0.04959338397383213	0.05857113559537752	
0.013252087933622064	-0.04617870419202717	0.0023566125144557234	0.06286016377520774	-0.03630246720050048	
-0.09970606021116853	0.07774532681285423	-0.1427955548356425	-0.14015339596051354	-0.03206006529919408	
-0.019212204411842064	0.005435423202331679	-0.09277257685570678	-0.02595613013005147	-0.07853502677294992	
0.2853592661615315	-0.18482222044127494	0.27654702347124593	0.2212887384847429	0.05254773664303651	
-0.08804447868507066	-0.02580734649232751	0.10001182642895022	-0.02294826222122861	0.06032722750581993	
0.1430893524291394	-0.194271592592013	0.19300602757249358	0.24056732497863928	0.14651726322630115	
0.2205463974687757	-0.18708781499343718	0.2705779529202105	0.11130103498780959	0.07657769650506689	
-0.08798074518446661	0.01777997622883361	-0.16594668680722488	-0.031798621847505	0.008977023208169533	
0.24580669462623667	-0.14052312324827754	0.2132864269104803	0.13165897170133803	0.11539870112340596	
0.03980381429781578	-0.03689307997793588	-0.0514292071213137	-0.04614812070969749	-0.01838313044603104	
-0.10439938729895377	-0.005784296668244791	-0.0940537605618993	0.033859747767163655	0.04043076774740669	
-0.1872980476259545	0.13973580947025072	-0.28052159545582983	-0.15806159537651515	-0.13720609006238726	
0.12826764721032263	-0.01841400883100721	0.09569891387157445	-0.021442026617824655	0.021550594841020693	
0.09731455591737631	0.08965983481453302	0.029017128052088725	-0.06965502579360527	0.027825369743981004	
-0.2992132961248583	0.2484427343818892	-0.41048817502050733	-0.28047914391121576	-0.11091456142632561	
-0.04457798466940073	0.10943447885196798	-0.01369653424411331	-0.17567642950176346	0.015329196710728103	
0.11812668742861167	-0.2198748100523481	0.2513446092612556	0.11274724388075287	0.13249989685506128	
-0.31367158289121155	0.13134444275860463	-0.36700591124815113	-0.17124903217139953	-0.08495465224029493	
-0.02428388134987955	-0.06236114799403576	0.04940096580598902	-0.03192414184690655	0.05906023348112857	
0.04263940176368998	-0.016239330031137908	-0.041746830776422945	0.06955491426722614	-0.00035402657906825723	
-0.2237868890892091	0.06576524002471515	-0.16095737153468812	-0.11781855533779488	-0.0025517128815020444	
0.09534440830869328	-0.04427413120107429	0.1688133598738967	0.19094225640538162	0.027019323748252472	
0.0008718688442904734	0.01611309489138812	0.09914815709777722	0.143520477562197	-0.06108393201639754	
-1.5011486001691687	1.3147909306569856	-1.9234246651461055	-1.4639672566993187	-0.7618707850359724	
0.5765883944201553	
