TESTRUNID EPOCH: 51 L_PCC: 0.9491233168691544 L_ERR: 0.0051421415529142095 T_PCC: 0.8151870728047225 T_ERR: 0.016841395638396678
180 LAYER: 1
3 LAYER: 2
1 LAYER: 3
51 :ILEARN
-0.009832174309544679	0.23270433934643955	-0.08516914838535655	-0.012778221797514056	0.06841650424464074	
-0.05928844807751276	-0.13763109955552189	-0.22547930885123776	-0.11806873059790149	-0.03859729987183801	
-0.2824544819172566	-0.012000942564693348	0.022566399973212924	0.5601311937145512	0.0011854856333064908	
0.16021865009812375	0.5194991670233002	0.16914196306816767	-0.07192261228095326	-0.06037970218302424	
0.060148913735107334	0.0936523151438795	-0.03731516436815144	0.03846452313386281	0.17473126878379497	
0.8472240429474012	0.03079511683750193	-0.04283971300011037	0.15284230876501834	0.13466407889046988	
-0.12760065260536652	0.09563566635490459	0.033617895045370126	-0.0898776860922038	-0.22162457959358614	
-0.13880780753124217	-0.05913996579285758	-0.3354874075497856	-0.19460152064757974	-0.013368908216567584	
-0.2817036367659138	-0.013346459767759354	-0.04721551308627158	-0.0655950097565474	-0.06969131370354785	
-0.05844487143091688	-0.23874792849202908	-0.09583227277437731	-0.0087608954000873	0.13093766368770896	
-0.06820334395545002	0.03576710658797819	-0.05767437679998819	-0.04689066812555476	0.005366999279246655	
-0.0339417080593944	0.020834308958324336	-0.17912221269021106	-0.18176726742136246	-0.07871371147619888	
-0.07953311423443483	-0.017188802436086337	0.03888003154554903	0.10225485391389579	0.5515634106585201	
0.11258792629781597	0.032758929043957774	0.0029778224116617097	0.08891895119816268	0.01731100810039858	
0.08068038305757672	-0.0725050591707525	-0.024075380375476744	0.3103875715250778	0.030902697545546306	
-0.003465224315435595	0.017908099462037266	0.11756134328125971	0.12241139777570453	0.4420737978965409	
0.14077662620311113	0.030912587354930545	0.08843862486079217	-0.027195077582111385	-0.04601442164699479	
0.07917724363921338	-0.014381762025741013	0.12415339251497233	0.19469638090603786	0.04893257927678181	
-0.07705080540932496	0.08989785174141426	-0.0100175733040119	0.01567792287742635	-0.01837263944774377	
-0.05259460395139446	-0.06683518305868504	-0.5747203217728639	-0.2299617435713536	-0.169650861259528	
-0.45162199514421564	-0.18869170469077434	0.17829913148682663	0.5175330548522591	0.171813212400159	
0.0829658854698687	0.16357910429977363	0.15048595679940316	0.04282601189379455	0.1314247754896199	
-0.05707080909180336	-0.23433555427887842	-0.4828950468177361	-0.14891294075722172	-0.3498061251053997	
-0.580793622558211	-0.234358245874319	0.19154937733576607	0.5523794896764557	0.0290052563927664	
-0.09602397323204089	-0.09475780262445616	-0.09433870239584108	-0.06270293948686886	0.025204444071998264	
-0.007920081448030622	0.03886562112542817	0.22171127573027719	-0.0322294607120878	-0.002821203391945398	
0.16890896966724986	0.14163021141327561	0.0398813065645566	-0.039553346562912726	0.09484929966552239	
0.0344656109933506	0.5553754983463837	0.0857373597977085	0.01883399673443523	-0.10157283199582218	
-0.03526617306983383	-0.040838166230989875	0.13267092880155468	-0.0429222622056569	-0.07805818918530394	
0.001793344268704262	-0.04096243126925997	-0.052213114100020365	0.08039784152450671	-0.202789218858751	
-0.08296166632674586	0.14471661697857732	0.04277393446052402	-0.014649478627728163	0.11192419314414491	
0.07765169019592705	-0.06091410377813625	0.01627178545465155	0.09400399781766247	-0.15395884537974608	
-0.46235788976015	-0.2588646667087579	0.1815837069058894	0.6819797478208225	0.1280837328129746	
-0.0962847595645181	-0.08599557125615553	-0.0027309778125936407	0.03625438134355439	0.12736373846131185	
-0.029334109583491617	0.053188045360359835	-0.2171929445515528	-0.0729476339482467	-0.09426774853195623	
-0.35102249935530594	-0.0989789729461181	-0.11787573067832183	-0.45220157634033636	-0.0954752087690959	
0.09016793710684728	0.29687720442010296	0.12361356141747169	-0.04141189993285554	0.2274518994412388	
0.11113301742165779	-0.2141568265639182	-0.23924530968536972	-0.16060665383121675	0.09320644250318348	
0.1262906082562544	-0.06158731009900804	0.047013192657733904	0.05443560590864935	0.0815631705007048	
0.2600436713560101	0.48968106177616	0.16120322296810252	0.023355671400331526	0.08980326413752329	
0.09003522384941595	0.0730642637285034	0.371020202307606	0.10022769297167927	-0.03394361017922872	
-0.04960301224519739	0.005175802267633473	-0.08903766282994491	-0.13809934764135978	-0.04440683554440769	
-0.07575251414211234	-0.03595093683847735	-0.15176380097881778	-0.08140772660051293	-0.22754484773040018	
-0.01007614074965675	-0.17115723517073195	-0.21159190391807667	-0.02092691807380888	-0.12969224469260415	
-0.23960873573496178	-0.0668996842694897	-0.13972377515095022	0.019661993530112328	-0.10305263843901936	
0.124329681806075	0.1961937582092954	0.11829152241145743	0.054901935123945124	0.19216379365114092	
0.007801358396334968	0.009269363204074649	0.05972071823040789	-0.042856229653170486	-0.0019492954760144537	
0.019822061529175677	-0.09689334488983287	-0.011280519485717146	-0.08324276282463718	0.033003710828882885	
-0.03695103938092541	0.07857774170503026	0.015571443056907094	-0.05988313786851846	0.09543588904432061	
0.028895525455897336	-0.1604493732906488	0.27766401641507354	-0.03407709613244278	0.08372035559550517	
-0.09991959502172852	0.09535182980621193	-0.08399927544355947	-0.22559229579524945	-0.049958478607502216	
0.17264504369907607	0.4821235407194027	0.16258191603154007	-0.01543646969096069	0.10434362232050606	
0.08863420911518885	0.12202881283388535	0.2652490534164384	0.10181974827800548	-0.06355476161498558	
-0.4742369561553638	-0.13348312079319546	-0.08551998362331713	-0.4365846268800008	-0.10653613475631724	
0.05410320212216576	0.3822160079966002	0.10457820620564753	0.007272199542199782	0.1371687195604563	
0.06502270277159411	-0.06028602231457783	-0.014659798130393448	-0.0313307520451154	-0.16695331456096757	
-0.3875044277188149	-0.19577089138073855	0.16704361393687184	0.6057816473654496	0.10850800182715889	
0.14183243375061658	0.25070459494516256	0.14554071043145247	-0.07275783158966444	-0.32694880030663764	
-0.09782628261272243	-0.04568303250881211	-0.29790471660232537	-0.09663794628345372	0.0015111739521401941	
0.07082458877102159	0.014824614700976058	-0.002946647942608917	0.3631924007482532	0.03085421495742785	
0.06237173954410796	0.07499232899117964	0.03768265047718866	-0.011398145537347736	-0.11980107793486754	
-0.03543250788972661	-0.12201841294870965	-0.39527555259302866	-0.10091935042321147	0.056908560977610906	
0.5274944285162679	0.19190281359809133	-0.06999206517491313	-0.15746702726622128	-0.08980260115962171	
0.062463267860225186	0.020530895553505766	0.038062966770232985	-0.062338441332031896	0.023533229322694058	
-0.0325165506628557	-0.027713973773382142	-0.1290948451389798	-0.11257175260325362	0.0803327605729154	
0.37441027911745495	0.021076386733983682	-0.0818964538830961	-0.23445057649664025	-0.0844964251355266	
0.08773265020906461	0.7865504712167937	0.10355406985503894	0.03351244464209951	0.12098486507268208	
-0.06642425219321124	-0.03512750805476271	0.07458447528002221	0.06894192152041392	-0.06667624027202405	
-0.07718693115751467	-0.0007319239550174645	0.06528139952586828	0.07082308876730775	-0.08025131963593034	
-0.0931998727920562	-0.11035920435474113	-0.1013786020646289	0.10241396350882	0.15627028651967617	
0.10127450689509666	0.04634572014790539	-0.048060321340329386	-0.04858614023557067	-0.07699294758753103	
-0.14960845244998747	-0.038180497846274294	-0.021390876124049784	0.027881231310597422	0.08367664338686305	
-0.03995033209321999	-0.07139883434838012	0.08026168726985478	0.00831187577747465	0.09494807417101644	
0.02732088000037944	-0.051952035929356905	-0.234231956548163	-0.15782732040407774	-0.11687534568560957	
-0.3552106591263954	-0.14297185653806133	-0.0062454005348198316	0.47377988322595144	-0.024744204878526074	
-0.04954694897069504	0.05590569636446914	0.011287315478356152	0.13939022303725612	0.31852215883433826	
0.10483700214259656	0.11684669515608391	0.5613735381192669	0.060531043500736764	-0.05045341964752903	
-0.04756538324541762	0.05003448265959856	-0.005507944450417486	-0.07872478498409641	-0.002885643640927065	
-0.01398684376980673	0.39603134486255825	0.002086752476897484	0.023367797465630072	0.5998924398489092	
0.203429963766448	-0.023796775187557156	0.04997166214522869	0.0022282956594256442	-0.20072315505875238	
-0.23073868351873672	-0.18015476423838658	-0.07169653570298826	0.07297347942103892	0.030441191479964002	
0.22386913904828082	0.41317953887367925	0.11301170459796232	-0.18356502163373725	-0.32595254901051124	
-0.16797616919803635	-0.0922850025764146	-0.36838617498699366	-0.0962637341985891	-0.03936171474198977	
-0.5172903894084294	-0.03523026145281045	-0.014246245000111485	0.06480197408246377	0.02529923172485876	
-0.07131539026595102	-0.08432262002901042	-0.09633347141739855	-0.03648983233297994	0.24090734360531005	
-0.019790115580914446	-0.16001391497850526	-0.25252776288785933	-0.10238979495330268	0.057476989726368326	
0.0534395249146358	-0.0002860059029569889	-0.004385498656433812	-0.005199214687561196	0.060632668422833935	
0.042836809971505616	0.17240124584567174	-0.012998892705992434	0.030901607725683556	-0.05412095257362039	
-0.005629515296162739	-0.09792714773295362	0.007725456515269388	-0.09939640867608074	-0.040744364847939585	
-0.40444501369502606	-0.09860185598271073	0.17519230875531	0.49790648481576527	0.052077683806115084	
-0.18655021603576752	-0.5844796751351056	-0.056659064901736056	-0.01589323987359182	-0.11897037436776174	
-0.0723787085284102	-0.015211281065631717	-0.3054687310888629	-0.13685444126795457	-0.08286430527768923	
0.017600083408882986	0.05212492496525014	0.024065493134404637	0.39794114798741204	0.17497206574447408	
0.17712057701639433	0.9534020369791372	0.2047343911785276	-0.02617515656501088	0.07344953915496849	
0.0354954799807681	-0.026688671229753116	-0.013281534545367096	0.002458538455672274	0.10664087553863781	
0.14328188086099625	0.0483131504677313	-0.011005593022502707	-0.42537375775207953	-0.09573288781360831	
0.0018413475491802255	0.19952672644212122	0.05794227654470564	0.1350987636417343	0.5457691797180934	
0.12300215837994437	-0.04198062966251484	-0.09813028440669685	0.01535118699741815	-0.03771115717350744	
0.0034535197002259627	0.08328117061077955	0.012645359000671411	0.10255451892071245	0.0019617543491062548	
0.08637222332730812	0.08737367626181874	0.06886598971314264	0.24775683182625294	0.8270145729849229	
0.07219488285542058	0.08906217946311659	0.7877078492749683	0.07656591440798899	0.1749318540951831	
0.8161528462010613	0.21934730566729482	-0.2521764923674865	-0.8290292333908359	-0.2403461672394254	
-0.18419852640192258	-0.5690725996685485	-0.31268916178442047	-0.05423726580792483	0.03282051107095868	
-0.0005499813278937449	-0.1368940169449737	-0.9093295845164837	-0.12217099396634182	-0.3681144714765621	
-1.5858371587067353	-0.43977673684536356	0.16244886833836766	0.4530222874234862	0.08569738411339996	
0.06247778385257854	0.8190155053488258	0.06666245962186297	0.09797844894871886	0.5791881498108882	
0.20631081552164382	-0.3432806935145739	-1.2677487953409525	-0.24239843592064672	0.2315817246650819	
0.598707603926182	0.24781539670286076	-0.004623533295761331	-0.09737272861538555	-0.029398782891635042	
-0.1553849695358627	0.6068602132999293	-0.14048843287357693	-0.8061780334471914	-4.707123587759575	
-0.8538145247878982	2.203166329358152	
