            A        R        N        D        C        Q        E        G        H        I        L        K        M        F        P        S        T        W        Y        V
 1 A   0.0346   0.0571  -0.0185  -0.1799   0.0166  -0.0734  -0.1163   0.0015  -0.0441   0.0286   0.0209   0.0427   0.1306   0.1438  -0.1113    0.087  -0.0345   0.0818   0.1117    0.063
 2 A  -0.0603  -0.0338  -0.1647  -0.0128  -0.1366    0.122     -0.0  -0.0185     -0.0   0.1616   0.2869     -0.0    0.249  -0.0518  -0.1677   0.0027   0.0562   0.0062     -0.0   0.0037
 3 A    0.082   0.0497   0.0574  -0.0203  -0.0352  -0.0345   -0.102   -0.059   0.0083   0.0576  -0.0683    0.095   0.0938   0.0349   0.0086   0.0463  -0.0471   0.0266   0.0394   0.0088
 4 A   0.0337   0.0123   0.0068   0.0598   0.0719  -0.0862   0.0505   0.0092  -0.0072  -0.0111  -0.0066  -0.0123   0.0503   0.0216   0.0439   0.0128   0.0268   0.0421  -0.0369  -0.0393
 5 A  -0.0088   0.0051  -0.0099  -0.0288   0.0101   0.0035  -0.0329   0.0616   0.0259   0.0959   0.0244  -0.0521   0.0367   0.0184  -0.0777   0.0492   0.0065   0.0447   0.0767  -0.0064
 6 A  -0.0087  -0.0174   0.0135  -0.0452  -0.0146  -0.0292  -0.1053  -0.0168  -0.0478   0.0855   0.1276  -0.0445   0.1027    0.023   0.0524   0.0776   0.0547  -0.0806   0.0136   0.1016
 7 A   0.0461   -0.038   0.0409  -0.0486  -0.0034  -0.0002  -0.0192   0.0382   0.0176  -0.0171   0.1004  -0.0962   0.0105   0.0446  -0.0058   0.1206   0.0141   0.0133   0.0259  -0.0017
 8 A  -0.0115   0.0276   0.0613  -0.0685  -0.0269  -0.0509  -0.0102   0.0331  -0.0587  -0.0303   0.0045  -0.0617   0.0411   0.0423   0.1353   0.1286   0.0198   0.0903   0.0095  -0.0327
 9 A   0.1568  -0.0801      0.0      0.0  -0.0451     -0.0     -0.0     -0.0      0.0   0.1496   0.1174  -0.1165   0.0052  -0.0571      0.0  -0.0479   0.0279   -0.007   -0.093   0.2318
