            A        R        N        D        C        Q        E        G        H        I        L        K        M        F        P        S        T        W        Y        V
 1 A   1.3907   0.4186  -0.0082  -2.9728  -2.2516  -0.2716  -2.8288  -1.3027  -1.9596  -0.2912  -0.9675   2.1485   1.5872  -1.9654  -2.3626   2.0206   1.3708  -1.9911  -0.4361  -0.4081
 2 A  -0.6003   -999.9  -3.7405   -999.9   -999.9   0.4959   -999.9  -5.5586  -2.5137   2.5134   0.8058   -999.9   1.9215   0.1346   -999.9   2.3011   3.4405  -0.8553  -2.2235   2.1766
 3 A  -1.4642  -2.1751   0.2715   0.1977   0.3328  -0.1932  -2.6944  -2.2378  -1.5332   0.4757   0.5761  -0.2994   2.6402    2.861  -1.4712    0.653  -1.1004  -0.5265   2.1851  -1.5934
 4 A   0.6268  -0.1052   0.2404   0.5514  -0.2785   0.6436   0.4746  -0.9597  -0.9943  -0.9423  -1.4976   -0.353  -0.0741    1.089   0.3355   0.9467   0.1036   1.9458   0.3604  -0.8965
 5 A  -0.7266  -0.7113   0.6847  -1.1428  -1.2005  -1.0594  -0.3293  -0.7803  -1.3153  -0.2858  -0.6824  -0.3764   0.3951   1.3819   1.3833   1.6268  -0.5473   0.7351   1.5699   0.0717
 6 A  -1.7319  -0.2024   1.0449  -1.2426  -0.7635   0.0115  -0.8033   -1.662   1.0144  -0.3382  -0.3685  -1.5583  -0.1661   1.5786   0.5795   1.4775   0.6555   1.2925   1.1801   0.1493
 7 A  -1.3894  -2.6382  -0.5502  -0.8181  -0.4828  -0.8926  -2.1936  -2.0822   1.0895   1.0732   0.3419  -2.0156   2.3279   3.0824  -0.5578   0.6784  -0.2206   1.9136   1.5543  -1.2684
 8 A  -0.4444  -0.2886   0.6167  -2.0061   1.5281   -0.454  -0.5385  -2.0696  -0.3723  -1.5044  -0.1276   -0.066     0.06   1.7625   0.5372   0.8286   1.0647   0.9729    2.306  -1.6216
 9 A  -4.7659   2.8639   -999.9   -999.9   -999.9   -999.9   -999.9   -999.9   0.1178   -999.9  -4.9827   6.7802   -999.9  -3.1829   -999.9   -999.9   -999.9   0.1499    4.402  -4.3183
