            A        R        N        D        C        Q        E        G        H        I        L        K        M        F        P        S        T        W        Y        V
 1 A  -0.0246   0.0351  -0.0234  -0.0342   -0.006   0.0097   -0.021  -0.0162  -0.0258   0.0154  -0.0281  -0.0136  -0.0019  -0.0177  -0.0482    0.005  -0.0213   0.0698  -0.0356  -0.0394
 2 A   0.0095  -0.0166   0.0138   0.1476   0.0464   0.0699   0.1904   0.0172   0.0094  -0.0133  -0.0277    0.034  -0.0075    0.011   0.0037  -0.0069  -0.0074   0.0439  -0.0157    0.012
 3 A   0.0142   -0.034  -0.0509   0.0286   0.0774   0.0091   0.0202   0.0028   0.0095      0.0  -0.0114  -0.0081  -0.0179   0.0344  -0.0088   0.0039   0.0071  -0.0262  -0.0024   0.0024
 4 A   0.0613   0.0246   0.0155    0.026   0.0498   0.0341   0.0398   0.0123  -0.0053  -0.0368  -0.0137  -0.0154   0.0243   0.0455    0.022   0.0053  -0.0037   0.0141   0.0412   0.0123
 5 A  -0.0002  -0.0076   0.0198   0.0435    0.015   0.0669   0.0485   0.0506   0.0417   0.0469   0.0269   0.0131   0.0399   0.0204   0.0274   0.0455   0.0188  -0.0367   0.0528   0.0325
 6 A   0.0359   0.0117   0.0172   0.0405   0.0207   0.0457   0.0209   0.0277   0.0521   0.0199   0.0293   0.0457   0.0306   0.0289   0.0325   0.0362   0.0249   0.0747   0.0183   0.0025
 7 A   -0.012  -0.0064   0.0241   0.0016   0.0376   0.0185  -0.0013  -0.0111   0.0555   0.0133   0.0174  -0.0143   0.0045   0.0084   0.0076   0.0004    -0.03    0.058   0.0238   0.0115
 8 A   0.0073   0.0046  -0.0042  -0.0122   0.0152  -0.0192  -0.0107  -0.0134   0.0129   0.0086   0.0067   0.0064  -0.0674  -0.0157  -0.0098  -0.0045   0.0108  -0.0044  -0.0149  -0.0002
 9 A   0.0375   -0.004  -0.0019  -0.0944  -0.0013  -0.0112   0.0059   0.0034  -0.0297   0.0025   0.0608   0.0144   0.0216   0.0351   0.0391    0.021   0.0002  -0.0057   -0.005   0.0247
