            A        R        N        D        C        Q        E        G        H        I        L        K        M        F        P        S        T        W        Y        V
 1 A  -0.1279  -0.0505  -0.0592  -0.0764  -0.2059  -0.1289   0.0116  -0.0848  -0.0208  -0.0755  -0.1693  -0.1281  -0.0124   0.0004  -0.0907  -0.1032   0.0091  -0.0913  -0.0553  -0.1297
 2 A   0.0845    0.074  -0.1331  -0.1492   0.0131   0.0595   0.0333  -0.1469   0.0241   0.1378   0.1165  -0.2289   0.1362   -0.008   0.0792   0.1482   0.2113  -0.1608   0.0614   0.1519
 3 A   0.0277  -0.0374  -0.0656   0.0494   0.0184  -0.0085  -0.0442   0.0114   0.0162   0.0586   0.0407  -0.1065   0.0946   0.0367  -0.0041   0.0548  -0.0042   0.1345   0.0462   0.0758
 4 A  -0.1624  -0.1086  -0.1595  -0.0737   -0.191  -0.2062   -0.047  -0.0921  -0.1828  -0.1156  -0.1001  -0.1517  -0.2246  -0.1269  -0.1372  -0.1847  -0.1671  -0.0323  -0.0738  -0.0834
 5 A   0.0732  -0.0094   0.0008   0.0289    0.021    0.097   0.0931   0.0323   0.0775   0.0344   0.0353  -0.0266  -0.1195    0.133   0.1171  -0.0288   0.0848   0.1381  -0.0366   0.0749
 6 A   0.0534   0.0244    0.054   0.0379  -0.0061   0.0501  -0.0714    0.048    0.031    0.072   0.0421   0.0538   0.1566   0.1239   0.0378   0.0349   0.0828   0.0673  -0.0124   0.0164
 7 A   0.1113   0.1143   0.1138   0.1551  -0.0619   0.0729   0.1036   0.1092   0.1359   0.1742   0.1025   0.1278   0.1657   0.1741   0.1408   0.1053   0.1023  -0.0011   0.0773   0.0918
 8 A    0.062   0.0499  -0.0135  -0.0216  -0.1428   0.0384   0.0526   0.1159  -0.0491  -0.1245   0.0834  -0.0122   0.0432   0.0605   0.0799   -0.021   0.0161   0.0803   0.0205   0.0307
 9 A    -0.02  -0.1773  -0.1553  -0.0894  -0.1759  -0.2949  -0.1215  -0.1792  -0.2205   0.0448    0.046   -0.068   0.0757  -0.0356  -0.2428  -0.0468   0.1036  -0.0852  -0.0489   0.1365
