TESTRUNID EPOCH: 15 L_PCC: 0.8226255132095176 L_ERR: 0.008690400512869113 T_PCC: 0.7326409752763876 T_ERR: 0.012856538267194972
180 LAYER: 1
3 LAYER: 2
1 LAYER: 3
15 :ILEARN
0.23171909052733122	0.5547290806979388	0.19173975861659784	0.16104924071146978	0.5620386843677668	
0.0072900751730453645	-0.1319092278699046	0.0032412713470446716	-0.18835567147041138	-0.8318192970475011	
-1.1508636511638213	-0.8058961408037546	-0.022324364868284326	0.049575514872598994	-0.06377369775043644	
0.03612788467154854	0.3462020079035663	-0.17342397014633412	-0.6281416881857912	-0.4574489462463689	
-0.43394331886807463	0.12746160255246944	0.03862055887877652	0.1495571999361699	-0.18537432400271445	
-0.1470223884583681	-0.5385672440040561	-0.0331864561397805	-0.24039482818245547	-0.05138046358545448	
-0.14276085647465658	-0.2453020915117621	0.07218070224721283	0.3628630533677709	1.015507207774848	
0.23903315623740876	-0.20610460050240004	-0.24193503181345075	-0.48547725135185993	-0.07407382966803827	
-0.5080416748971046	0.022971479515936186	0.01325987391727283	0.24330419047170143	0.0686046899911466	
0.03175552873170634	0.23581355206776375	-0.16298685569445664	-0.13897703036394116	-0.23517430521854085	
-0.41920502150344335	0.2738320133137758	0.07245936998849653	0.10445999613432663	-0.08873585698227351	
-0.3926606612206954	-0.2837039781154775	0.0792374229722407	0.054277258715192886	-0.020675102312617783	
-0.47610270122702514	-0.5447717047929442	-0.2786481496904115	-0.11336594242932962	-0.2749621289044384	
-0.04813293345678182	-0.04650761581236005	0.025856565220795068	0.3743050354937132	-0.055717478471000524	
0.17661117160855877	0.09000000991091048	-0.2602043232606227	0.02028782009740217	0.0185529711196468	
0.0254524587319036	0.29472439659343197	0.08773946942923833	-0.10215844626620588	-0.11793501190487991	
0.03272001794263234	0.006213547171525909	0.36378108833127104	0.18574821390177984	-0.0598394327104312	
-0.07474955370592694	-0.03234269375204801	0.1216571550543027	-0.3749765108424023	-0.22109991495855955	
0.13095481923706678	0.1763826236331798	-0.13384964407569652	0.007464523789462465	0.010705761196379853	
0.010528705918907337	0.11158304613902992	-0.3756063170652418	-0.5000010619560878	-0.09842688163340202	
-0.5764498716709243	-0.4747297605067517	-0.26668522377085335	-0.43648499646076777	-0.2966280910742724	
-0.24680576489102427	-0.3251389535167274	-0.09211912176430283	-0.7231617056188888	-0.623456583835138	
-0.5759854593782292	-0.4431904287967837	-0.4370485067044986	-0.44234063730010814	-0.41122109389606015	
-0.7355309656178552	-0.5314719484186476	-0.07749012057282648	-0.5849995418646352	-0.40328030804374193	
0.16489905501678054	0.05496807031304256	-0.017499438469650096	-0.2645212739750043	-0.35800041055593174	
-0.45686799679316853	-0.4755032052295244	-0.34319579373987025	-0.11049110543073305	-0.28773629110584387	
0.03378377619834692	0.6958246568935179	-0.012871142348182695	-0.19329160694125486	-0.13088285482226028	
-0.01530305056623003	0.21175857406642326	0.1066802867378421	0.2616026187600142	0.3245024530756607	
0.528517704484735	0.02842853830205543	0.1910338105957493	0.2225453380622261	-0.023035765326446092	
0.12165521770686702	0.1108319386310924	0.2217188611865607	-0.07523743274067628	-0.3396199605221881	
-0.002257920885664029	-0.09537585710080933	-0.33196315765218654	-0.347652506688954	-0.5460142096457458	
-0.31022100816484993	0.3467838580803921	0.31599539075871985	0.009621032741111797	-0.0891545362802762	
-0.23494860907192378	-0.3844668067188567	0.16256286872286843	0.23420393495890884	0.21631425684091915	
-0.1918469694642681	-0.10995162086181262	0.019003106866124	-0.0729835215647697	-0.2354604259775691	
-0.15381898557688115	-0.253394132552293	-0.36339955890797815	-0.4852725144926408	-0.021417116321373632	
0.11782866293584651	-0.18603197094060692	0.3337349107896022	0.029002264235721817	-0.10561061327143664	
0.07634661863399132	-0.3153519061224731	-0.15142721636330964	-0.17052907800897346	0.003662143221449028	
0.018098019025333378	0.0815497217076183	0.15391273359698288	-0.0033342895425913614	0.14877513431809347	
-0.15835988693376002	-0.030159593048085274	0.07229192001372226	0.26361391211986523	0.12579421890931497	
0.3089688899778319	-0.034962379139112335	0.09976868814897154	0.13079568571463085	-0.047230491745388195	
0.10909216865250074	0.24064519339999857	-0.22205537792121507	-0.1710158631430686	-0.2387439996818396	
-0.2609353929802765	0.13110778100826576	0.05053844103292271	0.28652090367339367	0.13882637298893227	
-0.1006101821735084	-0.2001734043807823	-0.23512329043919614	0.0820453238576926	0.1858380279073467	
0.2738211168063387	-0.22663669295797556	-0.32210098418820243	-0.2926502164116967	-0.2538646038787325	
0.1770988273833379	0.017550339615446862	-0.2778763280997957	-0.48512409221054986	0.040669154924173376	
0.09820470195164355	-0.046055804415213696	0.2527330241847832	0.3415217919125427	0.31705276437399793	
0.3969765058016328	-0.13692126503875982	0.0737128923134221	-0.4131373950713555	-0.2167210408649934	
0.25047461223209366	-0.11570484784764437	0.06371819102999025	0.19698364441413888	0.10295026102780354	
0.4079660895073347	0.5231801103318277	0.2633909376628615	-0.6497997002536093	-0.547216430421719	
-0.4253621696588335	0.4326172000983457	0.42913502645435947	0.2631117725693424	0.49490576763165195	
0.03696939004581764	0.2815270216687987	-0.06771646947480055	0.15179113790578633	0.08252730902705319	
0.39443508194782084	0.16735001121498555	0.07568618765088593	0.4009305627622198	0.08894859892922345	
0.09228223396229976	-0.01418624667147537	-0.047344803139645654	-0.06825211574265946	0.23458729064034117	
-0.13059283712165076	0.06452042875934826	-0.09110688810628655	-0.010154237019787663	0.0060089298536182	
0.2444369892675107	0.18894090934058932	0.435248139776078	0.09134978198759557	0.2935113024052826	
0.1436487024694846	0.2524246104572253	0.2562992643044291	0.17470009009331416	-0.029424205387394136	
0.2260973379461105	0.12147863353823622	0.4092650695967563	0.23365379151805163	0.01863719188348365	
0.23721100678173976	0.1889169381967229	-0.037212544688695635	-0.024443821629246094	-0.07283487503484826	
-0.19295658830014395	-0.19549533981309836	-0.24298312882618622	-0.22305671270607744	-0.006659325360279968	
0.11222625325921967	0.22975221205859303	-0.33510889428951235	-0.12545341723364573	-0.2348664371484529	
0.464168637945904	0.47644095536497216	0.3655748314339535	-0.2971278839347697	-0.34523219316685566	
0.01704125001399395	-0.11942949462890692	-0.14614386413013183	-0.1856472145817677	0.05505700205704586	
0.0769431344737427	0.3548122722142738	0.12955019943877868	0.054657688563414665	-0.09267058686640721	
-0.03346709049960035	-0.04778743697796404	0.08896419100861597	0.18815344103379145	-0.1059165703111454	
0.1676479026088313	-0.024776934358573522	0.06731017752776786	-0.11647452230844337	-0.1760795179415206	
-0.23083593411795447	-0.5288796717465779	-0.20755840690546273	-0.1652515689380193	-0.17172358092678636	
-0.09975588361779766	-0.0031812964431355726	0.08059307966501739	-0.18016296858657505	-0.13285906783089926	
0.11467569747180721	0.06721884040968301	0.11956931384321133	0.14974746930679578	0.017064118792852315	
-0.1427136552437941	-0.5999157625250083	0.11294288463683064	-0.16859448779889186	-0.03437144110106084	
0.3122551185405026	0.49920534366831887	0.2518386643491675	-0.08228187424203741	-0.17910703857965457	
-0.11044783818791154	0.2732376838217484	0.1069318319710063	-0.1956708022875003	0.33612946728872267	
0.2634239790901966	-0.24436954868350907	-0.021147664085125716	0.17508227653900565	0.10077223777984613	
-0.3692815635119633	-0.47267211312184126	0.0408952405066771	-0.11350711837411655	-0.1737369235658852	
0.06083741635248381	0.15094123906633147	-0.3592599957399349	-0.04374654619984215	0.29833348787227687	
-0.07040679734618455	0.1390443848595253	-0.1318122229089535	-0.11508977871928536	-0.28052280445246347	
0.2569413309285462	0.03142550458328885	0.11732024899362836	0.3669983972727617	-0.07026525142966278	
0.2654219741669191	0.020841005552256497	-0.07913143369455962	-0.14425413576100993	-0.21051161666080642	
-0.25976326738377703	0.019016111978026	-0.08664252308734662	-0.024319835326690485	-0.08484489440312482	
0.26388583103952623	0.4783534295578625	0.1981180345628701	0.25387293790203164	0.22670840989064384	
0.5143138560526075	-0.16115376562642236	-0.13197095797996747	-0.31359088860828177	-0.537436268094044	
-0.050668637082987106	-0.22067740050588416	-0.11715985762390319	-0.02563984329216089	-0.121385729618134	
0.11058262769354367	-0.40870275374336695	-0.1276446113215949	0.038985130056362866	-0.12673644926637456	
-0.0013570785693832737	-0.5844919587972296	-0.3127767903514278	-0.46147827474572584	-0.3860940308165396	
-0.12347659484855894	-0.09042018279424284	-0.2022067119279598	-0.05534759518981881	-0.10867192671897101	
-0.02774054571443452	-0.48716897873657905	-0.44996244847283495	-0.08418858710672737	0.10191444559678765	
0.018430161757466434	-0.22709702499440218	-0.15686774167989076	-0.17124323658989413	0.15003729956321646	
0.010308728291009229	0.17809988388434336	-0.03484819965020656	-0.07497135849380374	0.019263537047859196	
-0.21021114145225192	-0.05841271703389509	-0.085967864513945	-0.17781078987402818	-0.3033527383781296	
0.03388175711219053	0.17627923056988293	-0.012926318264388025	-0.07970506044790121	-0.06628890801282092	
-0.04358536902017515	-0.0825031004969422	0.3056488339455294	0.09813279053607799	0.2122310402274586	
-0.5440680445260734	-0.5426666936793533	-0.36347030264422736	0.16217862406005606	0.06229950725135048	
0.38949442212093593	-0.01397664775176798	-0.05495875553745359	0.005930612279318533	-0.6213456368670844	
-0.5359941762940426	-0.7319986575706702	-0.2225817655947721	-0.26141151973985155	-0.22311812993622762	
-0.041696565499240355	-0.18692913704174063	-0.4398322748334868	-0.005774805899586674	-0.1811066626730544	
-0.2965123103926127	-0.20083535499855662	0.032879510344498535	-0.20237281256097756	-0.03577766743927656	
0.082697915285879	-0.31676323665464107	0.41090258238505123	0.19750200912401134	0.2977064178704742	
0.215334365645051	0.32251326691331017	0.22403985160780288	-1.5539158382175347	-1.7325193046060383	
-1.208444944539169	0.19983568921001635	0.12669954294779778	0.24479623939084466	0.1117412625504767	
0.11387885208814184	0.2212718136248659	0.3082889486921796	0.20119128687908844	0.19618271516688074	
0.1074500641456438	0.1310619666780926	0.1320798083101421	0.1557106361277758	0.002055111301002703	
0.013966116275552451	0.1287425951518288	0.12029139845355899	0.08817878118814258	0.49485105840695687	
0.4492609452267105	0.4736606640477459	0.3022879266440705	0.38382372560522793	0.1805279597560468	
0.062125597460750526	-0.06019068784822727	-0.16600789888753095	0.08215787035188231	0.2698522437696688	
0.25465627999383444	0.10683423605791245	-0.0002501537926582778	0.02047999684735361	0.26415113181121536	
0.3283997604241161	0.14806954051154328	0.5199889422443061	0.5096215054940777	0.3901163648927123	
0.1401137348359281	0.14953497150852885	0.13335717680452538	0.08305636453237217	0.006369131753112537	
0.14266896943136595	0.03052327316149934	0.30808764559854057	0.1063925228540093	0.31703150375037703	
0.5341604343633602	0.330732945122804	0.13850881795353942	-0.01983290883817785	0.01841996591034573	
0.14279487589517417	0.3335419298141181	0.16834687299911727	-1.7665569179607445	-1.843277567654039	
-1.8265806527462651	1.3902457305963913	
