TESTRUNID EPOCH: 95 L_PCC: 0.981332561116369 L_ERR: 0.0005952960949289074 T_PCC: 0.58425270213361 T_ERR: 0.01259437836553587
180 LAYER: 1
3 LAYER: 2
1 LAYER: 3
95 :ILEARN
-0.2043489279276378	-0.19314598893405538	-0.2776651081226942	-0.028644079324665353	-0.08081660780680389	
-0.0874247224870588	-0.15402421413636821	-0.22465988866961367	-0.20196170346930442	-0.03488762522525725	
0.1192612923524784	0.15036929288865764	-0.059109550053696516	0.0756234872781891	-0.09452248136041477	
-0.02726393405807883	-0.12501934664304665	-0.08889655152406359	-0.07192261228095326	-0.06037970218302424	
0.060148913735107334	0.0697262262946527	-0.036696639010670926	0.011320209577342227	0.28920155043515217	
0.3841349891065299	0.2204318731960762	-0.09218904335342354	-0.06603391608708623	0.07562850068588264	
-0.08033063323338999	-0.015778474998989572	0.09157790603010038	-0.14767472596879294	-0.28268135463831173	
-0.33050651368227785	0.03730018553631673	0.06692513437947459	-0.09634234453116164	0.30106719429094125	
0.5137983974227118	0.43207082214959674	0.18763363203355135	0.5233589773071232	0.3457870104296415	
-0.11344525259970042	-0.048182850032610774	-0.1711256051806771	-0.15623421055127426	-0.32591171793528245	
-0.32944255024003866	-0.09290914267758467	-0.23213885203431392	-0.23384053101189936	-0.03292216995668667	
-0.16228647777533706	-0.0570219140847669	0.14625520207316914	0.45438871461882047	0.4495388907965699	
-0.07953311423443483	-0.017188802436086337	0.03888003154554903	0.0461297969720267	0.003645624930579604	
0.0968273929785793	0.04240497717623642	0.01573670964736182	0.10123045230126687	0.03524209729759698	
0.10786703185162519	-0.04752894205218419	-0.053555130241483034	0.0899262267912627	0.006046825700609957	
-0.06692916057661344	0.08550171607920679	-0.030446828050898697	-0.7440013392287588	-0.8364033493461516	
-0.7942873451976623	0.03896312907704558	0.07110162126485943	-0.010806761139030435	-0.030022980574252865	
0.10327103239353223	0.007908697434628558	0.12204252291167436	0.06963931423320371	0.06099554058640459	
-0.06344450242039995	0.10977135028544702	0.00844399167124147	0.01567792287742635	-0.01837263944774377	
-0.05259460395139446	0.10333977939063313	0.05066808521921277	-0.06613878860724012	0.04239308287022413	
-0.004990180373488386	0.033449204764545444	0.2530811197867121	0.2286902936060088	0.3313011172503685	
0.1354022564761516	0.062411565193955375	0.23830952492912055	0.15583633286014667	0.2547483655590307	
0.08547272955951196	-0.07257285007422445	0.08651909260743271	0.03936363229798004	0.04772604508465351	
0.26359379931937066	0.25746930240030924	0.10228079823302319	0.06952718631200236	-0.04983463740094473	
-0.0578719756227969	-0.006560253182392452	-0.016161644625340178	-0.050757786479390825	0.07200558973657761	
0.007766212868330569	-0.22187877116870314	-0.12688246679042192	-0.20355293269684613	0.12636956858154885	
0.2706798601555187	0.3440360181937594	0.01220604385114199	-0.0962705421254114	0.060126534536123266	
-0.05340514523179592	0.06142103912375582	-0.022427871187165646	0.07270837091188573	0.04942432854743692	
0.011248046798083777	-0.072708954867863	-0.08801646209755767	-0.07573130885185253	-0.09108962429104767	
-0.07850117417878143	-0.05485813227842906	0.13014569095798317	0.1477600927554421	0.036305870567008736	
-0.06524350275118938	0.1524167458747209	0.0520067373085903	0.14737981861266708	0.27113092874810946	
0.3512482292531125	-0.06091410377813625	0.01627178545465155	0.09400399781766247	-0.0014684329019343401	
-0.07704668782448845	-0.06407465496150701	0.0626504314143238	0.1429304143517246	0.0008023838408994349	
-0.3035463678558123	-0.38808848651227884	-0.3046944029327033	-0.011322117531707409	-0.09273959026413955	
-0.13149627255734136	0.09772323088248977	0.015949043849159378	-0.023971765475289925	0.08851661206434591	
0.16517525929804658	0.14439214532376005	-0.15788327870275484	-0.24885664170568803	-0.19511138840534237	
0.14784030353933408	0.08572394146341403	0.19746255438326726	-0.08669270372917702	-0.04793698028429181	
0.060950912748669095	-0.08928684685512733	-0.058793678693697796	-0.07368625849159836	0.15635410525444876	
0.08130856428667899	0.02535573221559372	0.047013192657733904	0.05443560590864935	0.0815631705007048	
0.1693793694816588	0.037672381726395004	0.07349574813420656	0.016800131424891365	0.08555106321934858	
0.08362640253808332	-0.04447011822789496	-0.014944682742925422	-0.06170540582261165	-0.02199845717175075	
-0.0028018665806180537	0.020862096583994655	0.007353591868157601	0.08169348222221379	0.09365300866805606	
-0.3456325881237074	-0.201484454812463	-0.31706732542105437	-0.17572438316820638	-0.14980806779427466	
-0.09750558493909108	-0.0956950389451604	0.0895940422435362	0.0654230942341465	-0.15083500291541643	
-0.1730134434931707	-0.13587955045826217	0.05373413253732437	0.26654362634274037	0.15374779448836878	
0.08802149646667343	0.016402835989416012	0.07576639688236883	0.080888219951465	0.10114596805974599	
0.010509130083939569	0.005544441715955102	0.05704371531942093	-0.04863886134463589	-0.0019492954760144537	
0.019822061529175677	-0.09689334488983287	0.16530125395692827	0.28862006226038606	0.32182449251028045	
-0.016589398070012137	0.13753922157969675	0.05395808798150896	-0.07347842113806687	0.050656642935939196	
0.01021478240618875	-0.02254922345245987	0.11616570202315582	0.13958915491018403	0.05199236844831457	
-0.1646010897296402	0.035797231220085636	-0.02468393705084511	0.09475670767166453	0.02094322019481061	
0.046212390339102426	-0.009336325617061169	0.0016276167311825964	0.04730276027690551	0.13679661183420785	
0.17756765613448144	0.1203602865800063	0.1233259984017216	0.1090770976954961	-0.019847610360401658	
-0.15843654745471894	-0.08349922369509714	0.0731597429249611	0.11130261753757904	0.10878560089435951	
0.20331080669607984	0.3090066106120715	0.3418326474699277	0.011329481290409367	0.07035227881002903	
0.02534903763982111	-0.06028602231457783	-0.014659798130393448	-0.0313307520451154	0.03637327429416844	
0.04284562134993368	0.050311346038239696	-0.1242977300744262	-0.1932726782463763	-0.1998516964098595	
-0.08048126388488738	-0.19848403329819383	-0.15151256070731114	0.02990823725284941	0.08529207904798064	
0.04058400771566097	0.07849659563570804	0.16805273534788442	0.19104076776802104	-0.25030365713487224	
-0.5149199583065814	-0.412695835396525	0.009914220924960367	0.3560870714187949	0.1486597095801421	
0.2025064074567354	0.3299789030406912	0.25198441491676554	0.013898882549075148	-0.06780571263687825	
-0.006623995447338743	-0.1655740127250476	-0.29495278137619363	-0.2000862351435683	-0.09707170981466247	
-0.017481844913497184	-0.013874174313033175	0.07515987479461697	0.10796197285157494	0.1144522739319938	
-0.11422320172865552	-0.15975696187341484	-0.2494424538069358	0.25159500964509507	0.5324214886318279	
0.4317717712559779	0.01678147345560708	-0.057518973070324726	-0.08601536942617317	0.03280085234027465	
0.039227009818516984	-0.028385752554279668	-0.12808179437156178	-0.2062917226539794	-0.17148562710770301	
0.05552598868583605	0.3434571028069239	0.1878490883323901	0.03496083499020575	0.077544324227862	
-0.06217804096120017	0.08695377815084361	0.23958073535025198	0.23448019918592192	-0.0036651155478134665	
0.07295329165706967	0.0882850843617426	0.014999628360125318	0.0016631665405029818	-0.14118224133942012	
0.0302608664681982	0.0407033976305306	0.022048162529325926	-0.25374614624388553	-0.5336064201598044	
-0.3849262950611816	0.04634572014790539	-0.048060321340329386	-0.04858614023557067	-0.08323712671033227	
-0.15011707246103054	-0.08154344645507214	0.05253431518615481	0.28539087025606613	0.3582242888691196	
0.07982269450849425	0.12462625982646483	0.2561768067848297	-0.047488880089451596	-0.003117878525163922	
-0.06269776761149971	0.2654363830350091	0.16683248131858874	0.1690664942362763	0.05082179665261171	
0.15692474689954544	0.08110344098744582	-0.19902017520952464	-0.09593804414377767	-0.26747819459787125	
-0.02669138055125113	0.07246925056760883	0.03853554350147087	0.03818842841323372	-0.062272639808937824	
-0.01161914385031533	0.016315481468858237	0.09795034153274104	-0.059218754953375634	-0.05045341964752903	
-0.04756538324541762	0.05003448265959856	0.04644034098274937	0.0005386313292964695	0.08247856013341828	
-0.26567525098429645	-0.2808735337220868	-0.3773637610109781	-0.0071474863931158756	0.22446369797062227	
0.26097802855696856	-0.023796775187557156	0.04997166214522869	0.0022282956594256442	-0.06081616122605499	
0.044601658722671245	0.010621402422461247	-0.3397047265699417	-0.3624807609004507	-0.39889068445234727	
0.11064837341076715	0.006229656339559962	0.00954387588744789	0.03229671027986693	0.2733414482285888	
0.23741615848516784	-0.034600083971375734	-0.04788765964172445	-0.06127441798917824	0.15994251229227652	
0.16139239210401993	0.24812737426688525	-0.052818416132046624	0.09121290916491359	0.054833333191516016	
0.1386451402735299	0.23113241784882566	0.2071449514915259	-0.08665500047212871	-0.008283237258313633	
-0.07733161544648191	-0.06481388128369729	0.09477110868665391	0.02005001471921557	0.045662777633385505	
-0.012196037561696665	-0.01576528229131318	-0.004385498656433812	-0.005199214687561196	0.060632668422833935	
-0.34769298876171084	-0.3920113283013859	-0.5391811996735816	0.027050232157893567	-0.09311497362962647	
-0.012382336597642533	0.024154138472652714	0.17272171658549923	0.0661418689894274	0.13893627639223885	
0.15338996744874128	0.12865903639448933	0.2105896275580984	0.13375713414910329	0.11634647792581689	
-0.03271456069129695	0.07737207434311218	0.11697143158949318	0.24435109700587337	0.2812325380919156	
0.279147890082546	0.1648435965511422	0.11505681360549978	0.07659346695492983	-0.10916729314419409	
-0.1359372796043814	-0.008110924779904799	-0.17976100332507836	-0.19732635213026398	-0.09914440422935092	
-0.037882549641158	0.09648348985858857	-0.04667225956967296	-0.20260768112764985	-0.4500940432572728	
-0.2939890600105162	-0.026688671229753116	-0.013281534545367096	0.002458538455672274	0.02542099963157629	
-0.196128352360125	-0.05305173619687398	0.05179224822030596	0.1560590614343436	0.26512568986321333	
-0.036081137869238965	0.07764016669384921	0.001546377922705554	0.20023377478615564	0.27617589380981156	
0.29143603412315244	0.0397085263236717	0.060945849440462226	0.1628227370871383	0.12947002974610516	
0.33112327994363117	0.3868806816648045	0.15756431359942136	0.2835830344608994	0.28042876002441725	
0.0257412506862741	-0.038369446541579026	-0.04542124732039489	0.28131836915206426	0.3144176887989765	
0.2531576275446293	-0.021558569705383925	0.02683946423024629	-0.0075636423836405895	0.02141883239449209	
-0.01728271699976773	0.06327030236544282	-0.2879679303258898	-0.4321527969965976	-0.4691684172359698	
0.07687382253827899	0.0806046115570755	-0.016596213605648526	0.11452444728256345	0.3668190137978989	
0.30462554022789273	-0.31535927769582844	-0.6398163609158183	-0.5332385429764432	-0.13864058119669706	
-0.4493988316333936	-0.4287493224224939	0.09519781366618099	0.08031251693386426	0.019121586720529105	
0.05422643432250481	0.2148035795209424	0.18224989263758334	-0.009653370261704944	-0.024913033366428444	
0.09507000685405731	-0.1979499841994936	-0.2362079354718608	-0.23952520086529752	-0.3850014717960942	
-0.34806822498810086	-0.3134202801506316	0.21502026219558754	0.2672696715550107	0.31062723139769105	
-0.015278013955860538	0.30539907469042094	0.21939704322610418	-1.3934546830949017	-2.4506062728268057	
-2.2642664881531727	1.6490499345849459	
