            A        R        N        D        C        Q        E        G        H        I        L        K        M        F        P        S        T        W        Y        V
 1 A   0.0319   0.1485  -0.0479  -0.0805   0.0258  -0.0747  -0.0929   0.0117  -0.0076   0.0229   0.0211   0.0337   0.0027   0.0223  -0.0987   0.0783  -0.0297  -0.0545   -0.075  -0.0708
 2 A  -0.0169   0.0661  -0.0863  -0.0185   0.0025   0.0032   0.2035    -0.07   0.0067  -0.0929  -0.0331  -0.0715   0.0296  -0.0321  -0.0104   0.0049   0.0109   0.0058  -0.0307  -0.0391
 3 A  -0.0092   0.0208  -0.0119  -0.0289  -0.0287  -0.0641  -0.0501   0.0219   0.1021   0.0191  -0.0842  -0.0845   0.0085    0.074    0.003   0.0403  -0.0008  -0.0566  -0.0434   0.1266
 4 A   0.0829   -0.025   -0.053   0.0501  -0.1872  -0.0557   0.0218  -0.0738  -0.0291  -0.0106  -0.0215  -0.0615  -0.0064   0.0134  -0.0509  -0.0451   -0.013   0.0384  -0.0068   0.0709
 5 A   0.0798   0.0171    0.043   0.0072   0.0474  -0.0356  -0.0078   0.0055  -0.1182  -0.0348  -0.0177  -0.0603   0.0022   0.0156  -0.0191   0.0357  -0.0332  -0.0721   0.0987  -0.0539
 6 A   0.0177  -0.0916  -0.0175   0.0001  -0.0397  -0.0454   0.0169  -0.0479  -0.0126   -0.013   0.0151   0.0071  -0.0986  -0.0392  -0.0879  -0.0242   0.0542   0.0494   0.0479   0.0353
 7 A  -0.0294  -0.0153   0.0088   0.0124   0.0593   0.0403   0.0304   -0.119  -0.0146   0.0098  -0.0514   0.0341  -0.0759   0.0366   0.0491   0.0134   0.0081  -0.0394   0.0697   0.0356
 8 A  -0.0364   0.0079   0.1337  -0.0004   0.0072   -0.028   0.0321   0.1024  -0.0324  -0.0788   0.0238  -0.0472   0.0496     0.06   0.0159   0.0212   0.1051  -0.0322  -0.0502   0.1511
 9 A  -0.0297  -0.0786    0.043   0.0193  -0.0222  -0.0507  -0.0576  -0.0701  -0.0159   0.0366   0.0435   0.0554   0.0455   0.0379  -0.0161   0.0075   0.0001    0.007   0.0732   0.0042
