TESTRUNID EPOCH: 12 L_PCC: 0.8502660532771319 L_ERR: 0.008778734384011212 T_PCC: 0.8198087717623163 T_ERR: 0.010562895709165193
180 LAYER: 1
3 LAYER: 2
1 LAYER: 3
12 :ILEARN
0.04900746930322298	-0.0034728043349163	0.042921275606891074	-0.5851724130357464	-0.21412782761813506	
-1.006843233223608	0.32317057502529545	-0.14531145484402933	0.14711442166304178	0.7628411659619336	
0.3847631238888988	0.8334281460760288	-0.08683302253749182	-0.1598652435545506	-0.10188165168494778	
0.1075414848497534	0.08551799041384947	-0.005887159372177407	0.39824936316085185	0.31913916126407893	
0.4869599145719099	-0.43417101912825834	-0.37395556924203033	-0.344010838815018	-0.5325979994176712	
-0.4030315220463922	-0.6263621293065399	-0.23763917659499206	-0.39173055953262087	-0.354578558040797	
-0.16447028133632494	-0.18793313890795	0.244149913769515	-0.5201792840697286	-0.19407688150068833	
-0.7942756155379196	-0.26661592845429616	-0.3398293570166514	-0.5924174179913316	-0.12801183048385117	
0.1884576260029193	0.29598032562215676	0.34126827880297	0.5136413271907484	0.11750353351586448	
-0.22718677086432043	-0.13503888352226	-0.08586060524349172	-0.17454774742502865	-0.20226702633437132	
-0.2123762756643654	0.20219414291824772	0.1712263951684131	0.23868823844036505	0.20163068615389046	
0.19116203540521798	0.3539877599518777	-0.11097021113777106	-0.24440118298992003	-0.3396764605343994	
-0.08118215476680953	-0.04325561876345082	-0.07798434231758913	0.5199131087559085	0.3836508601479016	
0.7049268734958536	0.00286167926521237	0.0014270385099443932	-0.022068461730429135	-0.11733204302049995	
-0.06314349150154315	-0.4339703009301104	0.002011501649809367	0.37076701958324704	0.31433017481977543	
-0.6436145917601885	-0.23418485170047357	-0.891152850361513	-0.020514348623138442	-0.007952474323236106	
-0.08144287538923117	-0.01664613287333517	0.06534226215099183	-0.24517692903617358	-0.07150216826238652	
0.23655200679486516	0.19439978073072087	-0.1914891935126237	-0.3657002138754008	-0.4022617212104331	
-0.7938915264725611	-0.6436826371017258	-1.275406167617411	0.3751390236200449	0.3400905927963823	
0.3821580895670024	-0.471607545731688	-0.41640473397088257	-1.0522009718608236	-0.11712943459106094	
-0.20038316313083754	0.25760246544448356	0.22056946883595846	-0.06736738904817201	0.1266248223136385	
-0.8203215334741424	-0.6304212610633656	-1.0933174098606147	-0.3167870115878429	-0.6290669571568075	
-0.9022164841183044	-0.3298789959231379	-0.12570692432426142	-0.07292222568863241	-0.1811752955711616	
0.18033168838084565	0.5805163859255492	-0.3865340215219927	-0.4214537155287246	-0.6658211975704699	
-0.2460661778607695	-0.5341043290386297	-0.5627411619408674	-0.392724651571799	0.2716973461107414	
-0.5670149194820041	-0.29522814669754216	-0.5328114850242774	-0.9782078377292973	-0.15692191017198237	
-0.27226789633500703	-0.10200373359433601	-0.09122833974947604	-0.18847281579742886	0.03591484777628255	
0.24408008382536436	0.39847401097468466	0.20088321981778462	0.5034167200847304	0.5550679934090632	
0.38005694361564407	-0.09313374612120409	-0.24005365490364072	-0.11456659693786493	0.16455627092364308	
0.3206614926453033	-0.17279187409368077	0.1990289229117837	-0.3058986552002134	0.07290675757124769	
-0.4995601871312693	-0.15005145066052694	-0.295755608894578	-0.17308356572196315	0.070084021577904	
-0.41233815079312136	-0.420848771896294	-0.22168104057911528	-0.42590212401334276	-0.581233628898174	
-0.07908143285464711	-0.5631112623236605	0.021454841080519982	0.010982911203469252	0.2260693201759128	
-0.2548506097309175	-0.31282532327491824	-0.15115423733402128	0.20439052244999684	-0.01541091108634983	
0.20831047717303625	-0.04759894198284445	0.05434682300677247	-0.5799019110934536	-0.6044860398269856	
-0.05338409434484276	-0.7724580931554319	0.32687435380235647	-0.25088619846458365	0.41626534510614827	
-0.2279228831964279	0.03589314027002315	-0.3280811248424566	-0.02291016804632673	-0.005081446562932791	
-0.08018904206431558	-0.02201231625236181	0.06709224997990543	-0.21097616090030194	0.48419863988939094	
-0.08657719861380327	-0.16143824936437223	-0.3121928283457983	0.06618222277638242	-0.18311315626954242	
0.15413672714226115	-0.041694432553317694	0.2762728634988136	0.154968821616648	0.0026726544736830546	
0.1892586819290288	0.1207422685429687	0.3112496880643142	-0.13422871726762967	-0.005614752225128418	
-0.2478863171610334	-0.12503325606836246	-0.1300972482791589	0.055495505844254334	0.4016932976663302	
-0.43656756989667916	-0.24396141166948193	0.07416303352692152	-0.3430925694591397	-0.14811602174512428	
-0.19286166772450694	-0.33760326799346935	-0.017248334899523085	0.32537918488320017	-0.37037334207750794	
-0.342857023178537	0.16789200025628287	-0.13453952605546549	0.17053398577792278	-0.06779702981135446	
-0.16644602065077962	-0.0579152057840424	-0.5340992677247718	0.15391547050938584	0.23338298615601175	
-0.02600384616958964	-0.004301909361791763	-0.023004115747863048	-0.27336191464305676	0.06289201290823836	
-0.07563291294406306	0.09294796964263752	0.0005204223722436157	0.05274417334974913	0.28114233881571676	
0.17451882786320247	0.47328964759063197	0.3024506885123688	-0.3620482847268981	-0.0031355221113959957	
-0.4045546672774653	0.24908152594090027	0.03340040310397743	0.26899246607531424	0.31961427079604054	
-0.05048990979939385	0.263280028051596	0.09791576833226649	-0.22609837712955855	0.24364564960138982	
-0.021565989522588383	0.2738930174390924	0.015457457083731696	0.2596430637064835	0.43413582252322824	
0.5817944770110701	0.3211145117289974	0.14163442583844735	-0.09804814279689948	-0.027319703035225334	
-0.18008290690794884	-0.5109249705020238	-0.20381069599365056	-0.036714476374832355	0.11730187841694156	
-0.08971278538058215	0.033866066738868474	0.052784305544059634	-0.015347854454139104	0.12617513381116893	
0.07670143549668594	-0.08863059514222228	0.2249086376946657	-0.1072776338753904	0.27949689578412723	
0.04264879028099658	0.34332801692432346	-0.15573370033994222	0.07341064594575443	-0.28158394974200124	
-0.20350141351329587	-0.18945403310634612	-0.28994563872735285	0.09689335084760435	0.15102931665425054	
0.10317310327667056	0.03573489267847924	0.08971371529435584	-0.3430319791103254	0.07628631025204219	
0.0744270703013052	-0.20124035170083276	-0.37004314348722606	0.1180573338672577	-0.058807046283085404	
-0.06402934956528329	-0.07227694294669944	-0.12165687690229003	-0.5218237488720221	0.19263432308898923	
-0.3180968829528626	-0.08795285042975251	-0.3043950149076355	0.0363782984902617	0.30594729769140616	
0.3993906481053701	0.467720561504642	-0.21238482406935077	-0.3531073498742022	0.37804974339430136	
-0.32913286317279955	0.054278589208978614	-0.42307985620884936	0.09318134663330484	0.664738767713353	
0.26758727026428175	0.19676764477230907	-0.44109237302953286	-0.24710250358169852	-0.4514718540048633	
0.057222215910587626	0.32384132480839817	0.10125532450071363	-0.24639031888327917	-0.2545889067270346	
-0.01853562505016428	0.1812380228042229	-0.3481268884829423	-0.2239033424251437	0.506438564126641	
-0.10968625087348535	-0.08168838012503643	0.05626859394647138	-0.36416495941788385	-0.48052237922611796	
-0.2306833805180837	-0.4666265518941869	-0.1731053702862151	0.01117769403778621	-0.35896870513924517	
-0.20735373242442792	-0.11450870802769934	-0.19039547774878496	-0.3187789080141431	-0.40496907938509474	
-0.5389249120472925	0.2352033062770559	-0.29068841273609514	-0.4029118943754823	0.2762679029880061	
0.08123803712047768	0.6311033681331392	0.2659313585341613	-0.048527767399596265	0.10248291563536946	
-0.32752667752711434	-0.1720119159339517	-0.061103727326540694	0.13381327017920192	-0.04157832385422518	
-0.10217751251864997	0.15886806642495108	-0.019697091299567735	0.18364601105938497	0.31318926420106746	
0.254992296894047	0.448368890275543	0.39734889391524963	0.05482743972124506	0.1854691504087184	
-0.3161958557528907	-0.017785792635301233	-0.06791642492293747	0.5577456566364598	0.4446001179520245	
0.5591948311533731	-0.3937425721975907	0.1602259398409206	-0.21507215667720053	-0.12640474305882746	
-0.29521907044607504	-0.2569003491365415	-0.1297945588077716	-0.26521990876088897	-0.04745082534097147	
-0.4526805235371945	0.11774248381318995	-0.4358242091767807	0.03721002463594484	0.17343256630365103	
0.32519123064096983	-0.5224122987285359	-0.02232952315439332	-0.10708982188419718	-0.01091981747852991	
-0.08147532109345172	-0.46480201211424077	-0.42649984928191165	-0.18702093473842998	-0.07653701591547758	
-0.3929936839301512	-0.2295696092179053	-0.5637925146095784	-0.012327485488154651	0.10936251252001959	
-0.14783023175165122	-0.1475297939821946	-0.0018813629313645219	-0.054150577999387876	0.5467663435765884	
-0.13273846911849105	0.33371237220139155	0.10271508417755852	0.0085102631950064	0.16845774310952724	
-0.2451168533607265	0.05588061592134945	0.024932689291076403	-0.10858937964939702	0.11833463752213605	
-0.2227148717373248	-0.27353624958789136	-0.04007820100287881	-0.3731973123289393	-0.07114722331922137	
0.13398935551262348	0.09820212471939975	-0.11025346251161204	-0.23032554556560833	0.2909318496528398	
-0.1303402550941006	0.08385811649808696	-0.5219111361080109	0.2324087052309503	0.5365934112358212	
0.29795600639132236	0.16164966802906391	0.2687732169615617	-0.16101473884347578	0.30501465481493417	
0.13686713081961233	-0.23694670733300197	0.24789657934566067	-0.34454685005505453	0.28767000986837876	
-0.5229313843656164	-0.5150296505612326	-0.812005420047229	-0.07987234706482957	0.05024841306557711	
-0.37137629742597456	0.40237921946752225	-0.09703747789654638	-0.037130203023012565	-0.34171194020940754	
-0.5087746448922111	-0.4724634699190729	-0.2616781458386994	-0.11728784936024765	-0.00543399128133283	
-0.6144830159106844	-0.014027866138752882	-0.18587706041246593	-0.14962934056032348	0.1873110437452655	
0.6533894790160163	0.03484424480860731	0.1153445681921222	-0.1517212419676218	0.2651066679229148	
-0.306262010099026	-0.23644613342815715	0.2326159309126777	-0.14155268957785613	0.6707936086991569	
-0.04622538639606184	0.08637210817279678	-0.10781846741260626	-0.0517127524641298	-0.26291220322583225	
0.1511566040354579	-0.17928392780301	-0.20135916042609256	-0.11928152400319227	-0.08447804296914489	
-0.05105273705869989	-0.049210992674316736	-0.028792557847228527	-0.03739215585623477	-0.1636898170072543	
-0.22123845070122947	-0.1783279123800891	-0.4794321621930333	-0.22622494492969333	-0.34102688087712013	
-0.5593792735047793	-0.02350561255174788	0.03661557815553001	0.019302395512741186	-0.29995135847711274	
-0.27044325635598204	-0.0036401865899801026	-0.4342290724278851	-0.22926603342168458	-0.6705978514933875	
0.16824608893123447	0.07587092969467199	-0.0789910830375148	-2.2018893146746112	-1.6663070191271414	
-2.543313072661767	0.2245110525333039	0.11289426794743894	0.1667205245856467	-0.29270777315772395	
-0.034917353691288004	-0.21503319469104873	-0.3929628740093472	-0.2490257296546782	-0.649579953972057	
-0.03999127889822773	0.018085419443096714	-0.03467954525499603	0.5759125526575601	0.46545005844626086	
0.7385678451172043	-0.17438264359304048	0.17904793740932817	-0.04615898962759408	-1.3458795721400882	
-0.790647544554466	-1.1927382364999877	-0.04416636743463677	-0.14894096446183583	-0.223871687290897	
0.1877657162797442	0.2114849718578165	0.2721515641759645	-1.4943334821448984	-1.335826644696108	
-1.829606132394322	1.5306684660684506	
