TESTRUNID EPOCH: 29 L_PCC: 0.8115491389656166 L_ERR: 0.012262180790837535 T_PCC: 0.7074368753431847 T_ERR: 0.017334710218348173
180 LAYER: 1
2 LAYER: 2
1 LAYER: 3
29 :ILEARN
0.22864192298146638	0.6231625867163967	0.1285142035032506	0.5379993213390004	-0.10352061545909452	
-0.1410924781757469	0.005999933654402001	0.16483065554729637	-0.020427867236177344	0.004561146827604062	
0.025978530321574028	0.16364121317356972	-0.08798417088537733	-0.021956066976404443	0.07458329968612502	
0.49329998995396723	-0.06273992539604147	-0.08783475047638746	-0.11030724216172723	-0.12426196948097087	
-0.15167514677025545	-0.2343755527406291	0.09212031183136973	0.3527816457633936	-0.2568624498566328	
-0.7245792727403761	-0.3479803690849543	-0.5293965899731858	0.028322966220940802	0.3413018232566579	
0.02947022722543851	0.27911963657285277	0.023604450011964297	-0.15853081002385142	-0.0962893186700454	
-0.4186408581094381	-0.06931116473857842	-0.2515098500677755	0.015566869342895112	0.37872488476692734	
-0.17121672361528792	-0.6382518253196319	0.13667506585536596	0.5236747908200834	-0.03944024365572481	
0.10595735928690717	0.1148240486612338	0.04733886760722332	-0.0544864291190438	-0.10620744834123647	
-0.1056607357946079	0.0482347607345304	0.05184701139321138	0.22152752372889403	-0.039247070391122726	
-0.1799467169994921	0.11903146856178608	0.2046443405601358	0.055069517386139	0.10525824252836107	
0.12546357566792857	0.4401686841056021	0.11442166303343246	0.1992620047853596	-0.13576642028555622	
-0.14987417380322537	-0.0018403590058497761	-0.11225170513718903	-0.5889115889364465	-0.8801511534091891	
0.08365505104220801	-0.08481743869658512	0.07724709192215971	0.34751070440926624	-0.014651776675042475	
-0.054159316712425326	0.20027586732988217	0.23879618344263065	0.013348484601306982	-0.11229753904136075	
-0.04835357591924574	-0.2618054946257668	0.22905502093242436	0.45860094696822695	-0.04615557467359184	
0.09428093419795511	0.10123451812215398	0.3109933571710518	0.04140138860232675	0.04434447598035482	
-0.025873615069032168	0.23160011279269052	-0.051549438913290016	-0.02113963824650129	0.02600856839013843	
0.12436578120265922	0.03739500645255678	-0.06954144568120005	-0.06999897865176491	0.20587276052842773	
-0.021526533480961334	0.14697427002831404	0.2292578402050163	0.36470929683462955	0.03586865036340226	
-0.08651416340918985	-0.18416706384254508	-0.12668729878232465	0.12786742642033222	0.2897702223675715	
-0.08598404718577594	-0.09794864658018176	0.03979558938600698	-0.04503885184995732	-0.2263028781335134	
-0.3160815913130424	-0.001700775992546406	0.006278978197401192	-0.10357708293736546	-0.3727957494408089	
-0.048875096365522466	0.05971785659794787	-0.06474132273977318	0.05584747652865445	-0.03855734656712882	
-0.2436904974936271	0.023116164110679908	0.0504733172627183	-0.14555074357789585	-0.12680793418671663	
0.0009639766610692852	0.04334281474585479	0.0496346636883164	-0.012481254481922662	0.13775929760232047	
0.10698032073949484	0.07496824297699421	0.03758690713800728	0.059855159515005876	0.06876894682333372	
0.11088538588322126	0.22065527986987704	0.03355464477852896	0.2543433359832765	-0.14477408326819713	
-0.20760773988612344	-0.10837561951439541	-0.08316742099060556	-0.013202207420624659	-0.029328798941141092	
-0.09912553931579471	0.13867874660064003	-0.0805166891100688	-0.27644543488972256	-0.044734838151664895	
0.04581884435530947	-0.023759037696688055	0.13138176460398063	-0.0021637890191771956	-0.1057872949643663	
-0.10738899187955549	-0.17336900985520545	0.06475299119626028	0.1301830261668406	0.009454733085405757	
0.12400654832459307	-0.13126558487643392	-0.1034994257907286	-0.021706834626769818	-0.06478134531084109	
-0.11949900014683314	-0.028848951510389277	0.09043894696406624	0.1992078482126896	-0.0436041308254402	
-0.057613780878284226	0.053187541581268656	0.01778610983171433	-0.03973273563212619	0.11424891428955156	
-0.04013978344650654	-0.1528966191452069	0.2730257302582347	0.5156086271264743	-0.1608095187919127	
-0.20218631626011557	-0.09757648077349813	-0.08809470256132633	0.06391487607416028	0.2921445848223598	
-0.17118358665741354	-0.2546317556000353	0.0747750380087591	0.17423907205225134	0.027854462969734158	
-0.033218826642469924	-0.0719252674853386	0.002914808363745128	0.037210050162918104	0.12163126437662833	
0.08872592215422957	0.10815007514533907	0.09849463669016549	0.12778650364249747	0.041257372189551965	
0.16248760299845766	-0.14085521519261918	-0.3339980681226422	0.16088529453886127	0.2659094472575979	
-0.07319011807964491	0.059351469421382114	-0.07830038809576167	-0.10125094164213025	-0.056529387691232655	
0.0815011761642554	-0.04691034592466216	0.19785178273518206	0.1264654726506677	0.0060470587429315836	
-0.019386679354893573	0.18750419438126872	-0.033967474359449246	0.21095847687123778	0.02654742382812761	
0.21618686354503608	-0.07495944676434235	-0.14766016518693717	0.01869406324496625	-0.034794162815864296	
-0.07309982980300492	-0.08161788209774946	0.007697357639354715	-0.14374945452185742	0.009865078908011835	
0.04652577937409444	-0.07796753776232303	0.06602627365222485	-0.04546636986567954	-0.02762667727952148	
-0.101113616737951	-0.05732251253133542	0.12267423252567738	0.228580540092246	0.03245829182315927	
-0.02225541579341943	-0.11988937288443287	-0.05083663764100164	0.08449609511410235	0.23254317184928774	
-0.19293117717747407	-0.10078669165645615	-0.09759068750303994	-0.09645347512708542	0.11209354424201749	
0.2616538529184048	0.0016871892442642047	-0.0010749123048362551	0.04999739150142907	0.22987511306104885	
-0.000515035016745981	-0.022793997601723102	0.1800721097181498	0.40594699279618124	0.10576042601080177	
0.04826854114326806	-0.02695766780807057	-0.085656661553369	0.012056464788113475	0.08984688499022836	
0.017810910423669522	0.09463874396780551	-0.04437824825074735	-0.13947564002191915	0.02595100155196891	
-0.07531106548382904	-0.10949299743785983	-0.0818654153818797	-0.07376312897512692	0.008846752093589564	
-0.2303684793173079	-0.5421697544164968	0.1095949781986628	0.12433591727618122	0.09945789262742714	
0.4863623370640909	0.11665072498382721	0.34633927517264435	0.03700337984379896	0.08916512843526231	
0.06652593775498279	0.2121260633189677	0.02472057121463413	0.00565170778459861	0.08883807792523472	
0.18484748711234872	0.09614183819590079	0.252612316430074	-0.022339834257052427	-0.2644403692428958	
-0.008128425814679192	-0.04540923690267206	0.1311297223705281	0.2595122382534003	-0.10827322582262701	
-0.10610300228420459	0.02809525243006086	0.09617488684408813	-0.14594577031373945	-0.3760850541167255	
0.03552749929434424	0.05965870094972698	-0.18448704244550831	-0.3737552002099831	-0.0009981139553059124	
0.16160365200165264	0.044697259507316574	-0.03200767809007629	-0.11722987183527747	-0.12277441696344642	
-0.02715752782138542	0.09505974775212554	0.0875300835866074	0.2469664664278389	0.01024319638441821	
0.012039560905790602	-0.03217981022658198	0.12269953556635617	0.04180883988734811	0.11274350872439332	
0.014645540910308535	0.27794661647498214	0.010340656653001882	0.16557246213793309	0.08738967705437348	
-0.008052234821931976	-0.07807149445019446	-0.03853828267664093	0.12579494303177258	0.2650268307486452	
-0.024180882176132977	-0.09583560360125742	0.44636718340839726	0.931372949238333	-0.41351120134264163	
-0.8432312036846998	-0.3433271677564417	-0.7560334170012973	0.08585984228623218	-0.023623838847704214	
0.10266734917778227	0.17461509694817298	0.015751851769905165	0.12640232388615327	0.09244663372910028	
0.14407897709725728	-0.4535091938919373	-1.0962168668194983	0.32989684574085687	0.7802811870763318	
-0.10504214102576527	0.3124627596510682	-1.1403363216916187	-3.535524832685237	1.3140286672166681	
