            A        R        N        D        C        Q        E        G        H        I        L        K        M        F        P        S        T        W        Y        V
 1 A   0.0334   0.0487  -0.0096  -0.1488    0.007  -0.0557  -0.0946   0.0056  -0.0425   0.0354   0.0272   0.0492    0.111   0.1317  -0.0849    0.085  -0.0381   0.0688   0.1024   0.0667
 2 A   -0.069  -0.0277  -0.1181  -0.0042  -0.0909   0.0941     -0.0  -0.0115     -0.0   0.1422   0.2702     -0.0   0.2302  -0.0327  -0.1259  -0.0024   0.0475   0.0031     -0.0  -0.0069
 3 A   0.0754   0.0293   0.0591  -0.0135  -0.0293  -0.0213   -0.081  -0.0389   0.0107   0.0554  -0.0609   0.0889   0.0924   0.0397    0.012   0.0491   -0.037   0.0181   0.0411   0.0086
 4 A   0.0361   0.0183    0.022   0.0575   0.0624  -0.0723   0.0474   0.0191   0.0019  -0.0139   0.0082  -0.0046   0.0414   0.0208   0.0305   0.0198   0.0304   0.0287   -0.023  -0.0326
 5 A  -0.0063  -0.0079   0.0034  -0.0182   0.0142   0.0158  -0.0238   0.0517   0.0239   0.0966   0.0283  -0.0532   0.0324   0.0303  -0.0637   0.0536   0.0197   0.0258   0.0792  -0.0037
 6 A  -0.0063   -0.015   0.0202  -0.0386  -0.0066  -0.0291  -0.0798   -0.011  -0.0399   0.0815   0.1298  -0.0419   0.0956   0.0212   0.0455   0.0715   0.0408  -0.0548   0.0167   0.0982
 7 A   0.0483  -0.0299   0.0407   -0.033  -0.0028  -0.0022  -0.0158   0.0412   0.0242  -0.0117   0.0923  -0.0827   0.0103   0.0486   0.0061   0.1227   0.0134   0.0075   0.0199   0.0009
 8 A  -0.0029   0.0239   0.0602  -0.0622   -0.019   -0.035  -0.0047   0.0299  -0.0324   -0.025  -0.0011  -0.0596   0.0424    0.051   0.1218   0.1238   0.0289   0.0714   0.0103  -0.0238
 9 A   0.1367  -0.0586      0.0      0.0  -0.0247     -0.0     -0.0     -0.0      0.0   0.1395   0.0952   -0.094  -0.0009  -0.0376      0.0   -0.031   0.0201  -0.0045  -0.0651    0.223
