TESTRUNID EPOCH: 14 L_PCC: 0.8040419081148884 L_ERR: 0.012769007923318948 T_PCC: 0.7001961483664394 T_ERR: 0.019733662586611734
180 LAYER: 1
3 LAYER: 2
1 LAYER: 3
14 :ILEARN
-0.024609547243597252	0.024080335174242087	-0.1386816233568603	-0.196426623804293	-0.22549967871328191	
-0.2678959161010749	0.25258239398374444	0.09320101333002093	0.050700607390238524	0.2509543754410104	
0.035774475532801914	0.014055252656815226	-0.08732309506389448	0.21521093366067806	0.10372560400075721	
0.07517549881082206	-0.035985772508495814	-0.06345875704588962	-0.07812087453833984	-0.1428409814673215	
-0.05345076605985395	0.35882812364862415	0.09775132206158355	0.1317171475381094	0.11600670550569012	
0.11490240745993835	0.003236838571806798	-0.2956881885464357	-0.18861853307661625	-0.04323413647098479	
-0.2233422307052841	-0.03914575376094855	0.0635011703078001	-0.1812121119694768	-0.19557895975548836	
-0.3109555896686326	0.06880586554726369	0.13705785969693435	-0.03944816663326509	-0.30650778760529035	
-0.04921448293526589	0.020648346473873546	0.10899775152737178	0.05548140957573549	-0.11372619339163274	
-0.0791573099077491	-0.012820547970736382	-0.1659216512995992	-0.2260147704430251	-0.23127683901159718	
-0.2651969944351602	-0.17792520340299003	-0.18735904864168695	-0.15310989311157983	-0.3850095323718048	
-0.32442874855801573	-0.14678263035459724	-0.2987939529000199	-0.11032128860749199	-0.09409398477690335	
-0.1255033292938815	-0.06219648077653653	-0.018447757009179108	-0.1573298014380697	-0.21268498722343407	
-0.10776819677228217	0.0016810756281084777	-0.032073638430868315	0.043150718481909454	0.023892266433699037	
0.07611027948952115	-0.09023144066410399	0.06731318926880081	0.14809090770681768	0.073683574840488	
-0.06880540272320199	0.09449113104525447	-0.045956361620322225	0.07565692048554012	0.050703231153237285	
0.08722687982067649	-0.0203638920949641	0.01458586825194097	-0.08827537928189624	-0.20910551684060827	
-0.08533633920696786	-0.15266373133627156	0.03436245128685575	-0.040794415123923726	-0.03071278620687003	
-0.029274257344013645	0.09124424260823774	0.018356806326626497	0.011061561829987633	-0.032958435025131766	
-0.07627093783586376	-0.11966958911480088	-0.15924423499669574	-0.26653423356229217	-0.28391135694959907	
-0.266917462001405	-0.13489893669919145	0.05311921761528265	-0.055147950343045975	0.045701751659229996	
0.06657825481082826	-0.06140925150474567	0.11683048541933391	0.134455423738605	0.16749110925965321	
-0.0001779053053508038	-0.43073522952646215	-0.027412864189402475	-0.21759007129999652	-1.0036623368480222	
-0.5821459177878636	-0.5748862967108818	0.006319356828470668	-0.03483401582206491	-0.1507536038707922	
-0.15150543834534363	-0.1761571949076686	-0.266456648375078	0.0526339557996047	0.12617501286888427	
0.13266376821526574	0.23702169653076613	0.23553764783509507	-0.007592103668337265	0.26611131633856566	
0.21720126972854364	0.26506902351887557	0.2041427849328856	-0.025828967846561492	0.015086525619883124	
-0.043034165560777805	-0.04210282423535067	-0.04739734795910282	0.21717218158881432	0.03932487328941244	
0.08449404759269485	0.11879427985102456	0.10222739239854678	-0.02137885878121154	-0.30500103863602435	
-0.26686472084029367	-0.16519368362056935	-0.1840179877062961	-0.1036695439372623	-0.2091561155128092	
-0.31747047916853366	-0.023343649447657475	0.004656522410278715	-0.1179971480329942	-0.18780740426198056	
-0.034752796236709224	-0.3255738993934897	-0.1616638618588784	-0.01136619021060125	-0.029192598202152528	
-0.06534215810929403	0.0974617336950116	-0.18272422979050482	-0.22934762595659935	-0.4203148034065531	
0.012198462339331452	-0.07756985757883175	-0.05604762954760319	0.16896323284154108	0.07853745722537807	
-0.011176040597730537	-0.1136919905411402	-0.111237942621671	-0.11508112946008346	-0.02811999241876323	
0.037020048747582905	0.09234051911987598	-0.16135330019622374	-0.1411203626059579	-0.10893370678578597	
0.056747867047497	-0.1129758889370765	0.027133358223474614	-0.06635236706347644	-0.018912454833590747	
0.030632157469851186	0.0640977634789575	0.1473243206906535	0.06871463190351804	0.3123468455688335	
0.05468352928768796	-0.05230214340736552	0.01735881985668541	0.01472048361253198	0.08876066518916954	
0.3929850822356257	0.08688031292303997	0.05247487116473935	0.2056532383280226	0.19282117387024567	
0.10476787816208097	-0.05101323903546106	-0.003257760353242956	-0.05291268331410258	-0.08082181276224262	
0.027079780393579708	0.0360298721236283	0.018674132734361	0.11390109098463606	0.14846009895580206	
-0.015224089636120182	0.11356614192776791	0.0006759001365197355	-0.029911809339737333	-0.05611415103699653	
-0.04701036564187883	0.09295176858653399	0.29137663268883873	0.25719509039547217	-0.34090554859761524	
-0.17317259605683472	-0.05731393755169627	-0.13127874399735776	0.012749716919817154	-0.170771483068865	
0.1545072012105932	0.014873418939714807	0.06851852421006693	0.15288145597560251	0.1506664854756852	
0.049391430097977945	-0.06233033361156436	0.01864620724140719	-0.0794065629244655	-0.20585290124355882	
-0.07101774165067178	-0.17371144109814005	0.013546591155509725	-0.013263602518978106	0.08714888738805285	
-0.16355323552882547	0.026011562388022207	-0.08711040091797986	-0.018627078004369406	0.08350113552904918	
0.06419145962868775	-0.25458921266129964	-0.17961525002064238	-0.10530109352278878	0.062283844866673814	
-0.12623190517629967	0.038045100907519336	-0.294632990206679	0.011005704197488286	-0.05148253034628798	
0.056579871332647746	-0.00563588052158191	-0.013808338370312085	0.10971556651827155	0.18218137645800403	
0.1924606024102335	0.05607952099019739	0.027063256258410495	0.022539843480673217	-0.05032252107632276	
-0.13834461048857505	-0.010652468033447993	-0.061516532398857966	-0.16409020845473912	-0.20399889029530768	
-0.013764381226441585	-0.1600491071693348	-0.0830163560715146	0.020477384298198276	0.11796998661927582	
0.05019748126675968	-0.09774007361292687	-0.16050990726445152	-0.1731909524368441	0.1044441395131416	
0.2011506362474341	0.288141665704276	0.2624749394133364	0.12441928628228618	0.037825547878036936	
-0.03831121534919027	-0.00105946484515614	0.0026799020615402395	-0.1766954541750832	-0.05651870781434672	
-0.17210078841422863	-0.18634239769218183	-0.08499576610385	-0.08837728738292083	-0.07571148879784378	
-0.06766914026599011	0.04875144923424371	-0.16632020292411054	-0.01782296726353935	-0.2506936061388329	
0.08340843047006731	0.0439194834374321	-0.07189762238951947	0.1510168271283416	0.10764844849730211	
0.13696394662941846	0.009854324082487972	0.03521047808198886	-0.027348077700539215	0.0008639775789515368	
0.15963011402670813	0.08320349750861829	0.05481123066678007	-0.02143969907105965	-0.05286114103131108	
0.05984152758381678	0.12449875149235101	0.0039009355079698514	-0.06601928482455297	0.14895380084345589	
0.020622470445894724	-0.09218818427940721	-0.1973737323518904	-0.23112013081496996	-0.29884756240322474	
-0.09328068370272598	-0.15299557489835747	0.10182056168033267	-0.04694744932416415	0.010012419464303977	
-0.08196216318584085	0.054354389186777194	0.022890668851134804	0.32052313557200635	0.3701552491120583	
0.1542858525788751	-0.08511099823285816	0.029692284970821554	0.07553885095976394	-0.22784699151546178	
-0.09628415618537114	-0.028570398406100535	-0.09007239517286306	-0.06145238303692005	-0.22142081706563066	
0.08705045993168	0.06225429703605397	-0.08857780151880458	-0.011788590556116295	-0.15175766268681024	
-0.08148691868928194	-0.20786815799206707	-0.25162450942811265	-0.2099611058231094	-0.3678250393529055	
-0.32873762422998765	-0.18228774535844575	-0.01638684188331209	-0.07305250037213686	-0.020838042570001113	
0.12341557270825751	0.019361801287375476	0.16751003237911782	0.23849899925520376	0.19513111344447823	
0.18228795915132556	-0.19204531822912954	-0.22093890996690024	-0.23650862613930676	-0.05975254425579961	
-0.07897731470772151	-0.12344491729348445	0.12037521824734494	0.23664134170448392	-0.00032212782866316626	
0.07720763824690349	0.042521375597348345	0.05548817699287444	0.2438233863300115	-0.025662491333233867	
0.08934708875913165	0.06756999730445039	0.1160870129110515	-0.08418094135260469	-0.2179864697039977	
-0.1650453484814861	-0.05221925867841643	-0.1561206416128416	-0.10654313741034548	-0.00852006335899786	
-0.17752236296494175	0.07128125351994391	-0.04174721584894142	0.3689220510230764	0.19390658841168965	
0.29451093658072003	-0.07574383784769176	0.1212223454359272	0.036650510983992406	-0.3148393873656117	
-0.00971742839855268	-0.01316468946776466	-0.08746419719286515	-0.06758904938086083	-0.1857673666999156	
0.19528326495710752	0.002541732674188455	-0.02308170951307046	-0.1342207403212187	-0.022163998136360413	
-0.09018942513832233	-0.17467723983785033	-0.07810742246839625	-0.03737647292948258	-0.14671144770520286	
-0.0417871541647525	0.1388638096528471	-0.09402011513087467	0.09438686136613979	0.07390573779697045	
0.05553490707749361	0.019448288887434058	-0.00018719150387272736	-0.10736829723414154	0.03328707645837572	
-0.014228642653768475	-0.2893045131825842	0.0048629558975901675	-0.08264119078858423	0.1466387985314093	
0.09561674471420989	0.04442158680575144	-0.09791528806828224	-0.09576449750397903	-0.04926884531500498	
0.10756253560930198	0.1562338932754356	-0.021473992325935977	0.012296468388044981	-0.1103566077181112	
-0.0545402272999252	0.03232643157687972	0.17414956812315557	-0.03372892176853096	-0.2612221338926319	
-0.1555901042774247	-0.1702022133866284	0.20237798398662357	0.0012585449457679452	0.06009529740174601	
-0.21138725304517017	-0.24213830227265903	-0.12564270376440823	0.10110918645580041	0.12293661272008177	
0.1252255256723871	0.07791833812541885	-0.11715782358735369	-0.09039768735796894	-0.33239217991258635	
-0.25288361036024526	-0.0829151887931817	-0.006921546334020649	-0.08758075750127009	0.043476438053329784	
-0.09053801635334563	0.09317285119082785	-0.04488571440884465	-0.1495444745545447	-0.17413194169238616	
-0.01165775009264003	-0.032087777437475325	-0.01021381134431546	0.0006936692135816357	0.07895818730267615	
-0.030765997882264723	0.14950012640723007	0.22236470691417312	0.006378540687843704	0.15114469527995428	
0.11660729261521062	0.18838444403619575	0.12304633757797533	0.2259337856921272	0.1402150977652432	
0.1650829113301148	0.06728478601778112	-0.012308973715194703	0.09359553386425586	0.11632616722211665	
0.12177781099700619	0.18818285415580963	-0.03731683124964016	-0.0751943391707838	-0.06154978307172787	
0.3604878065329643	0.34491408071257246	0.32206860539678106	0.21815250258435712	0.06076791419369095	
0.017451887997773738	0.02009369894416196	0.023137891753310602	-0.01976272115241521	0.24616839856484085	
0.18423205210888868	0.22964089305665442	-0.2089268893003027	-0.08608997547369801	-0.149013100389432	
0.07951095515354686	0.07721050806421906	0.024112129589813312	0.11230940231444872	0.16078565688691496	
0.13036058243907922	0.1209304544341923	0.11696496413601423	0.2091419023292255	-0.2988147100165732	
-0.2781172760242733	-0.35753639443910384	0.1281884013086313	0.09484421556861745	0.026631618012924452	
0.037831347331737326	0.021289906730370248	0.001630271731270775	0.048646657368637956	0.020778853446815154	
0.13884687547494318	-0.2652380914632842	-0.04398568610884555	-0.09258768574825914	0.2203493010809401	
0.1582932217869991	0.11917049348488748	-0.047313448046766494	-0.1475357249532198	-0.0567560090634425	
0.057626532392507035	0.10298906512077076	0.06543842952926932	-1.8341424432565039	-1.1659140167794853	
-1.100735562880959	1.2164362416176668	
