            A        R        N        D        C        Q        E        G        H        I        L        K        M        F        P        S        T        W        Y        V
 1 A  -0.1681  -0.0956   0.0066    0.075   0.0415  -0.0309   0.1553  -0.1151   0.0924   0.0347  -0.0523  -0.1712   0.1807   0.0587  -0.2402  -0.0124   0.0916   0.0377   0.1196  -0.0909
 2 A   0.1742  -0.3072   0.0504   0.0142  -0.1323   -0.141  -0.0305  -0.0687   0.0319   0.0996   0.0553  -0.2828   0.0186     0.03   0.1934   0.0777   0.2208  -0.0374    0.032   0.1897
 3 A   0.0832  -0.1138   0.0756  -0.1513   0.0361  -0.0593  -0.0443  -0.1244   0.0288   0.1049   -0.099  -0.0806   0.1027    0.181  -0.1377   0.0553   0.0524  -0.0556   0.1387   0.0248
 4 A   0.0324  -0.0728   0.0246  -0.0239  -0.0083   0.0257  -0.0283    0.024   -0.007   0.0006  -0.0611  -0.0301   0.0307   0.0289   0.0472   0.0512   -0.012   0.1087   0.0107  -0.0125
 5 A   0.0336   0.0108   0.0648  -0.0208  -0.0253   0.0094  -0.0367  -0.0808  -0.0155   0.1228   0.0184  -0.1217   0.0553   0.1267  -0.0674   0.0222    0.027  -0.0611   0.0536   0.0915
 6 A   0.0776   0.0391   0.0376  -0.0025   0.0687    0.002   0.0202  -0.0458   0.0062   0.0082   0.0075   0.0122   0.0689   0.0322  -0.0387  -0.0285   0.0342  -0.0303  -0.0581   0.0145
 7 A   0.0466  -0.0837    0.007  -0.0394   0.0508  -0.0549  -0.0052   0.0124   0.0426  -0.0359    0.004  -0.1066   0.0404   0.0513  -0.0194   0.0349   0.0209   0.0373    0.025   0.0469
 8 A  -0.1028   0.0139   0.0218  -0.1232  -0.0785   0.0233   0.0435   0.0304   0.0189  -0.0271   0.0493   0.0431   0.0464   0.1154  -0.0689   0.0104  -0.0303  -0.0462   0.0285  -0.0072
 9 A  -0.0097   0.4431   0.0088   0.0242  -0.3314  -0.0354  -0.0316   -0.001  -0.0105  -0.1688  -0.1026   0.3432  -0.0168   0.0225   0.0037   0.0181  -0.1073   0.0335    0.123  -0.1646
