            A        R        N        D        C        Q        E        G        H        I        L        K        M        F        P        S        T        W        Y        V
 1 A  -0.6978   0.3849   0.7777  -3.5716  -0.7252  -1.9391  -2.3626  -1.2079  -0.5967  -0.3202   -0.523   1.2124   1.3583   2.8913  -3.5049   0.7191  -0.2647   0.1376   2.8237  -1.2315
 2 A  -1.2761  -4.3569   -999.9  -4.5683  -2.2797  -0.0921   -999.9   -999.9   -999.9   2.2736   4.3034   -999.9   4.4237   -999.9   -999.9  -3.4383   0.8278   -999.9   -999.9   0.7628
 3 A   0.3749  -1.1355   1.6955  -1.2286  -1.7714  -0.9173  -3.1111  -3.1856  -0.4117   0.2234  -0.8451   0.1152   1.6799   1.6521  -0.2218   1.2513   -0.871   0.4411   2.8154  -0.4212
 4 A   0.3083  -0.6647   1.0323   1.1819   0.8156   -0.659   0.6954   -0.097   0.3428  -1.5396  -2.3945   0.5095  -1.1483  -0.0833    0.729   1.2167   0.5483   0.8336   0.6731  -2.6017
 5 A  -0.5718  -0.2407  -0.8695  -0.1516  -0.6801  -0.4684  -0.6785  -1.5495  -0.9817   1.0684   -0.983   0.9568  -0.2839   0.5537  -0.8536   0.1337   0.8011   2.3592   2.6664  -0.6421
 6 A  -1.2108  -1.2898   0.9608  -1.6753   0.9098   1.2013  -3.0184   -2.223  -1.4627   1.1641   0.9646  -2.2029   1.9334   1.4666   -1.401  -0.3382   1.0542  -1.5328    0.338   0.4214
 7 A   2.2936  -2.7122   0.3465  -0.6618   -0.334  -0.3366  -1.4466   -0.767  -0.0848  -0.4883  -1.3688  -1.5905   0.4903  -0.3554  -0.3504   1.3639    1.941   1.1404   0.5457  -1.2431
 8 A  -0.5318  -1.6065  -0.7657  -0.8016  -1.4333   0.2375   0.2065  -0.2446  -1.7568  -1.0231   0.3319  -1.0314   0.3684   0.6246    0.294    1.038   1.9018   2.6354   1.8085  -1.7991
 9 A   0.0271   -999.9   -999.9   -999.9   -999.9   -999.9   -999.9   -999.9   -999.9    3.226    2.452  -3.6095   0.6261  -3.3888   -999.9  -3.3187   0.0389   -999.9   -999.9   4.5539
