            A        R        N        D        C        Q        E        G        H        I        L        K        M        F        P        S        T        W        Y        V
 1 A   0.9051  -2.0769   0.9842   -999.9   -999.9  -0.8509  -0.1858   -999.9  -2.0769   1.4889  -0.7648   0.2519   0.0363  -1.7852  -0.0769   1.9981   1.9792   -999.9    1.324   1.2842
 2 A  -3.0949   -999.9   -999.9   -999.9   -999.9    2.319   -999.9   -999.9   -999.9   -999.9   -999.9   -999.9   0.0363   4.2148   -999.9   -999.9   -999.9   5.0931   8.4332   -999.9
 3 A   -0.451   -999.9   0.3403  -4.1858  -1.9637   1.7929  -0.1858  -1.0949   1.9231   1.4889   1.2352   -0.392   0.0363  -0.6152   0.7532   1.2729  -2.0208   1.9231   -0.676  -1.0556
 4 A  -1.0949  -0.9069   0.9842  -0.1858   0.0363    0.319  -1.0158  -5.0949  -0.0769  -0.2071   0.0653   1.9479  -1.9637   1.3848   2.7532  -1.1718  -0.0208   -999.9   0.4939  -0.4118
 5 A   0.5198  -4.0769   1.5102  -4.1858   1.2062  -0.8509  -4.1858  -5.0949  -2.0769   1.1491    -0.32   -2.392   0.0363   2.2148  -0.0769   1.2729    2.319   1.9231   -0.676   0.1143
 6 A   -0.451  -0.9069   0.9842  -2.1858  -1.9637   2.7638  -1.0158    0.075   1.9231  -0.8509   0.4051   -999.9  -1.9637   1.8295  -1.2468  -0.3418  -0.0208   -999.9   1.9679   0.5591
 7 A   -1.925  -2.0769   2.6802  -0.1858   0.0363    0.319  -0.1858  -5.0949  -0.0769   -1.681  -1.2908   -0.392   -999.9   3.1337   2.7532   0.8282  -0.0208   1.9231    1.324  -3.0556
 8 A  -5.0949  -2.0769  -0.4898  -2.1858  -1.9637  -2.8509   0.4581  -1.0949   3.5378   -999.9   1.8791   -0.392   0.0363   2.2148  -0.0769   1.2729   1.1491  -0.0769   0.4939  -1.0556
 9 A   -999.9   -999.9   -999.9   -999.9   -999.9   -999.9   -999.9   -999.9   -999.9   4.4368   4.2402   -999.9   -999.9   4.3898   -999.9   -999.9   -999.9   1.9231   -2.676   -999.9
