            A        R        N        D        C        Q        E        G        H        I        L        K        M        F        P        S        T        W        Y        V
 1 A   1.1701   0.3774  -0.1846  -2.5193  -2.6458  -0.3248  -1.9902  -1.2085    -2.22   0.0803  -0.4851   1.6441   1.3859  -1.4168  -1.9493   1.9107    1.146  -3.9614  -0.3006   0.0035
 2 A  -0.3356  -5.4299  -3.8482  -5.7417  -4.9857   0.3397  -5.1947  -5.0202  -3.9572   2.2851   1.0312  -5.1065   1.6928  -0.2188  -5.6789   2.3252   3.0603  -3.9482   -2.517    2.053
 3 A  -0.8793  -1.9486   0.3092   0.1041   0.0169  -0.3136  -1.9611  -1.7161  -1.2811   0.6435   0.4408  -0.5708   2.1882   2.4831  -1.2633   0.7752  -0.7697  -1.2385   1.8174  -0.9442
 4 A   0.4618    0.105   0.6033   0.3951  -0.5788   0.5738   0.1893  -1.4286  -1.0274  -0.5649  -0.9748   0.0809  -0.0241   0.9081  -0.0675   0.9464   0.2989   0.2682   0.0563  -0.4302
 5 A  -0.4663  -0.5292   1.0789  -0.4939  -1.6104  -0.8012   0.0006  -0.8206  -1.2715  -0.0076  -0.4188   -0.166  -0.0035   0.5091   0.9109   1.6891  -0.2412  -0.4278   0.9253  -0.1598
 6 A  -1.1448  -0.0961   1.2012  -0.8137  -0.8006  -0.6723  -0.6139  -1.2708   0.4145   0.0707  -0.1665  -0.9465  -0.3178    1.197   0.0297   1.4805    0.706   0.2908   0.7692  -0.1456
 7 A   -0.719  -1.9869   -0.356   -0.503  -0.3472  -0.9117  -1.7119  -1.6182   0.3899    1.226   0.6945  -1.3728   1.9662   1.6872  -0.6277   0.8279  -0.1955  -0.0014   1.4246  -0.4647
 8 A  -0.3619  -0.0715   0.8648  -1.5344   0.6472  -0.2356  -0.1709   -1.564  -1.0097  -0.9231   0.1516  -0.0165  -0.3239   1.1477   0.5521   0.8803   0.9357  -0.8124   1.6225  -0.9835
 9 A  -4.3075   3.0392  -4.3563  -5.0365  -6.8704  -2.9305  -3.5468  -5.7333  -0.7544  -6.1087  -5.0297   6.3618  -5.0601  -3.8416  -5.2372  -4.3337  -4.7765  -3.4148   4.2518  -4.8423
