TESTRUNID EPOCH: 87 L_PCC: 0.8969895056376597 L_ERR: 0.005949052717973956 T_PCC: 0.7378820669233581 T_ERR: 0.01368560187831439
180 LAYER: 1
5 LAYER: 2
1 LAYER: 3
87 :ILEARN
-0.20702438503392387	-0.11276521083676945	-0.3056964493888719	-0.22699217408907144	-0.2437098283349779	
-0.22828059538759882	-0.1855086361493571	-0.18354462364371227	-0.15787318004773448	-0.16810987185188278	
0.16053136791837427	0.15228519952994402	0.12844008025790002	0.20970279373800593	0.11284465697602844	
0.21537147959502573	0.09724066370761053	0.21272344827096423	0.06947586277004641	0.15533646447746102	
0.09442758569125557	0.11538155099069998	-0.0005041698400113576	0.06482622228900806	0.11524851040227518	
-0.009588183759480742	-0.15247710501848188	-0.18538624369424517	-0.14887227714974555	-0.03556558632035603	
-0.07861948355356993	-0.012757149415463248	0.09862080773754153	0.011968029272469139	0.04026672329788429	
-0.0650575465081806	0.002336372407667312	0.048901961361927725	-0.12503380943852993	0.033165047672726086	
0.0973617396914873	0.04947735957650653	-0.04437218771360535	0.05765569711231134	-0.07981065525427813	
0.03620186723183393	0.11385493337457067	0.009607196896039533	-0.007714173377198059	-0.018214543501462444	
0.052943024996455285	0.13341691723275126	0.10509816371291364	0.07015527820340976	0.16922126681188668	
-0.052570789245135766	0.039166124260192545	-0.03067216301754407	0.04834901306986989	0.08246954617710357	
-0.04052880075084275	0.008975387616683952	0.08145066300385272	0.014415739186979921	-0.04486337163433361	
-0.07193172895799821	-0.029061235714248772	-0.07098279592030521	0.01574167932952359	-0.07104084207640715	
0.17971978925783028	-0.009524591602876708	0.03538278096697353	0.13793601985018616	0.09427151559331869	
0.011664364419426596	0.13672764698693807	0.055911135344052336	0.11209526973631602	0.13678030366015836	
0.07801270049116896	0.014936278252332421	0.06949152519857728	-0.029060126609610992	-0.031916034014022286	
0.1416538470516979	0.02718961663406242	0.16366382276969435	0.08284399016981579	0.09815325875334356	
-0.3336013444057447	-0.13752106576210332	-0.2891169156179074	-0.20525455180953694	-0.302296513207884	
-0.06708328482356313	0.02561335236596978	-0.00681758784319807	-0.14765142382973206	-0.01768678632470384	
0.017785931278477284	0.03885509260846419	0.1355804655500756	0.014913343682512518	0.14250992911736046	
0.07597032027159804	-0.06317663527505109	0.14513080354398916	0.07457554384096865	0.1643005328827479	
-0.01642342366551587	-0.04154428071105644	0.14008446119661805	0.0746450713549282	-0.028911353506725072	
0.20452357600866297	0.15774827812692965	0.23941501324801234	0.16503625681427025	0.11001977461662257	
-0.08882985525891227	-0.09014471492552828	-0.08645184472866492	-0.04521544498206532	0.08040780842761634	
-0.012375161214291658	-0.002000965190882296	0.04837328391814259	-0.09124411105798846	-0.06711068295591278	
0.06565629108497632	0.12603238835690764	0.06589487416464013	-0.05998045702815137	0.1188070807253087	
-0.023113153891126923	0.08048470930902252	0.009017847080748367	0.09563753625125548	0.08526172491780588	
-0.05740086054016236	-0.11604820832942044	-0.15831090925783123	-0.12550477021698883	-0.1721872688674968	
0.021127536966947587	0.010067318889048634	0.15205304851581103	0.09074264790120554	0.017195079196420323	
0.21859341657723635	0.2744607839229072	0.3360590547970839	0.16641363788682023	0.3040205217624253	
0.08134120511626242	-0.040007550525903816	0.051545743098335	0.11875255989600339	0.10743681741592756	
-0.17965931795068546	-0.13440010300255148	-0.11757568680556894	-0.06789282555672495	-0.2108023362584913	
-0.4652535333158961	-0.3734482349412342	-0.41553473786566836	-0.31180884237856693	-0.4197688355674159	
0.2453034265034679	0.2818306877036282	0.32462011595603085	0.1956327475700228	0.3439807931485591	
0.2609105457082918	0.17587028631100193	0.18889887091631796	0.08490920610510339	0.21993402479448873	
-0.017402774099393403	-0.10126736167042914	0.01853534941310962	-0.11655682179454833	-0.07470522550360313	
0.07247757852479281	-0.05364042787516073	0.040543294138384325	0.014064420231871107	0.09845927706194486	
-0.6943060219107072	-0.6073171464590853	-0.6083362620894889	-0.5238091880734789	-0.6577839300522028	
0.13067127411815282	-0.0668767692682746	0.0033100584010633425	0.06374561789522654	0.14721921694921633	
0.24312946767893479	0.11129236160056388	0.2520816362325606	0.14943163129949108	0.15935368564077482	
0.1666337556669035	0.1315559369041836	0.19578643210533014	0.21926281463941832	0.2826958198190658	
-0.05790410941879197	0.06913125634723866	-0.1055377725853217	-0.10208231213533313	-0.11376225142828073	
0.2230792576797106	0.03317014875511724	0.3286194181033443	0.21873934899179412	0.1719157052755152	
-0.03893119506941592	-0.016234054203660413	-0.04475959694158318	0.08243185531003483	1.1520231089032619e-05	
-0.09326646554724062	-0.11983001850208412	-0.09755833348351768	-0.08772524098031406	-0.09527265408415646	
0.11522669578147351	0.09059597616562984	0.19794940391868876	0.056349673771152346	0.14280711846786237	
0.0747449838750918	-0.06855770770878128	0.08080563792620364	0.01894581864104815	0.13900815141553077	
-0.05862544621613238	0.06483302576655975	-0.0055182139537322235	-0.0784165283255245	0.03377943290999399	
0.05562784662805399	-0.07381300287509689	0.02504048555330638	0.0515581663091892	0.10622392690187851	
-0.3034986106686877	-0.1063669588296396	-0.26132619395146817	-0.1253523999326037	-0.21824689639144956	
-0.14026660540575794	-0.15070389917580318	-0.19217289435491117	-0.22800635475175682	-0.21884897621448066	
-0.05908941944545142	-0.007333355564118097	-0.054288055917463454	-0.047485546964174806	-0.042789029539449464	
0.05167121214760966	0.09235147499763731	0.09146900490374525	0.04523344771803936	0.08205796004416234	
-0.18574004491771448	-0.16448876519596242	-0.15438889566523978	-0.1490457248492127	-0.11881009546402771	
0.1421197760904183	0.005506477378926635	0.10232452192132503	0.052149769504093266	0.18731978059837665	
0.03993711213139997	0.045361089449576245	-0.008863471155735941	-0.0767905842736567	-0.08964613533958057	
0.08904319529003489	0.018062816087532598	0.08183855428801441	0.029801253064617856	0.06942818664960353	
0.04017002884789916	0.04854444389592908	0.0569478032520817	0.011093152013085	0.022024003738361147	
-0.05306971460482362	-0.002451856541492669	-0.04870880133788789	0.12432844414333043	-0.024322817334758634	
0.06974658401964236	0.06853249448576329	0.04378563930355141	0.009422881476875275	-0.07028642451862767	
0.16154662655636937	0.07726436637509868	0.12825873334039542	0.14205416295812345	0.1693640514879908	
-0.14364248326192092	-0.10282381448055196	-0.284058652703795	-0.27084840057913745	-0.30260305019020645	
0.10290240288282797	0.11145259653895817	0.05146343057353215	0.027373249608835318	0.18867582195547392	
-0.13195353977576263	-0.05936482222029325	-0.1733131360586304	-0.18184227384320653	-0.14927280650923536	
0.051620675509982346	-0.04713266999903585	0.10372221897910107	0.03679434463496579	0.10750481825042078	
0.08405974491646723	0.15202423268583395	0.11457757392925086	0.12739580327773095	0.23712950815996214	
0.011953101086639918	0.03499549832641281	0.19299969760083957	0.15469604811203408	0.13342735081520293	
0.07332165483330261	0.08996119827072532	0.06528139952586828	0.07082308876730775	-0.08025131963593034	
-0.02399060179651724	-0.001859923117878284	-0.040972398887863366	0.003014020070934061	-0.1452472158717726	
-0.006209106581830589	-0.0346910859077868	-0.12005809238778573	-0.12108921173133079	-0.05883061619855039	
-0.1534994480568163	-0.03343249168042626	-0.14562104382779398	-0.04128174854665407	-0.040223871896536686	
-0.019699154558945706	-0.05884796095636088	0.10439417095658671	0.025170839774675522	0.12116867827185805	
0.0453159629897033	0.10803532947875968	0.03184439401691107	0.018113511273278003	-0.05273263664670207	
-0.1334178531118785	-0.2181191163829262	-0.17575272063181327	-0.06825778555677128	-0.19534579588194698	
-0.07498721618082942	0.028061249286148185	-0.014194423062565355	-0.0151997004921776	-0.11457487944106397	
-0.028147753338516747	0.006083802724014401	0.08315249660656446	-0.07010657446299345	-0.06706530040284839	
0.08996316526711744	0.14084590723274423	0.14568620435262122	0.02230573183908186	0.16671146294760114	
-0.04403986422382363	0.05913137833128325	-0.013651673898160297	-0.08489504008899175	0.0461603685701614	
0.13300857428136137	0.015848691611280465	0.12348250652795187	0.05406534992229494	0.08648416018134153	
0.07425596083437838	0.02425148482752225	-0.1075603905628342	0.004596021897631954	-0.005633997474212828	
0.2592860943235644	0.04560830028121955	0.14616264970527934	0.035225756260487344	0.1938252476656506	
-0.2476762208500579	-0.11709265106169162	-0.1275578395670698	-0.11047435377946373	-0.16640615662676073	
-0.0839890587175703	0.019167443282778873	-0.06780864455639773	0.01211877786878192	-0.039667445969772536	
-0.07984223595343982	-0.09094319446125863	-0.10553089559892138	-0.09417189606360624	-0.01800904497229515	
-0.04407439687491592	-0.09033936861955888	0.08647132349923106	-0.0014191818053105462	0.08125568120692091	
0.0512447693795226	0.030868215377470466	0.06404694613563185	0.04496421074022876	0.13224785084491184	
0.06899097140632435	0.12823704168740976	0.0196801546408022	0.1153685206702939	0.04133335782964337	
0.05049081943544901	-0.08044206821479674	0.03697610463632669	-0.07821963346779927	0.12085868083757005	
0.1525625597704609	0.1066457479421933	0.1616538542127569	-0.01286174779888751	0.01555987649400712	
-0.06081733714261944	0.02449244869965981	0.0934219899579401	0.10084981756376354	0.05547144017436961	
-0.05453445712115681	-0.01649708077676783	-0.1255754301553539	-0.16050800692546094	-0.1693639595433111	
0.02016363270892497	0.12375097588965453	0.033317939876160205	0.02754845830731354	0.17541334313399762	
-0.14091007090155172	-0.0014290250394313492	-0.17531608367261473	-0.08991881032659473	-0.15278570257487264	
-0.029326795573280957	-0.10580946675146236	-0.1275248810474666	-0.09458700404392842	-0.062189963073830644	
0.02693792731207013	0.12001645292351255	0.21511394145347715	-0.00856161475894331	0.15342096863715324	
0.018939865189505998	0.10733212050849322	0.06951267795736903	0.0815972161562716	0.05390498999969444	
-0.04046764847849176	-0.09965569665299863	-0.17113441517642528	-0.038914152253043545	-0.11656105728938543	
0.1620726952234734	0.187423703600257	0.15968588795712105	0.07374983467118378	0.161311484598126	
-0.06312800962501905	-0.026955904942800035	-0.0788724251168458	-0.03808245600683764	-0.19687683113506546	
-0.07401800004503391	-0.06692574312258015	-0.03745386528818066	-0.07384916656369847	0.03783372268560681	
0.08386886640170642	0.12932012646517038	0.05157647825402158	0.12373660779781945	0.06980440901308176	
0.15919519652692132	0.06391019193070242	0.07246706158903346	0.06062510024860471	0.2069918661475895	
0.19041708914069383	0.12609798469910652	0.14845779874382548	0.16312700430586355	0.3203686115879825	
-0.10665372036172076	-0.10605899981885952	-0.07793316386354424	-0.059254529890225616	-0.16893648990824586	
0.037540562150933675	0.004121059321764675	0.05643637193614358	0.09321435563987729	0.13807197199726123	
0.10265392887697722	-0.0611941414940706	0.10300496579653681	0.05960276137647886	0.07364273070832324	
0.30258923067870375	0.2154705526383573	0.3048838986153841	0.11380433762168277	0.2977911888948814	
-0.1555651479078802	-0.061581949042437016	-0.16456364720676975	-0.13057195850283473	-0.22794430326517473	
-0.13906613956459674	0.006983673950567805	-0.07757450254360523	0.05095582894802062	-0.10912728523707116	
-0.15831586966208067	-0.11830548734571852	-0.09805716692780701	-0.12732837028486269	-0.21616287718758745	
0.005369175281006267	0.029367308928434664	0.08471693138855611	0.08877767057374086	-0.021427007737963084	
0.0012601922691110224	0.06632402192976758	0.170045728807713	-0.020987538155439838	0.15009330810170005	
-0.14651214336709395	-0.14350382759006305	-0.1032224411774332	-0.12452682755329482	-0.29528941723551505	
0.19032067470281636	0.1996764552904042	0.28834901929711176	0.18279873243976572	0.2667290679747591	
-0.03403668368872246	-0.1099174364439576	-0.04671879892810038	-0.029511188555159967	-0.06214063093314126	
-0.004404918301532755	-0.13576105460822807	-0.04850698804902102	-0.12744467891731837	-0.057822205990228845	
0.011988244189857363	0.07852163131731252	-0.00047738922949149226	-0.03660580689794843	0.08436463169658896	
-0.09820535568755416	-0.0017495577620948674	-0.011669543890637983	-0.10107783152621792	-0.12758953669425627	
-0.31640969106916045	-0.2765728788010601	-0.2904161886759285	-0.3305007605073887	-0.408646043602368	
0.08880134643480075	0.07750870422483835	-0.02487520807876416	-0.02542689687407671	0.014347343844357065	
0.18384391722036814	0.10800513074692196	0.12185997888133397	0.040633895574770026	0.18446161707249834	
0.0035853453839448037	0.07991488868283092	0.05645382228945459	-0.0006704481694590854	-0.05530592697508108	
0.07174972738726958	-0.10004458157336808	-0.08163862813508524	-0.04580678333303351	-0.04686797530878271	
-0.01918418916876985	0.08044987489665807	-0.005236661211334955	0.0702085574675176	0.11027707266259595	
-0.1099365445427463	-0.0179146190561659	0.007750498890098708	-0.02046587504493132	-0.048019056906389745	
-0.18560825010367377	-0.0706696909520794	-0.07010034316406512	-0.1372336309108537	-0.10154587573632683	
-0.022957438796593503	0.09675555061086226	0.02666068178334329	0.019541936081307464	0.0525585889352178	
-0.32384861928178876	-0.11895625507540661	-0.30171189158386974	-0.21985781018227532	-0.29521136220951133	
0.12680281316411005	0.07232372193566038	0.13571850945348446	0.15846018238449475	0.1868447922988957	
0.025301403636753938	-0.055057283767968	0.11258779060449493	-0.04490474392496952	0.1493360056529281	
-0.024568052128817706	0.029015506586812748	-0.030656804089422708	0.07667464506099445	-0.0031242590331787257	
-0.06903915202560702	-0.01219071763923594	-0.14062788033199236	-0.058688056938727404	-0.1413428176198536	
0.1244574980039628	0.08934876240317739	0.01423715189323274	0.12915772100317743	-0.011210982003348795	
0.09150303374279853	0.024105827943310173	0.0026904753238255006	0.06801434934106107	0.06681893178308089	
0.0574663058371696	-0.08105937266233793	-0.14313291897260677	0.059033083523381394	0.035571836987374775	
0.16954516891481405	0.084042399627518	0.17994222192012782	0.15512301016515895	0.12151999640572239	
-0.05422419765781559	-0.024892073835590847	-0.08394858206821554	-0.10161332498265403	-0.061674092001925064	
-0.03771946366819973	0.09209982757091897	0.14853960180235376	-0.006311434165778574	-0.003937542312014245	
-0.1302884980905217	-0.1157647913881405	-0.010670245145453627	-0.073672279917923	-0.12512101514810087	
-0.1554478165957474	-0.10558340413392807	-0.05358085260591019	-0.10883949923879706	-0.10240364593824824	
0.08912993962688061	0.1295689826199317	0.0927195197502375	0.04627517131040887	0.1484979756793664	
-0.09913288336251426	-0.06182221237306602	-0.09612814862137913	-0.032306995656037285	-0.0017687723209486074	
0.010745978840012715	0.04844015157714608	0.01599209299294224	0.04008224790532296	-0.03659122202973449	
0.04409169820915627	0.11839141312226344	0.08472041610800199	0.0992331700559255	0.0720155830119941	
-0.026082639188511433	0.043539942834762604	-0.10872871937267756	-0.019093332737783016	0.04022975945134681	
-0.0486150221580642	-0.11350218667497262	0.0074860320442638436	-0.10472925657918698	0.012483178567156174	
0.21111986445031364	0.2184763061493104	0.2468868162045884	0.22319901814351176	0.13802400742271548	
0.004328767258062054	-0.15936570854006035	-0.12628927162083803	0.00878093207423319	-0.19723562641755835	
0.09677345794326082	0.09355068389515528	0.02331003845886441	-0.023459131062091455	0.0976906272019177	
0.27464299680515003	0.10031009235781489	0.3977819951948204	0.2970724257017706	0.32548216100684446	
-0.02092039110049387	-0.08939076288607486	-0.06347896473203879	-0.09416124607495159	-0.11049075741849577	
0.011712222328292358	0.14038369028430062	0.04001253709633297	-0.021946220747970497	0.016367431362036736	
-0.2619042592807706	-0.0850642305540345	-0.15225911454501853	-0.08917225833429575	-0.15320343187649962	
0.2041762671935924	0.13552700606214504	0.2153104556477497	0.09826202058397453	0.19943284387071372	
-0.112580200838012	-0.0831976206855504	-0.12372221713869971	-0.06404128640564578	-0.1116979584355769	
-0.21590786023400826	-0.0746031357500707	-0.24807147529887535	-0.09112913559719184	-0.19451845784048535	
-6.0688454646170835e-05	0.08756148250358102	0.05638185209328994	-0.026871738396756824	0.09048690445406693	
-0.028637887685567756	-0.0537940963355482	-0.0457420161434914	0.016084887029294954	-0.06624014506116188	
0.04222043134027599	-0.04960764428219114	-0.003937202525327796	-0.018981542327946306	0.05618973202038349	
0.19173876014020086	0.011019139212612907	0.14390961677771705	0.16941962563977497	0.1255717466870316	
0.20689620496311056	0.036393584221377825	0.15551023578995055	0.1341189232420423	0.08893505523196232	
-0.09724649748845665	-0.016655207525860777	0.0876963783713468	-0.03139437803391869	0.055948859096520004	
-0.043554203851937104	-0.017813242895261212	-0.047583458359652164	0.05990404639353494	0.06480241455074692	
0.09606950970141252	-0.01158847475822146	0.1022382821057185	-0.008913189280112385	0.05242578019921076	
0.07060581160574414	0.03320043740859797	0.016938386129666066	0.10223212558870617	0.1564939393890955	
0.08948260200915094	0.07210884551484216	0.005779590464240314	-0.018145378976453443	0.08091282617019607	
0.08326679969709927	-0.06211913389038924	0.008241794716371889	-0.004402266288205853	0.007917588484936726	
-0.03485112054025604	-0.009721089407496622	-0.011495654683827556	0.09530097401129903	0.09834897447372061	
-0.11498335795212813	-0.07024749838744862	-0.18450761865092652	-0.0996900162554159	-0.1938720583154852	
-0.20856470745766323	-0.2251015899176637	-0.2798274603793882	-0.3539844652595194	-0.3225043868071467	
0.3801078233482682	0.2760415671012893	0.3426297269324335	0.15824971462275036	0.3632947078926545	
0.03794317735890752	0.009892223780304795	0.012842972927944053	0.039632818059557755	0.09871938919493814	
-0.6392572144946992	-0.534193869997857	-0.6579904840742186	-0.7026688646652506	-0.6632476319055155	
-0.026453533831524354	-0.01922118135217288	0.05329159764243842	-0.02974986797442257	0.09838358879334444	
0.02283655469302342	0.03214771808988501	0.03745397084672785	0.13028800678477667	0.16761431588959794	
-0.061924873906535345	-0.08633431766378999	0.008704137234402293	-0.06013428750488918	0.016101776273216652	
-0.3298758918710472	-0.22572537610856536	-0.43567377876597035	-0.24532863470742625	-0.40238467766754116	
0.22100942945576157	0.1707741830752626	0.28893101501178303	0.21552366766556186	0.4322506018241074	
0.23128341803688757	0.22602473477875887	0.2993671284140038	0.28710966411372085	0.2804996899553726	
0.05157083017826389	-0.06625049104042212	0.0765189510062118	0.022125547730761738	0.19396673646374857	
-1.5365377909465154	-0.9418525462384888	-1.6833366545994064	-1.1497327285415024	-1.8255723642023494	
2.0164684474206154	
