            A        R        N        D        C        Q        E        G        H        I        L        K        M        F        P        S        T        W        Y        V
 1 A  -0.1524  -0.3946  -1.3502   0.2672  -0.3486   1.0485   0.0458   0.7161   0.3167   0.1991  -0.2895   0.1965  -0.7727   0.0249  -0.2602   0.1691   0.0231  -1.5077   0.0116   0.5546
 2 A  -0.1301   0.5039   0.9227  -2.0261   3.1423   0.4391   3.7085  -0.5079   0.0738  -1.3268   0.5879  -1.5972   0.5465   0.3426   0.0088  -0.5831  -0.0706  -0.1334   0.1467  -0.0562
 3 A   0.2401  -0.7455  -1.9198   0.3171  -0.4986   -0.293  -0.4822  -0.9407  -0.7054  -0.1758   -0.423  -0.4067   1.9485  -1.0029  -0.1508   0.1661   -0.073   0.9091  -0.5236    0.281
 4 A  -0.4506   0.3439   0.0217  -0.6878   -0.277   0.2861  -0.6241   0.4098  -0.8102   0.4154   0.2194  -0.1961   0.8729  -0.2997  -0.1283  -0.6169  -0.0779   0.2153   0.4125  -0.1661
 5 A  -0.1729   0.1086    0.546   0.4821    0.889  -0.1371  -0.0708  -0.1003   0.6919   0.0061  -0.0985  -0.4372  -0.3991   0.7085   0.2969  -0.0746   0.1565    0.382  -1.0983   -0.007
 6 A   0.6716   0.1755   1.0067   0.8115  -1.2913  -0.0569   0.0958   0.5686  -0.0841   0.2047    0.536   0.2985   0.3222   0.1545   0.4212  -0.2268   1.5572  -1.3847   0.2169  -0.1178
 7 A  -0.0384  -0.0229  -0.0517   0.1904   0.4894  -1.1868   0.7929   0.4613   0.3274  -0.0029   0.0332   0.8079  -2.2032   0.1878   1.1823   0.0851   0.4468   0.9576   0.1601   0.5344
 8 A  -0.2236   1.0744   0.2569   -0.327   -1.938  -0.4488   0.7853   0.6307    0.358   0.0174  -0.0005  -0.0433  -1.6398  -0.1821  -0.4684   0.2472  -0.4963  -0.6592  -0.6293    0.063
 9 A  -0.1637   0.2707    1.054  -0.9856   0.5713  -3.7316   0.2794   0.4504  -0.5465  -0.0898  -0.1123  -0.0333   -1.727   0.9856   1.7946   0.8719  -0.1424  -0.7973   0.0307  -0.6146
