TESTRUNID EPOCH: 17 L_PCC: 0.855018791591328 L_ERR: 0.009762844899814433 T_PCC: 0.7298116224545609 T_ERR: 0.01729632913347688
180 LAYER: 1
5 LAYER: 2
1 LAYER: 3
17 :ILEARN
0.104115787606498	-0.014232265603080803	0.0060588179051557795	0.17625548725833448	0.2127607841624595	
-0.23373428965761364	-0.09346194336512953	0.20536841847842502	-0.010668431385084182	0.49555319866874165	
0.03393265299824522	0.20587498257080766	-0.14842970486825677	0.1201547762360594	-0.9479941713987994	
-0.06948696795560709	0.0622286047850008	-0.09836627461482114	-0.24243161430476556	-0.7447480964658023	
-0.17792892175624078	0.20433560685791188	-0.3219929767143282	-0.06654654492430415	-0.2507840547553309	
0.047718455600819	0.10505073528901394	-0.13579143778567754	0.014702451813822391	-0.3734375346673941	
-0.8786070732640275	0.7381167884298477	-0.37148476370739236	-0.18877052645886866	-1.3738104961958422	
0.5000599408297293	-0.2418811158166827	0.43360222613163546	0.09828131674834215	0.4361511476033154	
-0.06509657108308727	0.0868967194302955	-0.04807430645013334	-0.13266642367190554	-0.20740601011374163	
0.2717656551871099	-0.012886760143042214	0.08935253069632434	0.2707330552762318	0.12597038358653725	
0.11604957341498816	-0.042869290999039536	-0.01883323971736587	-0.12454909817559778	0.25105025352722815	
0.3743442525059605	-0.4007704854135076	0.5310155641040586	0.4330516277723873	1.1683606041635797	
-0.4981099256716603	0.5552557565994173	-0.35041976968152067	-0.2482629770981457	-1.261499227672161	
-0.7467693380277496	0.3935075750209466	-0.5754376405575681	0.10514762446026188	-0.961797082945065	
0.48854747165163526	-0.2262848835049486	0.19143088389822033	0.5786468335185748	0.21293714434671887	
-0.4986951360652446	0.2811940418156468	-0.284823705945424	0.2757025660609715	-0.5753520761563498	
-0.36483891580877187	0.37060981105026414	-0.3483220498744487	-0.044910157196331284	-0.8432155651534877	
-0.38602966432218916	0.3912399840443822	-0.14539608557948983	-0.1461834319174262	-0.8952618261591282	
-0.39887518882658923	-0.22264553813721932	0.11983738897003454	0.444926399867485	0.18179106483706656	
0.08042832561202169	-0.03594976078373425	0.18892797475136971	0.34665346830408633	0.38265584890851306	
-0.17262047941038675	0.28558857147741695	-0.11720319561557216	-0.23777258019527248	-0.1765142240457677	
-0.0837138153413282	0.02823636206984214	-0.046862545157257456	-0.06694036934049448	-0.15923125550678346	
-0.24841032754139164	-0.2249692314430214	0.2965319459973217	0.24809556109200465	-0.3065454602572942	
0.06018547721626684	0.00928182298097065	0.23829386975208836	0.16855707687428373	-0.2688015912459154	
-0.10302868711873663	-0.23991247982060498	-0.10487234059051975	-0.10381546013105246	-0.21416826926477922	
0.1393706854580577	-0.029722976284138385	0.20304132029366806	0.10776429564057322	0.4609203255298657	
-0.07188128500711098	0.1342536416861104	-0.0009033664115242937	-0.038058715073200654	-0.019220406696853536	
-0.1484454748725417	0.17824058405565893	-0.0012722468048178347	0.13795203313744922	0.02965438951205593	
-0.019826806673847095	-0.19116262340057272	0.10842663828094849	0.20068379158340122	0.2798887389909012	
-0.07286670252447981	0.16376594218346946	-0.11923309445461897	-0.16919434797144792	-0.5661814780266534	
-0.2417080545505806	0.0656103019742178	-0.14180411842022742	-0.05829357222181	0.5592056045909343	
0.13499128263912838	-0.048358546834277524	0.11810996848715691	0.16202704508324275	0.1090489556506463	
-0.2557213016217588	-0.003963774097134763	-0.06600538129179102	0.11516734245736178	0.6725584676268367	
-0.07700852926410337	-0.11972304834963882	0.013976706681154194	0.053196173700826965	0.22074652954565857	
0.23274594954427213	0.08447100678102566	0.30686769993506774	0.17273986518841833	-0.13840211831308386	
0.11252327857156655	0.189503174304154	-0.22531430705227662	-0.539255786677918	-0.47119553522605484	
-0.317406696629595	0.28296074624611434	-0.5608047799572058	-0.9851388613067834	-1.4816946362375385	
-0.036926058085966815	0.053905796961037394	-0.03363512166688375	0.06446236340719962	0.13962017550549224	
-0.034825711986119785	-0.042638953634964186	0.055926604939868396	0.11052009057625653	0.1360232833825578	
-0.039699120380769046	0.3134073318372207	-0.5068721135676253	-0.4574635697905668	-1.0046421315345906	
-0.22422655970984862	0.3512499115174446	-0.726927829737751	-0.42697332281141864	-0.9690043188770682	
-0.21383720083162988	-0.10273170188908576	0.08036201870824665	0.1405745638687597	0.689526272426863	
-0.4878480856544983	0.3829214443864302	-0.26519330462291624	-0.42749601702712015	-0.7562692701858403	
-0.03514736172609352	-0.4592793259763156	0.3528703450505755	0.13029138323322942	0.324400691972273	
-0.049262403117585146	-0.34114215415592214	0.29551606634046756	0.26242144565433007	-0.36331911944141726	
0.18816198895229694	0.1660802360854548	0.27151363981719706	0.21749491297474968	-0.16626353794548884	
-0.006613597900945538	0.015593705163796916	0.3282167562128888	-0.0495914734880409	0.1880609612215218	
0.2613746785422769	-0.4562911389540877	-0.13720294402388622	-0.23811663093804075	0.28953812055006695	
-0.32287548850134734	0.4071793371444371	0.1822176929285535	-0.23506126949256353	-0.11216590464866126	
-0.3011943365583942	0.30107050788944667	-0.3493929829214781	0.30298159815594566	-0.4422607241298448	
0.38449828439870476	0.020884048852433654	0.6085022517376968	1.0653120894805443	0.7209752741528098	
0.10672174592743539	-0.1592085867412415	0.18046556579968318	0.13673080953656014	0.37298227457067223	
-0.2504638554796919	0.8680956973945541	-0.2002623818284864	0.10633154256305066	-0.8193193408457585	
-0.6733600881608485	0.7731145398022389	-0.17642784398629227	-0.18882503111425747	-0.8082558927441179	
0.4007283586655335	0.06003191973712002	-0.29055450020353857	-0.32101006817828404	-0.7536571106409917	
-0.21008158321260398	0.06648589201439367	-0.7131137099231952	-0.43516920314587587	-0.7955232958625926	
0.37296496833930676	-0.2167887421219601	-0.14983245098439624	-0.026954727591122402	0.34016774332224864	
0.24344610643369197	0.5333136815859172	0.17034296950845046	-0.13469321275171556	-0.27036628084772124	
-0.46802107985819547	0.19095320345234634	0.5054263636998765	0.4267679493130439	0.31581434438642086	
-0.32781347106965664	0.14224582253595816	-0.443498505469236	0.32687454570770885	-0.26765961758025814	
-0.17944410086499823	0.40824316847559805	-0.3481765660737905	-0.16361921719818615	-0.34216618521260683	
0.07703408585380281	0.05533492953018642	0.20764487841205104	0.06626510442539449	-0.1813119252016882	
0.21340611533945092	-0.1471066215750107	0.3510264972024262	0.17662235687507472	0.43594111499605714	
-0.06865605115190289	0.11088273874787269	-0.07704871119676948	-0.03077163188959659	-0.348278403849926	
-0.08758087457689555	0.07455959199084046	-0.36028703944192125	-0.5397748272549875	-0.06388334403390714	
0.06827285030992027	-0.2320534027230753	0.3017070928332357	0.12065592319549673	0.14152387442728434	
-0.002373238676388431	0.09814464288975716	-0.2523601977347461	0.019114310701298466	-0.28549076319569927	
-0.18859829257584426	0.1763506767155093	-0.18032019421361634	0.1297323224096517	-0.06703921698113978	
-0.0700673896958973	0.2782796679737215	0.17486213502371803	0.07851600327215294	0.04676715427563944	
0.1602953383335557	-0.23783831276036954	0.1923767062880292	0.044412177887771256	0.12124184218203714	
0.03296865170114034	-0.030427552639451193	-0.22884484522048065	-0.402472643384624	0.032126480868652794	
0.16616462871263302	-0.08830309445413805	0.38559415184637413	0.1425261069121395	0.12074746627960886	
0.04676726859443353	-0.16701135971170936	-0.03018895252201764	-0.2930021904026628	0.3068080663450672	
-0.11039977785033919	0.3692467386955569	0.09886354329055855	0.20529523866507596	-0.10378876429755343	
-0.17299928547126442	0.07802582719843291	0.006825698139822458	0.48562127817295553	-0.5979879772573023	
-0.11022696958634587	-0.13992388658022153	0.4936439041664688	0.3382683163930357	0.40782281637058104	
-0.1394990065299422	-0.15839602825533	0.18667556670249155	-0.0947322274012102	-0.12921235164290484	
0.011456397375520755	0.24928334285587184	0.0057398099270974225	0.2003588776246002	-0.19767893189037594	
-0.28547549741683337	0.4728319966125954	0.03753248838202141	0.29151052162008106	-0.009849972383796675	
0.11651129377188417	-0.22347083763839418	0.08691481900817924	-0.07075056840210549	0.11868699362024276	
-0.03914734628494846	-0.08569592750992912	-0.19357196198998514	0.4197680049418605	-0.36192167232673683	
0.47483131713432614	-0.11755571280514891	0.12129038494025716	-0.0746961355501517	-0.11105780892202101	
0.1550976841115553	0.20973055502748952	-0.12235730913818961	0.06757636158115801	0.19986426887098876	
0.05916152894681342	-0.01838974540409422	-0.263288046160233	-0.22023311277310362	0.2697056407183518	
-0.02838131094456209	-0.22404063833118956	0.030705636327166896	0.5978666303387602	-0.48124522389023533	
0.01735770921213452	-0.16023232707658505	-0.0907285614334357	-0.013109448514184585	0.0911681647771628	
0.3107054933191581	-0.2690544637369712	-0.1080085302618833	-0.09909201998271225	0.2360807206997682	
0.30661246924135865	-0.04317515055638909	-0.3300526969905885	0.2728512774666422	0.31699917961628915	
0.2911286436742393	0.07476779430963067	-0.07744968665891243	-0.17298365987344033	-0.07175942690793437	
-0.6275324798731265	0.5329340828172323	0.29912342494979766	-0.10378556317553972	-0.42907424087910134	
-0.20727902600481865	-0.21125473127553698	0.61237418784246	0.33444990781323924	0.6154440138364884	
0.43084937554641156	0.0464672907374659	0.10743058209073526	0.09608437567040894	-0.18379853563715923	
-0.15081580159908378	-0.10836575427143315	0.3270607862814639	0.1299297189363141	0.5042534853364846	
-0.016036270809386393	0.19662138496808015	0.20768862895056464	-0.227308698235576	0.16664967762106245	
0.1139830380933955	0.014202141147662415	0.11892700034429066	0.25239256173728525	-0.27508137250858444	
-0.036579461920565104	-0.11005323957207656	0.11805137631960072	0.16711027700444045	-0.17760022381056562	
-0.39295953351778085	-0.16998383129562872	0.21006912608261605	0.37556807931241004	0.3426972116202801	
-0.030281850971877203	-0.21161559741404534	-0.5528077678590996	-0.3710739712486319	0.21593021815457408	
0.1840799049559159	0.11094104164365305	-0.035178761613211616	-0.4463675683085112	0.4093635561330702	
-0.5732779329916322	0.4200246815957494	0.25336313804901406	0.1057678740295763	-0.46093581157938596	
-0.2583737446797834	-0.1707051570574018	0.021276869664332173	0.11973202405156726	0.2070236487347866	
-0.10878359958631732	0.17510869542191088	-0.02754435207631588	-0.021814465049396152	-0.3992178213644224	
-0.06624132412653055	0.0956745776469589	-0.5001474359699695	-0.29151203070294884	-0.46819740384902353	
-0.20035042046901866	-0.0627780806552948	-0.5063936655505819	0.19428879497150783	0.2078029150814318	
0.014305160470537802	0.1403086295244624	0.32842955294386605	0.49130318579438154	-0.32159929272178206	
-0.0798196696658991	-0.11325107955679542	-0.29637236161895913	-0.22663421743584286	0.2158070074384992	
0.41484912430108817	-0.2689709478394645	0.0649192488125214	0.11985675408695777	0.623840490685588	
0.07559617644577364	-0.3521839838309919	0.14998443262484215	0.02264307062541726	0.28910031453045	
0.3076333181977239	0.10748029275655895	0.01527536055347749	-0.3209175577441896	-0.11185264891282998	
-0.3149780160652603	0.16661661232015915	-0.08741711233614717	0.17628456516127508	-0.3093876020562825	
0.47465253045527683	-0.1928564380917314	0.41383347381606145	0.06794532726482538	0.046161962939770596	
0.19419773770503232	-0.19666367333866394	0.16853465565786527	0.25357098020295205	0.1544096157564831	
0.03043362087541283	0.1635812540137537	0.07684554962810003	-0.39503939048047426	-0.5594230933859029	
-0.09681688666944971	0.5156406076671101	-0.01652678488099905	-0.36560235550963294	-0.8142109073090601	
0.1411642711402408	0.47365146709213973	0.05175221191449574	-0.14772213506452445	-0.21736907045043113	
-0.19661136963371784	-0.03436061313463657	-0.005033813956885482	0.28277154580214875	-0.30966158418992623	
-0.21957443691538792	0.3541473129537409	-0.09670998079483584	-0.023040793880942087	-0.6863732484448585	
-0.09114763926757505	0.22796130199529926	-0.04981314152061482	-0.2875391869388917	-0.09192916043630045	
0.23046658645001006	-0.06833003673417565	0.3472229840693348	-0.14453123296657258	0.20560909043579267	
-0.28047850615494463	-0.13745088210013778	0.14205640437961042	0.2531143686310429	0.0569749991861515	
-0.4191071921779157	-0.016644588988793	-0.14099670743354503	0.37599912152527515	-0.528603953409565	
0.4644139771913329	-0.282004074765977	0.24516097832642994	0.039527435733024974	0.16935573832029605	
0.11295551739646892	0.007168510454720703	0.13709131273193711	0.24341496373912	-0.3772229862016071	
-0.09991045659304859	0.0072890572490059685	-0.029623311807787007	-0.11616949263123927	-0.44727358602593054	
-0.3968848419590678	0.09001331067863577	-0.06811638370028651	0.33875391365745944	0.015886917976498927	
-0.09624249053048832	0.12115868742729112	-0.23340956303173427	-0.24808094899979363	0.026766237761238924	
-0.37131596471041495	0.2562556461273108	-0.24377706687480688	-0.10706723482168583	-0.2173811221991719	
-0.04811803141764296	0.10951034266280482	0.03510347625959517	-0.05192281554491042	-0.41917259904076476	
-0.2167514879998683	0.27366970254617073	-0.2510397935245521	0.21929066760146176	-0.1040368067302132	
-0.05289926904439661	0.016070800070679604	-0.16158623258940003	-0.1930250663768047	-0.1478012457296227	
0.49099201459719133	-0.1894747358413612	0.22265290087455336	-0.16550574126180242	0.7624866639199944	
0.5829210918079313	-0.4915487838694166	0.23406088906399636	0.17426402264099256	0.374286920274055	
0.1946605081690425	0.14076308122555964	-0.227755403745279	-0.2912223772760862	-0.16630519843765368	
-0.2753383453724442	0.7641395134835852	-0.25640988615733756	-0.02928584328287287	-0.470312229808649	
0.068415443450689	-0.3466062974724664	-0.0720730612399261	0.2333406547643928	0.3233343005739946	
-0.07566161953847332	-0.11763154090211367	-0.22747756134351182	0.01044487644848251	-0.505597148124569	
-0.19666675498785802	-0.17112286244863018	-0.24424855456533218	0.034751527535312125	-0.39062475622026904	
-0.06938111322808581	0.4115725925352412	0.011754458082525019	0.1222366595354932	-0.3821444602883581	
-0.17989524747679955	0.3010484479666845	0.19555284121366462	-0.03985345721953575	-0.061378148995679865	
-0.21014298539778026	-0.03672825689887601	-0.08534950960920039	-0.12298460201131374	-0.23483516654346098	
-0.5560986029746342	-0.02174073966812288	-0.14487593855820596	-0.035715927242137076	-0.007212511084142387	
-0.012274539139417001	0.3200505528078171	0.26943727082205726	-0.157584058224264	-0.12712035434995908	
-0.2040127066305285	0.051563882934438365	-0.26427633533865164	0.026675696248459845	0.009965581025592606	
0.34878555694572877	-0.30474385531218473	0.042064339054190075	0.2951025352772893	0.9561827941818468	
0.11599564675162446	-0.014540285287894123	0.1418360196140682	0.330184378839235	0.032395603781015955	
-0.09838781642442099	0.06173473157235036	0.11746883996154318	0.1349091092584444	0.2403503862222887	
-0.3672029177267903	0.30465637821020086	-0.09450117209715699	-0.43117898346899525	-0.21216214144898835	
-0.09917186624058073	0.2447840605838272	-0.03686375001149939	0.5203992385643618	-0.4679450817107917	
0.1936223225046662	-0.051391386361721726	0.28932422266007596	0.3769847309754724	-0.17002330739352337	
0.09741354084795067	-0.324896919324776	0.08819808607836731	0.02765222104698378	0.538161856659494	
-0.27036725054729893	-0.060027284578387	0.2783968218325951	0.11781546819822994	-0.4847726735913214	
0.05595839683863023	-0.20533510114303757	0.2956509945771014	0.2549787325629453	0.008692282581428052	
-0.1899582732737308	0.062155013783986454	0.3086149553861597	0.06330813052660349	-0.12494141499079536	
-0.1379300390044116	0.415472224135389	0.0014952828292929612	-0.3649631001324897	-0.8545472284912573	
-0.07599677374587126	0.1699026606868109	-0.4401606850438538	0.015959478198448458	-0.43156178736169726	
-0.4531071817256745	0.05818713760838326	-0.2111520859203812	0.02850966957592288	-0.19360537038317302	
-0.2582501241222581	-0.045917879189333856	0.15059726167989143	0.4357553476978929	0.29282059588934856	
0.2165512074460877	0.18769774181142043	0.3867018365072511	-0.018971673937387572	0.031731775168125365	
0.16049032693286963	0.0820086191642351	0.17156575147067032	-0.12162231134428445	-0.012905195887407926	
-0.06386349693798846	-0.29225113295986926	0.03813982625416132	-0.04904465475185509	0.6021924716096464	
-0.3471205890886727	0.08278051409296153	-0.48766666629380745	-0.229354087173206	-0.6935672901774154	
0.3334636199533323	0.13026857011301562	-0.07139799749642423	0.09257788593385534	-0.4037771907853563	
0.29565265666018187	-0.4222618429659643	0.34655412276881964	0.3352333453313114	0.6447387568510448	
0.14246395034950257	-0.10870410211732803	-0.040695365613645486	0.21368170535053507	0.08913790055287131	
-0.24538440277187762	-0.2977684537413326	0.0894439554412537	0.1478505129900727	0.3821899109725224	
0.3004055766913133	-0.1579019111769234	0.15847432400233452	0.29987124951550187	0.2777034925739296	
0.07659579897016493	0.19669240282480188	-0.1805478454103523	-0.016077189542949632	-0.22987613080132918	
0.16826053921096115	-0.14725036378928896	0.01694929617625765	0.12387734344795848	-0.03513139315143362	
0.3842541040549886	-0.14540834350973797	0.3318607647906346	0.45606323980608476	0.44785543752156326	
-0.28410318661291717	-0.10470568309483254	-0.02990378953269276	-0.1515226053486441	-0.10549604401402325	
-0.2891218644040259	0.5922651481994422	-0.08963458133455515	-0.3942506575226745	-0.6210198800769812	
0.6198045437097839	-0.23571217440112982	0.3483410345673953	0.33748121232863904	0.36971609244567005	
0.08493370206602242	-0.10247178659027142	0.4151997389080614	0.1768514345664771	0.4697740760100941	
0.3085946754427243	0.13546682037983415	0.4511021328384777	0.07651531857007804	0.404026838607002	
0.16501641041384313	-0.29731412876570557	0.11128791816531375	0.15503016722536322	0.27083246063315625	
-0.23593151945615023	0.044962197911543406	-0.44118102761322553	-0.04325754770875761	-0.08962838439599394	
0.037545202337127166	-0.048982032222563164	-0.23651625078266286	-0.09371733129105271	0.31351242204908264	
0.3212299683139032	0.08038926425185744	0.24589877990101594	0.23598664163344135	0.25963464983521517	
0.22075904763035276	0.06244867064624162	0.2919910127450785	0.1839948909968465	0.35238036826103647	
-0.8403668561182644	0.4045419004107679	-0.5999045226333581	-0.49833855587797854	-0.8784614277454177	
-0.055959639275533206	-0.030988833990763874	-0.144815794500483	-0.029184416065041564	0.2931335832672943	
-1.7147551384528363	1.2848887513220584	-1.602669755978829	-1.8056604547090036	-1.7353516783618304	
0.9151308461635052	
