TESTRUNID EPOCH: 69 L_PCC: 0.9564885777739073 L_ERR: 0.0005537375142610539 T_PCC: 0.6487248871921882 T_ERR: 0.004638294465462421
180 LAYER: 1
2 LAYER: 2
1 LAYER: 3
69 :ILEARN
0.30528039321095	0.19785110036225065	-0.24059176642172253	-0.28716860514502224	0.3787984330981623	
0.48026872992251013	0.46682382904437353	0.6773922349396111	0.04626661123726558	0.09869112940220717	
0.2285972211272786	0.4162806532089008	-0.31455001907389896	0.27059760708197306	-0.12731612528296868	
0.01081942789636953	-0.018808288421059624	-0.09632647252430963	0.3265792106980964	-0.10345351364489597	
0.028795101595755386	0.29114622059517153	0.11588480531399067	0.3316708512387434	-0.3810239670615576	
-0.1311888633002825	-0.06462319886095164	-0.20130301745241974	0.29177953700448217	0.5561845070467337	
-0.05948181742686578	-0.29563104312048893	0.3613546908154254	0.3929363076661868	-0.4673265684783457	
-0.5682166862190122	0.07842831193791684	0.1907002505782169	0.37842991614024923	0.7935065225465564	
0.1865687695287956	0.003498439019965295	0.5483304081540668	0.9478034435649519	0.19461514562400895	
0.30228096987556985	-0.18030065554134256	-0.4462315463440715	-0.4909912362417367	-0.7825235706956059	
-1.0306477306575839	-0.7170605157490648	-1.736739884730176	-2.6337437237595926	0.33580576716839805	
0.2896939157107621	0.20808080716570215	0.1757691089491631	0.5397614589843158	0.7753972625210828	
0.5465631589196961	0.9187289068304539	0.1525941680541865	0.046051201764100894	0.5604610706691914	
0.4771333721690747	-0.2519031952880681	-0.2063291056276279	0.913086992365949	1.1647253688740689	
0.345631152108608	0.2691738406824748	0.41780562131996224	1.0972221112943321	0.07465943405273896	
0.046550374890354525	0.35888482117366727	0.4488797090118546	0.23596329082163503	0.36490921749251776	
-0.048345522447856684	-0.12226345276801055	0.4849250999463191	0.6580959687770489	0.3757706721187558	
0.23996447037409604	0.06523029653552989	-0.3140357727265174	-0.027052990385045505	-0.10059807133917303	
0.16089557327646917	0.6195471605394487	-0.1264005919791665	-0.3202036617300519	-0.19495175534740963	
0.0028673295658877265	-0.13752540165884763	-0.3381414651553278	-0.3969457874034443	-0.0995177991509748	
-0.07960802227806396	0.3576492973157656	0.5310787111374204	0.7469657992609503	0.2525221396713032	
0.1770418526359958	-0.14149831832715906	-0.3979436612335587	0.5561762966266408	1.002671352995781	
0.005972212673693259	-0.014303144753260739	0.2341874396993217	0.3453219881644988	0.011463835631295684	
0.1740362592728571	0.43997915529973436	0.6207689515598447	0.024413266961272165	0.019827490661111273	
0.15273377655614057	-0.3964882809356515	0.1200039222623031	0.3391137359928557	-0.31465549697859946	
-0.5245179010692407	0.07444508731870542	0.13134003624357	-0.1483356713184431	-0.07352602975237699	
-0.6118270749341044	-0.265513803864099	-0.07005943927314409	-0.03887549071424727	-0.11293122237703379	
-0.25563956136230254	0.02185512660289908	-0.08621846198325527	0.9518128669140437	1.1026033112274998	
0.33881381252486875	0.20522228297852166	0.3122084718286284	0.25257742451154497	-0.2806101609636898	
-0.34337076589804477	-0.3911285497668429	0.06618578410587451	0.19757583125010375	0.3600823792060104	
0.03949215574626882	0.25483119221641354	1.0136634326854068	1.312011814205591	-0.1151118162823421	
-0.04993188662698984	0.38552030912954727	0.48115291655486997	0.10048772722052451	0.034753176304428514	
0.09993046480211347	0.21657489974396857	0.49710491094358833	0.5949883293953828	0.34802790627164826	
0.4236047262568852	-0.18204788912664302	-0.27933549044207984	0.29792891761530305	0.37553304024237844	
-0.20896372229036356	-0.08939404345822101	-0.2517446687227261	-0.23623480870609145	0.2479183399039382	
0.3663556323181638	0.04596774943510801	0.03337293831073206	-0.25124808997874737	-0.5849236749785733	
-0.043326654726692435	0.08863153917517241	0.352566790613786	0.4787437239040092	-0.17121857745135827	
-0.08233465400720386	0.008548369859674807	0.23197713589389243	0.49547333921068965	0.7678235449045311	
0.18159572977914196	-0.0329279290103478	-0.23136177034364927	0.04358856446447609	1.4259563883314739	
1.813338846386436	-0.5845863860866799	-0.9679118161655798	-0.39914682720458483	-0.25112779828958165	
0.07021952076818223	0.17351162052714783	0.11390578569209935	0.10715485835989283	0.2863540825327917	
0.6740676852078052	-0.18641047563324137	-0.3306576764973983	0.48296719670213256	0.6266737260635961	
-0.19136659546968615	-0.33243373300084733	0.16877101022337368	0.5261424883357766	0.07748959623092659	
0.26277506544669754	-0.2859519725463559	-0.4983257776806738	-0.14180614359341726	-0.22573300016024267	
0.12969978544029223	0.3085672348780475	0.17613539563437702	0.33723747415919675	0.13571476629082277	
0.2851096032400727	-0.21338011736285245	-0.42659714991051945	0.2813586006472016	0.615526963938298	
0.08422100648000858	-0.36712750717856324	0.24514770464769362	0.3315176557261675	0.2576549152048346	
0.4685096610742464	0.2097847899931636	0.3181376865422748	0.14508284274401306	0.3890451091199323	
0.4796554356504707	0.89016615109701	0.2623711641379389	0.21967231477314636	0.15586875354637544	
0.062054788723210484	0.204626017397757	0.38084710085851103	-0.7556879001689429	-0.49896480202410487	
0.19675744971710718	0.30779914144901105	-0.020056558249589112	0.1438926219588589	0.5962743741329137	
0.9952865476819326	-0.17428555799881565	-0.41809381514836164	0.13046601008119155	0.32184111945763433	
0.11771864227736045	0.6224987765116093	0.5252806007753065	0.6843582882576038	-0.026591676517116372	
0.01323890505283325	0.2900444062957032	-0.1747490683359052	-0.006044505657813773	0.07400839585052739	
-0.04390423092710675	-0.04343470451508881	0.33897532807855163	-0.09489607869979635	-0.3928532948547705	
-0.5891638252831602	-0.005991138264483085	0.16072750642097364	0.09339427137590543	0.18679143965486347	
-0.5155386484082052	-0.5676685320134892	0.08773042240086044	0.07534357245314452	-0.017508172633828215	
0.1530081928696087	0.41552651457591006	0.5648725171052628	0.10829316104046423	0.19079763642091066	
0.006365197172463662	0.15077110793710347	0.1221396057853304	0.17104721692623848	-0.021682069019305646	
0.20950786814315955	-0.22402122015081435	-0.4726482849010793	0.18653788410090483	0.18382681493159062	
-0.11379336784374769	-0.06677326905845778	0.20536016862329626	0.2565611164814059	0.593399034693556	
0.8184010116646515	0.41865798620882894	0.5239106392788865	0.08479013032695219	0.21318300923612848	
0.2713696192806253	0.3649419404381992	0.2154134171922205	-0.35155659984701204	-0.00010146677082414093	
0.13801601850242165	0.23237420197679584	0.19737560671262644	-0.007108162290225912	0.0402400510613362	
0.2195664605801907	0.4863219767176692	0.5527402048846852	0.7208590132740885	-0.0006959391837488605	
-0.0037427174095945757	0.6536270564020257	0.963867653894425	0.13932366207008162	0.18778703861480608	
0.07387359449813263	0.25115442869844967	0.09105598186953821	0.22429512018483105	0.1688416689427461	
0.1581705549893796	0.2249155370291086	0.18698912065428555	0.35991492080535525	0.45146989781887314	
-0.6585380812205497	-1.6330776344816433	0.2685429769516732	0.6027415009740659	-0.4818762245364257	
-0.2760043367505076	-0.33554322037311607	-0.7778366719341688	0.13495060857641972	0.03798216420999576	
0.038867414122936934	0.0024591145024831667	0.13912503441616045	0.1966368862487054	0.3412012195485568	
0.4098916337690252	0.4023974987007575	0.8832074762684154	-0.265893142453703	-0.10238576878619947	
1.8825497246502982	2.689975395577129	-2.3539120861166483	-3.993185821386027	3.698485231727458	
