TESTRUNID EPOCH: 5 L_PCC: 0.8819999210197813 L_ERR: 0.0030772318367051498 T_PCC: 0.8660310063918395 T_ERR: 0.0036367340882045907
180 LAYER: 1
3 LAYER: 2
1 LAYER: 3
5 :ILEARN
-0.08238160208929603	-0.07086167045224058	-0.18087746707429908	0.11054418444350593	0.034921832069979244	
0.09275332884458413	-0.11848856305818307	-0.1139089768686357	-0.09045561494342917	-0.056400877335384535	
-0.16877590754629182	-0.18412178176377564	-0.322316302033919	-0.1371814290813131	-0.2835932966049982	
0.033445961354118064	-0.11770986452820618	-0.06930763626894751	-0.022725733836081324	-0.06746693345807785	
0.05824106180390534	0.07603828006766032	-0.09231124472468817	-0.03306437299322581	-0.20856926355897626	
-0.22114166284361156	-0.3700115975678352	-0.14055608416797818	-0.09241950123724944	0.06213778246015578	
-0.2636736973507788	-0.25287752410487413	-0.17962253401926415	0.19435486987290274	0.18801461712946058	
0.19480845906743602	-0.060714734135830215	-0.05861450442200682	-0.21713530474898368	-0.20408923294153147	
-0.06484785632529617	-0.14005576345872298	0.0033330966021748133	0.023129526388924383	-0.11112165310828719	
-0.17314655716344804	-0.13067262263228432	-0.24324879174480163	-0.1867073136034238	-0.24865617482437227	
-0.2682801201073676	-0.22927131468397793	-0.2982888621087346	-0.30882685666300264	-0.3549058014919229	
-0.3616518236968287	-0.2573096666424979	-0.12720326515858982	-0.00103780668950375	0.051716992060842314	
-0.44685879669382517	-0.4291697508949838	-0.4204569728076877	-0.007994340646122073	-0.12003399368908416	
-0.028661976850119664	-0.01279060965907985	-0.045481862979638854	0.024986860962099806	-0.008330144806862004	
-0.00019839972619148895	-0.15665093694676274	-0.4072831460129841	-0.027169912590440475	-0.11701237236377977	
-0.19765294507524572	-0.06897115982651637	-0.19507438659229104	0.23971113671779457	0.2158219528150858	
0.2710740123421499	-0.048633373073184404	-0.07062317203327091	-0.18000452099217581	0.205713940410764	
0.29592600996490603	0.24104276178491513	-0.1569041758675074	-0.2779753734625215	-0.2982795726656965	
-0.5488058757433547	-0.45975067360574223	-0.5747454513077386	0.061563455166770184	0.002448027938999978	
-0.03602873203085453	-0.2380950951045138	-0.36738695577176805	-0.49779412420944563	0.01570566883717359	
-0.09773592539224478	-0.030459397658968	0.26564234494582856	0.14842994402703144	0.24285127813215876	
-0.9729539568480136	-1.1447643952694335	-1.0897413328231182	-0.8951596128532472	-0.842114018724268	
-1.1329570477815114	-0.06058948945654325	0.030467300896304225	0.0020820217369553955	0.10724684420408617	
0.18530881268559646	0.22416721975891166	-0.25201982068634304	-0.33516615792464005	-0.48226712576593406	
-0.35652040259126855	-0.39136876251668373	-0.40754169173732663	0.2260342677848544	0.3148452205178941	
0.2758847555465138	-0.20117763604059846	-0.09467497688318928	-0.25961944729856834	-0.9987232177005274	
-0.8813300040317398	-0.8597858143556275	-0.18229862461528065	-0.4048113021510711	-0.26157961854749345	
0.010358589430560882	0.14871134719199577	0.07299014594653161	-0.31435940638657434	-0.352583370621635	
-0.43859503385196313	0.08573153766695593	0.04419628811589626	0.07745172400040111	-0.11025635586971723	
-0.12086674349228532	-0.123803557213112	0.03786431680674887	0.02758597437074871	-0.07859574507416207	
-0.009042597466721121	0.15852968830069397	0.09461885879667932	0.2491438477855651	0.25524609305923746	
0.3705583944405652	0.01942298214130314	0.09619433666951777	0.1889092890691008	0.00570972559149392	
-0.17479062303321405	-0.16946191383270703	0.03302630633046163	0.05843377858026239	-0.05617270269007855	
-0.31616150295895684	-0.30578101544273684	-0.22575276642710404	0.05935642774796387	0.055572558078277656	
0.024670669773963618	0.21576359666517178	0.10456638718033871	0.06058309955792753	-0.1563658359161199	
-0.15434455166516992	-0.2365164452603632	-0.10619094325598405	-0.1454604195168821	-0.08690012876127731	
0.07230072240848016	-0.05170072766512307	0.07371684018816088	-0.13185728979105657	-0.09039998934094262	
-0.02905615382889721	-0.08605910554684613	-0.019411856675452265	-0.05733368564228114	-0.022443759213615435	
-0.18113158266808582	-0.2664317681980099	-0.10542398158644271	-0.10525480462026407	-0.017444957522159223	
0.09353320549200833	-0.054468966036135026	-0.021299454258951158	0.07823148577523419	0.12725611527576264	
0.10190392735524674	-0.03305761363880207	0.090111175088826	0.02942003877778118	-0.04386135328208171	
-0.025093771626096602	-0.009614228497643257	-0.078386436326522	-0.09301581161830619	-0.08684080353868787	
-0.13046946445296784	-0.1018804636314712	-0.24968475384434374	-0.17611427693233503	-0.12928462024620654	
-0.11954135291819967	-0.13162391063549148	-0.03489698774934791	-0.04354497358597832	-0.2260936960101233	
-0.23117852067908165	-0.18064282911843138	-0.1822247042173832	-0.0467708503888465	-0.13875614811993064	
0.025136223317620353	-0.05796741771705568	-0.011280933863778595	-0.12659984924199735	-0.1915065382517134	
-0.2971110518042857	-0.06890856754257123	-0.02828111751954965	-0.11327455902913712	-0.0422700270745379	
-0.014792229973240863	-0.11214314251591939	-0.038551462558833606	-0.16458219954368028	-0.07794047551856782	
-0.2736515960391997	-0.2342884978411754	-0.3389701514695983	-0.0926978217717042	-0.009833747884032438	
-0.06891538251961647	-0.00028578666105786676	0.09982074217979912	0.17357155956713785	0.16564147699826734	
-0.06375339393392242	0.1625482944086298	-0.22258123288542284	0.09432566768780232	-0.00031965516255917794	
-0.03266969995633187	-0.10652613927480482	-0.09723358591868905	-0.15381481516755285	-0.10965325899803006	
-0.0584536336770324	-0.07654199048269991	-0.20316509603365676	-0.24380140308376508	0.08614724402042223	
-0.0365010608374448	0.000629208412837674	-0.029121654114564292	-0.027039333340343145	-0.015175589179189455	
-0.061136546657291825	-0.11425522709263082	-0.04473282932995087	-0.040011266490989586	0.03633183222470291	
-0.01080206265677002	-0.014663622614505432	0.035261680201159426	0.03678789637907053	-0.12659545304139486	
-0.14748415750359667	-0.20314130174807413	0.06476762228024213	-0.12512006101191117	-0.10124854876072402	
0.029502932378189652	-0.1063557496119983	-0.08616242891197004	0.08394524596081142	0.08015989568260422	
0.026890133054572232	-0.11161536515699935	-0.1797716278975588	-0.19540313274575746	-0.08683340682659241	
-0.1458094789106727	-0.1654931513621701	-0.1077784912974881	0.10303648888097947	-0.06313812385122562	
0.12239263952885243	0.066137249440967	0.06206814108906462	0.11481707262677061	-0.05765108978336828	
0.0077579965937755605	-0.167206327631275	-0.2821199226471296	-0.25464103675515515	-0.19284673389494117	
-0.19335450530120746	-0.2168482046239572	-0.1259887923825248	0.09806475918168135	0.16251106467167584	
0.08582204489392777	0.09209375433751348	-0.00047780281090799775	0.07917626766251248	0.11260057188032142	
0.024907110183332422	0.042380583710930696	-0.08297467638098067	-0.08216653597392048	0.026078964647613005	
-0.0929573146038519	-0.20511509503223482	-0.1358501188056824	-0.12529420294496577	-0.12851505670174315	
-0.18111191755210904	0.02232096708686189	-0.10604045925611408	0.23599236548004734	0.22077470579774414	
0.1056519063658188	-0.10053286459753628	0.05329659869362842	0.024641885456288093	-0.1289648264241375	
-0.09592611567981141	-0.1661964149179038	0.023476886429820498	-0.11977610761022235	-0.23060317347895873	
0.029474216597061172	-0.0418152185591878	-0.042338826390411186	-0.025982327729785176	-0.20231160269022874	
-0.06087375154369087	-0.13669415520465347	-0.2222245878878406	-0.2393785198773063	0.018414777903742748	
-0.08378998460898852	-0.05602955184142301	-0.14509757207042848	-0.05671107720670153	-0.026973932088201723	
-0.21427189582681228	-0.3690423856181456	-0.2173702997267346	0.11005706174658264	0.2390518944893034	
0.17026470641019753	0.06839247432840245	-0.04349509336532388	-0.03528634169664922	-0.08699582789756578	
-0.12239789524785702	-0.1915658568884146	0.07348983065987115	0.05348332644297594	-0.010029880859455569	
-0.1449326756537029	-0.0348409204966315	-0.11090446751421833	-0.12397461797922588	-0.26466152727588305	
-0.2469880663256479	-0.1445169922881081	-0.14484723046508385	-0.30333988318989463	-0.1888311100201666	
-0.23617249574871454	-0.14637429753820014	0.018322703489741975	-0.06247314767910054	0.03847352342253711	
-0.4426700563043539	-0.27298946560917087	-0.3862356234525015	0.08288175458265279	0.2906014241682635	
0.3606723258480081	-0.20553720625444127	-0.09349200871440633	-0.14029978882790248	-0.16918267152169367	
-0.12331732016793402	-0.17245690942503034	-0.055351342116156325	0.08724204111182109	0.039399229529843295	
0.11198919885986468	-0.10830880662857124	-0.07768216119094254	-0.18441730152974278	-0.1760872418783376	
-0.22333787465474764	-0.3101602619387131	-0.20150494114048903	-0.30108257234256375	0.09450477198607694	
-0.005751160007893636	0.07510082733882635	0.06600139095741135	0.10515130636516332	0.07545446951392043	
0.024519777219257983	-0.0769109053117803	-0.054007453601767216	-0.10797262573505646	-0.08434398635212402	
-0.12827540042093696	-0.027549803734548375	-0.014785893566516415	-0.03379130995763441	-0.029491603821515708	
-0.19704454591677822	-0.18496006586124822	-0.05714704384802321	-0.16288073338597833	-0.13292291464606087	
0.054026519643426675	0.07016549592551732	-0.05616533502592476	-0.03433544530909585	-0.1984606504512681	
-0.08857084842810177	0.11706710534345455	0.05061130890878952	-0.013074243667233408	0.09537632160442423	
0.04723785336775053	0.02142415800654178	-0.07657945852042779	-0.16249935506191365	-0.14760133929733824	
-0.45757137208038706	-0.3180085879731545	-0.3171918622100392	-0.0019335699863563909	-0.14119173808416893	
-0.10396350876946106	-0.02891670842210923	-0.10950842687634743	-0.13451398442098209	-0.41829809318400046	
-0.18297513060404594	-0.1465219150571009	-0.04811560574452104	-0.017078685001481204	0.10910869721065253	
0.03129495161555203	0.0788872851520205	-0.02428010875076881	0.06734462693920748	0.0022212952606596643	
0.1618545651694161	0.05893274027149117	0.11587608848252968	0.1363196386821094	0.0774753881799565	
-0.010346145567403675	0.10120070314694717	0.07939513397588964	-0.056630925196989784	0.07864685636394325	
-0.1611573662374832	-0.08148188903236564	-0.1575351109498284	-0.11890766225565402	-0.20090703464064044	
-0.18411969945755463	-0.18667985949965998	-0.278590789280635	-0.1800826960437633	-0.13041405730763406	
-0.13432818974153155	-0.06437938537349346	-0.0389867440432706	-0.13275948760144135	-0.10697103659682487	
0.03190693483339102	0.025903880257559665	-0.0022692693932468244	0.23655276695054253	0.07510283287853514	
0.059547244062104335	-0.1422813062622849	-0.1083165483350151	-0.1324631995905511	-0.38391670718118187	
-0.504838392475236	-0.4563521572124818	-0.23901579418805038	-0.21247158184082088	-0.31782972669724	
0.06301395610224148	-0.020508197243495094	-0.060533797576013335	-0.08184261750674297	0.0062591900205227645	
-0.024529471181987544	-0.07152123738196176	-0.17919866105149995	-0.10134282021848101	-0.10460314472694573	
-0.22069797158992271	-0.29525328566137377	-0.0030068161529025433	-0.05756763058026367	-0.1280722819892234	
-0.22007357112049158	-0.23158184578074728	-0.26265789911340254	-0.028739660425029796	-0.06886244285213074	
0.04132797856189556	-0.3801284594639615	-0.07475789511908823	-0.14671292683988585	-1.1265023827455165	
-1.304262621146506	-1.4453659450634966	-0.2872745472971545	-0.45699859445089624	-0.4178869243458384	
0.22280608042749667	0.3338548123330696	0.28889648226969117	-1.315990609379338	-1.2888486444081937	
-1.4545849714031207	1.485940248734813	
