TESTRUNID EPOCH: 99 L_PCC: 0.8469245729483795 L_ERR: 0.01026470083998617 T_PCC: 0.7612944956329785 T_ERR: 0.015545617121646172
180 LAYER: 1
2 LAYER: 2
1 LAYER: 3
99 :ILEARN
0.12727857014261298	0.6190949593207705	0.0033184639725896132	0.4911013350501918	-0.18195244959336426	
-0.23706141077564244	0.0952577410305474	-0.21403363280926324	-0.08620755166683405	-0.1063509698569674	
0.0033216824659073915	-0.1875459627435898	-0.2861585062175458	-0.8568497259189424	0.29107372944426174	
1.114240494589989	-0.07268049669742378	-0.3745221838978609	-0.0319999474208376	0.20694810995268292	
-0.05663858920916503	0.3710398724201921	0.18705538787824114	1.0550573099244398	-0.29863561203072136	
-0.7409665654920543	-0.41561562160819104	-0.4144499532429633	0.37519620533441383	1.4036480007589347	
-0.0824355698555851	-0.06396038772020352	-0.08981182096575045	-0.5101306353866261	-0.14470690992591634	
-0.7860221177954874	-0.1770505457752048	-0.0532579592260362	0.09444525876201385	0.8816945251349428	
-0.23023739273230828	-0.11190601638034393	-0.0026745484666391706	0.14106002833913625	-0.02038321657318931	
0.6981172711969413	0.11066434114251465	0.10190118070183542	-0.07506320475884751	-0.20202002355135842	
0.23629485978185444	0.7843340692256996	-0.05767437679998819	-0.04689066812555476	-0.061268569455220884	
-0.3143278364310211	0.014823521098402612	-0.07065428501883797	0.12539570472221706	-0.2423558006849797	
-0.3975102401858093	0.5032496495604575	0.03888003154554903	-0.01716414609461947	-0.07836720638731122	
0.4791204155298456	0.13668631268423362	0.2814625095891172	0.34526048852951535	0.594778616281282	
0.1217115141351667	-0.030020512782771132	-0.29865189718561663	-0.7573651524609132	-0.020464632602893287	
-0.06692916057661344	0.10331347093959431	0.004401433044054651	-0.14274848791173658	-0.6139470296790931	
-0.31573947301652544	-0.6857462249001957	0.21028588924872105	0.7177573247497596	0.051893853907212836	
-0.061031636808700274	0.08631192842773057	0.8125919364043797	0.07836657510580455	0.13582923472320396	
0.20563252463952575	0.21405194043912493	0.20840724561023063	0.672020586722428	0.18069899234212974	
0.6427003257983174	0.03606725879485754	0.12111938777630935	-0.22964146634206928	-0.4063071215127522	
0.2501518502334179	0.4196657687688259	0.3450075293308473	0.6073391410597957	-0.20464803061847534	
-0.6199080213032512	-0.32020740949571125	-0.458887703579566	0.0734504956453129	-0.12083592286051052	
-0.2932416209484746	-0.15326003551620893	-0.11475033275616589	0.004653974116503468	-0.037343369690833975	
0.17648501537750985	-0.09233851666932451	-0.04447738912595994	-0.2083205061299747	-0.14309392685508937	
-0.11861959189015388	-0.21716806381437664	0.11147903677130093	0.3257329462537093	0.24302255422098845	
0.2679349535702761	-0.11609844226396664	-0.11054241306741172	-0.27070677645601243	-0.33514252571191866	
0.2105851801156534	0.08851952127802581	-0.03424783392349905	0.05334912909553365	-0.25372086774832137	
-0.11227711675549881	-0.009852969947786472	0.028726390003996606	0.04732561068478604	0.3288901948510405	
-0.031345120748480414	0.078549554788182	0.1162420178123251	0.2751311987487399	0.055661593050474564	
0.10165186562019658	-0.10179055736297034	-0.1024993659157467	-0.13095745081820234	-0.193705479226254	
-0.048652044361342024	0.2288054673873847	0.10141225168650495	0.11091294826380005	-0.008689275313234365	
0.05455049352515194	-0.12439920375408985	-0.034818758585370646	-0.052937913741261194	0.2421066922390177	
-0.2551039970962582	0.09127943368956987	0.17149723590960703	0.2993212524640959	0.1962636365167432	
0.09854167270702713	-0.05505977877046285	0.42339202744373555	-0.04419037454541074	-0.2827483176226066	
-0.05883305115274763	0.16790150398025164	0.07646149554834648	0.5211878709903465	0.05730659536155787	
0.17590953012941765	0.1354207589108354	0.18018911026331144	-0.3482930218213751	-0.5826432328461936	
0.01976791394018474	0.014419371483672314	0.22734700601705957	0.4286368761764238	-0.041494308833376195	
0.06401362271819332	-0.15379046629780013	-0.1742366963251976	-0.0035454212182858586	-0.032092589491410944	
0.042567267570135826	0.11884192226227938	-0.09427562975663473	0.37692137453038677	-0.07313467607688198	
-0.014961129794305512	-0.11629065269082574	0.037735486430919236	-0.08548910281191865	-0.4283506220440561	
-0.014496460461895646	0.3346963205696054	0.14756677626408035	-0.0014621398748422979	-0.13974591771499628	
0.042696793793118214	-0.07653621503572162	0.21140925706365493	0.13971999475965927	0.14480123199795733	
-0.032541712880464736	0.21544050523389063	0.15186131495520538	0.8582901351954421	-0.000468977460012074	
0.6640178155853997	-0.05823757627084403	-0.11860196524116864	0.09614447343625336	-0.1556209402660242	
0.12683413444187977	0.029753376685103153	0.15350733621341686	0.33519236701482913	-0.10341245913351595	
-0.4306967694997238	-0.4201366579791337	-0.33638729562207503	0.06750915582583317	0.1891128701286099	
-0.12159549618535187	0.044941726469137896	-0.050590893963727526	-0.3505617571967025	0.03386772829431275	
0.012279711297805404	0.03564074479034412	-0.039967184882037404	-0.1695404894014899	0.16668369094643076	
-0.09721277231856705	-0.06083259277247977	0.33300028334754084	0.7310128685144344	0.05994233151296204	
-0.045271551986608	-0.06573649543470556	0.13823968516892893	-0.033944202384333315	0.10848727275344149	
-0.09942057033621432	-0.04908712294064963	-0.0758832993510347	-0.12633130142674093	0.07011668305540232	
-0.0008156158596204538	-0.09217698166064946	-0.19076352164693697	-0.002116163990297737	0.02792406459389037	
0.15040049764859806	0.5752203121295887	0.34338055135909745	0.9756464872552246	0.030233142123099153	
-0.23686151353138923	-0.26505239786745655	-0.4246857088750082	0.16238972099169713	0.7424160206949781	
0.025493442569356806	-0.10868897960490281	-0.13646175838675142	0.10954438036851108	0.006570929719994801	
-0.23468939604466713	-0.20324449169356396	-0.30932193775146005	-0.22450375020876195	0.1956547159102835	
-0.2763743741239265	-0.08363604536736238	0.1355637316917244	-0.1448879310422757	-0.03614544775060528	
0.15455295294444524	0.31591541990493055	0.7344022326116136	0.16099076161259993	0.17632879929289494	
0.009037742886942996	0.2875364850761162	-0.0683184402435759	-0.11347665944376185	-0.17600685710299638	
-0.07364016883845928	0.12269557011236255	0.22858992010846352	0.07673539264630812	0.6125602853259842	
-0.10370973714203974	-0.003957202993930689	0.11034308623103822	0.25015412060048253	0.03869598637902288	
0.11044895287718846	0.0004916218066368522	-0.46575504375938415	-0.13926628278937073	-0.5480292221147249	
-0.11990732683665423	-0.11481777216729336	0.10219197053471565	0.18375654296646673	-0.07912147944992841	
0.07043800448543483	-0.09827952885525904	-0.19409078442715208	-0.00757046538319355	0.2995959294153937	
-0.4073288727203618	-0.41654448230539626	0.30196213243007475	0.6893529204551743	0.00317140339370596	
-0.004571802590043528	-0.06946567118136736	0.024361246348083093	0.19981482341249293	0.7665394540110031	
-0.07109089197506804	0.05030556342704878	-0.05559017204001546	0.0038703648732066054	0.05705920564432379	
-0.09553391440163878	-0.03512750805476271	0.07458447528002221	-0.23531181540701931	-1.0403911582665566	
-0.1465589487165056	-0.9717367728315217	0.783777880464095	1.7897466208789912	-0.09628006758581065	
-0.2164535349547237	0.26320928462778354	0.6803092253201383	0.0599230523472056	-0.09308575602567315	
0.00428197678765523	-0.12369256909559144	-0.08949346154814704	0.024178841722559036	0.20822009677256134	
0.6552810816148825	0.49379351650133657	1.03123629290794	-1.1828116236538744	-1.2840538837030329	
-0.1976931674822542	1.2628911567846732	-1.8018888284562284	-4.8258087639011435	2.8745595425734067	
