TESTRUNID EPOCH: 45 L_PCC: 0.9223927302446758 L_ERR: 0.0006539140150142086 T_PCC: 0.6262506128002545 T_ERR: 0.003003981023784119
180 LAYER: 1
5 LAYER: 2
1 LAYER: 3
45 :ILEARN
0.21195873678941046	0.06727263413070954	0.10595238528156709	0.24387148139993187	0.24025260913510077	
-0.1285543444363356	-0.025660619404467202	-0.05488206093150861	-0.10040697122645052	-0.05976371481909848	
-0.27960048910947827	0.11758071149925726	-0.32367263145590475	-0.21413404623345664	-0.43365266242407785	
-0.07448776986299159	0.06491400335228163	-0.10225834296470136	-0.16362219014100104	-0.17261745874107548	
-0.013243334710169676	0.08363300542054887	-0.11481975672970889	-0.046377880889286974	-0.0075706979318268496	
0.022336988125812255	-0.035228996874752776	-0.14211473143682088	-0.1165272793744111	0.001981489569670953	
-0.16606679555507803	0.060267193383540876	0.002169156000313214	-0.08509338659756467	-0.045110324006612336	
0.11437594931079337	0.06231077511850675	0.23362584642039927	0.14073454421635187	0.2881390602310003	
0.06269727873971694	0.025561580283581443	-0.03606409940787303	-0.004149283987382682	-0.09968094387602791	
-0.13859388943783826	-0.0010844077001471147	-0.19768196760750062	-0.2246469237830697	-0.3128187288256564	
-0.21098773109545033	-0.04440097968886209	-0.17903725967374737	-0.20478466889703278	-0.1634744093042835	
-0.14514990504345324	0.09735480908569168	-0.12936057797697906	-0.03193267617094935	-0.02080417541141799	
-0.13114010807933144	-0.08267586886128703	-0.016238527661056806	-0.09873618568360622	-0.18086279521842666	
-0.3075863094366822	-0.10529439332615932	-0.28605171285188336	-0.34074397879378265	-0.3820221592763744	
0.18769287926874476	-0.04935399013139942	0.04210205724353423	0.21246395026920203	0.14374627252964664	
0.07033642503628398	0.13108684917467991	0.09940241257693178	0.2424537610900713	0.2701532027794772	
0.22603103813276354	0.025494629773358656	0.19674669345123463	0.1561322699836955	0.17934179224833163	
-0.09117597099320347	-0.0949737694470384	-0.02744986353382068	-0.1797342675225805	-0.25466193776119095	
-0.1271873324272815	-0.05688645781760598	-0.026258727516033527	-0.09624034358102333	-0.08250167643034362	
-0.019514257186503306	0.004342617076667461	0.020634856824031402	-0.09086975689433412	0.0015114963262474106	
-0.20331319146718932	0.03582593874623852	-0.07959025620443505	-0.22299012880944497	-0.1496596268606914	
-0.1736272691738704	-0.007248013162378718	-0.0993520799989536	-0.13816828092464967	-0.14338084331562553	
-0.04907867007535131	-0.04903436618703235	0.11366296618448331	0.09259352840745223	-0.00993327923352548	
0.07863238357035954	0.04260534405843558	0.10421314077856308	0.08000677440831581	-0.025075062094925146	
0.012802693078102991	-0.11032338885794783	0.025095380743898308	0.09612518115695563	0.271619155813361	
0.11613606003394683	0.0215304799950427	0.1816608523567097	0.07954284955100396	0.09628864474790251	
0.10213626907582754	0.0836664372184924	0.09249849237745468	0.026761537502420735	0.18130841284772767	
-0.15628872768139276	0.035470441701617235	-0.09400194645190278	-0.0899790680646265	-0.11997655063877016	
0.031437426328648446	-0.038200692755249205	-0.02631001659701529	-0.007634657746215869	-0.05066423815095525	
-0.11320136488817394	-0.07444869680930605	0.015885850269546236	-0.027048431053369883	-0.11305204062590746	
-0.2799258029403332	0.10540853953930301	-0.15989174383133178	-0.28190657096412786	-0.29998319287962877	
0.0014336793783166924	-0.029145155498242058	-0.027600308866386102	0.06690048823063624	0.01024948158156544	
-0.11451779941761295	0.0020512952223190554	-0.00881296123336181	0.019532003922238455	-0.14778282535847645	
-0.10436910101999995	-0.08006756699267724	-0.010252387384139982	0.014509043650616638	0.015271099731142894	
-0.1650263482293278	-0.04095372663603731	-0.15581103999290458	-0.2565675545868457	-0.3196634107100986	
0.27224006698586256	0.05077544239072505	0.19407980807011574	0.21503732079986712	0.3363068602373739	
0.2200257327574689	-0.03926570802871963	0.24598373360617745	0.17604610816536712	0.2842100848560141	
0.0009429547403511523	-0.061397557703986666	-0.028754739959737128	-0.06683125395415768	-0.008236054039090007	
0.1082318695589919	-0.0721610869728881	0.2070877815843377	0.25965220276389767	0.3105102324750446	
0.12388495916129692	-0.10642898627412985	-0.006892525060217296	0.08522897801005334	0.19579939588021197	
-0.08632179264088867	0.013736558378114133	-0.08301980113045299	-0.2088957559463437	-0.3041682277792974	
-0.3846193260968076	-0.10077734390537041	-0.3559961469177459	-0.3442588983800833	-0.4365339386478374	
0.14613155959387122	0.07970371016685585	0.11261299136990097	0.15129486777371473	0.1883016154555477	
0.07200182204645669	-0.0068976155796245065	0.15304526722391879	0.18261358650684975	0.004991947859700939	
0.06366776573929858	-0.08660985609806246	0.07486529846266772	0.2122855223839525	0.16367968056892385	
-0.07618086685944606	-0.054772957262760893	-0.07511671092146278	-0.08755610082939365	-0.13732845575649139	
0.015623897622512222	-0.04246913952470387	0.09069680603687127	0.018866096275037693	0.05800155265202484	
-0.040004451812076666	-0.06763652315742072	-0.038381791896343734	-0.08549823161500678	-0.04174732640659043	
-0.023010207360857807	0.04535723142762066	0.03643883455029997	-0.03315836559595266	0.08329666665173288	
-0.15003365474706892	-0.06605159963606151	-0.17099320825809353	-0.21035629967185698	-0.17674540152326654	
-0.18508993262120754	0.07826219128985941	-0.09530792919268888	-0.037544906379275364	-0.1125394354199188	
-0.43078833838369757	-0.07827874422608504	-0.46087887174953573	-0.601278427446269	-0.6766292331007302	
0.0031837102229400147	0.03918304364036292	0.018245305768297543	-0.029364380007727092	0.016651213078363997	
0.051011342975235595	0.05285327999796355	0.07833223191666196	0.055590250832014125	0.13137169121294537	
-0.10024181477006038	-0.013273936262876436	-0.07830963473291058	-0.08069594020486699	-0.033712634355872365	
0.0917093208193784	-0.07084829070847178	0.03926820181010138	0.049764863576935985	0.14481924175899918	
0.17822264272402646	0.05140839129139923	0.1455762603597749	0.09113786165497798	0.11348461847803883	
-0.09613667023617811	-0.017869112690049538	-0.0891907351641066	-0.1713778679163734	-0.13704703447727087	
-0.08936965580143474	0.08704009447537453	-0.07307051414194186	-0.11966708692294538	-0.13239981554933802	
-0.22027907526375212	-0.02048750154127222	-0.19804247937489222	-0.10054971592029045	-0.26437231395563315	
0.007438611356189803	0.05996451817993368	-0.005932708270616203	-0.04826544074229421	-0.09635421716240082	
-0.26479592059465784	-0.09385210138414424	-0.3233972252986701	-0.34341137396384624	-0.5024649835491465	
0.20299672202949395	0.07907680912854106	0.047406998118444794	0.05751633946843992	0.11143945723591848	
0.17670976689729775	0.07562425258028911	0.09615137411388645	0.1496359960439022	0.32837843438031666	
-0.09259171692626086	-0.024079445069700955	-0.10654021909330982	-0.13003663539317842	-0.06776925636702782	
0.11290119880166902	-0.11352350723089318	0.12487204587577509	0.11093937840846486	0.10650231281235953	
0.07735115598538561	0.04339467119592569	0.08765891581374267	0.1350755142728204	0.19813893241862687	
-0.18724268900244018	-0.021383893443612332	-0.031722816488323896	-0.0499247607686407	-0.07830307791786584	
-0.009701308463843972	0.11419864043371017	-0.02897505962144477	-0.05884202255043653	-0.28544862555300793	
-0.02230236403160824	0.016591770104431552	0.0012937666900967358	0.03731924944974712	-0.1351827119250286	
-0.19354169989234962	0.03269218588640795	-0.25643926221152286	-0.322380534609709	-0.3609087896314231	
-0.32495816937249195	0.07047243662700772	-0.30471321093007303	-0.32916096223600916	-0.3748747795715776	
-0.05215592170953053	-0.12057062068649312	0.09248128846502035	0.0027890794448276	0.035062669342287134	
-0.12090296184969244	0.09491892551691591	-0.10420287653069742	-0.13896317801558994	-0.2593901823030836	
-0.05191877536738771	-0.048444429035364785	-0.09706711926207015	0.02673084642371478	-0.029201140246660248	
-0.04129864362176575	0.05359719450574002	0.00978626455004496	0.04115238624358913	-0.02837833229267857	
-0.014201184837998126	-0.022921665396669275	0.0830717515863801	-0.031210112070838802	-0.013563391566311938	
-0.010445780167849314	0.005719974007300891	0.039859814230529964	-0.05117242705172545	0.03481358565803795	
-0.025960677047459396	0.040692071501724304	0.0006611760501588875	-0.05053045416921514	0.055634549120493905	
0.07023403682328035	-0.064846991977405	0.07397752956258023	0.03615207388315899	0.039629720183274805	
0.1501125729448338	0.07116420903302481	-0.036549002039141465	0.0718655128280453	0.04632338232404859	
-0.41390456090798716	-0.05933771542103784	-0.49430718163050247	-0.5376218774972181	-0.6224565829779731	
-0.05796135867545431	0.00864005617839846	0.06005577135541445	0.05939151960894254	0.05421116155768337	
0.10013538428080457	0.06745307227191712	0.10579323960424754	0.23637925997385095	0.21438991245313885	
-0.1372331690047666	-0.13107100782119618	-0.15402138524927117	-0.19706918385326896	-0.12051773480793233	
-0.09745524187120563	-0.1151156418330878	0.043816935663843364	0.0005095725383862542	0.0549978464772283	
0.07663513185816088	-0.03546810374300932	0.0922372916962559	0.12355193673597137	0.1948975827946768	
-0.0018599777904339564	0.1499389896774166	-0.1028350754643097	0.049998402777051094	-0.06057644450701509	
-0.04207163584585108	-0.11360604898967151	-0.046060188421547514	-0.142536359181591	0.003935102082893363	
-0.020939056165489044	0.03228535645768379	-0.0261005276076255	-0.25398546601792926	-0.27125995528113	
-0.09546933371740296	-0.02272468724888453	0.04866952956886432	0.03154783474285925	-0.03967190755436809	
-0.11778010037517957	0.05210000108134765	-0.14686929284216155	-0.16763609458117362	-0.26135192887080405	
-0.13321075813107913	0.03328541788788879	-0.12962873455983068	-0.14182808481490558	-0.04921609674107503	
-0.06357988921318605	0.05458973904123204	-0.047528013950952124	-0.04232379178207582	-0.10201718001132683	
0.013411112580825156	0.019206885335092967	-0.09323151623032679	-0.09029696294643902	-0.02213986706769649	
0.1006983827767326	0.013599239992556184	0.2840333586931146	0.15808101748176323	0.287277310098578	
-0.040120961830509304	0.06659441581797602	0.016683031805507256	0.04415825907715098	-0.021389196899334037	
0.047556084543712906	-0.07315899534063938	-0.029817075439228753	0.011050968001057062	0.025147442662154094	
-0.05584260202886171	0.06313923180424097	-0.03487469648314471	-0.10863354945855232	-0.11838237290374845	
-0.045527183978728715	0.0691241481196071	-0.06385673027688359	-0.12486075042343647	-0.2840172788073111	
-0.07796362586129789	-0.04646837301747113	-0.013344073797694412	-0.04781317756398305	0.007978982855528961	
-0.25906570098213194	0.03197674949647625	-0.31432844826122036	-0.3362454256482742	-0.5018858717438038	
0.02179553051140825	-0.0021489331982385727	-0.050015221015754424	-0.033040849820420444	0.03576545876419698	
0.06962817635082268	0.020096879368198803	0.03833519852443407	0.12679358089260087	0.2501455802364479	
0.2606225577571008	-0.01803941261499695	0.37166973587318886	0.38269152010121466	0.3700264818987851	
0.04357953495288648	-0.09624940554366392	0.05690904354955202	0.1496474072679909	0.19155627160184083	
0.20209429830911857	-0.06661776462001816	0.20216596213708463	0.1688950000050377	0.2504663847615801	
-0.21812784243979305	0.020683841848728998	-0.16365437973111488	-0.3089388474641619	-0.3958177537019888	
-0.3168947614581853	0.1060469009167181	-0.3499687183180873	-0.4129827770146334	-0.5818422014129221	
-0.14225661530263814	0.0408534545253914	-0.11083540533577156	0.020535732321847185	-0.10190160311664426	
-0.2339223703839122	-0.011882949735113701	-0.19644199029316434	-0.28349860606878846	-0.3464740903248129	
-0.12904986029663482	0.008157546605546828	-0.05250574439456931	-0.09598517003186405	-0.25374289923651866	
-0.1489231542217206	-0.025880036198793623	-0.026964598430631027	-0.18026956391226712	-0.02311072303245883	
-0.06586138504049427	-0.033575776779115066	-0.09755324044136063	-0.13889063549532926	-0.265045729717675	
0.09359333780437312	0.0974744412905433	0.166456642052636	0.15212188214999722	0.21738551857643762	
-0.020644519236885126	-0.006154179609344351	0.005720062942667955	-0.0014460427336438113	-0.09218414213022871	
-0.012970356132963427	-0.026421038315633427	-0.021081577731639774	-0.15788034102359708	-0.06304111609612448	
0.039347471384532845	0.005306759401765213	0.011377313512625546	0.03783949827626864	0.1567340210291673	
0.04261568880226328	0.008293061783102759	0.07901024602619378	0.014489757971032254	0.027375251188496128	
-0.10514466338890277	-0.07507498309471879	-0.08397213078191784	-0.1721332378654826	-0.13284278566535188	
-0.044106280461051785	0.04527152518686405	-0.15017765408731054	-0.1302899537299365	-0.14787771530219562	
0.05166929536510684	0.0006206242759305123	-0.0238636600816113	-0.08064096636267996	0.030309687260422713	
-0.06944460604057412	0.034207291774188076	0.012092059660744971	-0.10077084974847363	-0.14325089572827557	
0.07927846815066093	-0.08895513808999551	-0.06477042159812893	-0.07476519897940462	-0.07988265268678156	
-0.27070262301539944	0.03874543308905705	-0.23886942763653268	-0.18369130233347805	-0.2083411213935995	
-0.060544159596294216	-0.04754059620361619	0.023103782212279808	0.036485299576377896	0.01696257850403953	
-0.24215125203749327	0.041560180025032076	-0.1296977058603346	-0.26594407123611313	-0.23501581328979285	
-0.004012403087059	0.06804678787297376	0.03975238254407099	0.0756962033173417	0.08626989318320316	
-0.1439473384609133	0.0166896828497641	-0.10662601240259656	-0.10995473962900737	-0.14036938778377925	
-0.2053030200747633	-0.04793755011079891	-0.18651989744584302	-0.12644952069883855	-0.22656310341175884	
-0.1056422055881857	-0.07079678432112252	-0.005620544995363736	-0.1380449695700817	0.0031078613899712068	
-0.2124107832463607	0.005162301602741321	-0.24478247144845267	-0.11951902705270684	-0.28469785153336613	
-0.020844228268562342	0.03207825363184047	-0.08110830235254805	-0.003647057602631275	-0.09405639771320926	
-0.08830696771621539	0.05334641824834338	-0.21402573014801615	-0.10087539669856954	-0.2749280321322887	
0.05243603413339322	-0.002581478525595435	-0.06662878775155145	0.008473366051586656	-0.02102537649301035	
0.07086492657086041	-0.08062098818133057	-0.13161482707247465	0.04295123928224717	0.02221082789963401	
0.01842972884093126	-0.014022259784161006	0.015571574917041435	0.025028558521690388	-0.06593526658696307	
-0.053083694426434	0.03818169803807773	-0.08485362053442658	-0.13260400015513876	-0.06551153969828866	
-0.17157612848642553	0.02371432986374855	-0.008687209662833784	-0.15218118309147266	-0.17864111029643187	
-0.21534566609027467	-0.031115742431965777	-0.05816400896115779	-0.1469408120110944	-0.25566878057430575	
-0.46661794351718217	-0.061355287796278246	-0.33617878746059254	-0.5115595120264819	-0.5426733571242193	
-0.05095633649044773	0.063758837787738	-0.016331504571556545	-0.02843767609539463	0.031252423637780365	
-0.020370826388653257	-0.011363018007757736	0.02164568957265532	0.06113146976469621	0.15117251791305106	
-0.0027286537787756878	0.04446723814518965	0.0343153842018183	0.06490472061275505	-0.006725086904817193	
-0.07294371925663669	0.05886329471885905	-0.016253178682633568	-0.03615689326462461	-0.09274103368070906	
-0.04163757195743839	0.03911422272794094	-0.1042514260659638	-0.009474148124917285	0.09877443550359627	
-0.3291638013897972	-0.0282775868254812	-0.2281960554382704	-0.37242798201008354	-0.34471318633735204	
0.06224393715186087	0.1121725526362938	0.07494738224021436	0.11393873338931342	-0.005777035061667359	
0.20266477273643085	-0.09649291605589656	0.11210593457641112	0.25574634998760165	0.14518855731592867	
-0.1531698168816982	0.035881789994748156	-0.2612054001917561	-0.38896780358069494	-0.3824542355543032	
0.07883814160266679	-0.12283915072317476	0.14072384049625747	0.1295114851291874	0.030586722923832653	
-0.12930784367007617	-0.008730120225127957	-0.13130361898419554	-0.23155320187039274	-0.24556044616975722	
0.001898863607392827	0.049848501512758686	-0.00267556478177686	-0.056025180194390005	-0.05291312283212657	
-0.08548332670518263	0.0862482673238693	0.004746497922425163	0.08041900761648682	-0.026379766554054645	
-0.1607788029268393	-0.0014292066982665133	-0.13156991137989457	-0.25299468753096366	-0.20515773226786388	
-0.20153015336859284	-0.051136537323017546	-0.16377356152771363	-0.19865760903689572	-0.21328764037187498	
-0.0692283221428402	0.04868178944586505	-0.06342408525037632	0.022840648278305828	-0.05073031620599293	
-0.09565272293470371	0.08398423957476468	-0.0608759221147769	-0.09197993573072258	-0.00975639932332123	
-0.006500002434728361	0.006180832764309321	-0.014312625971219217	0.07819153493876647	-0.028935422396510948	
-0.3023353471172505	-0.06861311336391208	-0.36625106045628447	-0.4941135614017271	-0.5459109412908648	
-0.06709733039330021	-0.04886124923243107	-0.1380013243402528	-0.13351229064413106	-0.27798303410635467	
0.13249206526846763	0.041876775967770674	0.04743957811805694	0.10129525317939801	0.040372576796494454	
-0.035764194149191464	0.00848298891464996	0.1258634729638391	0.0023511870501384835	0.10754611539825731	
-0.027676952305729634	-0.012065573706849872	-0.03928863157950441	0.06315326786285744	0.07394608029971787	
-0.10894050378400918	-0.09105812394783351	-0.09214794000777532	-0.23979022250787285	-0.23543394808056703	
0.0042265335543676405	0.0391300790157731	-0.07704303429236246	0.058553613533587456	0.10872927731221205	
-0.06992689598335648	0.10440809804400362	-0.17481821906965497	-0.18338134328660555	-0.11408913524460593	
0.06229077185346872	-0.0692705801597893	-0.021218756261973552	-0.042788042851239515	-0.039411377582506776	
0.007214295449804684	0.024120221063775763	0.006368538673903847	0.15513759677813804	0.16746399202400106	
-0.07823184500667382	-0.11035779119766931	-0.10256947592533124	-0.084601070219541	-0.13703155089583396	
-0.3438722848843187	-0.05606007859981245	-0.31745305417499403	-0.5261910257232694	-0.5512308481713246	
0.23797503210247184	0.18141376684934446	0.1330880906623791	0.09666633846282886	0.25159809160787183	
-0.3231070044429143	-0.08155408611122834	-0.31713417361724006	-0.3575423796157426	-0.36459774423069075	
-0.2875482027029511	0.008458640154076859	-0.2414573899437067	-0.4654592124418618	-0.3809301272159741	
-0.04041974130897502	-0.08076025928711957	0.0282350823363674	-0.03851597183524301	0.07312954371127582	
-0.1767452445398656	-0.0014649894416103731	-0.19326429349835655	-0.10521980768088311	-0.1455191923208833	
-0.17920453141547146	-0.05488298518447525	-0.10813013802658714	-0.26912548916126877	-0.2315236573702229	
-0.06269994752309535	0.08264377858465773	-0.17471035974286744	-0.032814764919576765	-0.11087330279462225	
0.2626911481043533	-0.023554185704277465	0.2771060802436243	0.35738692330032634	0.49915905914065556	
-0.02486851214512264	-0.057105197237494146	0.03689488738975981	0.057081955954409284	-0.05192373427644392	
0.18950871379542095	0.10938573745214912	0.12778715042173092	0.37581272860662884	0.3445530563711587	
-0.7564056780495323	0.5225004186927578	-0.7484400499263429	-1.1293007374815003	-1.5623860980112507	
1.2181721651920239	
