            A        R        N        D        C        Q        E        G        H        I        L        K        M        F        P        S        T        W        Y        V
 1 A   0.0209   0.0802   0.0176  -0.0665   0.0205  -0.0816   0.0483  -0.0687    0.043  -0.0053  -0.0128   0.0431   0.0708  -0.0475  -0.0433   0.0122   0.0939  -0.0183  -0.1434   0.0682
 2 A  -0.0176   0.0134   -0.079  -0.0564  -0.0202   0.0495   0.0386  -0.0697   0.0226  -0.0361   0.0136  -0.0652   0.0394   0.1545  -0.0749   0.0062  -0.0202   0.0465   0.1985   -0.022
 3 A  -0.0692   0.0106   0.0123   -0.039   0.0182   -0.034  -0.0488    0.027  -0.0001   0.0229  -0.0269   0.0076  -0.0256   0.0376  -0.0682   0.0073   0.0171  -0.0774    0.021   0.0972
 4 A   -0.038  -0.0307   0.0274   0.0015  -0.0869  -0.0461  -0.0851  -0.1114  -0.0064  -0.0135   0.0111  -0.0253  -0.0063   0.0538  -0.0259   0.0103  -0.0055   0.0484   0.0522   0.0182
 5 A   0.0199    0.015   -0.062  -0.0845   0.0401   0.0314  -0.0232  -0.0839  -0.0338    0.021   0.0143  -0.0259  -0.0676    0.077  -0.0621  -0.0067   0.0099   0.0009  -0.0819  -0.1461
 6 A   0.0123  -0.0256    0.044  -0.0224  -0.0718  -0.0633   0.0101  -0.0034    0.004   0.1097   0.0117   0.0649  -0.0646   0.0518  -0.1695   0.0112   -0.054    0.051   0.0772  -0.0076
 7 A  -0.0819  -0.0122   0.1099   0.1195  -0.0329   0.0158  -0.0165  -0.0214  -0.0962   0.0711  -0.0441  -0.0571  -0.0785   0.1332   0.0042  -0.0289   -0.014   0.0272   0.0713  -0.0423
 8 A  -0.0778    0.025   0.0326  -0.0101   0.0136  -0.0812   0.0121   0.0647  -0.0026  -0.0639   0.0548   0.0539  -0.0455   0.0022  -0.0156  -0.0601   0.0249  -0.0242  -0.0281    0.018
 9 A  -0.0212   -0.113   0.0079  -0.0179  -0.0565  -0.0649  -0.0946  -0.1216  -0.0562   0.1626   0.0474   0.0857   0.0029    0.241   -0.048  -0.0577   0.0308   0.0935   0.0801  -0.0052
