            A        R        N        D        C        Q        E        G        H        I        L        K        M        F        P        S        T        W        Y        V
 1 A  -4.8632  -0.9205  -0.9541  -1.3463  -2.8207  -0.3514   1.2946  -5.2401   1.6218   0.8668  -0.1284  -2.0865   4.3161   2.5075   -999.9  -0.4936  -0.9173   3.6938   2.8101  -1.3587
 2 A  -0.0801  -4.4959   -999.9   -999.9   -2.571   0.9093  -3.2251  -3.0709  -2.2611   -2.289  -2.4137   -999.9   1.6033   -1.003   7.1372   0.3296  -0.7371   -999.9  -0.3645  -0.5462
 3 A   0.2273  -0.6168  -0.8829   0.5827   -2.318  -0.2092  -0.4175  -0.6884   -0.495   0.3663  -0.7308  -2.6326    0.131   1.2281  -0.3162   1.1836  -0.7022   2.9395   1.7659   0.1794
 4 A  -1.5453   0.2342   0.4762   0.0046   0.6957   0.2929   1.5579  -1.9637  -0.1619  -0.2596  -1.9892  -2.4837   0.3615   0.2047     2.76   0.6123   0.3488   1.6166  -0.4855   0.0578
 5 A   0.9852  -0.1626  -0.0389   0.1341  -0.9621  -0.0714  -1.1373  -0.1498  -1.4385  -0.1451   0.2364  -2.5617   1.3718  -0.2952   0.9986   1.0568  -1.0705   1.9914   0.0945   -0.468
 6 A  -0.6227   0.2461   0.5599   0.7331  -1.3626   2.2685    0.294   0.4457  -1.8575  -0.3262  -1.1974  -2.8677   0.9386   0.9506   0.2497   0.6787   0.0249   1.1631  -0.7716  -0.9847
 7 A  -0.1154  -2.3396   0.7282   0.0359  -2.7147    2.828  -0.1182  -1.0235   1.6525  -0.7539  -1.5772  -2.6798   1.4423   0.0342   0.6683   0.0332   0.0213   2.9465    0.813   0.4367
 8 A   1.7632  -0.3475  -2.1783  -1.6017  -1.5226   -2.675   0.0691  -0.9044  -1.6496   0.4314  -0.3191  -1.6712   1.2486  -0.9656   2.2116  -0.9361   2.0933  -1.0257   0.6887  -0.5356
 9 A  -1.5043   -999.9   -999.9   -999.9   -999.9  -3.3599  -4.1136  -5.0955  -0.3457   0.9757   1.8132   -999.9   3.5579   4.3409   -999.9  -4.0875  -4.1253   1.2952   5.6193  -1.2292
