TESTRUNID EPOCH: 28 L_PCC: 0.9515302159309517 L_ERR: 0.0015447831712184878 T_PCC: 0.7690816184893352 T_ERR: 0.007713392608850439
180 LAYER: 1
2 LAYER: 2
1 LAYER: 3
28 :ILEARN
-0.26070766808989343	-0.26840206474519185	0.14511937403920386	0.24724566011748467	-0.15818843275603495	
-0.18823657972897376	0.1725570324110641	0.2848908926963782	-0.020646505153866013	0.007763346800671395	
-0.06906766362658431	-0.02800289624062543	-0.12821508552020963	-0.010514478873155228	0.012925916863925524	
0.16825714797677954	0.1959927513002979	0.2717500473908986	-0.07192261228095326	-0.06037970218302424	
0.060148913735107334	0.0936523151438795	-0.03731516436815144	0.03846452313386281	0.07527783045920766	
0.07892133270076948	0.03764049256982689	0.052521946678078434	0.26097156918438885	0.485569622242517	
-0.36474648306395313	-0.31740840024493044	0.005787156127246569	-0.10294303684711757	-0.14368533800037298	
-0.2586286536821903	0.027678805570235523	0.05698565218314715	-0.09634234453116164	0.050028862988993505	
0.09777221778129894	0.04963313087596788	0.11936629145796424	0.2522421393291142	-0.0793547986844716	
-0.01042129476481897	0.12930811932020592	0.017117540630158797	0.012974671040951206	-0.007048714720218086	
-0.04116328162912742	0.09925277544734923	-1.3142079947008383	-1.4986792083068736	0.05515760439451661	
-0.020250325981719004	0.014823521098402612	-0.07065428501883797	0.24575346255430153	0.32157481089536033	
-0.09288844746643055	-0.03767860578326725	0.08450757236100614	0.03802311880772666	-0.0378271792926909	
0.06753771810023079	0.08328786861973951	0.06420126903213999	0.1324820699797806	0.07057786437437547	
0.32351030576195755	0.2253259107724695	0.0867677957865074	0.24483193101869324	0.02961028629501644	
-0.0067250044936553585	0.29162291980147037	0.21837971120662236	0.09669259384519631	0.10146649548319378	
-0.12125871156152587	-0.16755513160277524	0.05018848680546745	-0.030220331604431494	0.051037177358097624	
0.17641393005515907	0.18588104465422656	0.3254812947199625	0.03268829956368963	0.024339144041824357	
-0.07705080540932496	0.08989785174141426	-0.0100175733040119	0.01567792287742635	-0.15861723721541654	
-0.20373580538605096	0.08067590411245076	0.014735897334457168	-0.16394526980393623	-0.06791873438855392	
-0.012289971982507423	0.06196671010761149	0.21062381435509842	0.14147764701832266	0.08170703018395983	
0.024672023158360548	-0.18361958624642621	-0.017485646469056572	0.03817938350338479	0.0994645700902961	
0.08604453267524613	0.12004119833964567	0.13164492438166397	0.09164035220617396	-0.0867999654555875	
0.05109261052049327	0.136142801550286	0.18079572747876027	0.029038266258671355	-0.09625214154337824	
-0.0400471910215668	-0.04651407979872134	-0.09433870239584108	-0.050757786479390825	0.01147033464392819	
-0.07275963491967878	0.008512634520701685	0.06181319882533566	-0.07516533697601778	-0.044163264197772105	
0.09897891323330626	0.19393837879384762	-0.04614961229158031	-0.16206777559907487	0.17308623487837865	
0.08835837103318271	0.06142103912375582	-0.022427871187165646	-0.10009721615292884	-0.10239797864804805	
0.1349417973824217	0.07540903891146543	0.13279494588710608	0.21018831849554484	-0.09108962429104767	
-0.07850117417878143	-0.05212031545876443	0.04766064144197304	-0.1761194117643273	-0.32753816995172214	
-0.08560514406210265	0.09345526600005441	-0.06264970110056907	-0.1543574938432714	-0.22992725038313952	
-0.1801485662838554	-0.06091410377813625	0.01627178545465155	0.4669370328244093	0.5371088639016487	
-0.17723024539811183	-0.1400756833957251	-0.11393114510501028	-0.10100708687085623	0.14554206871466532	
0.14744664049838313	0.04252015615598199	0.16522473826229567	0.021265892330666072	0.013770287417296273	
-0.22961597698333916	-0.13501410955388607	0.1298816156012944	0.11017378722893029	0.13082129411945068	
0.19377787621280246	-0.11264698235863989	-0.1818427469324868	-0.07401150963917615	-0.012101897438610345	
0.1462653307724828	0.0816647692925055	0.25190264512144794	0.16121865210696387	-0.04793698028429181	
0.060950912748669095	-0.15038591620301742	-0.08570564242029252	-0.08463574147163914	-0.027627488046547063	
-0.008723915238652772	-0.035957249714303745	0.12290308780043963	0.15069744779985278	0.10611716896925788	
0.10416918117680285	-0.0972096854048806	-0.0531275827757159	-0.013550605991167058	0.07048609677151799	
-0.035164573378213056	-0.12749898861043985	0.08312126995325492	0.0283132417892675	-0.10035217143980803	
-0.09768224285453363	-0.15140421843817323	-0.20186560167708795	0.1838355044160283	0.20961321612424938	
-0.09177701271992193	-0.004873494606717936	0.12798059139736168	0.15441042473071226	-0.13133982453337603	
-0.06466480033828409	-0.13095912538299512	0.0410738725814978	0.17369541159011004	0.03806859815172368	
0.10379010156227943	0.17398461237653748	0.1368772040089749	0.32490742736403655	0.13748123683909558	
0.2813146519397894	-0.10959044771347001	-0.07745733300119303	-0.14980071201709474	-0.16063154458368148	
-0.00802394683663861	0.009269363204074649	-0.21598974252923803	-0.31781852899990287	-0.0019492954760144537	
0.019822061529175677	-0.016965946875029406	0.12349747379222849	0.352093626871972	0.4680977757087033	
-0.03695103938092541	0.07857774170503026	0.22935691005780276	0.20647326038211705	0.15992030013460587	
0.14494323444144028	-0.05554195649372693	0.02633091849078693	-0.050769299250618065	-0.004258738505074474	
-0.09991959502172852	0.09535182980621193	-0.02468393705084511	0.09475670767166453	-0.11930137757286215	
-0.08537203983851786	0.014942300941620454	0.025615239661470085	-0.11431165759058455	-0.0665709069776645	
-0.157838125773583	-0.1844648715075223	-0.004011149415794741	-0.02865974980353073	0.07289588601091998	
-0.03546380063265071	-0.010904523399818296	-0.025315416935336076	-0.15519011376643616	-0.1831939584898817	
0.02162856678849929	0.01255891823761807	0.3774516173027493	0.39179115334995956	0.04185384907820719	
-0.029486618033115107	0.07831009178186932	0.15832721077823206	0.10904707812133448	0.22871888636932008	
0.18993222946482133	0.21491394386949456	0.03254396247505245	-0.045958347594048446	0.13189563422029876	
0.30398210093434713	-0.2555658829993193	-0.2667317774010495	0.014497703438321269	0.04662850505750221	
-0.2564905749098236	-0.19674550492594103	0.1509875478796057	0.16985903686481582	0.13707168789309324	
0.10693502515645681	0.09621648616149131	0.06063620557115244	0.16539509030650426	0.019635684058360452	
-0.20488916637074595	-0.23961467020348073	0.3700597316420997	0.41487807310484737	0.014021346304770447	
0.09339523368257402	-0.11841256418265854	-0.14974723607986168	0.029530071810463035	-0.026540471906643746	
0.08326111069367015	0.08192710499031142	-0.048576341243560764	-0.07782173985119417	-0.061407453596177435	
-8.316586422278671e-05	0.10032117779445227	0.01760517047307351	-0.2122213258483575	-0.15721733916460642	
-0.13657132646234338	-0.10841643158923349	0.2702031686593657	0.3209509235021685	0.04284015989446979	
0.04528294664538524	0.21713674332080274	0.3912982891429739	0.28073624760245275	0.3748895054802236	
-0.17149128766095378	-0.08000816617190976	0.2593519732559825	0.40461358741403647	0.03901428906025148	
-0.11820545549130827	-0.09833705843805518	-0.006752940566288224	-0.18730323378266422	-0.302245108306323	
0.12776993209234086	0.15530872642191176	0.06528139952586828	0.07082308876730775	-0.4984554778026784	
-0.4975165085047613	-0.09525859556995014	-0.15944226043578696	0.3853280749192577	0.30345488037183005	
-0.28153589847849103	-0.37309640604435607	-0.048060321340329386	-0.04858614023557067	0.07550533425498214	
0.02846027800900254	-0.13072955439595899	-0.19774422267327307	0.26093889764922024	0.34449606215060785	
0.19251595932301593	0.2667535920064187	-2.1201286024112083	-2.574204011340056	1.0786578098386932	
