            A        R        N        D        C        Q        E        G        H        I        L        K        M        F        P        S        T        W        Y        V
 1 A   0.0286  -0.0248  -0.0131  -0.0472   0.0273  -0.0737  -0.0119  -0.0464  -0.0028   0.0005   0.1074  -0.0134   0.1522   0.1451  -0.0162  -0.0283  -0.0153   0.0304   0.0012  -0.0116
 2 A   0.0382      0.0  -0.0042  -0.0071      0.0   -0.002     -0.0     -0.0     -0.0   0.0127  -0.0389  -0.0099  -0.0057  -0.0072   0.2694  -0.0063   -0.008      0.0     -0.0   -0.043
 3 A  -0.0027   -0.015   0.0528  -0.0515   0.0232  -0.0596  -0.0761    0.006  -0.0007   0.0232   0.0079  -0.0345   0.0271   0.0428  -0.0021    0.007   0.0633   0.0685   0.0522   0.0563
 4 A   0.0336   0.0472   0.0042  -0.0166  -0.0112   0.0174   0.0167   0.0209  -0.0097   0.0064   0.0518  -0.0049   0.0133  -0.0454  -0.0067  -0.0082   0.0051   0.0533  -0.0085   0.0292
 5 A  -0.0083   0.0695  -0.0617  -0.0284   0.0207  -0.0408   -0.072   0.0354  -0.0079   0.0524   0.0544   0.0576   0.0306   0.0044   0.0216   0.0161   0.0344   0.0012  -0.0391    0.048
 6 A   0.0365   0.0197  -0.0183  -0.0157   0.0124  -0.0326   0.0025   0.0616   0.0227   -0.024   0.0212   0.0162  -0.0222   0.0709   0.0071   0.0333  -0.0351   0.0268  -0.0236   0.0288
 7 A   0.0225  -0.0291     0.07   0.0023  -0.0067  -0.0549    -0.01   0.0024  -0.0124  -0.0108  -0.0025   -0.006  -0.0247   0.0432   0.0574   0.0145  -0.0466   0.0721   0.0652   0.0423
 8 A   0.0643  -0.0226  -0.0334  -0.0189  -0.0106    0.035   0.0125   0.0153   0.0478   0.0352   0.0431   0.0112  -0.0028  -0.0326     0.07  -0.0023   0.0051   0.0062  -0.0339  -0.0005
 9 A   0.2057  -0.0076      0.0      0.0   0.0003     -0.0     -0.0     -0.0      0.0   0.1302  -0.0836  -0.0616  -0.0355  -0.0398      0.0      0.0   0.0702  -0.0309  -0.0524   0.0931
