            A        R        N        D        C        Q        E        G        H        I        L        K        M        F        P        S        T        W        Y        V
 1 A   0.0616   0.0823     0.02   0.0454   0.0462  -0.0473     0.04   0.0363   0.0043   0.0664   0.0041   0.0513   0.1171   0.0617   0.0282    0.038   0.0331   0.0578  -0.0227   0.0043
 2 A   0.1626   0.1516    0.194  -0.2715   0.1345   0.2377   0.3943   0.0979   0.1592   0.0425   0.1399  -0.1106   0.1002   0.2068   0.1516   0.1861   0.1674  -0.2956   0.1449   0.1819
 3 A   0.0474  -0.0252  -0.1697   0.0365   -0.015  -0.0103   0.0129   0.0052   0.1546   0.0446  -0.0904  -0.0532  -0.0558   0.0536   0.0141   0.0532   0.0622  -0.0646  -0.0238   0.0353
 4 A  -0.0237   0.0255  -0.0038   0.0655  -0.0846  -0.0345   0.0548   0.0495   -0.008  -0.0004   0.0345   0.0181  -0.1117   0.0275   0.0612  -0.0133   0.0572    0.095   0.0292   0.0372
 5 A   0.0867   0.0271   0.0714   0.0886   0.1117   0.1321   0.1503   0.0326   0.0601   0.0703   0.0707   0.0355   0.0804   0.1152   0.0763   0.0111   0.0229   0.0571    0.066   0.1148
 6 A  -0.0298   0.0113  -0.0307   0.0051  -0.0041  -0.0579  -0.0165  -0.0295  -0.0324   0.0083  -0.0207   0.0115  -0.0728   0.0778  -0.0677   0.0132   0.0139  -0.0213  -0.0236  -0.0322
 7 A  -0.0464   0.0064   0.0565   0.0006  -0.0007   0.0093   0.0206  -0.0257   0.0066   0.0531   0.0252  -0.0079  -0.0132   0.0274   0.1073   0.0095   0.0376  -0.0413  -0.0249  -0.0072
 8 A  -0.0911  -0.1227  -0.1796   -0.144  -0.2065  -0.1533  -0.1041   -0.162  -0.1992  -0.2097  -0.1015  -0.1219  -0.1676  -0.1953  -0.1483  -0.1239   -0.087  -0.0674  -0.1652  -0.1407
 9 A  -0.1109  -0.1044   0.1174   -0.225  -0.1915  -0.2524  -0.1841  -0.1817  -0.1069  -0.0805  -0.0237   -0.047  -0.1125  -0.0568  -0.2019  -0.2028  -0.1105  -0.1183  -0.1168  -0.0497
