            A        R        N        D        C        Q        E        G        H        I        L        K        M        F        P        S        T        W        Y        V
 1 A  -0.0392  -0.0172   0.0196  -0.0227  -0.0224  -0.0108  -0.0191  -0.0164  -0.0116  -0.0049   0.0193  -0.0268   0.0612   0.0261  -0.0233  -0.0175   0.0032  -0.0237  -0.0355  -0.0086
 2 A  -0.0001   0.0054  -0.0023  -0.0275  -0.0108  -0.0096  -0.0101  -0.0363  -0.0195  -0.0265  -0.0046  -0.0443  -0.0132   0.0272   0.2502  -0.0107  -0.0182  -0.0276  -0.0112   0.0014
 3 A   0.0075  -0.0215   -0.021  -0.0477   0.0157  -0.0113  -0.0184   0.0097   0.0329   0.0119  -0.0029  -0.0072  -0.0091  -0.0147  -0.0159   0.0302   0.0041  -0.0257  -0.0065   0.0277
 4 A  -0.0147   0.0106  -0.0021   0.0193  -0.0221  -0.0294   0.0074  -0.0232  -0.0248  -0.0062  -0.0126  -0.0186  -0.0231   0.0102   0.0072   0.0127  -0.0084   0.0038  -0.0081  -0.0177
 5 A  -0.0061  -0.0118  -0.0005  -0.0001    0.003    0.007  -0.0207  -0.0008  -0.0309  -0.0137   0.0029  -0.0222  -0.0074    0.015  -0.0064    0.018  -0.0027   -0.016  -0.0157  -0.0292
 6 A   0.0003   0.0017   -0.021   0.0037  -0.0274  -0.0235   0.0024   0.0075  -0.0132   0.0173   0.0225   0.0035  -0.0082   0.0047  -0.0257    0.008   0.0144  -0.0012   0.0049  -0.0124
 7 A  -0.0146  -0.0165   0.0066   0.0055   -0.016  -0.0003   0.0057  -0.0363  -0.0225   0.0061   0.0006  -0.0034   -0.015   0.0127  -0.0179   0.0138  -0.0006   0.0169   0.0109   0.0057
 8 A   0.0234   0.0098  -0.0268  -0.0269   -0.031  -0.0344    0.021   0.0015  -0.0204   0.0041     0.02   0.0194  -0.0055   -0.002  -0.0002   0.0058   0.0207  -0.0087   0.0172  -0.0035
 9 A  -0.0109  -0.0521   -0.013      0.0  -0.0193  -0.0127  -0.0303  -0.0379   -0.008   0.0886   0.0251  -0.0051   0.0058   0.0259  -0.0309  -0.0132  -0.0095   0.0143   0.0251  -0.0112
