TESTRUNID EPOCH: 36 L_PCC: 0.8101770816618196 L_ERR: 0.009343649159759116 T_PCC: 0.7164302268542142 T_ERR: 0.013365044307447992
180 LAYER: 1
5 LAYER: 2
1 LAYER: 3
36 :ILEARN
0.05544976370226427	0.1888581005518583	0.22277600220376187	0.09068079286209478	0.5474968706501478	
-0.0246934189193893	0.043357392663458214	0.18497230340462423	0.07389606066441762	0.4145149590034895	
-0.03899608478350122	0.00965488079131379	-0.1122628826869402	0.04215382475309331	-0.2044996514652265	
-0.12349768793408542	-0.30254036061704753	-0.5142066644051797	-0.3310499997045682	-0.9425518018255833	
0.061806807701391915	0.08923782816144518	-0.0448063502006758	0.03552313369073438	0.05436336741868586	
0.09618628140130092	-0.04980728860924953	-0.02221752286586831	-0.03502936872958139	0.21732718358968375	
-0.16149477725822992	-0.1933326509668913	-0.24354608140979356	-0.1511577592590391	-0.5811643414314919	
0.004725183075238396	0.1165070718788223	0.23736559762060475	-0.022296391901795876	0.3513371890113971	
0.062489570863079144	-0.028193278037312156	-0.18281617091356045	-0.00928851889259179	-0.3257479132737606	
-0.05790131086948975	0.005143609335209052	-0.10203297171607079	-0.10740962979105693	-0.062156212979739354	
-0.0860402557207109	0.07012965418201303	0.02343449578635841	-0.01975022688370192	0.06325014973079256	
0.016116366257907563	0.21214291762232174	0.3231410860273901	0.1981383876286618	0.8164878423001994	
-0.13374013937422663	-0.11460366397165167	-0.13892500615290587	-0.10787483524799284	-0.3862629603874385	
-0.029426904190051565	-0.04541886379375887	-0.11575059177252625	0.018089825902850326	-0.1588151966589896	
0.1256525526979814	0.026829384216204507	0.137731119728096	0.14525675368501606	0.3954652717805055	
-0.04558243966389775	0.11068255027222264	0.07478496357497008	0.07050095503554009	0.22864849521605773	
0.03368772425998276	-0.0372914616421805	-0.033475785256610435	-0.09122006765222948	-0.16378579350025782	
0.09424827687037192	0.015149670169860147	0.1535523421643187	0.05934386971455624	0.13545219380345974	
-0.11800036746003417	-0.020544009988963424	-0.19620300847211725	-0.07029254059181962	-0.34264932307432344	
-0.018818454237535292	0.14697974755031418	0.1504532835409319	-0.0392495553495895	0.2782041028131835	
-0.07410959915302724	-0.06643698885586066	-0.009026609328523432	-0.09564367081891008	-0.09723282451970844	
0.03787579974989168	-0.06723059341305293	0.1471712257667436	0.0642820508259684	0.2164867217379344	
-0.044650342671563065	-0.0010096550917991134	0.23224302942008201	0.09409607438448739	0.1594197594254838	
0.05109261052049327	0.050775237692249287	0.08460490710929666	0.042304951725694345	-0.07514580760556706	
-0.05836564646944405	-0.016936137223534545	0.05591598323586409	0.017589288622059013	0.39958176097900117	
0.05205630227795577	0.11784034898319881	0.28646254755093675	0.014880622472871198	0.3850113121884031	
0.01715185429165758	0.09391914966393491	0.01220604385114199	-0.0962705421254114	0.060126534536123266	
-0.010535898093858792	0.17348358146015433	0.17742843258029864	0.17176234769566104	0.40332920277254	
0.02252519510576683	-0.04099861439492547	-0.024342056336123522	-0.048554420220344126	0.04417136239174567	
-0.07685130577415965	-0.0714201251048575	0.03771129997989692	0.0012935143457273252	-0.0630258903336385	
-0.06313588783982153	0.10073911573841896	0.09980388531048776	-0.037182072513291836	0.12477216387943346	
0.04876517081501858	-0.06091410377813625	0.01627178545465155	0.09400399781766247	0.06936576029800706	
-0.10216904703583377	-0.11552785113717381	-0.1529393347138626	-0.038864372653776416	-0.3314568260203218	
-0.17756776912542138	-0.22983528885451562	-0.2183425405219155	-0.11880606133313884	-0.36446605929500864	
-0.008439633040592398	0.14265459506319195	0.10560792897968603	0.019730886456486494	0.15486688577111804	
0.0691288100478996	0.05624760415068009	0.05692375306120417	-0.057631185881531856	0.24263600422957238	
-0.05734800052969669	-0.18637867206689246	-0.13873916037601497	-0.20460064637269657	-0.21756635601679558	
0.04790590473879109	-0.08689544153684554	-0.020845151889735063	-0.01784984579772237	-0.004733861141825867	
-0.10610714252501847	-0.2162462538707375	-0.2079233471635842	-0.06215859122717807	-0.38076153768799414	
0.0709446875229847	-0.15439793903880647	-0.11757006942161458	-0.023075365504727916	-0.10672418786498951	
0.12108907578213561	0.06659524647184412	0.19050602541149284	0.07453417991857957	0.16599451433289827	
-0.07342188835216909	-0.11809582295750873	-0.2149927541410766	-0.04275779789544042	-0.29450855370451695	
-0.03448553566439811	0.07505873591988824	-0.07382941864832768	-0.09819248685264229	-0.0814617948547544	
0.05397913491966192	0.009424230687852957	0.29973717552684914	0.15713408533937628	0.2911759319191878	
-0.0804084690566329	-0.07028407148436229	-0.12977563827793748	0.03256288079715131	-0.15230927641449596	
0.12201219355595583	0.09915820597396434	0.2128892036480978	0.13776308523096686	0.25387961689993993	
0.03376982466442132	0.09792277486811841	0.24555234537340243	0.036899952319785226	0.3600448972611054	
0.04602923097466189	-0.04874248015181173	0.12707166631511102	0.03242874711989748	0.2499236891140478	
-0.000777951649993531	0.14247617723459086	0.14326134497360649	-0.004179162928933037	0.28330880531922253	
-0.025365875326727266	-0.15924791191490933	-0.09542491535898845	-0.03829111601866361	-0.011157820662604272	
-0.1632325603040754	-0.00908886277608971	-0.11967320401968395	0.0024681393084538717	-0.04705467382141101	
0.011526065569010324	-0.09433820718507697	-0.15380013734997752	-0.13373482841036877	-0.2472469930054004	
0.07357593130693403	0.1108486583507585	0.1257184057699861	0.07422471023661129	0.2101220861429274	
-0.10957289349307668	-0.10722763169958491	-0.24707889505920058	-0.14419960653068417	-0.33323229941554927	
0.04572206627206103	0.08052179865135137	0.26311871295838957	0.093802174572103	0.5174295057132431	
0.03869616064691311	-0.058286162728360014	0.013049327265904883	-0.026692509606429243	0.09040714525999526	
0.05099836636917158	0.03462105591013892	-0.024604051190685868	-0.085661564064372	-0.06636514719416212	
0.03618935396477276	-0.08046403806053061	-0.11202399134485899	-0.05834175122441006	-0.29123119945218295	
-0.026785760948985965	-0.02216278727571751	-0.12734800463053642	-0.07305509286872486	-0.29405029531042526	
-0.06997568620627896	0.01789130224905904	0.027157180993946275	0.1299594763066745	0.1816294671878779	
0.04576191251603388	0.03379670886879216	-0.02890766860406706	-0.010664749111730303	-0.13012223575976506	
-0.0074141885924228585	-0.033221945116412833	-0.04192202241914486	0.01264780767099961	0.01653770209117702	
0.0784106360977787	0.09198794172805935	0.03979342247572054	-0.06396558250866091	0.11637753135759085	
-0.0067976395927602	0.04332386215459294	0.015436568769312774	-0.05697360018291015	0.22889687423861563	
0.005443890399586512	0.06706310677445658	0.02787414183247468	-0.03970737162324587	0.16990166398760995	
0.034900848980768916	0.004861119491854079	0.18557509047069173	0.0748874969561954	0.3283618510664395	
-0.04311211359494179	0.07913550130155039	0.017000880967189016	0.03470383565277488	0.16082677926919997	
-0.1063158767125644	-0.0625011437277781	0.01885046722823669	0.04559524118789565	-0.03375697754372272	
0.0707359718866555	0.08266338646300467	0.05973302135978125	0.06595331940279386	-0.11316980855097311	
0.03801815515433932	0.0621077166351685	0.07833719540081603	0.07466205503267671	0.06108705525681842	
0.011412365826713924	-0.03737967323385222	-0.16704404411896492	-0.12145224923287591	-0.19676781334612004	
-0.02626559059032305	0.0663937013355987	0.03852367704479827	0.06641767759884584	0.21616234452776176	
-0.10202570720571069	-0.17608627005402383	-0.1091412270881865	-0.09432263373358866	-0.2169582068617944	
-0.020420431714971234	0.034272612431193075	-0.08331502134734878	-0.06873056854463187	-0.21399569804252397	
-0.057923954689288744	-0.14361881172391558	-0.1373213319518188	0.0005240003345424015	-0.16833423305567716	
0.004973967742581644	0.12551610037601574	0.13931477385070276	0.08576603432994882	0.0768385447675162	
0.055033233405879636	0.1300270572847913	0.3323976954338088	0.046394462437387395	0.3435864400348421	
-0.07233114483138314	-0.002662752083784666	-0.11143836821387142	-0.1337793683704624	-0.20672925489904384	
-0.09839530333850048	-0.023283581130395112	-0.18407258221559258	-0.16677980877812565	-0.22080336677066384	
0.05873150280894819	-0.04047495584179189	0.04112136473800326	-0.011216870546740063	0.0726242810982187	
0.1432821212154542	0.15520559234845413	0.09477012909672386	0.12566119045232868	0.3540149404727908	
-0.006452022018286067	-0.2378491002196177	-0.3442798089986377	-0.2520735877674856	-0.5320385199269773	
-0.0015089311185718186	0.1536376818924255	0.32651702346515354	0.15733808472672794	0.5663425364057579	
0.022588196575501096	0.1701982315449295	0.19026164638406534	0.15518691132155776	0.4044903172876548	
-0.06622738064726062	-0.0703579238419911	-0.06386922853330092	-0.07415212090036398	0.06061675665569739	
-0.06872954453617765	-0.07371911624430293	0.118460003458182	-0.006522486503778117	0.2247301107855657	
0.03177209635765078	0.07632011314305667	0.18269361373822046	0.07316051546454128	0.40554626581524555	
-0.026991247663730747	0.05080459973016749	-0.141404055126024	0.03189643491331992	-0.19868538685280226	
0.02247530372156496	-0.0910325959886541	0.0362839316677599	-0.09346356287959769	0.13815028852306233	
0.04727131015948216	-0.006295946248153946	-0.026186792361817084	-0.12599791849760827	-0.2243849563382022	
-0.07661497965584348	-0.0012871895155886352	0.037885930904134814	0.07179000264171273	-0.036141433823957125	
0.07143315111943462	0.10825698214131414	0.05650964035972881	-0.02061766847549041	0.07303040270357272	
-0.08899031039663814	0.04868160012239885	-0.07307154511206944	-0.06337636617032973	0.05058134083355562	
-0.09480009942482691	0.02138847918981801	-0.15954742386239232	-0.0771412394558739	-0.22039240005722918	
0.08178790182759074	-0.017936603305028356	0.01089429807413384	0.009349444399738852	0.15005698218696326	
-0.07559201835698232	0.08529338772937356	0.16715866007779875	-0.04796331092892674	0.22211266500510177	
-0.04549905136197911	0.057331894247248764	0.03924695645653141	0.02460007618429377	0.07133522291512719	
-0.013990833488020816	-0.13652565683800008	-0.28538120497416214	-0.06682860297317254	-0.40667161873445057	
-0.040832126955910424	0.004249040249427004	-0.10765139375442533	-0.12033943185678045	-0.1467133506496563	
0.024366591492967438	-0.04177917030651089	-0.15035820702366334	-0.0299557752325183	-0.3885002310253703	
-0.0277420961417491	0.047440079748947976	0.175273123209206	0.025844625037068705	0.39397069672197954	
-0.07538808774230499	-0.03956497265255281	-0.20756949861531448	-0.058390851927646974	-0.25489553358585293	
-0.0029028346392636095	-0.04542357029861992	-0.057026243260879544	-0.08171270257732875	0.04457761858270739	
0.03633184534578135	0.06996835105679154	0.06583766184411573	0.08133567257678438	0.37478517082163	
0.07764435196883857	0.03473310286804812	0.12632640360955963	0.09766267455689157	0.07838295180102396	
-0.10966877083317336	-0.11090998755316069	-0.1070453335852561	-0.042604780238256	-0.049161212915606566	
0.07396533822707217	-0.09067816349634766	0.0718403810206502	0.03187466061309538	0.08319214040770086	
0.05750579321467842	0.09211388060031038	0.11871649331992683	-0.04217684487025895	0.18334275730798827	
-0.039566769791296225	-0.03337790883806696	-0.15622114812823584	-0.07298743494592022	-0.37801896613293257	
-0.11998225112947278	0.001447234159676063	-0.10255923011530962	0.054833481212460455	-0.1682531140430622	
-0.06323051184753604	-0.035697709864511366	0.020489642805625482	-0.04858471868853699	-0.09962165125593617	
-0.020026397353837294	0.022913921326755887	0.06452710874379121	0.0755186097085686	-0.0001917593986401167	
-0.10059889642474622	-0.019865263459972936	0.012300497210513019	-0.11042534065929012	-0.0415030463505554	
-0.03912011114396187	-0.1436907008080704	-0.1342716051083036	-0.0952796670357249	-0.39657780875594983	
-0.006376962964989062	0.06017273347929143	0.04642029685366595	0.020966355271073822	0.0017195396329200878	
0.029294236204037153	-0.008776820636850284	0.13384900648508555	0.0607882365190911	0.2804605442141104	
0.052695077963479164	-0.09856604529544695	0.0023515333165902686	-0.07107278179385955	-0.015220237670858599	
-0.019060005578978665	0.04956888130645588	-0.05302562999510219	-0.06718241403729729	8.924735249293359e-05	
-0.06632487871690451	0.004609682683419698	-0.008230160390171102	-0.09910757818882845	-0.11207441061179198	
0.013136484447525645	0.04776002744778101	0.2211309687854216	0.0179353726215935	0.33597395431376753	
0.020713810054813726	0.013484503930787501	-0.15090702495033625	-0.08564957836976062	-0.21111558679926393	
0.09297169708246873	0.07489692549541382	0.09064492342264051	-0.012210973269252672	0.24169089282175227	
-0.01980766045622999	0.07671203372856801	0.06820499602864734	-0.005708682638099591	-0.014424541802072408	
0.15871155429005004	0.04553855001808761	0.18159423798929708	0.09177055943666101	0.408052410318783	
-0.08793395529412582	0.008258830348492072	-0.13064560835538708	-0.005610904417920205	-0.07497545408627276	
-0.03247191554805748	0.0655764089452942	0.1534233754643744	0.07108876501251601	0.21638333823142702	
0.00019165008481206004	0.12024245918811165	0.24018387675321304	0.050202112212828796	0.319227833206776	
-0.07796102807489072	0.08457583728623398	-0.017668963792716378	-0.0045274418331819445	0.04644288219371808	
-0.07167502421999894	0.09027888188718411	-0.009314886363688	0.01749001276950923	0.01846222204348371	
-0.07303119660210054	-0.06394350611003774	-0.043314500793953145	-0.0012965052255740604	0.04427569025907289	
-0.017272155075945126	-0.057062730244819296	0.11569696358785089	-0.06802807755442207	0.2813971710180628	
0.010553795949976281	0.15513402101638069	0.21074742431276183	0.18524579743249828	0.49066116576081337	
-0.04259213439862365	-0.06051270069088864	-0.25165992416284055	-0.08446354082609873	-0.3678817568906774	
-0.05100512617564896	-0.09089207434917725	-0.28151638281686053	-0.06138127305005748	-0.37105463743348766	
0.08746084501408409	0.04966502776812436	0.06305498840876449	0.08254149785329183	0.20871224429252622	
0.0545207205134313	-0.1053610684978771	-0.1754657925228363	0.021452382693631294	-0.051107054292898295	
0.04234457126548368	-0.014447783165567829	0.039274740714932685	0.040731029895408784	-0.02662339320328006	
-0.02732600647444589	-0.12178803753936901	-0.2816733486814815	-0.16892045569008418	-0.4988650931294163	
-0.14232104269529436	-0.0083875490640522	-0.03902315070632006	-0.11136961492316642	-0.2432340137503261	
-0.05982018247845215	-0.05899239934031389	0.041975335882651225	-0.006908181795331988	-0.07727786895165083	
-0.10385423142139098	-0.08929126272457152	-0.05323529313858507	-0.0775918551682685	-0.16669873893594717	
0.01719402026070627	0.11094541107750347	0.08433613403410845	0.01028789771453869	0.21120390487085502	
-0.0664091465002026	-0.04167676930884087	-0.10189734512494236	-0.0004909625522616582	-0.04676571744334301	
0.05398910226119729	0.1626391538151327	0.20718135851621133	0.13075203539394106	0.33547775559078186	
-0.017692588529938113	0.08374610665577716	0.03958032658623408	0.05505940808015893	0.09535648096158271	
-0.01862674665533337	0.035061826883251934	-0.11548822488544064	-0.011042783978662098	0.02969067183550579	
0.016856394121489635	-0.049350671457881065	0.09228096809734906	-0.03194232217355821	0.0641940053452078	
0.04112873856989029	0.15570941358189386	0.17478936555337912	0.12732980570366356	0.20219262553955367	
0.10040077876112825	-0.08972777899205192	-0.04818164639003252	0.08528515077699882	-0.14292126546796607	
0.12325139975014265	0.17671726105515762	0.19470686608370374	0.04554724906810341	0.45047955411250196	
-0.08374802834313698	-0.20055534104349118	-0.09888635117891802	-0.05121947076736247	-0.2349287454826282	
0.08595676705558272	0.004653555405381934	0.11171309885383138	0.00750654682038534	0.1859866883748427	
-0.02915292094738865	0.17565028207380065	0.114833669448541	-0.012061965512274949	0.18416913241558885	
-0.22040056540237468	-0.19514242978524055	-0.3949113098699348	-0.15639416103831086	-0.6524191096905949	
0.04852856297072832	0.013252988481014995	0.01288725943409847	-0.042574028587181525	-0.029202678149138635	
-0.07498762141015528	-0.05735250497012465	-0.07337439816215359	-0.04034324402974293	-0.027874010069687902	
-0.04695411920687432	0.03265251017184598	-0.10181779226990499	0.04402802426308671	-0.05576482892416639	
-0.028274173634129148	0.06618038695353473	0.019857054620094017	-0.053381849560475064	0.05402494595854956	
-0.07112636385377467	-0.1147792010925089	-0.18017089720620696	-0.04854049554455192	-0.3648534454898525	
0.09214177975034174	0.026440633742688426	0.18423063934317746	0.056296082293776514	0.44177413077709904	
0.08874335722885991	-0.04245042421135826	0.05878262642829983	0.09842129540807402	0.060215769743120255	
-0.4302480201384924	-0.7471446863267056	-0.9590532763175219	-0.6725786153323888	-1.3792430501885735	
-0.09724649748845665	-0.016655207525860777	0.0876963783713468	-0.03139437803391869	0.055948859096520004	
-0.06505273743451852	-0.031609432739509516	-0.07108045583238065	0.043354162829275206	0.03986152473936283	
0.037699463589783766	-0.04932079310274007	0.038472024324681775	-0.05454049181681009	-0.015070176813732059	
-0.025615575666462553	-0.02893841767597556	-0.08846903855174873	0.02632932537318794	0.04146332053633989	
0.022717738900567122	0.0296625512326249	-0.06601185715654845	-0.07011064021222752	0.00283500870517657	
0.07506654527090781	-0.0632093116905556	-0.007432176258348022	-0.014213533194019412	-0.0005421628160967307	
-0.020057945021277675	0.06823563446515772	0.1621223675300099	0.15796526149317625	0.4571527012962371	
0.02768963387232384	0.09439300027673853	0.07633039410894497	0.06962286283321313	0.21984378147552602	
0.09488246317310056	0.057934135840048216	0.07449592547154067	-0.04860318080411504	0.04953342256611021	
0.059614111834659006	-0.060436693283176746	-0.22173597871005288	-0.17378993758999345	-0.38193220705345726	
0.020793023880086973	0.008272652169032762	0.014717494685732203	0.03298011902739509	0.12125474283574574	
0.07638407886170369	0.06610344159323216	0.18692250787220405	-0.04149960922774999	0.27743026728023323	
-0.0894010914664021	-0.06010089077228773	-0.015449467671087819	-0.07849822476296647	0.02473408219954036	
-0.09040148719022655	-0.043075223798611575	-0.08779266377606579	0.04070386622101624	0.03369123351789641	
0.002086709041753287	-0.008901173525964982	0.16027456366041748	0.016340525306990466	0.268838246545831	
-0.00020080535985165794	0.009993854246614647	-0.08350397599661401	0.03311252095736445	-0.012425384415756647	
0.16966415821145392	0.23920987248643427	0.4200044957806286	0.25532909594298075	0.7813643155381084	
0.015980628015656397	0.13287338495242806	0.17693619984509829	0.15068862431384433	0.2716293740417474	
-0.14986010732188657	-0.10029566970906263	-0.013711339636014988	-0.07562362071302253	0.5043379058826604	
-0.135515574989372	-0.716508596173472	-1.7330868670622697	-0.583261604795354	-3.591151460521206	
2.019713520606286	
