            A        R        N        D        C        Q        E        G        H        I        L        K        M        F        P        S        T        W        Y        V
 1 A  -0.3068   0.3501   0.4633  -3.9579  -1.3505  -2.2377  -2.6537  -0.9719   -1.849   0.1021  -1.1466   1.0059   1.4341   3.1275  -4.6336   1.4414  -0.9118  -0.2937   2.9209  -1.0416
 2 A  -1.5628  -9.4637   -999.9  -9.5726  -7.3505   -0.623   -999.9   -999.9   -999.9   2.5469   4.4192   -999.9   4.5579   -999.9   -999.9  -5.7286   0.8509   -999.9   -999.9   1.0134
 3 A   0.6882  -1.2887   1.7381  -1.5726  -2.7066  -1.0678  -3.2327  -3.5628  -0.8198   0.6148  -1.2327     0.31   1.5684   1.6806  -0.4587   1.6163   -0.623  -0.2937   2.6523   -0.534
 4 A   0.0891  -0.5448   1.2934   1.2121   0.0504  -0.8368    0.686   0.3708   0.3501  -1.5939  -2.1516   0.7171  -1.3505   -0.997   0.2853   1.6723   0.1021  -0.2937   0.9843  -2.4424
 5 A  -0.2231  -0.9678  -0.7066   0.1434  -1.0107  -0.8368  -0.4026  -1.8378   -1.849   0.9917  -1.4131   0.7921  -0.4316    0.544  -0.8198   0.0852   1.6395   0.8762   3.0464   -0.534
 6 A  -0.6679  -1.2887   0.7673  -1.7588  -0.1806    1.377  -3.2327  -2.4817  -2.2937   1.6238    0.978   -2.164   1.1454   1.6806  -1.4637  -0.2188   0.8509  -5.4637   0.4331   0.6047
 7 A   2.3371  -3.1238   0.5682  -0.5254  -1.0107  -0.4239  -1.2327  -1.3118  -0.0628  -0.2377  -1.5077  -1.6038   0.2642  -0.5281  -0.2937   1.5008   2.3083  -0.2937   0.5811  -1.3953
 8 A  -0.4817  -1.2887  -0.7066  -0.9287  -2.1806   0.6811   0.0421  -0.3068  -2.8198  -1.0678     0.54  -0.7316   0.0504   0.6418   0.4135   0.6113   2.5008    2.151   1.2249  -2.1026
 9 A   0.0142   -999.9   -999.9   -999.9   -999.9   -999.9   -999.9   -999.9   -999.9   3.4782   2.7232  -6.6088  -0.4316   -7.172   -999.9  -5.7286  -0.2377   -999.9   -999.9    4.589
