TESTRUNID EPOCH: 99 L_PCC: 0.8256294539799944 L_ERR: 0.00809134121053093 T_PCC: 0.7666145669489844 T_ERR: 0.013288999090249637
180 LAYER: 1
3 LAYER: 2
1 LAYER: 3
99 :ILEARN
-0.045231945476651596	-0.02361900041699605	-0.11687933939982853	-0.10965733447957451	-0.15731431267089926	
-0.15620067779612992	-0.020636894386043957	0.04274374487141197	0.025329881446970764	0.1712431935276022	
0.267539434006677	0.21565535599281582	-0.059109550053696516	0.0756234872781891	-0.09452248136041477	
0.05924846348485712	0.02743896592956184	0.039250859081127416	-0.07192261228095326	-0.06037970218302424	
0.060148913735107334	-0.0480672755492221	-0.22289697592927082	-0.10741093239003834	0.18285866328981343	
0.2462320859724573	0.03599394461193375	-0.09218904335342354	-0.06603391608708623	0.07562850068588264	
-0.08033063323338999	-0.015778474998989572	0.09157790603010038	-0.024812622034093606	-0.01644996368026829	
-0.07092124928146953	0.03730018553631673	0.06692513437947459	-0.09634234453116164	0.07677627898384516	
0.1404202944625116	0.0788758647271584	-0.002500585640708827	0.1304049814421174	-0.03430865942364429	
-0.131275611749494	-0.11723190294962883	-0.16756226139008396	-0.042444932282730254	-0.07399428557634447	
-0.09612660842594059	-0.04243070660013925	-0.1618572047271259	-0.1348310186006198	0.013050500546916565	
-0.0686758327041029	0.032433764867241956	-0.07065428501883797	0.017861107380656854	0.03995167200418623	
-0.07953311423443483	-0.017188802436086337	0.03888003154554903	0.027386268718378053	-0.016861505393447485	
0.05558782321374425	0.05445192766869645	0.03842701862705032	0.11332048712719422	0.039483386252415924	
0.11604039330184515	-0.04724255372722111	-0.04928069818652131	0.09762365482666774	0.005084248938221846	
-0.0444216240033446	0.12095334392034524	-0.005144757014641631	-0.665599892314989	-1.0347899322081648	
-0.6903915265184265	0.04677838172416197	0.08573334978394269	-0.005105424063490056	-0.02366486687097789	
0.11450454814554956	0.010751434869676066	0.164134007124343	0.1554680827547982	0.10500763229164413	
-0.07705080540932496	0.08989785174141426	-0.0100175733040119	0.038332943130603696	0.018817867239208884	
-0.026804091690753897	0.10303896521975286	0.051664678811967873	-0.07356645331206282	0.023428982724144773	
-0.03467101964558077	0.0054116204515218536	0.13824544355976168	0.0661295280834924	0.1504035624449427	
0.10080236727023419	0.024601788276493713	0.17030857906537938	0.16366647503730058	0.3014803127340649	
0.07364050005205817	-0.05046130244321722	0.12117883608365904	0.06399096939751993	-0.02180622703327843	
0.16586389061112647	0.12149779359111287	0.10646554964379952	0.0779886465154106	-0.0499340695486295	
-0.0686906992668972	-0.045101307265839954	-0.06382692970319058	-0.050757786479390825	0.07200558973657761	
0.007766212868330569	0.009812886530937853	0.056221379203271415	-0.052081607886473084	0.03427037884184807	
0.14593183914193564	0.17923887848594156	0.01220604385114199	-0.0962705421254114	0.060126534536123266	
-0.05340514523179592	0.06142103912375582	-0.022427871187165646	0.07270837091188573	0.04942432854743692	
0.011248046798083777	-0.028917898858470896	-0.011719459058734769	-0.028279838074110893	-0.09108962429104767	
-0.07850117417878143	-0.05485813227842906	0.04740711624591367	0.029278547019198863	-0.08789291350365402	
-0.07799926071640763	0.10189315487998996	0.018837941882181856	-0.043256654141191585	-0.02014480113037003	
0.0681469646751007	-0.06091410377813625	0.01627178545465155	0.09400399781766247	-0.01662636693422054	
-0.1489242834919649	-0.09068231662828312	0.037099820029702565	0.08868130259557136	-0.05443141306840393	
-0.18607235162389674	-0.20034946214061575	-0.09877193834690348	-0.07440735058992044	-0.1364884039893093	
-0.14271638800043815	0.09772323088248977	0.015949043849159378	-0.023971765475289925	0.054740058636576897	
0.12221468899863547	0.08225512072127887	-0.06028557401174793	-0.11239199387203327	-0.04020908430827461	
-0.017083683658593973	-0.11508249008818003	0.004865245670509195	-0.08669270372917702	-0.04793698028429181	
0.060950912748669095	-0.016762728662336936	0.10103997899332308	0.05334260385538868	0.0811508647042097	
-0.05271324325112416	-0.08737157566931295	0.047013192657733904	0.05443560590864935	0.0815631705007048	
0.13762297130789852	-0.006726046098062418	0.0045773015254649925	0.001893615047876886	0.05536385549597207	
0.06671294823429016	0.011330637639031277	0.08312126995325492	0.0283132417892675	-0.02199845717175075	
-0.0028018665806180537	0.020862096583994655	0.17629044095114826	0.3552285233941697	0.2665874006076463	
-0.037074537830525715	0.046618491098734754	-0.06653398278397177	-0.13997885686201353	-0.142526840305817	
-0.06790722185591173	-0.0956950389451604	0.0895940422435362	0.0654230942341465	-0.09699620385157554	
-0.06476074888498895	-0.0335872851266326	-0.16626533556363515	-0.07979925261222467	-0.12486481075840541	
0.08802149646667343	0.016402835989416012	0.07576639688236883	0.07283087602833671	0.08782177038268205	
-0.003737034930214777	-0.03780936570664136	-0.016476313008611992	-0.09219301963674721	-0.0019492954760144537	
0.019822061529175677	-0.09689334488983287	-0.007966699189249676	-0.01665198962217521	0.028605762411747754	
-0.08710893871814764	-0.014334584220120333	-0.042035656686871585	-0.16080059367722835	-0.10253253484613555	
-0.08098022717829725	-0.19508602769967964	-0.12795574725410586	-0.07318274412787795	0.20881307804946483	
0.11892415152301877	0.231719520150573	-0.02468393705084511	0.09475670767166453	0.02094322019481061	
0.0657691615961386	0.014942300941620454	0.025615239661470085	0.06469608916974459	0.18467742140290436	
0.16898945507851001	0.11621318209880607	0.12416424051087108	0.08801999172010254	0.08790485382035784	
-0.009079318890282793	0.050561898522722734	0.0414033447512009	0.06690418971312162	0.039867154285618024	
-0.07269254181013375	-0.11598088147329139	-0.03427520675000736	-0.021430093416822258	0.08176755194311207	
0.027436474676915346	-0.06028602231457783	-0.014659798130393448	-0.0313307520451154	0.026589571860611408	
0.01874651138231963	0.04505712693687004	0.06966770853941445	0.01984510915622849	-0.008578833975727847	
-0.01880800351989815	-0.10881096162271083	-0.0356087437333902	0.01569529056355656	0.048794969748709525	
0.005033664750909956	0.11121273583646323	0.08456357575183965	0.06880153806936573	-0.1720604207691817	
-0.31523989937717206	-0.17235175119572474	0.0047698477877914335	0.24617495193963676	0.034364224559920636	
-0.0005103821529379964	-0.039438518279399995	-0.03372523364254314	0.013898882549075148	-0.06780571263687825	
-0.006623995447338743	-0.036775239312944824	-0.06493374729385426	0.012252934482177364	-0.07330373783262087	
0.026924787945322493	0.044737202815100435	-0.048576341243560764	-0.07782173985119417	-0.061407453596177435	
-0.06892712754011426	-0.05540842661030582	-0.13111323606291553	-0.02927608861202983	0.10942464830139463	
0.004771105838263251	0.001874957078592603	-0.0877061807937012	-0.10292882372996631	0.00317140339370596	
-0.004571802590043528	-0.06946567118136736	0.09419105997465937	0.13410399399797013	0.11136895521116903	
-0.0389326181026113	0.1031792608050713	-0.01939181832568574	-0.073340041577392	-0.05780702018029607	
-0.1716555795246769	0.02464445687772149	0.17078965343575073	0.13377076303465787	-0.00809310109702283	
0.04593783467976419	0.07303225440609908	0.15140950572474707	0.2162694023876544	0.015624672062146037	
0.0302608664681982	0.0407033976305306	0.022048162529325926	0.025328617393709077	-0.12057179217181334	
0.013692465716533667	0.04634572014790539	-0.048060321340329386	-0.04858614023557067	0.013630670321903272	
-0.012748383639339887	0.047197918113661086	0.005638446543850429	0.07202960661320262	0.1327847258574461	
-0.05267455445304373	-0.09291735569380916	0.06646090289390165	-0.020749972962076143	0.045466132440351206	
-0.0034065169882020996	0.11890130039935758	0.07323223669894588	0.03506420081604631	-0.05003588058490391	
0.010997488666682771	-0.0702017926866173	-0.207866455492671	-0.15813877826811168	-0.2475681222923309	
-0.02669138055125113	0.07246925056760883	0.03853554350147087	0.03818842841323372	-0.062272639808937824	
-0.01161914385031533	0.060106537478250274	0.17424734457156402	-0.011767284175634066	-0.05045341964752903	
-0.04756538324541762	0.05003448265959856	0.0466305340723372	0.009686874065620328	0.06359994941108527	
-0.10646922459039515	-0.013378156478391877	-0.08751981396404161	-0.08991679546461114	0.026690697226090323	
0.07376537269909383	-0.023796775187557156	0.04997166214522869	0.0022282956594256442	-0.008539425161087398	
0.0631441560684529	0.04278482327711244	-0.21580566562295908	-0.1385537532474553	-0.14264036498721527	
0.08922547148404184	-0.05618918375179182	-0.04691132320119501	-0.026109345534552336	0.06557377018421917	
0.003443795590391016	0.05191231357156021	0.10457065293088406	0.06687299261601275	-0.019530637810647452	
-0.13980568991755504	-0.012541797057888026	0.1493102966403442	0.3303883990912527	0.2056045691752216	
0.023541220204831032	0.06146961189724842	0.008850846544626477	-0.08665500047212871	-0.008283237258313633	
-0.07733161544648191	-0.03667954754734885	0.15232251108317962	0.04179504533410001	0.002308970210789028	
-0.08571606588972958	-0.059319440583424476	-0.004385498656433812	-0.005199214687561196	0.060632668422833935	
0.0961404347398137	0.2836541514776595	0.03340719109233437	-0.035012723515294865	-0.18922561465691248	
-0.07233824715189276	-0.07641583359186085	0.038713530971618546	-0.07387033600457789	0.13478917191103854	
0.15422820955789066	0.10760193041909581	0.03112286534923449	-0.1421162744449798	-0.11828848101548463	
-0.16603528680419868	-0.13542850639197693	-0.03375065079249173	0.16298477409412385	0.15699577184379637	
0.11708263772732264	0.13308719837738198	0.07065838578104233	0.007675020346188245	-0.1477185150959266	
-0.22525645738711872	-0.030481844040049166	-0.19089919843589512	-0.22501635210990695	-0.07033409571099435	
-0.037882549641158	0.09648348985858857	-0.04667225956967296	-0.03775680253132183	-0.11457637271461463	
0.03369278989254351	-0.026688671229753116	-0.013281534545367096	0.002458538455672274	0.0663152391214881	
-0.12824960738732116	0.02005345711121206	0.13885214299033447	0.013426031802206436	0.09439775785154142	
-0.08495993698321717	-0.0210144617520334	-0.0459037895592751	0.13149160478126895	0.14848215886773758	
0.12641199704800546	0.010251641645948873	-0.0085520334628128	0.07149479362622989	-0.03771115717350744	
0.0034535197002259627	0.08328117061077955	0.0370747799876616	0.038658845141424925	0.02925496247825688	
0.09430206506921075	0.10121862948607188	0.07723037137009822	0.1357604955470558	0.033736230380915465	
-0.028745641167523435	-0.05583026052556908	-0.03909436001848304	-0.06665697890973914	0.02141883239449209	
-0.01728271699976773	0.06327030236544282	-0.08443597669864844	0.005935897309710888	-0.07525115064529801	
-0.15475982543710978	-0.24936862945130356	-0.26376996601859654	-0.0040461259689550735	0.12100195452809273	
0.05341882601715709	-0.03526842281678129	-0.13334294295717658	-0.02734410398519238	-0.04429491711443574	
-0.16215202760613717	-0.13002587418110656	0.13590461343081658	0.15083650447508504	0.06223454684907974	
-0.09351473493710859	-0.08128458083650386	-0.08692565699155473	-0.055328925306503476	-0.10262196029161512	
0.04534804542381325	0.002392625067078782	0.2164239321980222	0.1303379780158054	0.24320331185699412	
0.2940983269764296	0.2510883385828423	-0.17862874926160482	-0.3576083737756247	-0.21957656253112356	
-0.05134263004174252	0.052597562773561014	-0.02898525998532014	-0.9093529430993514	-1.633200366937477	
-0.9613893580756075	0.7429723683317496	
