TESTRUNID EPOCH: 45 L_PCC: 0.8257450044325646 L_ERR: 0.008572565869198343 T_PCC: 0.7287547189812803 T_ERR: 0.012893390601946119
180 LAYER: 1
3 LAYER: 2
1 LAYER: 3
45 :ILEARN
0.25867960266390355	0.3405999701440358	0.1729699979972422	0.12061974042848407	0.23986052350927892	
0.06866870643591139	-0.18291662815491896	0.12698737278919012	-0.09425991597611244	-0.7244115572074713	
-0.5928102843388056	-0.63500859532674	-0.08691844402297993	0.03830019845425708	-0.12389346289395914	
0.04988755265950471	0.1288935672058998	-0.013491980407592457	-0.4821310602725825	-0.29830444089045366	
-0.31115022821417265	0.10312078695379286	0.07057534140851301	0.09459562920237131	-0.16328430694492954	
-0.03352423627498065	-0.3238800437168468	-0.05984375668080257	-0.25625605831334647	0.029936903034716515	
-0.0680132676324635	-0.2714463031319657	0.09763729951992423	0.361096338593319	0.5982756409385607	
0.2627985108986788	-0.14181500114589526	-0.2866474693156427	-0.30368654310820065	-0.10236380329723986	
-0.23292115649500567	-0.03429015463131744	0.04986301568525094	0.238190864485323	-0.015391134760604889	
-0.008850371648502355	0.22038125067723935	-0.047859766939867196	-0.21254034261956686	-0.161866208830681	
-0.28127536516905705	0.13525718785195712	0.006573052707559108	0.08444805539626543	-0.16475991223534797	
-0.2799732796543222	-0.12024650755503281	0.024445938694699878	-0.06338908819778509	0.060995641305311876	
-0.47463739251322695	-0.3435945571954045	-0.3150918407073748	-0.10077156547543308	-0.1878039764687465	
-0.06552181277069163	0.15584173921187264	-0.027257018206281184	0.21496906959576814	0.0822299814283733	
0.10023150455375986	0.0003292996013733701	-0.13733740249494145	-0.08994830955817264	-0.0477688506706792	
-0.006287653465609738	0.23404717051022594	0.03371052660912942	-0.05894503417922639	-0.07440049720202985	
-0.012815698263822698	0.112834316526085	0.2845513968814998	0.0761647523433657	-0.057053651316278306	
0.008939119384845595	-0.05823912036396399	-0.053263790177626634	-0.17077396879073606	-0.13073425988488552	
-0.03758485808801155	0.1452825487856487	0.027846444194128683	0.025140454884296733	0.0034366107983748646	
-0.042063420114156	-0.09818569183302248	-0.17032059661937982	-0.3210609691452458	-0.18676244827154173	
-0.36184720563443995	-0.26064457057323087	-0.21556610577581656	-0.31570434113836343	-0.24573277638787788	
-0.13684082506991632	-0.3160757632232455	-0.0828951925818466	-0.38857294246324137	-0.4498272955645626	
-0.45984804367488763	-0.4005697713108621	-0.14035978080372008	-0.2640174288814424	-0.45980261128292305	
-0.39009859306936207	-0.3715471976604414	-0.21297552345582071	-0.3161697223043986	-0.3465637734980109	
0.08483094316576484	0.03678649142398125	0.05640513039620603	-0.38047146523484293	-0.0447016682461123	
-0.27286424905870893	-0.18053404707969903	-0.24552706475662175	-0.14386139741994536	-0.03882971079119283	
-0.019997909602401068	0.37948712476459395	-0.004854756297548871	-0.17620644548730427	-0.09984370988293315	
-0.02199489739401851	0.19133897334115865	0.07659690668690002	0.2614352582146696	0.2746767436478189	
0.3044995617057565	0.055513031226926315	-0.04155558092674606	0.13147667217490397	0.058930620307849894	
0.04547861460131726	0.1322096712769777	0.0838906818633236	-0.035179243837269114	-0.21357367776134453	
-0.1409520493324813	0.04029831169191561	-0.1725458685946353	-0.375547304565985	-0.22273046338852978	
-0.2194097136762501	0.09535308838969828	0.17621122017460333	0.13692956440896975	-0.02153226204601085	
-0.20435047381917196	-0.2341835085302347	0.11491128376911118	0.20156438035299723	0.0938105655000576	
-0.10759325415113673	-0.1575087246585734	0.03247238285739813	-0.004595836784222152	-0.13036545608835734	
-0.07966598019652824	-0.21272031037575126	-0.30005213766105426	-0.3358362802330659	-0.006835050375662973	
-0.0007737271809332765	-0.0422060538650872	0.11891921090380024	0.0006877550223144664	-0.01558531803653739	
-0.06312622485183965	-0.26717826829078545	-0.10711931828328596	-0.1567675165543261	0.040615527196342524	
-0.02500006735281806	-0.007587817731112915	0.09178682152215764	0.014187902247599225	0.016538680236404275	
0.01434682268710836	-0.10114344478192827	0.13310276329629595	-0.02087689493560974	0.1289292201164027	
0.19508253169030543	0.0358834489532009	-0.008597569867507917	-0.01524115355193481	0.1745576094102075	
0.04719651659666037	-0.0906095617849886	0.014767350746829647	-0.10507595268362481	-0.08788091113922804	
-0.12283223112246955	-0.007541832413230367	0.17494589265805535	-0.00310386932679846	0.18620187144282865	
-0.1381200327974876	-0.16207391499603227	-0.20501975976830475	0.026794136179788774	0.08030656840297352	
0.0870941189856215	-0.23462162138670586	-0.21024835202406877	-0.18793327398252319	-0.12860471548077151	
0.0559522742110676	0.02255704993047512	-0.18714011961790664	-0.14461796065756186	-0.06918850071333842	
0.10737847641170033	-0.04976021939524636	0.10517614952179573	0.2680571583513851	0.1873697005938423	
0.2162116663872793	-0.1814988300890063	0.1622505660364052	-0.22422125361250753	-0.0502891352822203	
0.13319518271276018	-0.10648690887325946	0.1970496608211427	-0.07864289760005841	0.1707530486070509	
0.2280095487434862	0.41573163176604916	0.2392133719380341	-0.45295460723592	-0.29777871292596614	
-0.3193180360164767	0.20501848793332197	0.39138675043770205	0.2560325945118046	0.20168493823248496	
0.12361495498715977	0.18568977990537144	0.1294504802250947	0.018455170377503036	0.1141278863792505	
0.17660264555947058	0.17182980022221414	0.11664406807254017	0.14896913583255278	0.2155890403211043	
0.16931591580334285	-0.12331102315756054	0.06763881376315993	-0.12268097866528954	0.09681653010307735	
0.005737306353380532	0.07719204315182907	0.00035820899726025197	-0.0325359524335798	-0.01456935218475271	
0.2569103647159539	0.058019338899442295	0.296911784640256	0.0328811026506336	0.22065035797297053	
0.11709125225384329	0.1630636570641257	0.17513237784013955	0.15218749447402674	0.1912071056681602	
-0.008086004472312525	0.1797070750903591	0.13397248624715033	0.08172836410525454	0.02853306106485117	
0.13944151387820608	0.05032337127278915	0.05036611079754812	-0.023748161716802642	-0.026769574423916736	
-0.09281534350890096	-0.1966392812996118	-0.18721654750566288	-0.1421892028051585	0.08209491376542086	
-0.10001537532777008	0.15608260481662325	-0.18710844968093981	-0.04356341582210191	-0.18233209390617974	
0.2984370059063671	0.3711751868078043	0.3033277042936819	-0.20641838659216508	-0.17708089260818227	
-0.1078227894680962	-0.26224195085875035	0.05696640099465647	-0.13337609243765022	-0.05204378414401908	
0.18348612444847404	0.19979485912310713	0.035011850977785135	0.0035492170554351408	-0.0324110252967102	
-0.07409453122619812	0.09922047266406687	-0.00469465990306596	-0.021636485200853598	0.1479029419865769	
0.075646969815974	0.013307176408224146	0.06073259682266517	-0.05803451696095882	-0.2470455058262385	
0.028414112821942415	-0.2972194414300209	-0.04522849106848039	-0.22383218502209343	-0.11502970262683418	
0.037650296677483555	-0.09786605278461456	-0.017593974169992043	-0.14164791571073326	0.09299019347044286	
-0.06909927274540495	0.07531228427953897	0.04672745770187101	0.10611243989792518	-0.1057069188014041	
-0.22954823174362451	-0.30107508802508764	-0.03142571462292459	-0.009335929009565572	-0.05260581386497437	
0.1429466461868661	0.3439452870751702	0.20495265285151082	-0.07201673399011836	-0.19686682669580305	
-0.06090454656740784	0.19801399892712468	-0.033464120646688106	-0.06838633229207032	0.23240897179765738	
0.08201749527790758	0.013896642389650837	0.0896632850671591	0.014775439875806793	0.12777447384164295	
-0.24758784555963506	-0.3146724377420707	-0.052847995672631785	-0.12382821002205728	-0.0011018846214061163	
-0.0016419756380781933	-0.009798215065978711	-0.21201815801359575	-0.03762437956599308	0.040230100396357285	
0.01164332501930773	0.08868195492361176	-0.04579202185151219	-0.0936951815108628	-0.2185388747180598	
0.021059634620382364	0.09246835962623723	0.10089928407556507	0.10809925854796595	0.011248943803229609	
0.13499954282902296	-0.08275283180485572	-0.04836481409480185	-0.10959254891520685	-0.204245458372638	
-0.1473065353760953	-0.011821433402930369	0.01226377264100561	-0.10073893567075659	-0.0670519955018648	
0.18512492217928966	0.3245883370365162	0.14038728316312996	0.11458519012597793	0.1919447211565923	
0.3262058715577603	-0.19118463625286525	-0.05350311089821273	-0.19719815907339075	-0.2928604018984088	
0.05419879210640709	-0.19547931223277706	-0.08609210764499302	-0.023994636892870607	-0.007781241322495146	
-0.0409162854203259	-0.21286395002569428	-0.11895339286509023	-0.038572848847603564	-0.018071772326897394	
-0.002068714848983647	-0.398677470237824	-0.12638962807527437	-0.33691061042308307	-0.16277626533094075	
-0.040250422065736834	-0.08326459609924865	-0.08042307618614213	-0.04622160428750251	-0.1038818075513771	
-0.2182743329967931	-0.2492406207057344	-0.28673222409448734	-0.04299573814209656	0.08234652762926449	
-0.058523713961575005	-0.2672677146463105	-0.02360978436139318	-0.18736869521280586	0.06044438200645322	
0.02207925798038808	0.08205914727807077	-0.056570723647715024	-0.038634139940202025	0.10320551319560889	
-0.05737542472259655	0.00244439768389415	-0.12131085835168329	-0.07795804561961665	-0.22324685556186555	
-0.05966067789003423	-0.03255539804650444	0.1503744423040368	-0.05707612278694555	-0.12357470355066591	
-0.003780739828702181	-0.11798037697948956	0.342566984664225	-0.03824193879353147	0.16196800499856362	
-0.3579638674129817	-0.4477670119408812	-0.2525591223726446	0.19796543961401508	0.18480543490245666	
0.16892459123318324	0.1627872376904558	-0.1930120982478519	-0.015023796101505511	-0.5513682856884443	
-0.35491928021993036	-0.453068096436791	-0.2327719268864958	-0.16366400522472913	-0.13756061088294397	
-0.21477329863478645	0.049508470111738534	-0.26413849194305855	-0.11077847010024629	-0.08284805423945495	
-0.13714640993140803	-0.08896866242574528	0.031854180508664336	-0.11153760028423637	0.008366158061296414	
0.08457112934002392	-0.07263915967733457	0.3894072064544168	0.026241241663999517	0.2822825874499506	
0.11524363182526019	0.2531726072491031	0.17157011972500674	-1.011240545755822	-1.2054154323286046	
-0.9477403285445448	0.10165116756247942	0.07569264370602319	0.19062209441600053	0.042888388022490696	
0.10259097587069044	0.188867205243173	0.1600582363431554	0.16108320972797693	0.14615955662241456	
0.10953466098669018	0.1161477841597162	0.11939385414425484	0.12391730006058868	-0.00393784576840712	
-0.009622037933071594	0.04414883909639748	0.07800840921281434	0.048488494721435065	0.3169971514101112	
0.3073922681463404	0.36735737488714765	0.16700580100214568	0.3198246704429782	0.14425052351500425	
0.025704843040215468	-0.0006471493438444532	-0.13914303173887207	0.08853252195283351	0.20511943782699676	
0.21277730749705562	0.05836357214253418	0.007116836124479328	0.02648967349085187	0.27649729716893456	
0.1732018437186308	0.12936299046337005	0.36480369321767936	0.3938202103523435	0.3102430431706798	
0.05413150657920579	0.08876473305071657	0.08286089788076975	0.02043657296431605	0.0258384503460814	
0.13025541095393614	0.005346076137685219	0.11048314394897325	0.08825870733434703	0.3728871045218554	
0.21790981890163058	0.28044237259608845	0.05843960500312467	-0.00904228219527953	0.014305355179549128	
0.1537571488584774	0.21265224166832	0.13647661975101563	-1.9509614213721327	-2.1063409840412106	
-1.8860023895638751	1.819558152923037	
