            A        R        N        D        C        Q        E        G        H        I        L        K        M        F        P        S        T        W        Y        V
 1 A  -0.0325  -2.1844   0.8766  -1.1234   2.5726   0.2115  -1.1234   0.4123  -0.1844  -0.3146  -0.4275  -0.4995  -0.0712   0.7511  -1.3543  -0.4493  -0.1284  -0.1844   3.2165  -1.1632
 2 A  -0.5586  -2.1844   -999.9   -999.9   -999.9  -0.9585   -999.9   -999.9   -999.9  -1.7885  -0.4275   -999.9   1.0987   -999.9   -999.9   5.2666   5.0415   -999.9   -999.9   0.4515
 3 A   0.4123   -999.9  -0.5973   6.0465   1.0987  -2.9585   2.8766  -5.2024   -999.9  -4.9585   -999.9   -999.9  -0.0712  -0.7228  -1.3543   1.5507   -999.9   -999.9   0.3864   -999.9
 4 A  -3.2024  -4.1844  -1.7672   2.6256  -2.0712   1.0415  -1.1234   0.7976  -0.1844  -0.9585  -0.8723   1.1152   1.0987   0.1073   2.6457  -2.4493   1.0415   -999.9   1.2165  -1.1632
 5 A  -0.5586  -0.1844  -1.7672   -999.9  -2.0712   1.6854   0.3505  -0.5586   -999.9  -0.9585  -0.4275   0.1444  -2.0712   1.2772   1.2895   1.1654  -0.1284  -0.1844   3.2165   0.4515
 6 A  -1.2024   0.4594   1.8475   1.3214  -2.0712   0.2115  -4.2933  -0.5586   0.9855  -0.9585  -1.3984  -4.4995   1.0987   3.0262   0.6457   0.1945  -0.9585  -0.1844   2.3864  -1.9933
 7 A   0.7976  -0.1844   1.8475   1.7067   -999.9   1.0415  -4.2933  -2.0325   2.9855  -2.9585   1.1277  -2.4995  -0.0712  -1.8927   0.6457   0.7206   0.5155   2.9855  -0.7835  -5.1632
 8 A  -0.0325  -4.1844   0.8766  -0.2933   1.0987  -2.9585   0.3505  -2.0325  -2.1844  -0.9585   1.7715  -1.3296   1.0987   2.1073  -3.3543   0.7206   0.5155   -999.9  -0.7835   0.0067
 9 A   -999.9   -999.9   -999.9   -999.9   -999.9   -999.9   -999.9   -999.9  -2.1844   -999.9  -6.0422  -2.4995   -999.9  -3.8927   -999.9  -4.4493   -999.9   -999.9   9.6741  -5.1632
