            A        R        N        D        C        Q        E        G        H        I        L        K        M        F        P        S        T        W        Y        V
 1 A   0.0151  -0.0016   0.0013  -0.0008  -0.0022  -0.0405  -0.0641  -0.0277   0.0015   0.0152  -0.0181  -0.0087   -0.006   -0.034   -0.047   0.0157   0.0492  -0.0152  -0.0581   0.0483
 2 A   0.0134  -0.0242  -0.0284  -0.0653  -0.0202   0.0566   0.0028  -0.0617  -0.0381  -0.0614  -0.0293  -0.0477   -0.051   0.1074  -0.0597  -0.0294   0.0243   0.0617   0.1359  -0.0475
 3 A   -0.038  -0.0158  -0.0403  -0.0298   0.0409  -0.0071   0.0093   0.0378   0.0485   0.0302  -0.0161   0.0268  -0.0039   0.0307  -0.0367   0.0327  -0.0019  -0.0937  -0.0141   0.1597
 4 A  -0.0432    0.027     0.04   0.0266  -0.0917  -0.0331  -0.0371  -0.0626    0.018   0.0449   0.0056   0.0025  -0.0587   0.0209  -0.0084  -0.0042   0.0583  -0.0027  -0.0053   0.0239
 5 A  -0.0298  -0.0658    0.035  -0.1025   0.0183   0.0027  -0.0113  -0.0673  -0.0086  -0.0039   0.0032  -0.0634  -0.0085   0.0739  -0.0479   -0.048   0.0138  -0.0315  -0.0232   -0.069
 6 A  -0.0511   0.0075   0.0384   -0.043   -0.041  -0.0399   0.0117   -0.042   -0.022    0.083   0.0398   0.0139   0.0003  -0.0143  -0.1309  -0.0187   0.0125  -0.0024   0.0752   -0.034
 7 A  -0.0605  -0.0063   0.0935   0.0252   0.0065   0.0195   0.0135  -0.0211  -0.0918   -0.005  -0.0029  -0.0229   -0.019   0.1097    0.029  -0.0297  -0.0057   0.0004  -0.0012   0.0032
 8 A  -0.0444  -0.0012   0.0298  -0.0184  -0.0337  -0.0035   0.0252   0.1111  -0.0068  -0.0612   0.0611   0.0349  -0.0056     0.01   0.0033   0.0024   0.1169  -0.0108   0.0176  -0.0117
 9 A   -0.022  -0.0309  -0.0511   0.0522   -0.057  -0.0227   -0.061  -0.0779  -0.0629   0.0886   0.0415   0.0395   0.0282   0.1795  -0.0477  -0.0173   0.0089   0.0224   0.0002  -0.0545
