            A        R        N        D        C        Q        E        G        H        I        L        K        M        F        P        S        T        W        Y        V
 1 A  -0.2187  -0.0462   -0.086   0.1068  -0.0316   0.0835   0.1053  -0.1311  -0.0229   0.0366   0.0303  -0.2122  -0.0799   -0.022  -0.1157  -0.1579   0.1664  -0.0129  -0.6384  -0.0524
 2 A   0.0586   0.0743  -0.0067   0.0341   0.0139  -0.0394  -0.0193  -0.1479    0.001  -0.2185  -0.1141  -0.1513   0.0839   0.0378  -0.0955    0.168   0.2866  -0.0073  -0.0653  -0.0013
 3 A  -0.0448   0.0381  -0.0875   0.0841    0.131  -0.0323  -0.0261   0.1422   0.2126   0.0235  -0.1997  -0.1162  -0.0141   0.0403   0.0286    0.106   0.1058  -0.1611  -0.0694   0.1976
 4 A   -0.122   0.0429  -0.3013  -0.0062  -0.2998   0.0725   0.0342  -0.1975  -0.0391  -0.0441  -0.0986     0.07  -0.1012   0.0213   0.3187  -0.1182  -0.1321   0.1328  -0.0202   0.1447
 5 A    0.071  -0.1363  -0.0899   0.1213   0.0299  -0.0509   0.1156  -0.0375   0.0444  -0.0883  -0.0423  -0.2639  -0.0963  -0.0462    0.183  -0.0893  -0.0408   0.0441   0.0935  -0.1607
 6 A   0.0958  -0.1001  -0.1661   0.0179  -0.3454  -0.1673  -0.0253   0.0079  -0.0856   0.1165  -0.1116   0.0985  -0.0075   0.1546   0.2863  -0.0558   0.0261   0.1499  -0.0225   0.2642
 7 A  -0.1974  -0.0773   -0.003   0.0183  -0.1416  -0.0026   0.1475  -0.0935  -0.0553   0.1194  -0.0524  -0.1319    0.069   0.1933   0.0323   0.1034   0.0883  -0.1168   -0.108   0.1279
 8 A  -0.0127  -0.0168   0.0397   0.0644  -0.0835  -0.0557   0.3099   0.1811  -0.0332  -0.0916  -0.0302   0.1816   0.0535  -0.0669  -0.0375  -0.0103   0.0794   0.0824  -0.0534   0.2624
 9 A  -0.0745  -0.1841  -0.0159    0.101   0.0663  -0.0019  -0.0271  -0.0051   0.0392  -0.0509  -0.1929   0.0583   0.1607   0.1082  -0.0212   0.1066  -0.0054   0.2077   0.3343   0.0304
