TESTRUNID EPOCH: 28 L_PCC: 0.869519108659976 L_ERR: 0.011040723833747459 T_PCC: 0.8254013085679032 T_ERR: 0.01463106156788002
180 LAYER: 1
2 LAYER: 2
1 LAYER: 3
28 :ILEARN
-0.22280961108406092	-0.33072167779369266	-0.9093052887742351	-0.2739412994972152	-1.1489056114772027	
-0.012598300824300397	1.2007291623863217	0.578110659632996	-0.5406280432853884	-0.6021946467903062	
-0.08786650091590585	0.19662697631093431	0.5564385312574751	0.5364979086849048	-0.8593421092336972	
-0.6380805591343461	0.19820333139373075	0.34745593219287657	-0.23593847157683426	-0.04427124555242728	
-0.3650060547226291	-0.3024120959660495	-1.0946046894324062	-0.42821826017208936	-1.3428474239583712	
-0.5057118728604211	-1.1467327370533928	-0.7731053000474879	0.03298380024141168	0.15019975731658824	
-0.8733997577705802	-0.5557427944690024	0.44221617130931434	0.1998877551812557	-0.2860395179304993	
0.20131611163355484	-0.9490333382209056	-0.011546042052689762	0.06792138211667692	0.3397738644520669	
-0.11475484067349011	-0.5725620792634963	-0.09602400890943755	-0.08821966989337245	0.6696332999440925	
1.0097997268180572	-0.10871866371713826	-0.0015405904965666013	0.6549924691249184	0.43566105855376797	
-1.483055903276077	-0.8862981517721905	-0.369906582149421	-0.047603417878209785	0.09384058731657906	
-0.3536921898476561	0.18187890644434282	0.12297164323621597	-0.8289763199909228	-0.39525255219768207	
-1.6187649535261666	-1.3852634443158636	-0.367921550398223	-0.4408573501567531	-0.67465019740395	
-0.4899712321366246	-0.09011355331541859	-0.4420677640610927	0.6673603129916333	0.847591646051833	
0.45796265758726495	-0.10137509019864091	-0.8473631150980664	-0.5424154192897941	-0.746598764594792	
-0.616294838628896	0.24786292791026537	0.09964493253013758	-0.19833086967844407	0.33449374025400685	
-0.7567714990723721	-0.772731400788769	-0.8304890466594824	0.13657038685038836	-1.3458996209891823	
-0.7031707214858692	0.5108677713486192	-0.3159867997790897	-0.14670016200497532	-0.07054461658067568	
0.3641506258576482	0.9636339334781251	1.3056126688231777	0.5831940918673129	-0.13971327512821152	
0.7603260394383753	0.2958297479922502	0.029220452281820648	-0.9400012949409797	-0.4392442497010201	
1.1953322103593456	0.20811279420755266	-1.6864663500733643	-0.364232337138699	-0.9949815257864144	
-0.8895072163647701	-0.4972507861506706	-1.0224200685021674	-0.38433168862793643	-0.5466026700370081	
-0.7441103002501679	-0.6560587688849235	0.9574185160631014	0.8593478570906518	-0.6161203938984547	
0.1036308879474478	-0.047594042961299474	-0.2673143303838254	0.03151090650674573	0.09373687613719929	
0.6396683350285993	-0.7174602054520208	0.30075231889509796	-0.46120245764463114	0.26330157076217364	
0.023963406844784946	-0.995423306662123	0.3777303363232856	-0.13103359996412411	-0.37068934162736566	
0.5734731904953737	0.5354283624534618	-0.6149278218393534	0.1631904036409872	0.0915383747557391	
-0.04230505766520847	0.24473882075691847	-0.2697476203162589	0.39036490152023146	-0.07754606885139824	
-0.09153340739270587	0.40562767818624385	0.36562660849549933	0.08360900733249177	-0.5255106469844681	
-0.337363978947325	-0.3010849310531414	0.17792781693113632	-0.15942286941290706	-0.6996918843741177	
-0.2942502288653368	0.4404386707529944	-0.2083514638347405	0.06566410227721327	-0.2656517362238566	
-0.42061979757873225	0.8642730429513056	-0.6383049618230406	0.6788501225453779	-0.1772756934400879	
0.08707332351485961	0.1550638638902472	-0.19112758391331275	0.06645294603324217	0.603812199903749	
0.4096074296363807	-0.2197430426189049	-0.07856020181818392	0.25223006833876904	-0.1025794556370641	
0.14212675423921223	0.14038405081144623	0.31674435789470096	0.10660668938860852	-0.592299449545175	
0.12978534500091302	-0.1863314694119481	-0.5868460197050263	-0.43187059929728366	-0.8085735237363277	
0.4474471109855787	0.41471847734015405	-0.6058756363143396	-0.33882544215678567	-0.19695023971612616	
-0.22776486534808682	-0.06717696681297547	0.17879790943540605	0.42393486499161376	0.3252127275825858	
-0.18174948911344216	-0.45784023788332534	0.43848715021096063	-0.3861354843197389	-0.22843214649422647	
-0.3027214719945336	0.335704722645204	-0.4257594159427832	0.2915242091349195	-0.7859197938346311	
0.596359540520616	-0.27198724437662375	0.12482804159614265	-0.3768714847251666	-0.9226185537224996	
0.3232893581195106	-0.11266655633914023	0.6078305822827232	0.42449660417340185	-0.4221269222045513	
0.24248208777137506	-0.3536631264136725	0.47636992116350746	0.0748851893223982	0.12132437507239985	
-0.3915816157938495	-0.05244265789934287	-0.015716825313686848	-0.19386050714946115	-0.03296496339317563	
-0.6263045658260873	-0.6672361693619046	0.9242360513207136	0.6388752751842305	0.13951471359544737	
-0.44508149601881714	-0.2063366848066501	0.04291135921751278	-1.047257620696293	-0.06398423499519043	
0.0358173357098983	-0.24560437980842179	-0.8278899562222565	-0.5776361195974697	0.19183982551344037	
0.31254078853732903	-0.27680988171117776	0.026989214307589503	-0.3663564387463685	-0.10759587487068004	
-0.10964872601808758	-0.5589693987817324	0.00909564813831436	-0.6250472611810066	-0.6566321464440298	
-0.09780452787019257	0.3630689856161563	0.2878759892594149	0.08089009085164747	0.01625013407911657	
-0.6401593666396586	-0.023004040542681414	-0.3788108688710888	0.16226744287099087	-0.5086620499009162	
-0.07427135453618565	0.11840873138266428	-0.11720669246163333	-0.1970003512003454	0.1696862426637939	
-0.04497404640940644	-0.12006996029231597	0.3951693156628969	0.9942799429558036	-0.6015221758267184	
-0.24398259361200716	-0.2578361160560019	-0.18878893279322528	-0.5900167736225183	0.35086113497041677	
-0.8636053917778531	0.09893476425267671	-0.9042316472410166	0.10641904320613009	-0.2359776364816299	
-0.042210804790973416	0.10021260130923307	0.12787399759458098	-0.32029495278719755	0.08820241319443407	
0.4792121814897736	-0.07290752029489077	-0.07723949079565624	-0.5315694644130278	-0.25341233898307713	
-0.3228128400771246	0.3856699979914971	0.6735488425337894	0.036724117916954756	0.1465619779359553	
0.24071266660808338	0.6659007116748642	-0.137953466770239	-0.29410899763761106	-0.7804050288792972	
-0.04573646846608716	0.24008920889648885	0.6226848588274462	0.37996142860370047	0.23055480739278214	
4.235743707343281e-05	-0.6786913357377219	-0.16930761822270757	0.5020668894906396	-0.529394956322393	
-0.3794599201018608	-0.0011024782400385707	-0.09640387093749979	-0.9292487694725121	0.07352155230734678	
-0.5113466915000896	-0.17711804199889294	0.2891668165247017	-0.52704351217666	0.07388183456518058	
-0.5521778365485216	-0.030491037692381873	0.15311724606527108	0.45019074036541085	0.22307091108444851	
-1.669532732158651	-1.5343012039375181	-0.08425163850053166	0.4890228106698228	1.0485870873270815	
0.9964543055637924	0.09437164632783365	0.5377713977845787	0.2126462716451747	-1.0484545674564352	
0.3369144707972054	0.4521387117176893	-0.8219536918299694	-0.43581409110345787	-0.01734830212753498	
-0.17921900718489478	0.7242595253261084	0.9319795013079706	0.09816789455553136	-0.15452003405430462	
-1.2328805474371218	-1.2238472971376555	0.6754072024928156	0.9633934396644079	0.4750488260571465	
-0.26920438682702286	0.5287653273482001	0.680588633290589	0.11830959455384908	0.21984367459906037	
0.17184343760158782	0.1760138611915133	-0.6094662365891599	-0.03324988238535131	-0.20199125086539685	
0.0678296935851016	0.6899345571027804	0.9972600901716516	-1.3186099186806808	-1.2281535712240383	
0.3833638061892974	0.20452561110365144	-2.275111016918545	-2.2627969357272377	1.8210053489554245	
