            A        R        N        D        C        Q        E        G        H        I        L        K        M        F        P        S        T        W        Y        V
 1 A   2.8278   -999.9    0.151  -0.5001   -999.9   -999.9   -999.9   -999.9   2.1034  -0.2704  -3.1315   0.2889   2.9182   1.4296   -999.9   1.3443   1.4874   -999.9   0.0036     1.93
 2 A   -999.9   -999.9   -999.9   -999.9  -1.0183   4.6084   -999.9  -4.1495   -999.9  -3.9055   -999.9   -999.9   2.3679   4.3058   -999.9  -3.3964   -999.9   4.1384   7.5721   -999.9
 3 A   -999.9  -0.4177  -0.2689   -999.9    1.722  -0.5211   1.3907  -2.2734   0.0915   2.9221  -1.3716   1.1402   -999.9   3.1443   -999.9   -999.9  -1.0797   2.7164   3.6622  -2.0877
 4 A  -1.6824  -1.7555   2.3394   3.9759   -999.9   -999.9   -999.9   -999.9   1.5823   1.5448  -0.0001   0.2118   0.6518    0.465   1.4047  -1.1387   0.1594   -999.9   -999.9  -1.0874
 5 A   -999.9   -999.9   4.9925   -999.9   3.1067   -999.9  -1.4893   -999.9   1.7339   2.5106  -2.5222   0.0541   -999.9   3.8154   -999.9  -1.1153   0.5345   4.1034   -999.9   -999.9
 6 A   -999.9  -1.4613   1.9733   -999.9   0.2499   3.0186  -0.5266  -0.9147   -999.9   0.8772    0.231  -1.1654   -999.9   0.0256   -999.9  -0.4176   -999.9   -999.9   6.3401  -2.2341
 7 A   -999.9   -999.9   5.1714   0.6356   -999.9  -0.0477  -0.9827   -999.9   -999.9  -1.0566   -2.249  -0.9795   -999.9   4.2886   1.3355   -999.9   0.1594   2.0553   3.4748   -999.9
 8 A   -999.9   -999.9   2.2465  -0.9827   -999.9   0.0902  -1.2178   -999.9   2.2716  -1.1918   1.5598   3.5031   3.4343   -2.087   -999.9   -999.9   1.2862   -999.9   2.0298   0.1299
 9 A   -999.9   -999.9   -999.9   -999.9   -999.9   -999.9   -999.9   -999.9   -999.9   4.4406   3.0815   -999.9  -0.2324   4.6235   -999.9   -999.9   -999.9   4.4712   2.5503   -999.9
