TESTRUNID EPOCH: 71 L_PCC: 0.8619676703630358 L_ERR: 0.010152628787488112 T_PCC: 0.6425070242192046 T_ERR: 0.022051201294924473
180 LAYER: 1
5 LAYER: 2
1 LAYER: 3
71 :ILEARN
0.10781736373057049	0.0008582543367750621	-0.014952475957018862	-0.1148512632712801	0.11344296812487523	
-0.01872959784320773	-0.08603426856714358	0.009990644100458003	-0.061600738086342845	0.09766008299541484	
0.1272892378593677	-0.02093632392344452	0.028578454718760655	-0.03463463708283934	0.12867839954417828	
0.14860169084663452	-0.06112239833435488	0.08321233670474738	-0.15363261455769842	0.1028944318093828	
0.15230378949369858	0.05760098647701976	0.017528907425888807	-0.029281882708421816	0.20613631851240619	
0.2377068511894789	-0.14305569150531913	0.0111517009207123	-0.17539438932415377	0.3010618827323804	
-0.18653815853863653	0.03331146405253223	0.009766936465434188	0.08366499702057127	-0.10536028771957384	
0.10284151441708418	-0.01899907670668844	0.15397545922853767	-0.20035397747295366	0.2545468716165997	
0.1720528359554232	0.019731161615887446	0.002614753429596475	0.004177847114999644	0.029780590209491947	
-0.21149811615589303	0.16158124689298264	-0.1612642432753861	0.09810741347417418	-0.33067605180483284	
-0.1377895046926581	0.055233197714419	-0.09449472586729195	-0.01856383595733781	-0.03781738599217188	
-0.298874702114404	0.10472429635762012	-0.219900495300788	0.1711728599016815	-0.2521835584305216	
-0.004777693770419683	-0.046271739783020883	0.08698841996570364	-0.06838472003165066	0.01234354330750397	
0.05051153030111483	0.018670061705409337	0.03503222611529336	0.06455275304273705	0.08259405869882651	
0.1744391962180598	-0.11077851313133283	-0.014938643099307643	-0.00999248710104146	0.1171080932435274	
-0.124529436565091	0.11364885517923344	-0.09597325284886338	0.10125667212413315	-0.08738678945436336	
-0.039904185023716086	0.06545069102687541	-0.026834021879745342	0.043750812630361534	-0.2056941260964021	
0.07917724363921338	-0.014381762025741013	0.09296800942967712	0.03268829956368963	0.024339144041824357	
-0.2727817286158536	0.17781944619772028	-0.13650506464844792	0.1657627379493776	-0.3019785964873746	
-0.11459547590138938	0.11233812394717649	-0.029418435951119617	-0.042684310336811956	-0.08529955915383326	
-0.05365715864450588	0.011820109212445633	0.06435552006689892	-0.01607472601299277	0.05482095302861289	
0.09756045539523701	-0.11992660604654483	0.1352153920829668	-0.004081877331078819	0.2037132611818629	
-0.06553189833093429	-0.07257285007422445	0.08651909260743271	0.03936363229798004	-0.0867999654555875	
0.05109261052049327	0.050775237692249287	0.08460490710929666	0.042304951725694345	-0.07514580760556706	
-0.04161694734877582	-0.1157151749403842	-0.058587525241171126	-0.0877645678159551	0.14454732751171784	
0.26400529200225537	-0.07552892625858372	0.2453915961578152	-0.22488924252697245	0.3022667067322723	
0.01715185429165758	0.09391914966393491	0.01220604385114199	-0.0962705421254114	0.060126534536123266	
-0.018536013325977856	0.04671145861644313	-0.0009513906434358512	0.045132041950775095	0.1004502075004498	
0.09156465211895826	-0.10582028271708466	-0.03982833897099062	-0.1367984217108068	0.022865847183771413	
-0.022046170622865437	-0.07818956763980346	0.07821777855943425	-0.03169538117391077	-0.014157541423413569	
0.10013038376394161	0.02579952619065383	0.13423818666188456	-0.18395738959109234	0.21712255717476736	
0.04876517081501858	-0.06091410377813625	0.01627178545465155	0.09400399781766247	0.06936576029800706	
-0.1033657783841235	0.02297650686191565	-0.0118678408249831	0.10643205049906852	-0.13341527972953615	
-0.20902235108519682	-0.02792277390747394	-0.09076549932853735	0.10728317247421104	-0.12273462908872372	
-0.03652751813556786	0.09772323088248977	0.015949043849159378	-0.023971765475289925	0.01018964382357937	
0.13741482655546772	-9.053708892175805e-05	0.014534287610929873	-0.1476328620742228	0.1007543696527527	
0.11469362145618303	-0.0899850126023612	0.11132714274672138	-0.14311403822536117	0.07546251036631774	
-0.0721133885325415	-0.005843999795423875	-0.057461094004922345	0.10810873638389742	-0.10866867791565511	
-0.6213751975214312	0.13631174369832735	-0.39627926907588046	0.426513815257174	-0.7057203913839701	
0.19013158583574113	-0.1356483778262088	0.01509106535853453	-0.046789797487283534	0.23288633031227846	
-0.0552011452334631	0.07371637566036975	-0.007499594779533781	0.141130124200768	-0.1733279557910448	
0.10273311575995787	-0.020733122867816072	0.07670502974696396	0.008361292059313243	0.23688951441436323	
0.13410050670914483	0.03546626750902964	0.019690483500879596	-0.1752264070707191	0.12838531824677143	
0.17338087252126363	-0.1702989225799834	0.20060197293450707	-0.06721215825662764	0.1430953411325251	
0.00033480925971330857	-0.05475773914422417	-0.037899052715650715	0.022616593415560056	0.05370393101904239	
0.07065766111093708	0.022702627491564417	0.06523307607412858	0.0747087352403185	0.05804467060792858	
0.10621791033073343	-0.05011268824741338	0.1387186193071561	-0.14279104948159724	0.1550054587598582	
0.13310886810377767	-0.13913791050566124	0.08750163919273826	-0.09272996066402085	0.21765591268913057	
-0.16454872129682507	0.13360931129995807	-0.07421141184151298	0.03696996884479684	-0.13270575752608574	
-0.1809865450258199	0.006040200518416602	-0.1461011302261963	0.1941258114773035	-0.2124080712338409	
-0.13232640026021986	0.11725113135275307	-0.059611737992603685	0.11973982915309406	-0.025717108454082177	
0.016114535137481588	0.037436738157421955	-0.010924879451013603	-0.01187270116802578	-0.03277883456547401	
-0.03382865710952538	0.10597841220271245	-0.004735103657998223	0.1017423031057926	-0.04236691416161193	
0.01600301512401277	0.009206431510849333	0.018758699211580427	-0.06568730471533434	0.05509281650567714	
-0.12997868861451992	0.014007645488364334	-0.0556941952753741	0.07034759520816711	-0.058131938727884656	
-0.03019209227383892	-0.02999206661582419	-0.05783839861480792	0.021910410381154984	-0.033922840272828325	
0.18386925557593742	0.040078718135107	0.09971178141942198	-0.11977521664948809	0.11380137107489542	
-0.03552058533441709	0.04926037961974588	-0.0074502360832947746	0.09782746789207827	-0.10659170459483673	
0.1341700343386324	0.009183672001285989	0.10111564236935983	-0.08759263744185192	0.1576092756382306	
-0.027994997788589566	-0.04587846914442348	-0.06100249342520479	0.04687364617644572	0.013240719530757051	
0.0033553025383933023	0.08856561885732114	0.0028651081341834746	0.03763226250773048	-0.11863132695805584	
0.0054386568046195715	-0.036215258710843794	-0.045613064994683414	0.012046317054862553	-0.018719862125553814	
0.10975298385662458	0.07486255100328541	-0.053139159303918854	-0.09476593433911838	-0.03188532391535677	
0.2108771876714593	-0.034072020534346596	0.07751586812827076	-0.19259636303092537	0.3607690031664197	
-0.06473933556212125	0.04595306224473546	-0.08082288118987388	-0.04040414374499737	-0.05737426603461314	
0.1468124306972058	-0.12198971034377806	0.11458359737128226	-0.09188324646145081	0.23206684786984352	
-0.003994392727815065	0.030802131432494453	-0.02186592804679085	-0.0396216578526588	0.1499461911793545	
-0.08296214232087937	-0.03893611448786838	0.08285886816428348	0.061165030232009115	0.025311072803595576	
0.04877052669725463	0.09841649403215179	0.04589921570844263	0.08168520523083836	-0.0931888832104846	
0.057440764144911755	0.030537358522233545	0.031333756940080726	0.038495291632432524	-0.05570403514756229	
-0.054008634954006124	0.09286218286533526	-0.1249169880843299	0.025356665668098324	-0.09275598363419302	
-0.07459728017278641	0.08720084029561405	-0.052992763907078376	0.0994962939782533	0.044181370399654606	
0.06430404193841555	-0.11184002312956069	0.1453689230476372	-0.0667209790024936	0.2436277815097449	
-0.03873611129278357	0.12330529757615412	-0.03787684254200013	0.044584290004728445	-0.16172362861339556	
-0.04343760176064686	-0.09048930543857633	-0.08106914504210855	0.05093627532393684	-0.13451438797149243	
0.03226327857674677	0.05640460271834238	0.07741913354804895	0.0070008839982419685	0.022089659480069686	
-0.04460329184780518	0.031548431120423166	0.0818186620871907	-0.027524770235709133	-0.09746101633561816	
-0.029353436797756642	0.04426959308681881	0.003844980939619533	-0.09921542893896615	0.027513684159346758	
-0.2039940980760391	0.12319031234792917	-0.13736285717688151	0.02355117368304444	-0.19963172888761382	
0.054383654554438686	-0.01600957976612442	0.038505881309197826	0.017536789221428727	-0.024076095892036103	
0.13042904033628167	0.05181666274163121	-0.06242436416580669	0.026389948977773678	0.05416139774608954	
0.1498395965632837	-0.07702719307514738	-0.006352327327161017	-0.12419813569325434	0.07242782307420494	
-0.08148177762873253	0.02879827149157387	0.05363692678384796	0.03783415373873728	0.03262152245453288	
-0.06478456560293461	0.08383206916876221	-0.03610577448626431	0.08921703040821136	-0.02574672003346295	
-0.16327557336805684	-0.04511065009588976	-0.15686981513733395	-0.02027595351466972	-0.11805166857329955	
0.01630120963826574	-0.12407754244518983	0.11437875419982735	-0.07408596504134052	0.16212678813650414	
0.26916649230230877	-0.1259421449265232	0.17327521495086695	-0.20892203216342603	0.44356129314839327	
0.04552082117265685	0.057745743208372474	-0.05016825228243264	0.010834906084092023	0.018542723876869005	
-0.07027798108698995	-0.05387965993244822	-0.04898748399126338	-0.025261273285477753	-0.04574539805605259	
-0.039655616655855506	0.10631939402230181	0.006982747359739639	0.01688895540034415	-0.19877605430573558	
-0.1863006230136635	0.081609542492369	-0.025659588312844643	0.18850426230320486	-0.1358494188092333	
0.10418876530738515	0.05971076527484781	0.01695799886962645	-0.09099013041699622	0.020384426946481442	
-0.14108081932950292	0.08836754464678016	-0.11377223352586628	-0.00047508724302487785	-0.027161299817430068	
0.0960911718308683	0.04591098487028005	0.027264021381690644	-0.08643344214199314	0.15564552855732092	
0.2617758122778596	-0.0917279320403013	0.09587075198977905	-0.1213826084571357	0.32767823622778275	
-0.018720800229496157	0.015433039451144607	0.11720269537265933	-0.14501090994874064	0.11117210148724904	
-0.11875721042094146	0.10387920176347176	-0.05595875340782104	0.09542770652947673	-0.1453553662416161	
-0.05836620041505456	-0.008212640913611378	-0.15106324663547605	0.07621084130758801	-0.15200380783637066	
0.03848649929694023	0.06791012521911997	0.007078963439300558	-0.07735484017390377	0.01957148074348125	
-0.0997981461181941	0.16567550066783918	-0.06079572966109586	0.2104279887510252	-0.27244805756770957	
0.043896978319297765	-0.10009555539633139	0.04783479319309163	-0.14761021795243173	0.20440157396184352	
0.03856637348658335	0.04205217298266514	-0.024869081799312125	0.0044105237983504	0.024196819552749986	
0.03289647919306522	-0.04195663292862241	-0.09022987854240064	-0.08294222664593434	0.05606591380691736	
0.07964761295778736	-0.029072847252700894	-0.015503269763913965	-0.04550672266749434	0.21129798134320313	
0.09490988057317093	0.006037817722111599	0.11138862283286506	0.05576368828236059	0.06175653959063232	
-0.06535787678942832	-0.08438036369499335	-0.06764724590323204	-0.01917907516591297	0.006405205757718171	
0.04665237443366325	-0.05136595097023091	0.058025577667226935	0.07740375169464445	0.004792590233748791	
0.02012459520012224	0.02406413174320301	-0.011855082425786896	-0.11428730243670523	-0.04851338403801778	
-0.004165520944137326	0.05538449321011376	-0.02074028020015773	0.004154638610304501	-0.08693052500948989	
0.11536241390901504	-0.034837176838968385	0.09039392001947795	-0.048453230049973185	0.2304048214243601	
-0.01999567966906266	0.006502610490956359	0.045024889385186416	-0.014662883426308075	-0.05966205704701862	
0.2258893352613806	-0.10106620998911471	0.20213319184935263	-0.1305592474054936	0.2966179553548361	
-0.13931428246852054	0.021231929284836363	0.03221631235479331	-0.066417815828493	-0.02137840471337051	
-0.10290493683167327	0.05371101237930632	-0.0067153605957368445	0.13333768313399352	-0.27212237229297515	
-0.07498621959567629	0.10036886325496655	0.020077902508904625	0.08257569979596635	-0.06479039936414005	
-0.01660320302025403	-0.020894723853373466	-0.00242899171393009	0.07454994047559271	-0.049595839908810155	
-0.03343312225861976	-0.018082658326204787	-0.02797508337410498	0.028165385799800463	-0.06552353746598058	
-0.014452534132784758	0.061539681822441905	-0.02929302746640193	-0.057261352474083774	0.053456901684353325	
-0.1644564030438977	0.10225494004120378	-0.028291368683403997	0.044921148451586346	-0.23621320326695774	
-0.18113974350582163	-0.010772000148768746	-0.112873939858907	0.005627014122105935	-0.2544141001919189	
0.08176960115019927	0.04449489551935991	-0.05517350721226394	-0.08459108351963013	0.014915867412527307	
0.08612308804544912	0.04428651107160943	0.013487241179492189	-0.038007268201003586	0.07230492372182648	
-0.19065971181793473	0.13957605390825006	-0.08139435003250539	0.10255223210659124	-0.3192726483519111	
0.08976624210304576	-0.06806650141644921	-0.05817352981823247	-0.01094436591390819	-0.019367554904085985	
-0.024150184028714036	0.029481794447685433	-0.039100308943495754	-0.006015602363361865	0.11230871634604583	
-0.05513849679158074	0.023490533365454733	0.05326924072540947	0.03521678124540197	0.012934185746199594	
0.050928627178872504	0.013839818636515821	0.14676867019614317	-0.07471050359976669	0.1870210805992399	
0.001033401078121966	0.03277025855740752	-0.002527372847580053	-0.08232475452346522	0.08666248575187496	
-0.14388334058119215	0.10989971593896995	-0.07307163976779588	0.06087194479316905	-0.09877217381078753	
-0.09228368255795041	-0.05195201612489854	-0.10171036831069064	0.012879188300786599	-0.07273062839923315	
-0.09790650235130963	-0.032783927120632	-0.0004872432923961566	-0.002503067997867203	-0.01579268165589814	
0.24490071507183767	-0.1170153998745197	0.10264211474516971	-0.17387006068999508	0.37837590823659084	
0.11816523727196761	-0.00017937226369421763	-0.006706748496110146	-0.07934300972925813	0.09459745846685247	
-0.08967454689808203	0.11880020318478328	-0.1811534563242345	0.1752566525786537	-0.2541855332856995	
-0.08728589262263851	0.07825640411650212	-0.12321546230808808	0.16453675639853235	-0.17910833453715055	
0.1332874674243414	-0.04851358665851561	-0.06732946307984093	0.07220608598363412	0.1093833982145559	
0.01788655920226647	0.012426791608269405	0.020566841542647218	0.0697332520183218	-0.045345774227601124	
0.012569213238445398	0.06898379374492515	-0.0059484866356098055	0.014288419289523797	-0.01784190826299231	
-0.029988327825093756	0.03448921127041655	0.12785897361015436	-0.08994653667654473	0.02818732219343881	
-0.030656281517733964	-0.052862769542246585	0.09056846596657143	-0.014043304828222492	-0.0062520604701749435	
0.055985882324266906	-0.08629660888480242	0.11062111538492564	-0.11444094514964902	0.1755229969365404	
0.05002487738163237	0.04748985542808072	0.028887884493312904	-0.06317709343360613	0.12382815434392715	
-0.1381090845554869	0.02718467950243043	-0.08972194248332684	0.08344684874897687	-0.03189088222420217	
0.1900692758844941	-0.01587298680297949	0.12006890661367418	-0.10182807500408854	0.2117427242109517	
-0.0404401444034345	0.09337240883293192	0.002585027191263899	0.0748397368240609	-0.04012631601186761	
0.1286803730849111	0.018415400907491476	-0.003371137321585557	-0.07549886463887617	0.26147570821953064	
-0.005677703437116301	-0.05343478111636364	0.05629652735035221	-0.03859114011405066	0.02782363814702825	
0.1752092224056851	0.026666962258699287	0.11340196257724793	-0.05897795069548766	0.13448704707502232	
-0.08544070530977832	-0.014385783467921931	-0.16058399317400748	0.21260411673600785	-0.34648299041587555	
0.23538638126059938	0.009575213505969427	0.10240653058549196	-0.16369283374325402	0.29819096855333777	
-0.29047120418329314	0.04103126799331864	-0.12325935739903196	0.2676220325916685	-0.3630324850856458	
0.1879305799745051	-0.06742413209170857	0.11046612600075942	-0.10889781428632189	0.16405031025454192	
-0.07286282293831088	0.09636802061134747	-0.04873757467311022	-0.07126561800250415	-0.0836011843222863	
-0.27947521873467834	0.11858730615295754	-0.13155298277431152	0.19614602975191844	-0.25432440502687004	
0.08173175691307193	0.03235704795460067	0.06690436174775119	-0.029715375451727696	0.050750011784270695	
-0.028556142341890432	-0.04363878424391793	-0.04016574401497265	-0.03736260584561449	-0.005351265746560103	
-0.07924488639184682	0.1258811326487528	-0.07497748710559929	0.1390387454390546	-0.059592120806544434	
-0.063718905471572	0.08772061645302026	-0.001802999281846084	-0.019654047576705278	0.00493013926625149	
0.05206126197027901	-0.053540938462496586	0.01038229271964351	-0.006329242081976827	0.04990175551252071	
-0.02430978782451699	-0.007835544898518896	-0.04385570261399082	0.05903798409237372	-0.05590484955877907	
0.13325424757340976	-0.08454721972106645	0.05404379377644775	0.040623780363902885	0.06213833377662516	
0.12870137319827288	-0.05914618386571832	0.05110750700083155	0.009031691807715885	0.00834309974630894	
-0.09724649748845665	-0.016655207525860777	0.0876963783713468	-0.03139437803391869	0.055948859096520004	
-0.06505273743451852	-0.031609432739509516	-0.07108045583238065	0.043354162829275206	0.03986152473936283	
0.037699463589783766	-0.04932079310274007	0.038472024324681775	-0.05454049181681009	-0.015070176813732059	
-0.025615575666462553	-0.02893841767597556	-0.08846903855174873	0.02632932537318794	0.04146332053633989	
0.022717738900567122	0.0296625512326249	-0.06601185715654845	-0.07011064021222752	0.00283500870517657	
0.07506654527090781	-0.0632093116905556	-0.007432176258348022	-0.014213533194019412	-0.0005421628160967307	
-0.06769784590279762	-0.031511871773037894	-0.04762391917929596	0.0689053886458958	0.06006644915528034	
-0.24852062463480556	0.1260864811009705	-0.23412218327787596	0.1675015248609002	-0.3613539372382881	
0.06198704960512747	0.046675825224241865	-0.02548355603336364	-0.08090099568212826	0.05324258782125448	
0.21184719150272507	0.05017722172114239	0.10653409706822616	-0.14092053523880863	0.1952593701415723	
0.10559967576125744	-0.048323715800444124	0.043807302610036805	-0.05518089120425521	0.20676704628782927	
-0.40002244800723097	0.20065080415962844	-0.23371716776773094	0.248958408623832	-0.555123537979522	
-0.0894010914664021	-0.06010089077228773	-0.015449467671087819	-0.07849822476296647	0.02473408219954036	
-0.09040148719022655	-0.043075223798611575	-0.08779266377606579	0.04070386622101624	0.03369123351789641	
-0.02428388134987955	-0.06236114799403576	0.04940096580598902	-0.03192414184690655	0.05906023348112857	
-0.03425606280878769	0.02187999539350161	-0.11037921644057548	0.06161241091490596	-0.0782180016648909	
0.3996977928683723	-0.18498881743531104	0.27545562406182195	-0.3157946652239468	0.7043031224781041	
0.0695768938053229	0.019938409431224196	0.07282842821220656	0.012871813265878013	0.10845281263601804	
0.08069186068912275	0.07615111204955476	-0.07815300815798286	0.031171206245173028	0.23361350485920818	
-1.5651841250029668	0.7691319885659715	-0.890855398855915	1.3485402578166015	-2.2155542769982524	
0.4696528905890034	
