TESTRUNID EPOCH: 87 L_PCC: 0.9070119227040162 L_ERR: 0.008313842705489308 T_PCC: 0.8676938088013486 T_ERR: 0.011680270933124313
180 LAYER: 1
2 LAYER: 2
1 LAYER: 3
87 :ILEARN
-0.5801419961173885	-0.41705409034156027	-0.5838922743835264	-0.09444878739180419	-0.4465830722227999	
-0.48455539337928505	0.4186147994924272	0.18693906332525537	-0.12454579502664868	-0.24969480522690174	
-0.4553222061527244	-0.24800358502762185	0.2783719727255129	0.6300146834195662	-1.0857336548216354	
-0.329091754814609	0.02331853876042689	0.1937817988397669	-0.30971241389505433	-0.6854215628223821	
-0.3033401851496072	-0.18071395832586307	-0.8166800121994073	-1.1582574172504083	-0.30030481150387617	
-0.22835696995425558	-1.3719351379374978	-0.9607077860568544	0.05437644996068976	0.34515372902052893	
-0.08461861602293684	-0.2952058813529638	-0.08645319835075242	0.1753586830137552	-0.0903812158431264	
-0.05335613931925264	-0.3558673687741171	-0.19182878171666445	0.0214403470135451	0.01222464150946478	
-0.3306877264993242	-0.45326402436178137	0.200475577973775	0.3746022866821755	0.1364294361161574	
0.276712947476205	-0.30370327673076725	-0.1521756448110875	1.1340416372692694	-0.07553199349092178	
-1.2799495491439639	-1.1528072966538032	0.28815236916821163	0.23358746379342069	-0.2168742293475429	
-0.03116406211776127	0.6834472038006405	0.31786658609804597	-0.7527257083010044	-0.6674587996626992	
-1.7207358933002235	-1.3006506265301403	-0.6164791449573059	-0.33742108765552764	-0.5157966712498494	
-0.5282355518033349	-0.30041262436292326	-0.11157956576430118	0.20627169575906504	0.6030460249815727	
-0.5912714873125219	-0.5861680887105629	-0.5972317534040826	-0.23031930733347014	-0.4802536777411209	
-0.3614029368167541	0.6605100108141235	0.36875752562797953	0.24899037420843106	-0.04539544362349675	
-0.5301681445192166	-0.5354333119513283	-0.2834989458132927	0.06808524359106545	-0.28683509955988784	
-0.12321782825836301	-0.8617322003237352	-0.7903537518713057	0.05346805496407518	-0.1932765710871914	
-0.2548180960683537	0.16607862097207104	0.5843346625984713	0.7014585017344035	-0.04111555484590711	
0.5375942145169671	0.1611365620182061	0.31471993287007655	-0.19049193638553052	-0.18792480082078633	
-0.036221427260064915	-0.2770709566210818	0.40981068079452154	0.6147771386531391	-1.1988148173224966	
-0.4049955983690062	-0.5202578030791117	-0.37439393240743	-0.7933211558986039	0.5580806550986911	
-0.3169090171279724	-0.5749564770010511	0.6666806765822577	0.09591679631207946	-0.030884817607657638	
-0.8309405102582068	0.03309874035604145	-0.24605073763093344	0.6278393454018864	-0.0626438003442937	
0.13927521821717107	-0.21437784740710297	0.20804382468873445	0.21536825880619317	0.2842562062067477	
0.0246195105307512	-0.4221931570591025	-0.44863865336397557	-0.6048083205147134	0.2383130698979236	
0.27922277586916894	0.5652653467966037	-0.21938342820231505	-0.9488707619516525	-0.23702799800033397	
0.13629429079579705	0.15701894812832753	-0.03877205807592877	0.11110588257215759	-0.3990987499615808	
0.463292622630211	-0.23705127678072865	-0.002638909182427568	-0.0939084596930278	0.08713801435708306	
-0.5997889741684415	0.13363583747612018	0.11524312373688933	-0.06591504030949254	-0.051990620285939274	
-0.3830040191589283	-0.26681400387611043	0.06871743890981968	0.09132110330450963	-0.8120886555532704	
0.2511514138639561	-0.18155798994140088	-0.06726720661616922	0.2772361761124253	-0.3945060932895641	
0.12840780991820414	-0.2811091998619874	0.15004782720165416	0.08370037349666638	0.356987303096943	
0.0006824098491820695	-0.4947642062050452	0.060164251068067005	0.01466175713589096	-0.41641346963402226	
0.08485514711131656	0.7001699318966934	-0.04318818885553229	0.004375336768681074	0.1609732891231473	
0.1188459751802849	0.015426838688598742	-0.2383446823589677	-0.3445884027139506	-0.3866882795225821	
0.029812783655298807	0.2118041523254282	-0.09461491546440928	0.014716328227613932	-0.04631164135003882	
0.21908598227304069	0.004111032882663077	0.19284194622353198	0.10403594265977122	0.4129065998352205	
-0.3518645673020182	-0.43154793072413056	0.8609532010349572	-0.35688864873727777	-0.2677277191330607	
-0.3597854930531311	-0.2780537940028483	-0.366667707047049	0.30906347157371306	-0.3622585043449687	
0.6976055212598474	-0.17703181985509714	0.19796580061783117	0.05074435705655491	-0.7591910121445873	
-0.09964133381543484	-0.018605577266337908	0.13892958639553935	-0.02325376188636574	-0.05945227499904682	
-0.3896972646567432	-0.3816073557438922	0.31293398606315614	-0.35512500853292966	-0.011052488457881366	
0.011639414178703067	-0.011921827566276943	0.11929553055475892	-0.28711631205606536	-0.5354065241239386	
-0.05277552448437694	-0.6590836864444946	0.550519444193543	0.16674758543829152	0.09726956963108757	
0.3576958179636421	-0.22903339464896857	-0.5416956565313633	-0.6179746078360553	0.471754034976044	
0.17646889548938197	-0.10434762752567198	-0.1694550023652939	-0.420553024828853	-0.14463600371123947	
0.34755619093970713	0.19161703780233497	-0.22250888642136477	0.031062815478194748	-0.33102693627112667	
0.16357335700948877	-1.151637497888346	0.1492966477686477	0.20004979525001945	-0.1080694045854068	
0.26283985146521927	-0.1281721979020972	-0.11450734071838894	-0.4846131313800183	0.641105529402602	
-0.31205298069513215	-0.07414727561431957	-0.5050417369458223	0.15281204150393146	0.5573042571341401	
-0.07122458649844723	-0.23329848778079434	-0.26292355751593455	0.06883490830424538	-0.44212139456676935	
-0.12126336493540361	-0.13283284338895773	1.065888098252494	0.3592887252095906	0.05108534567799147	
0.010717496308684201	-0.43216364980138094	-0.2657667771232545	-0.3538504550934103	-0.2408089345162738	
0.13221938763270666	-0.16894083683301792	-0.38486967976513337	0.20981143223952953	-0.41895778409953344	
-0.14206220585328688	0.29628685869316757	-0.40255055417140506	0.06686185864782498	-0.27024286847627776	
-0.26249689651192704	0.2688232502854652	-0.17858561218806998	0.07646666125761291	-0.4420239499772895	
-0.06113328010907554	0.27722619539284127	0.6077214604693919	-0.13925177598308053	-0.23849568413112585	
0.22325046846785362	-0.23329947395381448	-0.565421010252135	-0.47107918925774345	-0.3284406578401092	
-0.1252247307792588	0.30632461924379756	0.5273537906461806	0.4533738592149432	-0.1490424049857278	
-0.411048140215371	-0.4479935822649106	0.2757534488200933	0.1516195118574147	-0.010805108801917408	
-0.02229981627393358	-0.28129233546185606	-0.2814681415671504	-0.6239194325061352	-0.19878131867657498	
-0.20956176390752593	-0.30855884667480304	0.36807117897717945	-0.3681659093873958	0.18167255180225608	
-0.45352046394315937	-0.4979190108480139	-0.42050247451062334	0.4038350717837208	-0.004829321381649383	
-0.9947577174022947	-0.8920201298485583	-0.13863576915385847	-0.15084110324236458	0.7667248965078963	
0.6033188736189985	-0.15209772179262693	0.23858945878807475	0.7755398717262703	-0.6909411186346404	
0.17190990333607747	0.05605731826578835	-0.6164563811282697	-0.4737120162071401	-0.26065413864145304	
-0.07573290245054781	0.39311243710926536	0.47356127281813454	0.0027369400878706263	0.00021264562392801114	
-1.2680560170066726	-0.8869365872768931	0.9422058967470088	0.7147113780430553	0.11500818263601034	
-0.292426903689008	0.14288535534259109	0.5822365785499045	0.45592996597181945	0.20469080143029117	
-0.6292860267925106	-0.10608204584621964	-0.366345330794233	-0.09903821658173328	0.07969845165486432	
0.30430685382072303	0.21890567474096423	0.6142500840146033	-1.4109213211009959	-0.9358760060729049	
0.4620363960845288	0.24224868820495118	-2.818299127923999	-2.3500212776076466	2.410117836099429	
