            A        R        N        D        C        Q        E        G        H        I        L        K        M        F        P        S        T        W        Y        V
 1 A  -0.3451   0.2254   0.2785  -1.4944  -0.4635  -0.6679  -0.9563  -0.7038  -0.0857  -0.1317  -0.0895   0.5066   0.5793   1.9991  -1.7038    0.211  -0.1419   0.4406   1.9024  -0.4234
 2 A  -0.6288  -2.0211  -3.1329  -2.6912  -0.7737  -0.6102   -2.761  -3.5887   -3.087   1.9226   3.0778  -2.4999   2.9049  -1.0431  -3.2121  -1.5113   0.3125  -2.8122   -2.033   1.2078
 3 A    0.132  -0.5096   0.8365  -0.6328  -0.9323  -0.4168  -1.0465  -1.4227  -0.0068   0.1099  -0.2197    -0.05   0.7115   1.1802  -0.1614   0.5136  -0.2616   0.5264    1.789  -0.1028
 4 A   0.1759  -0.2078   0.6602   0.8024   0.4565  -0.0875   0.4773   0.0598   0.3034  -1.0314  -1.2362   0.2949  -0.7341   -0.157   0.5145   0.6531   0.2708   0.5453    0.307  -1.1479
 5 A   -0.273   -0.081   -0.424  -0.1601  -0.4302  -0.1862   -0.283  -0.8793  -0.3078   0.4344  -0.3247   0.3971  -0.1018   0.5376  -0.5132    0.018   0.3237   1.7815   1.6293  -0.1372
 6 A  -0.5067  -0.7229   0.3148  -0.9499   0.6241    0.328  -1.1701  -1.2507  -0.6896   0.7882   0.7416  -0.9408    1.046   0.9942  -0.8717  -0.2212   0.4685  -0.6843   0.3262   0.4617
 7 A   1.2586   -1.088   0.1838  -0.3185  -0.0941  -0.1918   -0.534  -0.2365  -0.0203  -0.3193  -0.6099  -0.6324    0.069  -0.1742  -0.1226   0.8046    1.027   0.7742   0.2689  -0.3995
 8 A   -0.179  -0.7219  -0.3423   -0.401   -0.787   0.0536   0.0593  -0.1412  -0.6451  -0.4447   0.1217    -0.45   0.1281   0.4968   0.1798   0.4809   0.9204   1.9579   1.0719  -0.6247
 9 A    0.046  -2.9501  -3.3419  -3.6868  -1.8541  -2.6367  -3.0645  -3.5176  -3.4996   2.5809   1.9813  -2.0373   1.1048   -0.659  -3.1509  -1.4529   0.1223  -2.9713  -1.9682   3.1119
