TESTRUNID EPOCH: 99 L_PCC: 0.8851780549472162 L_ERR: 0.0014208514537345375 T_PCC: 0.6776572115394921 T_ERR: 0.004098712748808394
180 LAYER: 1
5 LAYER: 2
1 LAYER: 3
99 :ILEARN
-0.001398267046945322	0.02567106040045557	-0.10846807741744795	-0.05601151138344334	-0.15143434945428544	
-0.24849883681968676	-0.07194144902586228	-0.19471748744315537	-0.21136997201040225	-0.1750917353646166	
0.07637720461356189	0.04754618292098474	0.030009712471303476	0.17839588455835464	0.02373648884610388	
0.16140499506477296	-0.0036467968177881726	0.13163612264296495	0.09094175401515438	0.1257937618084768	
-0.0035905736673330375	0.10185944440940432	-0.12394667600409943	-0.08687220396131184	-0.09772201163285718	
0.11841221936078244	-0.08992380121664323	-0.04814690528207889	-0.003803914187412771	0.1446789046824038	
-0.16459177515339646	-0.019995933123471428	0.006204688900665797	-0.05121443774328685	-0.015835842580884402	
-0.10789746449116126	0.021992921408907937	-0.04512434458992341	-0.2194181724257596	-0.12154268306576264	
0.11294706405432024	0.05977688513832651	-0.022254660906780646	0.08563487056993131	-0.004113680589066773	
0.10772867963545707	0.10972120021895138	0.0825849120759916	0.03589960237775726	-0.004801149641669477	
-0.08898244643113778	0.052270765615536396	-0.05452635086510021	-0.08918906393597036	-0.058285564911539946	
-0.1527817045375722	0.014008079138860813	-0.13765262767380798	-0.058660677820813974	-0.0470513158755914	
-0.06431293657568564	-0.007461305575629995	0.06292299576195584	-0.034552222229843145	-0.1083294211178643	
-0.13445966573146456	0.035077265564932604	-0.1658553377439723	-0.12970523919785265	-0.21939148765933353	
0.1265076916588777	-0.06797991092076208	-0.0525200884118438	0.10046310576326012	0.002095764638670274	
-0.1479631960630503	0.08079671079996667	-0.11328832059419001	-0.06276898859331727	-0.11624005555092319	
0.06263432062205535	0.029860280016553543	0.037028911827385776	-0.07090382403591991	-0.1097189078937128	
-0.17303471544163124	-0.06783187869822752	-0.23609907700093513	-0.25583323446653283	-0.342147169526166	
-0.039422289311071994	0.09030839990239345	0.02513561139586394	0.03397460491786589	0.039231047999086006	
0.04230327299161698	0.10154245735319072	0.11786498578493772	-0.035891706431984444	0.07326144033986684	
-0.13942289647186684	0.0097440562529056	-0.05213515945102823	-0.15924602313116928	-0.08173175473519147	
0.17768575101131298	-0.110989082689792	0.19467996042405689	0.1729077282845863	0.21713323282949606	
-0.03314853560657776	-0.10539579902405154	0.06182519259344953	0.03320423952372972	-0.12550841875991733	
-0.29552619856045065	-0.06234265694902224	-0.3376400724523475	-0.3791469870788303	-0.5945048388979809	
-0.32781836027636124	-0.09297787820702154	-0.39087995905198786	-0.3902335455786668	-0.3874526959894121	
-0.1629679452191503	-0.06168414290359449	-0.15735282459258296	-0.2983633214915174	-0.34907167151392815	
-0.9476604366328012	-0.10011059124121621	-1.0268178135390564	-1.1876226176434692	-1.2427738211471997	
0.10038193974037428	0.08893236902728069	0.09445869763310763	0.19100728231184316	0.17342371240022186	
0.21977899303834114	-0.07945805004988486	0.1023891743729442	0.14579739124998103	0.13114221230127535	
-0.03818662459738093	0.01199659984443974	0.12350658057911405	0.08262124168489066	0.02267753899701771	
-0.023017247942597612	0.13382305332994948	0.10359968593230243	0.023083818929937095	0.06518156532166458	
0.05886685998724467	-0.10543249761626577	-0.0333855188899649	0.06805266559160614	-0.009246670970814691	
0.028701443040597924	0.03571824654696418	0.1460684925123763	0.1715638579329994	0.05771411319537835	
-0.25259497070326337	-0.042939614617900336	-0.08729550018293317	-0.10688955991480682	-0.07134875857181892	
0.19356658724091044	0.12962420273214809	0.23147186174624998	0.18930237527995333	0.24517479505445594	
0.255014847165041	0.0501226234733345	0.11211785545832778	0.10847677567968984	0.1819987290978761	
0.2148090469570053	-0.033185579090975414	0.21246107335441744	0.10736666129299627	0.17413013008668524	
-0.09781947933049097	-0.048707186615598974	-0.11979885991787971	-0.18082957635705793	-0.11428558119235785	
-0.010344492287641746	-0.049118106392976375	0.13061184414919538	0.12731888248187187	0.19923434598721987	
0.004598915097635171	-0.0496211515677517	-0.11324381633748862	-0.04757508118065645	0.03793383840569464	
0.05923637298890347	0.013558558694293218	0.047204378672285476	-0.007622256972704947	-0.054226933163018076	
0.10755058334742376	0.04916210657090414	0.14800638968082538	0.23054043428808776	0.22846339629826679	
0.016844602469546898	0.11008465105442632	-0.004009893974017844	0.0027543516071664364	-0.049885584671450815	
-0.1311552725661588	-0.07104618040323953	0.025091952690697427	-0.035515219727755565	-0.24015570910556017	
-0.18750705106068746	-0.05738446676673685	-0.26263730522614015	-0.14903571164449564	-0.27680219899193975	
0.11645875519606172	0.036089104918227526	0.1608446758154176	0.13619973970393534	0.14067062453349105	
-0.21046054939489509	0.02260469521374406	-0.0976456163929859	-0.2662469348619323	-0.2661697257009552	
-0.16436864355274836	-0.08436252879454226	-0.15723888432720662	-0.17326106619288006	-0.08768951329896152	
-0.06712752119073294	0.08179657848821845	-0.01206206305385149	-0.06240157902885185	-0.05116680762758066	
-0.01116318166794148	-0.11181338512674159	-0.11784848793285874	-0.09255840622942206	-0.05038374999265957	
-0.016156871610567794	0.07188281074572697	-0.010363593894768616	0.096546402959989	0.03195934094435104	
0.11801401824532506	0.04170549224969342	0.124935473158086	0.052697703684990424	0.11163867134418022	
0.06021969697499831	0.05094212481125605	0.008046404855639951	-0.02058589084353445	0.00211935196136212	
-0.15687371814424966	-0.017115568375743226	-0.24091903725320735	-0.2557975508395959	-0.3038509378733509	
0.0610152749685334	-0.010500665418207869	0.12117919769958471	0.08728641532745532	0.1815333679601828	
0.0076812408262516155	-0.044616306140171896	-0.02658556233501502	-0.031690368693247935	0.03912015971688066	
0.1427618792160928	0.0888904556681338	0.09144746597542998	0.02266506643628095	0.009857263901929597	
0.1149884839733676	-0.001911045850163567	0.046326428531730114	0.008234022681564876	0.020809521151199353	
0.10325258171830014	0.03538730488708359	0.060154687609667426	0.06541794053206892	-0.00312593773452571	
-0.09369632670423371	-0.0393730424877062	-0.15188290362824972	0.0038149575832135334	-0.15653635431418036	
-0.04282219843854549	0.08363841430646587	-0.045593527850754566	-0.11960335245114125	-0.20866421584014047	
0.0005556284644131351	-0.014584380905313362	-0.05592083079687356	0.0216252269979827	-0.04027887280693153	
-0.012747738647704007	0.09600344194222929	-0.1582969347128606	-0.2063478432836928	-0.21294954819989334	
-0.0873530918918103	0.037184233687672874	-0.15796225305561212	-0.11513406356362202	-0.01592929989080536	
-0.06364001515644467	0.039668170578666215	-0.10885436679453259	-0.1626454409477372	-0.09342845247540439	
-0.06240840917674912	-0.05649606772480069	-0.06831841268638424	-0.07662578675625635	-0.04865355076714978	
-0.0644162638532155	0.06381673510776466	-0.06607120534062225	0.05350138739361872	0.10746875163986008	
-0.2012835203286725	-0.027955655696212285	-0.04165075582753631	-0.11555622118635467	-0.19964808889812202	
-0.030693572062167548	0.09625742035273281	-0.06256529435584832	-0.08860184115485642	-0.24999757233734765	
0.0019000599463518647	0.03384428931617765	-0.00534386480224466	0.024299370077905138	-0.14548196406521455	
0.0235336515069258	0.03377808735474919	-0.08094951917899372	-0.07155412227415356	-0.023298683535294122	
0.034597812959339884	0.08176085799590325	0.04316258727590456	0.11527052802238803	0.16554043247680134	
-0.0799795254401718	-0.07696549236459145	0.03474750870588149	-0.03715240685151815	0.03987850554042837	
0.06405253025639444	0.09174394659146566	0.021468510940999566	0.039444671000114444	-0.056192652295955416	
-0.0736433528779201	-0.09760991803489152	-0.17021926444832927	-0.1016139365694146	-0.16851596064080795	
0.059968573943928204	0.08609257823169184	0.1386680274304516	0.12061333674613109	0.04817053668774234	
0.13597392429170352	0.016989503393711844	0.2653476225969285	0.1170168295310912	0.16946625775197238	
-0.10919936709809282	0.02818306581301726	-0.13882666177952716	-0.20164699789586105	-0.22840262214721388	
-0.07083901836077729	0.04614673097999615	-0.09163424342097057	-0.1292714613253707	-0.03166494123837649	
0.038466005503177685	-0.02789286450477165	0.032046522237935	-0.02432619902906	-0.03386604578879249	
0.07237465001025614	0.08842722238583912	-0.086306540239381	0.07174404483319687	0.05393429615487975	
0.13038338352695067	-0.04029592588885136	0.0020665095925518095	-0.012414759162412893	-0.005440628738121037	
-0.06609927630778535	0.008995577972221691	0.052996343347157505	0.06319536092939085	0.05953821959032802	
-0.23498418414645098	0.040766761517831415	-0.26269416279713786	-0.2146970550666757	-0.29674525224928844	
-0.0442798224636254	-0.07099535381073128	-0.08688870703552488	-0.07008224987264651	0.026546417902326053	
-0.18429769495519294	-0.09240323487937936	-0.06555325732811901	-0.11662078305020236	-0.1237330575368438	
-0.06686065889778889	-0.011341796478916442	-0.07260595613134639	-0.0655379772798176	-0.052947398902808834	
-0.17157303735563675	0.09295098835569524	-0.23306340718099683	-0.14353661087116515	-0.25895207622486693	
-0.11772154182121058	-0.10943664108097222	-0.1733262314897888	-0.2600665195029898	-0.20752083432439938	
-0.11790905601056195	0.03591998584865232	-0.1589555463219187	-0.3319566545055684	-0.3282698589499369	
-0.21740993809657655	-0.021654509567912456	-0.14164606426944218	-0.13197361988484566	-0.1901699482390209	
0.06283495246817336	0.10340472591003669	0.011042846000850759	0.004464790718691753	-0.0605195677826286	
-0.20426678475902277	0.035771895454756765	-0.24050337469506194	-0.20097133692367833	-0.11897714964545826	
-0.07063520200208784	0.0848403730963212	-0.103265495992222	-0.08252509267277996	-0.11358263949627376	
-0.006700335865403609	0.0004400894954524262	-0.10535641370984292	-0.07021686419549175	-0.06803449241296437	
-0.03457360172269144	0.06465983886387247	0.17840206478378695	0.021262035339641702	0.14727173929762194	
0.028043158069739244	0.08134364386508207	0.0876617226008301	0.13804952239664453	0.13186228002907002	
0.3582116642412281	0.010773091991135924	0.24171293957284123	0.3609016742891817	0.33794758235571776	
-0.14341513769046735	0.09019061492945059	-0.17739049798476675	-0.22532147752344003	-0.24764423098043564	
-0.026315505048871486	0.08108463552363591	-0.06587745368420199	-0.053280698606680325	-0.17790571890224322	
-0.018491554473704798	-0.04216362266688397	0.05721143650176687	0.028417269214466363	0.1272940711274778	
0.03505641093862654	0.06604731870195288	-0.03316599879530421	0.05813338621158811	-0.009562288753417802	
0.0911407517314995	-0.030567415064003223	0.015506976573085016	0.013230661184205206	0.08392031626247691	
-0.1878558403973723	-0.017343690169379346	-0.22947831262633606	-0.2497087291737873	-0.25206770519182337	
0.019511495528038124	0.020689261018312897	0.032223331120806414	0.010322284073155122	-0.09182213128664482	
-0.0403392059128481	-0.07732633066099376	-0.040217928701298554	0.028339672089523982	0.01935668607981803	
0.07396082136350803	-0.08265369523444144	0.05678517676904055	-0.007081744817614772	-0.010881172699293217	
0.03191468504978454	0.0653041792377846	0.04285171021662186	-0.07086902235413431	-0.023943324358600353	
-0.10034936619457197	0.01733131448579461	-0.12355642907231044	-0.19068295042146619	-0.24389914970961382	
-0.1010684802164764	0.056627111253746656	-0.0727280201214595	0.07417906803199728	-0.06777695771633992	
-0.09085085850043693	0.011039929498287873	-0.04820007095041624	-0.09712587331656478	-0.17003375009814778	
-0.015243689590044615	0.004172471937723729	0.058142085495088675	0.05186081948419526	-0.055612433491480914	
-0.04080684736969787	0.012000598095058398	0.0938326051743721	-0.042160864354696896	0.11942969052947225	
-0.062447596066210496	-0.014873639175449666	-0.09848112350370074	-0.12744046930120162	-0.29317270514395155	
-0.010470799864469575	0.06753157461915275	0.04593735506386764	0.013619203099680614	0.0403533584583149	
-0.04138565673238069	-0.03203266533526011	0.007401741528638548	-0.029268038133973526	-0.12603220838377693	
-0.005087473302799146	-0.05986373358597305	-0.007637385766569298	-0.11788586261833896	-0.05016426465928111	
-0.034125332867092815	0.0592463522249715	-0.12485660182685317	-0.06481042101501724	-0.024234929742045268	
0.09300327331701912	0.033080408194981904	0.11395819015927654	0.043900667692431866	0.052070448727615626	
-0.017133836101841826	-0.06779406943296001	-0.008320249575312792	-0.061216519807250035	-0.029534642376822212	
0.15627156822636384	0.07817506285113987	0.046505782503726646	0.09081237048369134	0.1057465599154251	
0.14059402362447296	0.05968997154574833	0.06487493305417297	0.006683348898202412	0.10192376321698372	
-0.09196913658309719	0.06756819142671688	-0.022678259879225192	-0.12399823753703873	-0.21618023751470308	
0.06638578130864674	-0.07038808563585765	-0.10765907157099071	-0.07191651319755703	-0.1020141890514529	
-0.23611680443246397	0.0503718125160806	-0.26205136279125113	-0.22435468041086642	-0.2293308089000939	
0.004129233676609296	0.029615661165742175	0.09725098308830976	0.10355223700046097	0.09575556877331046	
-0.005180178965338039	0.05128297060020617	0.10656184687827079	-0.010681999448203902	0.05268498163229839	
0.07358878710288672	0.08355758444981988	0.11882772124889272	0.15423059519400134	0.14504870331984876	
-0.17130061538035807	0.06173958462360519	-0.14366310855220604	-0.189660754920133	-0.25679445038378795	
-0.08685458709430222	-0.05349609106794657	-0.09513737571221981	-0.0014605492356287353	-0.050519929318967684	
-0.01503355120842112	-0.07276107224577434	0.04819407477404412	-0.07520602831367822	0.0916530641922737	
0.0001661689465804023	0.025474909991159627	-0.015735765816545542	0.1365914746687834	0.023437044297322858	
0.05656253731507369	0.05696583713288122	-0.026642405997535094	0.06584016976811205	0.003260816703867403	
0.047529402913547576	0.03387124892659146	-0.11873623859938204	-0.007192308550829639	-0.20819742980298828	
-0.10302748844902765	0.0014238127245004976	-0.21939154451015996	-0.12184901234838814	-0.13355116009275264	
0.07425339043008444	-0.03973975686568661	-0.10852302070430796	0.061395745199738914	0.026111465126565064	
-0.06762352780998196	-0.001910163293070563	-0.06713683905022519	-0.08124287413441236	-0.20720831348204466	
-0.1175518837988591	0.02444232905578226	-0.22837649169932214	-0.24196824501721495	-0.2614842666561566	
0.055968243530137525	0.04367641815378798	0.1887783818888815	0.06955281663452186	0.02919408545504995	
-0.04923112853741941	-0.03060152064366569	0.09073213567745957	0.02581252939351839	-0.02296569211137009	
-0.24416193922237625	-0.04238000365777188	-0.15222143355093817	-0.2310622208212325	-0.2596300472321876	
-0.11357877667177348	0.08319215911456103	-0.07050197176363039	-0.1539833728214342	-0.12837156903091884	
-0.032507557143696394	-0.0095829278330205	0.014049499898916542	0.03464105391992208	0.12696697817014538	
-0.03423157780887882	0.056143970327325855	-0.03739975862591872	-0.03003373538687418	-0.12053041674940096	
-0.06532747318205519	0.09242826298617397	-0.0512705433077129	-0.04106078027358279	-0.11130970953258021	
0.05799907940396148	0.07862660126497187	-0.012034507518224616	0.08603520213461885	0.1612337733485121	
0.022138581351850855	-0.05016026919509009	0.08790163542265796	-0.04008632363155753	0.027934310590080457	
-0.031854349082780085	0.09479922784693218	-0.01769297057639294	0.01888014122360255	-0.08270703701610019	
-0.004645088325837431	-0.07713904476435243	-0.13384520611945047	-0.029069042864661453	-0.14683643644337233	
0.07411679367865737	0.059053967163936925	-0.053839280584260504	-0.0774722446366553	-0.02542515485226667	
-0.05034438173528399	-0.08655125788352143	-0.029656728238767884	-0.011403181366148474	-0.12574028011131136	
0.055485881558480145	-0.003964690015563481	0.048579944955682894	-0.039453659584182565	-0.038739320273357115	
0.037286562071837004	0.08701256966278467	0.024458651604132145	0.02137923637390805	0.017221972264577175	
-0.03646139410155114	0.049453909570993604	0.011394713515594214	0.0732676863552418	0.020906598253744482	
0.03269545394071822	0.03527219430616091	0.03674213627125354	-0.016526132432214406	-0.006919287953515698	
-0.03961826886373549	-0.03304860980527284	-0.01785123822376331	-0.007396739313105303	-0.028852277095417878	
-0.11832998800446212	0.08094453491165214	-0.09208294110435146	-0.03165850948528431	-0.12177073260624215	
-0.11062023979456308	0.06394631704764239	-0.09942276865005824	-0.17880631698625268	-0.1520699287162433	
0.06433816543000205	-0.016159449318616657	0.01956264580008611	0.09743728553762991	0.03307622403527291	
0.05249510774599117	-0.049973785470928546	-0.03163221492028718	-0.04630184182604586	-0.04637730108999758	
0.11943542169577052	-0.05461520260250778	0.049895053102832015	0.10311583977691967	0.03210650422260337	
0.16275772157095092	0.007625427074372487	0.11812677870695994	0.14672996223405058	0.10755381019341272	
0.032497118797779875	0.01804955866922556	0.20371363482798577	0.09246397852095094	0.21762782443692738	
-0.021122175429103492	-0.008599801655334706	-0.051276588655037314	0.06682929792135305	0.07927359926768383	
0.02315617475167144	-0.06356817400261212	-0.01976217318599939	-0.130818217907785	-0.1252040671894583	
0.013807402335278428	0.006098520874777548	-0.03485324621731483	0.08131678092522127	0.15051683548756586	
0.0034931720156592422	0.06097320184119362	-0.07842254700332318	-0.09056979346356639	0.003810973152111756	
0.021595470800829807	-0.04063523615870998	-0.08510303698411896	-0.10045184573817963	-0.08114591961109506	
0.014416424368872673	0.012972342348328647	0.059290080655590556	0.1891380122663253	0.20443455524440007	
0.020901708441931635	-0.03256129338285965	-0.07637584041756817	-0.0071606978252172606	-0.09558280960143492	
-0.3811511634343882	-0.04943911694668	-0.4611343712645745	-0.6212751599078365	-0.6600028994553103	
0.13866253899224618	0.1525141843050885	0.0875333103073684	-0.006975240847979713	0.1663525672472429	
-0.11162103722801356	-0.061257411793408705	-0.15517261299470514	-0.14948660559679744	-0.12981370665992342	
-0.1722090486464547	-0.01206816522571977	-0.14067144685234653	-0.33468748728528586	-0.2707228733176735	
-0.07512232095024554	-0.03370592611370422	-0.018257549496760905	-0.0926688198576499	0.01695648299564809	
-0.10308653740953454	-0.020280257877689126	-0.1221467473214389	-0.010690955241928281	-0.003676457563389246	
-0.06290987138206193	-0.06740072377149779	-0.014869665716165046	-0.11340667830090871	-0.03577254292169026	
0.010176191122160252	0.028946280209978283	-0.07102431133797141	0.06474828898316876	-0.008074921794755347	
0.22860115052142965	0.020900042473718218	0.29523584490576615	0.37628783328511595	0.49407613020626795	
0.11673704681083896	0.014372167173229849	0.11902679725125791	0.19690666567328774	0.06737126639857724	
0.10169178458326464	0.08054999088937996	0.12004812837453743	0.33187420273095575	0.31671275992799003	
-0.992313798650815	0.22933557179209418	-1.0757964584706916	-1.3360191798952066	-1.5584207076187808	
1.9002499889435698	
