            A        R        N        D        C        Q        E        G        H        I        L        K        M        F        P        S        T        W        Y        V
 1 A   0.0473   0.0011      0.0   0.0004     -0.0      0.0     -0.0   0.0122  -0.0004      0.0     -0.0      0.0     -0.0     -0.0     -0.0   0.0054   0.0002   0.0158   0.0007     -0.0
 2 A      0.0   0.0001     -0.0   -0.002  -0.0074      0.0   0.0946     -0.0     -0.0   0.0004  -0.0008     -0.0  -0.0006     -0.0  -0.0004  -0.0001  -0.0009      0.0  -0.0003     -0.0
 3 A     -0.0      0.0   0.0488  -0.0009     -0.0     -0.0      0.0     -0.0     -0.0   0.0053      0.0     -0.0     -0.0   0.0159      0.0   0.0126   0.0001     -0.0   0.0003   0.0005
 4 A  -0.0001     -0.0   0.0003   0.0006     -0.0      0.0      0.0   0.0005      0.0  -0.0004   0.0609   0.0122     -0.0   0.0013      0.0     -0.0    0.002   0.0053      0.0      0.0
 5 A      0.0   0.0054   0.0012   0.0002     -0.0   0.0154  -0.0004   0.0001      0.0      0.0  -0.0006     -0.0     -0.0   0.0087  -0.0002   0.0122   0.0025   0.0243   0.0121   0.0018
 6 A      0.0      0.0   0.0006   0.0058     -0.0   0.0008  -0.0007      0.0   0.0002      0.0  -0.0018      0.0  -0.0009   0.0049   0.0174      0.0   0.0005      0.0   0.0126   0.0431
 7 A      0.0   0.0005  -0.0001     -0.0   0.0122      0.0      0.0      0.0     -0.0   0.0211   0.0013      0.0      0.0   0.0006   0.0052   0.0028    0.037      0.0   0.0024  -0.0002
 8 A  -0.0004     -0.0   0.0002   0.0053     -0.0      0.0   0.0122  -0.0009   0.0001      0.0    0.018   0.0009      0.0   0.0001   0.0004      0.0   0.0225      0.0   0.0005   0.0235
 9 A    0.001  -0.0001     -0.0  -0.0029  -0.0001  -0.0008     -0.0  -0.0033      0.0   0.0001   0.0284     -0.0    0.001   0.0174      0.0  -0.0016      0.0      0.0   0.0446  -0.0011
