            A        R        N        D        C        Q        E        G        H        I        L        K        M        F        P        S        T        W        Y        V
 1 A   1.2537   0.3792  -0.2091  -2.8868  -3.0103    -0.39  -2.3404  -1.3504  -2.5478   0.0842  -0.5522   1.7697   1.5203  -1.5733   -2.184   2.0571   1.2265  -4.5777   -0.303  -0.0157
 2 A  -0.4246  -7.0199  -4.6056  -7.3317  -6.5757   0.4377  -6.7848  -6.0757  -4.5747   2.3933    1.036  -6.6966   1.7893  -0.2812   -7.269   2.5096   3.2496  -4.5682  -2.9482   2.1449
 3 A   -0.975  -2.1835   0.3592   0.1382   0.0185  -0.3105  -2.2317  -1.8653   -1.454   0.6883   0.4383  -0.5921   2.3611   2.6034  -1.3516   0.8777   -0.868  -1.4279   1.9109  -1.1279
 4 A   0.5049   0.1057    0.649   0.4153  -0.6192   0.6231    0.187  -1.5827  -1.1666  -0.6079  -1.0783   0.0748   -0.005   0.9823   -0.078   1.0287   0.3201   0.2787   0.0467  -0.4642
 5 A  -0.5372  -0.5839   1.1661  -0.5575   -1.761  -0.9162  -0.0006   -0.899  -1.4481   0.0018  -0.4604  -0.1839   0.0068   0.5413   0.9625   1.8375  -0.2923  -0.4737   0.9982  -0.1726
 6 A  -1.3117  -0.0946   1.2982  -0.9039   -0.863   -0.753  -0.6786  -1.3879   0.4372   0.0787  -0.1891  -1.0663  -0.3624   1.2712   0.0348   1.6172   0.7656   0.2916   0.8096  -0.1644
 7 A   -0.799  -2.2074  -0.3624  -0.5137  -0.3795   -0.982  -1.9092  -1.7504   0.4231   1.3129   0.7115     -1.5   2.1189    1.767   -0.659   0.9352  -0.2186  -0.0397   1.5012  -0.5931
 8 A  -0.4058  -0.0804   0.9446  -1.7235   0.6894  -0.2653  -0.1837  -1.7176  -1.1558  -1.0346   0.1723  -0.0189  -0.3659    1.213   0.5865   0.9644   1.0212  -0.9161   1.7294  -1.1075
 9 A  -5.4717   3.0991  -5.9463  -6.6265  -8.4605  -4.5206  -5.1368  -7.3233  -0.9984  -7.6987  -6.0248   6.6198  -6.6501  -4.8744  -6.8272  -5.9237  -6.3665  -4.1774   4.4691  -5.6953
