TESTRUNID EPOCH: 11 L_PCC: 0.8961164814697318 L_ERR: 0.009258232820224236 T_PCC: 0.8618676315785927 T_ERR: 0.0121070688513151
180 LAYER: 1
5 LAYER: 2
1 LAYER: 3
11 :ILEARN
0.1413720760949853	-0.3483044401848267	-0.3794060866151396	-0.10868552083020222	-0.6146885777040091	
-0.2448926936570212	0.0412230193162448	-0.049365347744013986	-0.014845112956457093	-0.20814661237292623	
0.498732877980088	-0.06556453082550102	0.1374149772225135	0.02600295797995586	0.13127445793380552	
1.1219560490153595	-1.264931425296895	0.42108065361745445	-0.23642272956598795	2.1745100888947575	
0.2822929557344419	-0.41690802237347613	0.14057789542330631	-0.04934110427938584	0.8164576735889435	
0.07309832653828024	-0.0685097833129374	-0.11940414564606822	-0.08146527269852763	-0.00020133591958637666	
1.1203871787139985	-0.7307990203923944	0.5875821095195174	-0.11360706934118242	1.3088983824089704	
-0.11037376104076707	-0.04290408495580057	-0.029139026313543096	-0.10362794473019778	0.05645162174615904	
0.05415133954852272	-0.2713808374371061	0.017671910381129058	0.022808460299673036	0.039726229180885794	
-0.37459631942358423	-0.462404764455476	-0.03643843626778624	-0.15689297047542466	-0.37756419270414143	
-0.3099180935311073	-0.015459576618947393	0.018255710028334732	-0.14220482144710708	-0.32730501949112706	
-0.4688091842094674	0.4643088476795657	-0.21957934670301382	-0.04117807801698553	-0.22796996611838805	
-0.6967374671341613	0.34839861346829304	-0.3653945491276312	0.06102363824031556	-0.8639051630654493	
-0.6013108074638857	1.2587230837329648	-0.460928611438109	0.1430241475729181	-1.0495586904086842	
1.297382674415586	-1.170902002981801	0.41031867418461465	-0.12349437890248283	1.7877890257316613	
-0.687208329154845	-0.35068783173117446	-0.39992482086824155	-0.022925286563692016	0.27308654264697607	
0.16946013649538746	-0.06887117835775033	-0.0017183751976838015	-0.04285404302335903	0.14660543432915732	
0.11168988329370909	-0.1613003651255366	0.10534676940838719	-0.0074246337424718825	0.46893006440852636	
-0.44825227595513734	1.0759043956091054	-0.3459476383378741	0.05861349743616923	-0.9943373391403764	
0.005977278527075353	-0.24554728201894793	-0.01922427056386144	-0.14688846902661867	-0.10194969409219028	
-0.050721100180790936	-0.06723251460978054	-0.08502531408535223	-0.030318498378539924	-0.05898930534474353	
0.6500053226221992	-0.6558816789679951	0.26103666335938425	-0.028930246949428123	1.187253578549609	
0.6888825860561333	-0.8667214025564668	0.4837587595610271	-0.08566119807891949	1.2449395002751498	
0.18367329247902064	-0.0075210809779167375	0.13451427100702332	0.027788001864543038	0.12942912510852814	
0.8189295454745726	-1.2224140540255053	0.20941053756381434	-0.1980441832814652	1.1762248486700069	
-0.6230666455339214	0.4572602408127351	-0.32830412539369913	0.0111682650132212	-1.1271278852742717	
0.7434604674999341	-0.4002438768235833	0.2774491396056617	-0.1722925581733646	0.9988040352560199	
0.44313276654569816	-0.5137963205084358	0.15942293034099855	-0.015553819326989328	1.068629769113022	
0.986259392917716	-0.877818865886092	0.2266644018605973	-0.18615711603456125	1.2226597595472097	
-0.6482796099343899	0.05071861674057196	-0.3908449853943926	-0.02244796017821444	-1.4328105930289496	
-1.92782244800558	1.2787014118773241	-0.45494538764361	-0.3292822965629058	-1.7188474486466827	
-0.09953168846753586	0.10715461326634211	-0.08047217525952839	0.10985538114159642	-0.08106892929040284	
-1.3887738281163369	0.8876738019861191	-0.7115659167597816	0.10034369211750678	-1.9928053257723954	
0.19909177477254	-0.2823487101102268	0.13419807019740615	-0.007058961765497228	0.5239872187355785	
1.12944214276386	-0.6910585257693344	0.4102490189254066	-0.13941400812351562	1.3829585994801916	
0.19406867549330742	0.17314345524259725	-0.04584088259716384	-0.08116197510906865	0.04829109348359752	
-0.27728168629695105	0.28331508231056673	-0.028513706934016374	-0.09036202561471224	-0.5208885486927635	
0.0545870603210627	-0.05831574644563116	0.020611818359527717	0.006126365512422874	0.08325390855799783	
0.6291385716422524	-0.590260980818123	0.2786611978654085	-0.01822403675512947	1.032208931029183	
-0.8447973708716671	-0.3217799123828694	-0.43803187526631693	0.039584694576863366	-0.44425971490020105	
0.3318023564615204	0.30519371105493914	0.31294428162636456	-0.011386888374192291	-0.5294778129518077	
0.47246995823819127	-0.6148057103752581	0.14814812766682017	-0.03694384517867266	1.1870636167177553	
0.4043980627580549	-0.05709205976747434	-0.0248835203116253	-0.19674837237645906	0.22401424114734914	
0.21904835975171738	0.17323212732264626	-0.19134936684835302	0.07151628937365555	-0.0959484381290458	
0.11261609225646749	-0.7342960680311913	0.11803019511058815	-0.042996633154115546	0.6941501503389105	
0.3446165379237239	-0.06539393587546098	0.18654805417442122	0.025602236862431734	0.05240779502810487	
0.4671966826364169	-0.7825072747716613	0.3891712246118719	-0.1700022703446633	0.8761033503660005	
0.048070607398858094	-0.2851447284021251	0.04419126088438102	-0.05074647291051113	0.7681040744460043	
0.3983233510813158	-0.2847815317232049	0.19306547120052178	-0.1264694234429032	0.6628999157846037	
-0.37883333805655484	0.09694752989065208	-0.3013303294116933	0.03760428199106294	-0.23251724386197295	
0.07063535334324718	0.23305946557118726	-0.23626736894927966	0.008324363228498482	-0.5662695435487236	
0.9381614814704798	-0.49651935131404573	0.4236259802958428	-0.162231389534918	1.2693632322251578	
-0.5356519111163679	0.9977811748579494	-0.29039744783368837	0.10095658533036228	-0.9112415633753745	
-0.6487722138490173	0.3142630470590109	-0.2597016814667486	-0.04233114741081417	-0.38898026658764356	
0.195918873302697	-0.570924980071827	0.10472512639665377	-0.04699852794139325	0.38316177432449455	
-0.06954345244928085	0.01452288027398193	-0.18784252014585912	-0.026212660560859073	0.2013718374331894	
0.3431374933656063	-0.17760882726421912	0.015175186602787294	-0.10046291744170442	0.3917904590770387	
-0.6860460323301684	-0.1561725445858292	-0.2304242939798263	0.028773989304829804	-0.5514563660775452	
-0.7248782933222985	0.117293056785542	-0.2149950188921646	-0.01144538566815135	-0.385861941193262	
-0.030878027472152708	-0.7993241865803855	-0.03911309575202381	-0.010479741006599604	-0.16019116671610834	
0.26475396639288906	-0.12875758666941697	0.15792312510449244	-0.06302587526939162	-0.32635492751654566	
0.7325135706090133	-0.7481152161991929	0.12889822211514187	-0.06122574522399985	0.38640719688032305	
0.2731015800397177	0.013133665936214201	0.03623091588740556	-0.13012407704886572	0.11864990491706619	
0.23545825416431487	0.6457923323012599	-0.4167586412940867	-0.05303489749685418	-0.652119924935657	
-0.20231634313741226	-0.14000347232602947	-0.14092356034331313	-0.10539609015782815	-0.24897814934245924	
0.0016858537236559379	-0.2932612919645889	0.09464172150084278	-0.031976890265177436	0.24512459321922792	
-0.6657857711822514	0.027973019997588697	-0.39806891678040707	-0.028167416742654158	-0.28241224602330767	
0.03964081942150722	-0.061740462280228364	0.034253061369264086	-0.04079713510659858	-0.028979229568938794	
0.5081731677692415	0.0989832632628341	0.20125598605649486	0.03271353098257183	0.09757725582536933	
-0.10278854829254722	-0.7786181212912084	-0.03699833031584398	-0.03044316703717217	0.30205138337339815	
-0.34139408204748406	-0.4384632299748619	-0.13779295090072358	-0.13410168444690854	1.0653152627634561	
0.09185455720391271	-0.442199294176324	0.06269681563560293	0.003560738244609814	0.12830427099715022	
-0.19639778674856628	-0.40478070180835796	0.061876069310450685	-0.034793111747503214	0.2929704740710124	
0.6635692566461628	0.25351104070613595	0.11732328633665519	-0.031268682325462746	0.30867645227378854	
0.26010145927920253	-0.23598881027971583	-0.1351186152838099	-0.0014023339615001256	0.09775501676406545	
-0.07815385998695944	-0.06816783920034945	0.18359648989494778	-0.05011261810974214	-0.2991423491428931	
0.17700785954541104	0.14501025485592597	0.09507866895253488	-0.07782502057795135	0.06432709801520112	
-0.398987322872194	0.18367492177973435	-0.09401876784690524	-0.08009565560979193	-0.14337734065890137	
0.012792573432046494	0.37041959438255473	-0.13696388264006715	-0.08540099766924875	0.38833566326754254	
-0.1901775116341463	-0.43534080114923873	0.06347522361734485	-0.08647318646348982	0.879621566818783	
0.12488644596691675	-0.6657545223881017	0.08786263651683479	-0.10672165026988284	-0.12196378084288674	
0.41008682531724416	-0.07135961940708488	-0.10709172786508131	-0.13864601218850572	0.5843247202556286	
0.4355810512003302	0.17557970550219815	0.16277472956305705	0.01806002574772695	0.5872245861270238	
0.22694715243545271	0.1824526292857962	-0.03311147307214564	0.03559389804052141	0.1325401107884769	
-0.17061834352217584	0.09844288966563193	-0.10699367657904771	-0.10361605248068043	-0.2259891672597917	
0.02786244057317656	-0.855761326966751	0.13283095536299486	-0.12465924262366053	0.6271265335390843	
0.31541929474083247	0.202755057701627	-0.060054687827315455	-0.03506292083866937	0.2738439740270859	
0.16956301863641723	-0.20188363425598685	-0.23467072303891054	0.007026627785975139	0.531679461703016	
0.22683118658080056	-0.021455275776857616	-0.038560627942124885	-0.11189923322203872	0.015631883559906013	
-0.30517187379099353	-0.04667275585274467	-0.11307317325490818	-0.13861273282658879	-0.18744761760870585	
-0.4646179774827621	-0.4481139687793814	0.06174145116359546	0.02686681254400795	0.3914716735114709	
0.5351463031150906	-0.2961675840004568	0.12038164932296916	-0.11726382894055512	0.3174358927584241	
0.0279803559387302	0.001679358576756864	0.014792301970287355	-0.0866298555643942	0.04924975532694418	
0.4307262667775093	0.45841721981288197	0.026922875198956944	-0.004524833285810146	-0.8345245238632182	
0.769449751642166	-0.2659678099050032	0.08880828226398775	-0.08040842060414263	0.5779432502632251	
-0.14437953947562931	0.09131480198028828	0.13688641995310497	-0.11252029837061603	0.45766149555882146	
-0.7689927665893724	-0.7552066941933864	-0.2537166576339149	-0.11984179934043998	0.7499648269176	
-0.15736683776389784	0.29268166328265793	-0.253929266397761	0.07252085636129112	-0.5151154077874812	
-0.09447342144945713	0.29370789997106606	-0.07392916157986727	-0.009561415943737534	-0.7846742506608281	
-0.5338800476358663	-0.6529621504527734	-0.03912806542529179	-0.028898779521554542	0.04428501499983718	
-0.018630933998653128	-0.5775292883482845	-0.06372783717491413	-0.14454038418030998	0.5100759209048441	
0.5084857361644086	-0.6106236862595305	0.06010282727164002	-0.04170412016942258	0.6798342948958895	
0.2899781785135012	-0.23780840256112548	-0.07965860222511355	-0.10648704788456716	-0.4893880120974834	
0.30561728302164726	-0.4283454676676838	0.0821631183022839	-0.01789800317939112	0.2663430463832044	
-0.025044299045527983	-0.15324740242618606	0.1439469384039704	0.06623956120763191	-0.04257354599940055	
0.1775640770398041	-0.4055234994557035	-0.015947160378864306	-0.07315176004024987	0.05947762059623482	
0.13755523252920482	-0.21933570111438752	0.11902778086441493	0.0023458399091617803	0.5672901166135452	
-0.1451678574762732	-0.34870059092837036	0.04765105753973381	-0.18260233697975617	0.8206398879175819	
0.35145305411696814	-0.13020446936592375	0.1072251999622121	-0.03790281025994331	0.29191105400329326	
-0.2733551734546407	0.629849691620425	-0.3262212118279309	0.08253882335006155	-0.16470664036558424	
0.09942880210004346	-0.45732756578434597	-0.27691387757702546	-0.12642955342243792	-1.0950032511467922	
0.6284674995846029	-0.4346206145220624	0.3377281474052402	-0.03066897043503182	0.7816644690923733	
-0.18932991421123854	0.1448130374243596	-0.00772098237340562	-0.09818928608617761	-0.03644018752548635	
-0.397874882835143	0.18930929289385712	0.01992666653868129	-0.000540426849571996	-0.4293223765331584	
-0.007636159542384105	-0.247506086601551	0.08092146437922933	-0.0276331564026286	0.08084895038149358	
0.038478156950326664	-0.11823746348701208	-0.10540211805780492	-0.013473482946743835	0.27991764032839417	
0.09050567540326449	0.7073506704752246	-0.07042613198270062	-0.023973368660320828	-0.004627088079342174	
0.21710995265206984	-0.06565137517071881	0.07458982699059227	-0.10260265545510998	0.5696482579195872	
-0.27605187378813556	-0.08307984085781617	-0.03304932868641447	-0.07089881124462517	-0.04307974745333788	
-0.6387368422915497	-0.08826290211967702	-0.2512916226047643	-0.20454292112093683	-0.23834503026854448	
-0.7926239861644423	-0.993778642141462	-0.4161138880938076	-0.20259844044782507	0.04022576959101658	
0.669364845998144	-0.45535508384980933	0.17037998028854096	-0.10671558943004338	1.154288315000324	
0.5657655931486857	-0.00079024063041484	0.39499563148211936	-0.06610267915567371	0.672427206723974	
0.6154400979348232	-0.07409598757417407	0.004537743725181535	-0.05317067408876843	0.193847934808653	
0.2183015334036594	-0.16031713531545624	-0.011747182209589455	-0.0123442839794203	0.35481021886892294	
0.11722580141367424	-0.12317434114176164	0.11926581864219239	-0.02474248227569423	0.33356667259730044	
-0.08300814074389144	-0.12340375360300677	0.11696212207268361	-0.04744349335497871	0.05133302132861596	
0.34672503899328727	-0.6813879454514427	0.07191123714521766	-0.13261244732297564	1.0918366036364293	
-0.23327071197182633	-0.07251030226001712	-0.14460282330451973	-0.016144405082139896	-0.12290191072283427	
-0.6174893631864975	-0.2105059471173496	-0.3939271595497199	-0.05480447631104607	0.159436762222087	
-0.14603116905808675	-0.4295211599214498	0.10921752827150785	-0.19625978093493188	-0.6958432172792053	
0.8813437906694257	-0.9282020223436914	0.33562696481379434	-0.12180875133306727	1.3243688307713453	
-0.12028040451002112	0.06008892318142564	-0.10744054874159023	0.025371617393909664	-0.046655926337449076	
-0.11514596719394614	0.49220381689293735	-0.37350363427791866	0.10094940920468855	-0.9357131088505212	
0.0515215846515969	0.19702000493434724	-0.02926024175156504	0.06187736368535501	-0.3697472311232551	
0.27773772753953485	-0.334345962804772	-0.09415826790020014	0.0356684695124213	0.44381179672829474	
0.05414592252206446	0.2753397440971566	0.05914417129476861	0.03225154750238733	0.1466862156324328	
-0.1755435257058519	0.5575261008103782	-0.25797998761912544	0.024295660372354776	-0.8159916864289288	
-0.3017045091437746	0.4925197369867928	-0.07276225575696886	-0.12587268785963926	-0.5787188162661303	
-0.22599178346615845	-0.02319258816804265	-0.047124042348804795	-0.004696392385566979	0.040867498038176374	
-0.18202077404305186	-0.5117869097783025	-0.004774097091542626	-0.11605091915201872	0.08186743943181073	
-0.07517775411716957	-0.15715312518159966	-0.07119757548391809	-0.05832746717447358	0.5939188819894166	
0.3237696753400791	0.07596016902959128	0.1321254757763537	-0.01832849094144514	0.24800102058991375	
0.5047738813448891	-0.7517021700104444	0.10593396005576784	-0.09400643122350363	0.7906831604544051	
0.16628150061657643	-0.05338168003446211	0.052804222037496906	0.046164917855773376	-0.2264987692525118	
0.189221355178818	-0.0921116034027667	-0.0632428397998912	-0.03438020268337194	0.3560180843882054	
-0.3660786916428523	-0.19177518922345035	-0.038056005443634994	-0.07878781295936081	-0.13307667666551354	
0.2279096112417394	0.07490504430606937	0.011584961855547079	0.06013296272419193	-0.10902748784451101	
0.6479657169660739	-0.37371448380116273	0.24242567014574953	0.009343028770308189	0.5204930552469628	
-0.2771584729789035	-0.5155178869770878	-0.30432696935865317	-0.09355445320046121	0.5594206130852178	
-0.03205500302156467	-0.6098435519527214	0.17769940662959782	-0.06158448839207736	-0.4435758013423714	
0.28047402369752783	-0.07143654084845391	0.08402973096222553	-0.05303865519619973	0.4922443848834545	
0.28712712572210025	0.10579268514826756	0.12333412613111802	-0.11173928138850014	0.1272957178888043	
-0.36310974478113334	0.1677001799552256	0.009478976001102996	-0.014597747818134867	-0.5516185403162718	
0.22668877559204023	0.7531787742502203	0.08649212975267641	0.029088374884808248	-0.31711953216026395	
0.2877898197632936	-0.25406567467329944	-0.27508213022928607	-0.09039057762088339	-0.21976257437365995	
-0.530837025374483	-0.038899230200315105	-0.2828455417264585	-0.010363031961302832	0.47576566870815734	
-0.1919835545641305	-0.06561444288416086	0.026066785500172295	-0.07435160752124642	-0.30922729722000414	
-0.1735591388441745	0.5133347653004744	-0.1800143272369399	0.0321787662837662	-0.3151396631077281	
0.09043086986992994	-0.5369539745297349	-0.15419258936939567	-0.06024726608791447	1.0156481708774054	
-0.3723112214155798	0.06328437345901156	-0.021992930836508315	0.05159502457500297	-1.4807880424630642	
0.7807987330322126	-0.8823242873363288	0.2760302757544113	-0.06781863578553735	1.1006303548052399	
0.0964816342243197	-0.13769241170847338	0.1790956612379492	-0.05348403440852634	0.31290968458313706	
-0.009184339965469262	-0.06605636130019706	-0.053556595358432095	0.03565179539867146	0.11894123044506202	
0.7786575016881286	-0.8654875275223012	0.40879236424953763	-0.1800921946711889	1.310901548073473	
0.1061279057016962	-0.16092269356881841	-0.02918560422607092	0.009487778168519898	0.2525720874599262	
0.12394890725215951	-0.013982720375059569	-0.03881291612567927	-0.07549842493515926	0.10588028565762812	
0.25928373438380636	-0.24458404122154295	0.057574864493422806	-0.042759538819446594	0.37538099749105974	
0.21539376024776902	-0.28231798985507994	0.07539059192175981	0.0286488716878214	0.48954034424478976	
-1.1501086796704956	0.789425777404373	-0.6908178118412134	-0.06519327339659223	-1.0014673786057184	
-1.0133326517325538	0.49554671277196954	-0.6567307907991939	-0.18778759065609638	-1.3376112782094212	
1.228781241809764	-0.6966611171134002	0.4091180633341134	-0.1691967130462872	1.5490917498636336	
-0.598497784739093	0.342843724406287	-0.25074107712683047	0.049439129566800875	-0.532220135384657	
0.7055681300843705	-0.6228746446696205	0.18775391949647785	-0.1497777598774242	0.9104665216266132	
-0.016452984906442914	-0.1133841129453531	0.010120487320945747	-0.08397313858486963	0.12454701496931633	
0.03195709744662052	-0.4219887229447768	-0.060847473334197294	-0.011066176618428195	0.3525709392275094	
-0.11636849883164421	0.12297006496909611	0.04571723707030196	-0.03433273361746804	-0.4047964407962669	
0.785220046613449	-0.5512482425853452	0.2030917753014356	-0.06435095327589324	1.0443107347779792	
1.0039760155208624	-0.8591726206236228	0.23443891202434147	-0.09283760553210016	1.692806721521536	
-1.7446096362596208	0.9206046973383534	-0.8184029779845546	0.013615778556479404	-1.9638947713257127	
1.0723710510472102	-2.8391540857394646	-0.4039014528725333	-0.9049730647170741	2.6075264050148035	
-2.0845934776667785	2.5506499611824482	-0.8930433590248996	0.18273113521205667	-2.0923435055148505	
1.219543127005554	
