            A        R        N        D        C        Q        E        G        H        I        L        K        M        F        P        S        T        W        Y        V
 1 A   0.0659   0.0316  -0.0189  -0.1043  -0.0143   0.0203  -0.0804  -0.0345   -0.035    0.004  -0.0324   0.1365   0.0841  -0.0304  -0.0665   0.1422   0.0992  -0.0138   0.0163   0.0945
 2 A   0.0694  -0.0936  -0.0494  -0.0111  -0.1249   0.0128  -0.0134  -0.0236  -0.0212   0.1321   0.0256  -0.0237   0.0951  -0.0307  -0.0017   0.1195   0.1267  -0.0021  -0.0274   0.1059
 3 A   0.0712  -0.1061   0.0461  -0.0363  -0.0065  -0.0144  -0.0102  -0.0699  -0.0193   0.0548   0.0305  -0.0006   0.0983    0.108  -0.0325   0.0464   0.0182   0.0138   0.0747  -0.0019
 4 A   0.0392   0.0348   0.0541   0.0099   0.0063   0.0057   0.0308  -0.0387   0.0261  -0.0229  -0.0009   0.0238   0.0454   0.0161   0.0218   0.0343   0.0111  -0.0039  -0.0288     -0.0
 5 A   0.0218   0.0023   0.0176  -0.0232   0.0246   0.0174  -0.0358  -0.0153  -0.0143  -0.0023   0.0466   -0.023   0.0562   0.0946  -0.0012   0.0504  -0.0157   0.0188   0.0094   0.0355
 6 A   0.0001   0.0252   0.0298   0.0013   0.0019  -0.0212  -0.0401   0.0446  -0.0072   0.0069   0.0209  -0.0343   0.0174   0.0282   0.0112   0.0958   0.0269  -0.0087   0.0161   0.0496
 7 A   0.0333  -0.0402  -0.0433  -0.0087   0.0051  -0.0508    -0.02  -0.0077  -0.0143   0.0773   0.0609  -0.0684   0.0736   0.1145   0.0315   0.0791  -0.0316   0.0174   0.0389   0.0179
 8 A   0.0295   0.0125   0.0114  -0.0286   0.0037   0.0065  -0.0255   0.0249  -0.0146      0.0   0.0458  -0.0529   0.0038   0.0645   0.0326   0.0128   0.0466  -0.0081    0.067   0.0322
 9 A  -0.0136   0.1909   0.0014  -0.0045  -0.0154  -0.0106   0.0091  -0.0431     0.01   -0.049  -0.0593   0.3604  -0.0154  -0.0202  -0.0179  -0.0314  -0.0407  -0.0343   0.0944  -0.0465
