TESTRUNID EPOCH: 4 L_PCC: 0.8395594718914909 L_ERR: 0.01227336354572432 T_PCC: 0.8282714646222804 T_ERR: 0.013277852335858186
180 LAYER: 1
2 LAYER: 2
1 LAYER: 3
4 :ILEARN
-0.6443074509279793	-0.23924560486543442	-0.8259281973586119	-0.5521192797626513	0.30567574578192447	
-0.2792645203022432	1.0057552309612257	0.600372180404363	-0.22058118203383253	-0.043871952983723005	
-0.20967694951072244	-0.013311739995850407	0.4509888592196254	0.48156808907354215	-0.7473221016752396	
-0.6787115553056494	-0.049102800810355826	-0.3000082454630697	-0.3006841703179219	-0.2336658906799894	
-0.19144142909320327	-0.2572752043981219	-0.9608639604925034	-0.6422762496733231	-0.3704539735595495	
-0.3714944835263003	0.27904955987242397	0.014516617985553369	0.20885045019332302	0.49680239856755304	
-0.9938646356985652	-0.6995548369789062	-0.9647834768711815	-0.7742529852371859	0.003421951295072903	
0.03692551047637678	0.22269218009806396	0.15064207773010946	-0.5586333191140259	-0.17557593613348274	
-0.3617381887717664	-0.5310290313311133	0.5333935960436809	0.8018247420178488	-0.29950081835939624	
-0.031803333352015975	-0.1758097222210252	-0.3498220234474531	0.7774881233137741	0.675039231107847	
-0.7691213051297913	-0.7764208136614844	-0.050304897805423236	-0.10073309859616408	-0.10385392064516116	
-0.24944531459009908	0.4799015219233665	0.47471932792816574	-0.840176686275562	-0.9002998582216106	
-0.29227383848837735	-0.5197721865554377	0.18404351137662958	0.15812851118340715	-0.2595227371080423	
-0.3010417773655293	-0.07050112257238551	-0.03923225226057362	0.031615835412374886	0.06728587657127261	
-1.53604251466901	-1.4046970919931383	-1.7495468167949497	-1.0865742636414724	-0.4458644731876862	
-0.4838917536695553	0.042995649244546075	0.07906204022525963	-1.129630384153095	-1.0738190816598425	
-0.45370441161056346	-0.35509045084802376	0.37560641247762677	0.32610015213057364	-0.8558153304084722	
-0.4482911903865566	-0.3468540586479297	-0.056803104017208894	-0.35192165831219047	-0.6985200162865716	
-0.5547044651156555	-0.0927245536262978	0.13827463068438964	0.11802150562121858	0.17417807531124097	
-0.19223641598906846	-0.08840361484623947	0.07808245673262965	-0.29707263701034825	-0.2563064133526611	
0.02984923881067192	0.004467831148474426	0.3835621489264093	0.052501676565952525	-0.7276391618698305	
-0.46823135360980206	-0.8368466369150654	-0.29428826986184786	0.1979957279736893	0.17250075415315094	
-0.7431038786430523	-0.4701089077289934	0.17638316085110503	0.10554929134252122	-0.4629247623506232	
0.1382861825848225	-0.8063393781180135	-0.28146549769239165	0.16069735846890773	-0.16805412692356617	
-0.20394194817385985	-0.598481579577675	-0.0751946493109099	-0.1157859343238162	0.01778387111669877	
-0.20951142032503828	-0.32795428941315324	0.10367880847573224	-0.10263610191111983	-0.14796296203807985	
0.0637350762682349	0.22792543258457285	-0.008079381617214193	0.08650982101590202	0.26634791167908706	
0.12042253612547375	0.21055191779078986	-0.3750154639698487	0.34989896706380264	0.04286724694878089	
-0.1276230217780062	-0.41282548977656	0.2554854509829699	0.24810922145363853	-0.3553020977049499	
-0.6170993783637186	-0.18803360702387514	-0.38878226907974217	-0.0585507476491374	0.0889877323722076	
-0.3117159916733212	-0.3767060741202408	0.40865683542879094	0.11077380357004395	0.03125724194329244	
0.1616706770305388	0.18738916628845198	-0.04936018938110906	0.49338463327136456	0.15292571967379814	
0.08722280246275858	-0.06133935942598617	-0.03678851276997988	0.07091397742774086	-0.09403706031653337	
-0.23260220756811076	0.3549786204491268	0.32921528592525906	0.16614523797188108	-0.20832799742021377	
0.0023269330156415373	0.3488189636686631	0.10823006916443238	0.20406046932170122	0.09174956446564954	
0.02245679868706849	-0.18987380741147072	-0.02382739741584476	-0.010300250482776843	-0.11508528505986837	
0.07075763541010957	-0.1746444022813288	0.28436337825324814	0.004343402210934933	-0.13799719850479525	
-0.05633359810619425	-0.4030483896756706	0.06752691076465704	-0.42255211251803576	-0.1088358304163236	
-0.3032687071810471	-0.30322137253686926	-0.07097636612775456	-0.10395788030479966	-0.08118210483361907	
0.16962316517689935	-0.34762010469257654	0.36763654713967936	-0.03082914782973783	-0.0464611806405548	
-0.09376074945261002	-0.1490293209254105	-0.14469510505949174	-0.22827624367439892	-0.04848478761506095	
-0.4347644477973345	0.6164339422208522	0.29106402620089766	0.26367307815141466	-0.29942987707377067	
0.0590952641183577	0.16308761351027348	0.28771590995248064	0.01600837894402495	-0.16448940212634366	
0.08262235518615432	0.02048043108571209	0.25436502634937314	0.14448733170388048	-0.057929748956500264	
-0.06092137114614999	-0.10982460858115281	0.11717314182157532	0.2673835641233028	-0.03126028820825339	
-0.020851784924441574	-0.5256549646858396	-0.5146487171496539	-0.39492626231922384	-0.009951780809295286	
-0.13528386543533927	-0.2770318748911806	-0.15491207198179796	-0.43580569149706516	-0.10990000558610659	
0.1626740913495759	-0.08955713514335446	0.10390589420133878	0.07061321175128858	0.08638404704216923	
-0.06812889750165194	0.1000719075694413	0.5176231800953731	0.2526169005343494	-0.013529304115698727	
-0.16132019555554827	0.00498347010031987	0.2070521880033697	0.37384287037207603	0.15698139009402676	
-0.08191988588572399	-0.0028462905016612295	0.27368251555914885	0.49565699152666476	-0.06568038779849601	
-0.18540049715377196	-0.3876854734747634	-0.03492433204098245	0.0013397935454211767	-0.22219443429268868	
-0.08258943436986435	-0.5818013210052408	0.4053119399915154	0.2071655665676	0.060267590720245914	
-0.45208990494901324	-0.4323155865882093	-0.0040599212917730694	-0.4572791479976372	-0.14059995027003508	
-0.46260044966971975	-0.2102392740088852	-0.1358752168100885	-0.016546870048686328	-0.1989139902162587	
0.09808275146721729	-0.31217785442739054	0.15367020868465153	0.12835591348842199	0.02273448175554016	
-0.14580736564491242	-0.06647701762817795	-0.2783166048092413	0.09965096808333562	-0.19185415647382784	
-0.16313706278852508	0.5923172078765474	0.14784878587432077	-0.025080562012423542	-0.21762343323846492	
-0.15892343866454278	0.04514633088438559	-0.08612605495281371	-0.12383262312267046	0.05164371713113911	
-0.16785408396977358	-0.10922605184130185	0.3419968009755143	0.5801937486485532	0.060485112267717384	
-0.4025243163061255	-0.5033260102113808	-0.00620514482030913	0.35409864312412054	-0.11595124807651408	
-0.02401595581292641	-0.4748608612314417	-0.1529836279860231	-0.22072407034698263	-0.25491572614870217	
-0.2563030142422738	-0.0934070717076031	0.13240105831702836	-0.019568479382695812	-0.19153021979509008	
0.1460127543062171	-0.4482841961106992	-0.24041987340373058	0.29155640632709356	0.06479739953168562	
-0.04738369950978961	0.06996647124464135	0.22274243718538464	-0.5605295197609297	-0.1570018520609351	
-0.2498042373049263	-0.12190915221111583	-0.02875631235565699	-0.04822686305176615	0.05731701969885754	
-0.6768174536821847	-0.40644262249314755	-0.5466563201580075	-0.4215137398801635	0.19291507138318326	
-0.046003021217610185	0.0828842290270834	-0.0921763975690228	-0.8375744416911196	-0.4422082391263278	
0.03820573412411394	0.33863362487004095	-3.4422246180234333	-3.180959548243846	0.05024125405613438	
0.3879905057841739	-0.35377496863189856	-0.39990792754458837	-0.7128676427625227	-0.6420566378689505	
0.0791867206957124	-0.012107496385542657	0.6786488951237043	0.5580224077070913	0.24571509131828226	
0.15149492024946024	-1.5164412403999963	-1.5991964976040356	-0.21117635649807234	0.1059170849671123	
0.01455474238418098	0.09249653775579537	-1.8723621321168087	-1.6902114705509899	1.112402043271326	
