            A        R        N        D        C        Q        E        G        H        I        L        K        M        F        P        S        T        W        Y        V
 1 A     -0.0      0.0     -0.0     -0.0     -0.0     -0.0     -0.0     -0.0     -0.0      0.0     -0.0      0.0     -0.0  -0.0009     -0.0     -0.0     -0.0      0.0   0.0026   0.0388
 2 A  -0.0001     -0.0     -0.0     -0.0   0.0001  -0.0005  -0.0001   0.0007     -0.0  -0.0009     -0.0   0.0001   0.0003     -0.0  -0.0027   0.0388   0.0091      0.0  -0.0006  -0.0038
 3 A  -0.0015     -0.0      0.0   0.0005     -0.0     -0.0      0.0      0.0     -0.0   0.0001     -0.0   0.0025     -0.0   0.0001     -0.0     -0.0      0.0     -0.0   0.0388      0.0
 4 A     -0.0     -0.0      0.0  -0.0009     -0.0      0.0      0.0      0.0      0.0   0.0388      0.0   0.0027     -0.0      0.0   0.0001     -0.0      0.0     -0.0      0.0  -0.0003
 5 A      0.0      0.0      0.0     -0.0     -0.0      0.0   0.0388  -0.0009   0.0001      0.0     -0.0   0.0002     -0.0      0.0     -0.0     -0.0      0.0      0.0      0.0   0.0023
 6 A      0.0      0.0      0.0     -0.0      0.0      0.0     -0.0      0.0      0.0      0.0     -0.0   0.0011      0.0   0.0388   0.0014  -0.0009      0.0      0.0      0.0   0.0001
 7 A     -0.0     -0.0     -0.0     -0.0      0.0      0.0      0.0      0.0   0.0001     -0.0   0.0024      0.0      0.0     -0.0      0.0  -0.0009      0.0     -0.0      0.0   0.0388
 8 A   0.0002     -0.0     -0.0     -0.0     -0.0     -0.0     -0.0   0.0388      0.0      0.0     -0.0      0.0      0.0     -0.0     -0.0      0.0  -0.0009      0.0      0.0   0.0024
 9 A     -0.0     -0.0     -0.0     -0.0     -0.0     -0.0  -0.0045      0.0  -0.0008      0.0     -0.0      0.0     -0.0   0.0002  -0.0045     -0.0  -0.0039   0.0488   0.0053     -0.0
