TESTRUNID EPOCH: 26 L_PCC: 0.8914975764638633 L_ERR: 0.008549361310239947 T_PCC: 0.8454038062609902 T_ERR: 0.01207126846081612
180 LAYER: 1
5 LAYER: 2
1 LAYER: 3
26 :ILEARN
-0.00751779613092232	-0.03217364883333267	-0.16690528252286901	-0.033671421534399185	-0.18100391421191228	
-0.2129768015009212	0.04864634211280679	-0.2386211446508387	-0.13109231452621561	-0.1894621046094438	
0.10700210288324236	-0.18830192769067983	0.04343439012787354	0.19372754990640376	0.08711548613981755	
0.22738917639812192	-0.19084488550156095	0.25907052986915013	0.0861753650665495	0.22237733638120213	
0.04861263243464748	0.047910237672060534	-0.1180304771113407	0.02431098788082108	-0.032639452448279434	
0.0243441193748526	0.001939820896827431	-0.15379113928534888	-0.13015176456797564	0.0703719627439313	
0.03836321899678296	-0.06296818374245283	0.22583603569689123	0.0869410688453854	0.2189926690410981	
-0.17264123063428324	0.24282498528111854	-0.2775758446929226	-0.1530023402203557	-0.3506867608031668	
0.09605029148535087	0.017998323749790143	-0.1511649944521532	0.06613681800893764	-0.07597867215701357	
-0.0996838468277351	0.056459893404812306	-0.05460783847806656	-0.09866089925239363	-0.14438784551736053	
-0.16825083845548755	-0.05327640286928837	-0.0010258007655865832	-0.08801439350063235	0.015934656564880596	
-0.2885057884936472	0.21897240711016508	-0.38793249792150575	-0.13271503603239462	-0.2567622849565511	
-0.24578931977718418	0.060958645334262415	-0.10780285677495254	-0.13027937321611355	-0.24981042557740996	
0.022846694411810455	0.008284306721327812	0.027867808242152195	0.10664522007122439	0.04695792274063425	
0.18285171591115557	-0.1805168890559443	0.054865510297858786	0.14573703357660625	0.07578972780588762	
-0.23782624675851594	0.285582319212155	-0.3950726461501873	-0.13476685629366708	-0.3858950860423878	
-0.1138209738453203	0.2081053640070022	-0.27267083201100667	-0.22462759935899088	-0.4699969198749829	
0.06979219067203388	0.014805609583944869	0.06064785483451593	0.0495601646640428	-0.012024447221262499	
-0.07442412367736753	0.09798274674412161	-0.04768404556871902	0.022499249053133368	-0.0026762495721895964	
-0.15794646574293175	0.10540575061694908	-0.06832334568247128	-0.18976859618649256	-0.14414177500423103	
-0.08814210209065383	-0.05464262402549532	-0.16175896934029393	-0.06565990162119215	-0.19827757789365932	
0.20639665743861665	-0.20266847563848617	0.2593795273966562	0.17177366963718294	0.30235087517734094	
0.05984879080049263	-0.18014235558615496	0.1501020061967836	0.10863024965939518	-0.046878879255694776	
0.1115811451990745	0.027726384442972235	0.06456442365594199	0.07005615145884435	-0.1364056982833071	
0.0574207761016281	-0.39935087562522736	0.06325208490077351	0.0920011360455338	0.40599096391900297	
-0.23538130293339002	0.46445097954286707	-0.40182328319712635	-0.26509173135811825	-0.5424787313260757	
0.04728598997372142	0.16447180816811505	-0.03403336205887064	-0.07560206751110064	0.01616586805768757	
-0.007920027493644228	0.02699520591038127	-0.06878286262094262	0.1020843116965568	-0.02781218403070644	
0.18741362919611126	-0.09074984541016531	0.13605132756426097	0.05202055635924475	0.18708128354035064	
-0.37851854073555535	0.0003122482290033344	-0.3038927246465052	-0.1748732203552564	-0.5775156006300212	
-0.21649495570525182	0.04848669815496392	0.01625072630161379	-0.12895154945632686	-0.08801486689175468	
0.13843272348938782	-0.07446369845051375	0.04009072970646823	0.1544524334935936	0.08951131087259721	
-0.14643126127040418	0.015830314346932627	-0.017811998831283628	0.0307069969776935	-0.15537456970179292	
-0.27434605559665437	0.11382335537427259	-0.04089034579051852	-0.06615426474182154	0.0031882799796426756	
0.06531838387177696	0.06778628737435291	0.05715114380033016	0.030306601276404076	0.009459224827905545	
-0.2993883173236729	0.4025584229483462	-0.7148825780898715	-0.3868653576670571	-0.7659656027492647	
-0.31253391456165214	0.13665912450290446	-0.5487594000261375	-0.3670346905877916	-0.7423316170149986	
-0.1136440440920868	0.17333598751178836	-0.17540399887027056	-0.0777902355683493	-0.14282022715309062	
-0.09360759705381932	0.03590108753913135	0.038087389947024056	0.049278692392238706	0.11375457711562881	
-0.2843127392300651	0.014310763044955216	-0.5867912670195162	-0.2298931786609189	-0.5762510235771879	
-0.01649928349508801	0.08098926343053665	-0.17746993533337366	-0.06100224273459554	-0.3245764560096225	
0.024840072737362235	-0.04877663590734058	0.13416975149772195	0.15813784577240403	0.30347018411991444	
-0.15010205274274843	0.2128842220015291	-0.2739422998976664	-0.14515787548467407	-0.29693218684959094	
-0.034736254390302895	-0.03553721365111024	-0.07751681673368631	0.06849776841072659	-0.28343633113836897	
-0.05770599132093405	-0.18697675886782114	-0.2781525454579679	0.12036943815601532	-0.3515850658017788	
-0.07982020848278784	0.1830629354521192	-0.20436681344565008	-0.002849655610884257	-0.2531859845431861	
0.04037573783515482	-0.049456386855627324	0.09563015874803397	0.04413092066910838	0.06054736497940069	
0.06002022943844735	-0.18801901310357685	-0.03358757654845031	-0.03492095240965228	0.002974718823369441	
-0.020186539457334233	-0.005801056022376363	0.14535095296635933	0.0003769241706845289	0.23809680811134973	
-0.029899446186858476	-0.02772291961416721	-0.08589896228361829	0.003994724332232429	-0.050016524499184374	
-0.0556644785529785	0.09452868033342195	-0.0033924101111746023	0.12398682324734335	-0.008165192098004488	
0.04515740345516386	0.017759577341132215	0.027680079211400477	-0.009400512161869613	0.13536174395188516	
-0.1196096445225141	0.2826457534331615	-0.2723389106731643	-0.09537402321065143	-0.3230409662535979	
-0.2959629190609643	0.3356076461703951	-0.18962755671970566	-0.26986375694814146	-0.2211553531200481	
-0.0382940831807962	0.0037179507278998834	0.0017494250358730365	-0.025696792630880927	0.09357507900263777	
-0.12621460300995002	0.050564001605121346	-0.31316861258300405	-0.1342708083907773	-0.23910784730392504	
0.13466623672857056	-0.05019478605353142	0.1273097489031754	0.02419125894744603	0.08266382498600446	
-0.08016833058201263	-0.014327928518562044	0.036385056538602495	-0.11300359000608834	-0.00869768914181225	
-0.2839239324229757	0.21132991550108646	-0.15986843033656908	-0.22819275359181845	-0.2088359222432724	
-0.026708721817750154	-0.1573725413154721	0.0025697494198452814	0.17313797166018918	-0.016573883092333527	
-0.04763746361851313	0.18637546745099381	-0.225682818282765	-0.10165931040762213	-0.28393178784332246	
-0.06381038424200793	0.040002472242988946	-0.10853797077391343	0.014544659178771346	-0.18783867663551365	
0.0849844152053137	0.10806347595352148	-0.08161348925601887	-0.05262708497168855	-0.17505374397189416	
0.021080660451488674	0.05903374812713338	-0.06390261688772324	-0.02831478455213137	0.0889177705674903	
-0.03052244998121454	-0.06645533965749281	-0.0826240665997403	-0.05290841677059825	-0.012575815190139982	
0.013076379593031191	-0.057895053617803165	0.07739904581591045	0.030249698004574076	0.03815938010006579	
-0.0884037992869282	0.035726719759532184	0.03537732168624038	0.0468121914444232	0.1403021271598368	
0.0676299320852293	-0.17620824289198211	0.04302828137728411	0.14963377536789046	0.02133078817885262	
0.09566451033703463	0.0405204088794929	0.11470420789204505	0.11935204255388873	-0.05204240145392105	
0.01913651353088342	-0.10111440894029966	0.08864207050044977	0.06446582910739854	0.0003783993183802207	
-0.0698611382378946	0.04009484766919491	-0.13592985100730257	-0.12431317888640893	-0.044616808991255044	
0.05162374695272893	-0.013310828341638662	0.13915346609686202	0.1510447807377359	0.20635763030452248	
-0.23313669405514384	0.04050269020025275	-0.1256778465624108	-0.10996738220956385	-0.10121813477433964	
-0.12060355450571418	0.16919149474779846	-0.05763310388664469	-0.045409995773973776	-0.20433989383991652	
0.047428323117983416	-0.043903102610141465	-0.06989312158810597	0.04206511674936462	-0.09250193569897332	
-0.06846353470324634	0.14838228190727332	-0.14312722592408794	-0.03479825928033951	-0.2656351686173126	
0.08758049477552952	-0.0956947905730985	0.21042043018686415	-0.028881934318635755	0.03234522731613221	
-0.012628857183098039	0.04426662418974129	0.09783969047144372	-0.033217430025533595	-0.012293532915624248	
-0.02342357422569387	-0.0019744574255770152	0.09372743844881923	-0.025317484576414185	0.08974268889830776	
0.0939727119323185	-0.21038561363795477	0.15074693419477073	0.023734480222396943	0.14294617291686995	
0.16579833410942196	-0.055420193730127736	-0.04463096485173466	0.07415111317985437	0.06538587220167151	
0.19481811402429877	-0.13473709402699824	-0.05906270512575037	0.026713873261457636	-0.10647320497875441	
-0.06778629108284635	0.08311205627111803	-0.012494783360835357	0.06805396516996937	-0.07908434140340535	
0.16311079120914415	-0.056443712853648985	0.12968093156059274	0.21230800354500592	0.12028821278922987	
-0.10642257421294889	-0.20369543947241664	-0.016720477029961666	-0.12087340870927048	0.06836099446708284	
0.02351249089847758	-0.08566726919761017	0.11969260218178326	0.0666467230327553	0.018638146984926957	
0.07473729203186197	0.005414626071793992	0.011779133187830516	0.08162023508397062	-0.03636452150985883	
0.06598928266636178	-0.06918318442865166	-0.04662292011997627	0.10228582660966481	-0.0320340118584673	
-0.005683173789604915	-0.02625181567939078	-0.045896177180668074	-0.08863485740147672	-0.04420479994173102	
0.030081078633623595	-0.0007605140588908116	0.026276705805049844	-0.07383736341562568	-0.04104230867613854	
-0.11079123365330051	-0.027238638935375894	0.11709092142447362	0.0853866986316909	0.12975044013955603	
0.20603259767640544	-0.026030219801018738	0.025180371609566148	0.10659654588725513	-0.08568556048263323	
-0.15082920889139614	0.11060679642586527	-0.10896247492669528	-0.07786900590886711	0.012856917826512784	
-0.2868267722708122	0.18816054276558972	-0.0710903378715589	-0.16410212020381748	0.04463689521756045	
0.0735269995757077	0.09189342623142525	-0.13088381185459175	-0.0193646268168708	-0.10546536790696699	
-0.11621360383821609	0.13663501966718952	-0.06293484996354885	-0.15696123753343658	-0.13955743172125143	
0.028087401199941603	-0.014948229320386629	0.013199688268516566	0.0737074490776186	0.0002679314182892006	
-0.07061369375456512	-0.007085180157197364	-0.04732598124697258	-0.038578750668673216	-0.014204640090432527	
-0.09550589525063836	0.08762742784424289	0.05454488763386471	-0.10890638582084607	0.11732158433322278	
0.03434254777178943	0.052355975169075836	-0.05459338708117001	0.06529590699000654	-0.11666712261661877	
-0.1723627398194344	-0.03967919821011534	-0.0973461143617397	-0.0901074688436975	-0.09185544180134748	
-0.029386814157162475	0.05558022119490616	-0.13881595469561075	0.025189528089007214	-0.19128375512160892	
0.0006701763315117995	-0.021139567143886852	-0.12895811532904686	-0.07015841849186596	-0.1234915352278186	
0.1413029277739455	-0.12700943228686573	0.03783689285120215	0.1030873657368328	0.11724476574528335	
0.00469713903873456	-0.0019239934202985936	0.05638501295847009	0.1197275609511468	0.08842001835420586	
-0.06728814410849787	-0.06497325920095273	-0.0773324852457078	0.02193286893245317	-0.05402838472210546	
0.17697208312568147	-0.1516905348974211	0.10891855911320096	0.12482291926579946	0.09382079262997987	
0.05819219197011935	-0.16092088604038293	0.043004809265111375	-0.11691024212419107	-0.01565830841088416	
0.05284544118302838	0.04439061360999261	0.10515784041657283	0.008469162293048513	-0.08250968420706038	
-0.09243192221197526	0.039316895547438925	0.07979936743633415	0.13827936388634415	0.023907097370953964	
-0.05771174559355013	0.0324138618211399	0.03218752353071512	-0.015910909396514968	-0.06510444280626429	
0.08921138143125787	-0.1544571727004433	0.17653108307881676	0.16493196017776154	0.045580136349746815	
-0.1400244338261798	0.07422407204088644	0.057892821748787286	-0.11781395765907263	0.0515855653714894	
-0.1371471080549568	0.12946923122133197	-0.12317677056634754	-0.11548669139724428	-0.23597258265434015	
-0.03447973605788909	0.12254711003662051	-0.04493682966048715	0.04010614294457767	-0.10672230044197593	
-0.07958200649491487	0.0063209700813142014	-0.07324174611305122	-0.014854428137672388	-0.172263643874118	
-0.04822773903323935	0.043861028901448745	-0.04718137017670947	-0.1009138151021941	-0.05629939981363716	
-0.06528168411411016	0.05592417176611946	-0.050497176838673025	-0.06834752427884143	0.13755406547469715	
-0.015957458396843434	-0.05878368152708225	0.23491052256382605	-0.05127779569970136	0.1355601090959875	
-0.06465699970774057	-0.09435013219647946	0.08728995173797559	-0.05067679226712741	0.005852097251720105	
0.07449387496993568	0.09238344673918532	-0.05712404099541189	-0.031968013525617706	-0.09662413206484453	
0.16083571523852913	-0.02495005639107908	0.13959954844314507	0.06280023831343072	0.31278382133884264	
-0.00457774404810403	0.1652860548129058	0.1136239790995263	0.025386684961716515	-0.08560526083567001	
0.1271182533689881	-0.03682944432484995	0.037183479796169046	0.03374071727088482	0.019718585493801972	
0.03288387061015365	-0.14125043634276307	0.025396448395337695	0.140305484986105	0.09383096582997932	
-0.04056844964395408	0.04530118413616922	0.057804126214713585	0.06636355382630121	0.02141274253007631	
0.042010880017361446	0.044125604322976145	0.2256549081227563	0.06649356726176903	0.20309799567284406	
-0.034167655419254386	0.05210210557358359	0.0737055834685063	0.06708577649434984	-0.012632879271242948	
-0.058249979378236755	0.1553522009584481	-0.07332065277529787	0.021611736306899026	-0.054222877366300784	
-0.043563922098092143	-0.21974008011542884	-0.10964052908068866	-0.01556511919941917	-0.10015155575610936	
-0.1540719461366141	-0.11741758335400256	-0.1969847602431386	-0.1937625301645853	-0.09081329123655073	
0.011703435059916787	-0.05432179991228949	0.08749980714008455	0.16949481422752147	0.14339849887611064	
0.01273081719473213	-0.04959990118536161	-0.1782357241369016	-0.0113932105640186	-0.14664907269176394	
0.0006723831311419244	0.0006132393812710408	-0.2236966048367996	-0.024436480185732454	-0.22022219770982607	
-0.06018125329566054	0.15180755178380123	-0.12542869224984055	-0.0029105844833109506	-0.0339118414827095	
-0.005446387884865491	0.1376940981864022	-0.22232625848489704	0.01367358171671617	-0.08477968871035634	
0.04646353847047278	-0.014272350734753803	0.06255474500126137	0.05613839163504249	0.0586420851301157	
0.05624567094188076	-0.035154408083083115	-0.06153402983847266	-0.028601737144569442	-0.13336539300684833	
-0.020134775294598287	-0.051337887470186215	0.06167708842201938	-0.037545910854520775	-0.1027711008956426	
0.007536995427447134	-0.1871084661786211	0.09223021151866467	0.019121546353112355	-0.04576068646190028	
-0.14076266125172796	0.029536809937335633	-0.006873140944366114	-0.10262894840113326	0.03609177691220905	
0.0140648982902116	0.03220889729485552	-0.11189894405383105	0.04588488570431778	-0.1830009284316824	
-0.19670200552633077	0.13848180628241805	-0.19014429760815543	-0.05562428341930905	-0.2101936894666041	
0.08170964671932905	-0.1809406132868484	0.21723150068439995	0.1963462876934532	0.09338053358153889	
-0.11107205279107922	0.0436336360564867	0.012036828981540246	-0.01603147749588964	-0.01194577787004776	
0.008300424298516901	0.016945671683560384	-0.12639182645100003	0.07111623831096177	-0.05749206156596691	
-0.05331239723606342	-0.03779253317386417	-0.04132130280080613	-0.03690983891467173	-0.15786647316881405	
0.03700586163547262	-0.057847420871101125	0.11476092133750528	0.14950242728484361	-0.05110952277679893	
0.2569796544380801	-0.2543377056427837	0.03392493610706775	0.249967769929336	-0.14333219568200947	
0.1512901045822714	0.015394042937507712	0.17351780518565457	-0.0738222260330683	0.404997198907844	
-0.1847731812766755	0.17920302051745715	-0.2329803965553315	-0.1448402882600806	-0.19079601404564053	
0.1754192975462378	-0.162064082120357	0.09938239199001735	0.12736707777040096	-0.03520677501589589	
-0.021197802442093926	0.11709917573494112	-0.03621214363047913	-0.13226214862709115	0.003472816583477881	
-0.10674586630642255	0.10986489356870804	-0.1417913471028436	-0.0227985806692912	-0.16690595606408043	
-0.017746245784902477	0.1772299296973777	-0.14847177650025026	-0.03266000320937725	-0.2492655072195824	
-0.09841688000557851	-0.028931935487957094	-0.0819008491079104	-0.015298701038758708	-0.1453600579762355	
0.020257540853154187	0.05632717570905326	0.06630388288800712	0.13046447023559388	0.1398531563377942	
0.06097394361491754	-0.058655956845399614	0.07775944301025131	0.023454944794086302	0.04136685702090291	
-0.019083440142806687	0.0010091591091512648	-0.23586766378464075	-0.007912791042753867	-0.35401070461805073	
0.09056248798337382	-0.03490456632010138	0.1281507003565165	-0.06041834727421507	0.33747602556515993	
0.085542079452558	-0.06923803410082276	-0.025876532018327014	0.10034920677653401	-0.07012731548165951	
0.02075812544934049	-0.13213841181751554	-0.111126552504813	-0.00396869522158195	-0.22739632595861897	
-0.1464205665458761	-0.1359991423719257	0.01231525193463818	-0.019674846022870257	-0.024620735504502857	
-0.06387169505202908	-0.18810243262332252	-0.08272655140536714	0.08590935507061141	0.007333116909904422	
0.06843601371184545	-0.08241954492706512	0.034229757010934565	-0.015904382906534877	-0.04057221495921959	
-0.11510122421217778	-0.12246612352268724	-0.22177063949648748	-0.0315212120117613	-0.11092367614554834	
-0.07461736843477487	-0.002984428973955072	-0.2374333232995448	-0.1166252362770996	-0.18188689679620393	
0.09297750339964596	-0.17708613160824963	0.01565160800719729	0.03836576490387703	0.015814496927063233	
-0.09194952180119677	-0.26545278182600396	0.01516304356102005	0.09723640538948118	0.12029585180469714	
-0.16952245290408463	0.3351786357439431	-0.33863031389688875	-0.13914758599132238	-0.3532013455183707	
0.12571983651240048	0.1457615810314962	0.07305906517028057	-0.07104354891542465	0.005037848379289027	
-0.9000845029759673	0.9989909489250764	-1.5111018443741773	-0.790106207183673	-1.5564673061896341	
0.12726146698171442	-0.05468783833252008	0.15124092326820907	0.08276787646619373	0.21191705221103316	
-0.08572163452857934	0.23290823468397484	-0.010521557584639315	-0.22414485639494694	-0.0450203436675305	
-0.2554894072161741	0.013700041924186541	-0.28865532650086706	-0.16406517146194208	-0.26844922122052484	
-0.09057572161218899	-0.16549722015028046	-0.10230721321039501	0.08017956113540166	0.01220252881796166	
0.18956337380343286	-0.32573276360425796	0.32759980693192736	0.15419494997077995	0.34394292333613863	
0.01746137221308718	-0.023521132476086705	0.08217090240748753	0.028518943848370563	0.19513468985278795	
-0.6112644582898985	0.5003375017052291	-0.6272691956180977	-0.4712701584226895	-0.6286019162050956	
-0.03809798608412939	0.19594650835050514	-0.04165504764804326	0.04709772676395648	-0.12424907430255246	
-0.0437934920774252	0.16908900430485707	-0.055021727818418804	0.06012352413548415	0.08858868496290401	
-1.2359918284744122	1.6679624430984235	-1.8179906880508665	-1.074942698523763	-2.082619376187326	
1.17783198852391	
