            A        R        N        D        C        Q        E        G        H        I        L        K        M        F        P        S        T        W        Y        V
 1 A   0.0717   0.0868  -0.0115    0.008  -0.0069  -0.0027   0.0011   0.0192   0.0027   0.0042  -0.0003   0.0085   0.0029   0.0375  -0.0037  -0.0091   0.0043  -0.0009   0.0786   0.0105
 2 A   0.0246  -0.0069  -0.0005  -0.0185   0.0008    0.011  -0.0003   0.0023   0.0044  -0.0059  -0.0239   -0.003   0.0147   0.0446   0.0082  -0.0055   0.0648   0.0006   0.1772   0.0117
 3 A     -0.0  -0.0147   0.0085  -0.0057  -0.0011   0.0791   0.0064   -0.001    0.012   0.0469   0.0315   0.0516   0.0108  -0.0031    0.055   0.0015   0.0169   0.0026  -0.0032   0.0069
 4 A   0.0025  -0.0049   0.0527  -0.0128    0.068   0.0251   0.0032   0.0029      0.0   0.0286   0.0352   0.0228   0.0133   0.0009   0.0421   0.0097   0.0125  -0.0145  -0.0067   0.0201
 5 A   0.0527  -0.0072   0.0372   0.0186    0.009   0.0051   0.0121   0.0066   0.0014  -0.0029   0.0177   0.0317  -0.0128   0.0113   0.0684   0.0067   0.0036   0.0142  -0.0131     0.04
 6 A   0.0217   0.0144   0.0009  -0.0158   0.0416  -0.0037  -0.0024  -0.0042    0.048   0.0059   0.0291  -0.0021    0.001   0.0125  -0.0193    0.029   0.0106  -0.0081    0.051   0.0907
 7 A  -0.0191  -0.0041   0.0222   0.0035  -0.0035   0.0799   0.0242   0.0284   0.0342   0.0024  -0.0109   0.0169    0.005  -0.0007   0.0141   0.0299   0.0027   0.0406  -0.0003   0.0355
 8 A     0.04   -0.005   0.0004   0.0111  -0.0013   0.0617   0.0109  -0.0086   0.0407  -0.0037  -0.0241   0.0399   0.0031   0.0551  -0.0109   0.0311   0.0458  -0.0019   0.0061   0.0104
 9 A   0.0025  -0.0136      0.0     -0.0  -0.0015  -0.0059  -0.0137   0.0117   0.0124   0.0719   0.0807  -0.0116   0.0045   0.1447  -0.0052  -0.0121   0.0119   0.0477  -0.0023  -0.0215
