TESTRUNID EPOCH: 99 L_PCC: 0.8878882547451108 L_ERR: 0.004486190394413982 T_PCC: 0.7914640112427451 T_ERR: 0.009135060427109747
180 LAYER: 1
5 LAYER: 2
1 LAYER: 3
99 :ILEARN
-0.06946195458343218	0.08908137982307301	-0.12785573741972917	-0.0903954094151593	-0.09302576944414447	
0.032642840358427565	-0.12623766839932332	0.11805633338748167	0.08588280301968408	0.07726847855840548	
-0.032548733799719634	0.046580939340952726	-0.08018190145012716	0.060176159787354085	-0.10409232077139736	
0.030319740419418113	-0.023661131343507235	0.006766876851802783	-0.07410855852012159	-0.06867030121182466	
0.060148913735107334	0.0936523151438795	-0.03731516436815144	0.03846452313386281	0.07527783045920766	
0.03953530648971884	-0.061729747657401635	-0.13880911362322745	-0.10200362713221726	0.04996216820037003	
-0.08864024539156061	-0.0107293675182024	0.08032112996034478	-0.001530961924391927	0.03360772317939546	
-0.015832389248835597	0.018936766212618625	0.09721155556089055	-0.07596088041168396	0.061607664315216824	
0.20186934342974186	-0.007050251127734105	0.09556921757130152	0.1603922994836299	-0.009063690939335336	
-0.01042129476481897	0.08171910061861912	-0.0412771703252641	-0.042444932282730254	-0.07399428557634447	
-0.09612660842594059	0.03576710658797819	-0.05767437679998819	-0.04689066812555476	-0.0016853681439323448	
-0.08932749097658393	0.014823521098402612	-0.07065428501883797	0.017861107380656854	0.03995167200418623	
-0.07953311423443483	-0.017188802436086337	0.03888003154554903	-0.01716414609461947	-0.09000930821078257	
0.05804147070932297	0.005940353497602776	0.06990179036182834	0.1350610327908699	0.04925437487744448	
0.13761566388677055	-0.10616185918376637	0.0012200220893695906	0.11483818659352323	0.013092861079266997	
-0.2451769919577329	0.18413478263937977	-0.2324480485212199	-0.11821711576467527	-0.08582152731908925	
0.07327684275136312	0.023538034080136428	0.04565511581911382	-0.03292745058173609	-0.049079845911180954	
-0.0027033102234257063	0.03249178013677582	-0.01194234863728339	-0.044354887227639916	-0.03217153228500487	
-0.06042719174989424	0.08192276684635236	0.011123090711648907	0.03113260346301971	-0.007646304030292059	
-0.05259460395139446	0.08067590411245076	0.014735897334457168	-0.09942593459376821	0.023428982724144773	
-0.03467101964558077	0.0054116204515218536	0.07718841986215491	-0.028546047999500043	0.08170703018395983	
0.10285425500435505	-0.13629185100632732	0.18815254771582754	0.11004882258308654	0.1497362860548468	
-0.06553189833093429	-0.07257285007422445	0.08651909260743271	0.03936363229798004	-0.0867999654555875	
0.0806995194684814	0.03639095070473568	0.12321139401082737	0.07034784716182807	-0.05503767364487133	
-0.06359751822853739	-0.11041869195625402	-0.05225342144553012	-0.02040560140448058	0.09286674392506188	
0.03869081380142923	-0.004481350735958575	0.10846538165515586	-0.04566656847865788	-0.023521515184613054	
-0.8303582851455859	0.5203651069977201	-1.0014872389498186	-0.8877270570181676	-0.5130066486606641	
-0.02216663920928328	0.04598676621953099	0.01818994163783211	0.10161594943629432	0.06975156533407385	
0.011248046798083777	-0.072708954867863	-0.08801646209755767	-0.07573130885185253	-0.09108962429104767	
0.04699708385544851	-0.11761224135700143	0.20234565568136845	0.12695808575618422	-0.017625283617800323	
-0.06059805875699889	0.08196785732710125	0.04528487121671956	-0.03623878358879743	-0.03260664343360579	
0.07752493729037285	-0.0748108729405716	0.05414012457810248	0.12097052321623385	0.08861589565834398	
-0.020869674423406915	-0.01660785772654202	0.06430256566311739	0.09465917208091755	-0.0480218037930643	
-0.06492627095860282	-0.10092588653378216	0.037587928844631496	0.05032893100958389	0.034232951679870664	
-0.004664987555857339	0.08210623625864165	0.05723377012206722	0.0060408270869719855	0.031041682850745888	
0.18193457016939224	-0.03664364649411464	0.13055365371174069	0.04360917017879906	0.06401287396450595	
0.0996904216689077	-0.09540876795608491	0.14024672234185187	-0.019709277848810065	-0.0011954112457278365	
0.08969498905848586	-0.0752723188201807	0.06577872067239524	0.032349611102422175	0.1041803106963525	
0.039143596848542836	-0.13207707277978564	0.15867342246924823	0.1352023641089511	0.13535825189832143	
0.11555768715704004	-0.11139951362165801	-0.014179780917501354	0.05125610271420436	0.10933216563792944	
0.009178597361888528	0.05737133218599505	-0.010345825446210157	-0.04951987644408794	-0.07782203902332191	
-0.0028018665806180537	0.020862096583994655	0.009909584301712515	0.08523628534129074	0.08374668712672123	
0.04147413849453563	0.06436607093616384	0.048098906729421395	-0.008654398487927786	-0.020888211328110307	
0.058843737325055004	-0.12545589230385734	0.15892858735063417	0.11748208608052156	-0.06050322545875141	
-0.06476074888498895	-0.0335872851266326	-0.07380063103781663	0.06189813842531641	-0.031052669463341315	
0.08802149646667343	0.016402835989416012	0.07576639688236883	0.06894688907844437	0.08107846374172986	
-0.00802394683663861	0.009269363204074649	0.05972071823040789	-0.042856229653170486	-0.0019492954760144537	
-0.04381800245041473	-0.06159013366965938	-0.05503692595360435	-0.07440964058190809	0.017404061080456647	
-0.03695103938092541	0.07857774170503026	0.015571443056907094	-0.06319795967450699	0.05758584676510087	
-0.03440935036788847	-0.05244591281724025	-0.07199317611200717	-0.016770738089141205	0.03686795673252062	
-0.12956537788722955	0.10377477950346056	-0.05417795623489339	0.06743688199515037	-0.00023187583301888498	
0.1509971311384212	-0.029372310457821828	0.138899718569646	0.04015066463352846	0.07547744090162131	
0.050004352740532	0.07166276728580848	0.05101643769353603	0.03961144968946059	0.07289588601091998	
-0.11816919646242065	0.07460259637915946	-0.11410100311466093	-0.10082196124961595	-0.07776164937753129	
-0.019704083306091885	-0.03652321080834463	0.024383873584060287	-0.013950545835747133	0.09476041558545045	
0.09338508975283237	-0.09337053784583253	0.061609517859415035	0.02150457096581143	0.09480576681116146	
0.09559763056750188	0.06573968185563092	0.06226557512345482	-0.02475299221916634	-0.037466849347902884	
0.07097958853948047	0.0055429292617493325	0.06043221680091962	0.014497703438321269	0.04662850505750221	
0.05725152772643097	0.0226135343594962	0.08391887446295153	0.042129069394084236	0.0008026039018904856	
-0.12948338887904215	0.0017044565672358707	-0.14224119769957935	0.05213155158757979	-0.09580314225862023	
0.07321295170370191	0.06989286974043445	0.04482079146117329	0.02015949351047902	-0.06175643037981549	
-0.006623995447338743	-0.03096558976895701	-0.05499200843718308	0.018502373753159357	-0.03754603245961661	
0.10247992368007111	0.07336235962692057	-0.022695502634340933	-0.061372409197215934	-0.04798981639224506	
-0.005414159772164574	0.044678602711282926	-0.0678845740617079	-0.05897690394853057	0.05845792267308389	
-0.01683025634649453	0.023337013431047243	-0.05326677215214999	-0.07960654811484053	0.00317140339370596	
0.044990359954428134	-0.09441164106131389	0.0866914042588383	0.05418712643550351	0.062152922383447676	
-0.10642707150621394	0.06785984503946442	-0.09773015447604726	-0.02945329714307508	0.0317178395214077	
-0.048845890546090266	-0.05914614524817686	0.13460869120031613	0.11140430253394891	0.036492025311173626	
0.07332165483330261	0.08996119827072532	0.06528139952586828	0.07082308876730775	-0.08025131963593034	
-0.04526541716076904	0.08457907453554561	-0.05479667480819353	-0.012337073786530733	-0.1489381925053947	
0.04310826714588788	0.06491522561055924	-0.021274524798159555	-0.05657147864421777	0.024924918836903454	
0.02319299149030981	0.022933545559996237	0.0664872427092953	0.1113088012767446	0.1333673416759997	
-0.03995033209321999	-0.07139883434838012	0.08026168726985478	0.00831187577747465	0.09494807417101644	
0.01761107131712427	0.10407858001697079	-0.0032629570297509195	-0.0037956530264390232	-0.07869551098014434	
-0.07101832590145432	-0.0730940887245244	-0.12044196739795486	0.009820579360165503	-0.1197823615827951	
-0.02669138055125113	0.07246925056760883	0.03853554350147087	0.03818842841323372	-0.062272639808937824	
-0.034570109172099725	0.02958295647773416	0.06788839051915052	-0.08056310032205306	-0.06413484680789772	
-0.12315556274172289	0.09743653494038226	-0.09320505976506209	-0.1597527303246927	-0.054538559100007586	
-0.05760796707126481	0.05972084895204205	-0.040533723698545555	-0.09447879760909927	0.018686489892924207	
0.14538928819540883	-0.08030723169202693	0.15561955925681864	0.0835804839050716	0.05582731549214704	
0.04060021651578773	0.08913488462431532	-0.15223007724008505	-0.011428708232116485	-0.0436398199458926	
-0.020375300872316714	0.0040785143393917535	-0.17239445833180445	-0.1872169295025507	-0.09688590774719255	
-0.046058120963376845	0.00208142246426015	0.10358724705491419	0.07050385687905564	0.06858285464298766	
-0.03835771254571519	0.06071817037152753	-0.01718555944756648	0.06582762684117012	0.020187074614997875	
-0.07131539026595102	-0.08432262002901042	-0.09633347141739855	-0.08665500047212871	-0.008283237258313633	
-0.14099843239573445	-0.055358775434231955	-0.03125189647513727	-0.0820084425079322	0.005307788685653113	
0.04695748792969608	-0.04025128400048534	0.06869522980062213	0.0485533834724056	0.09725972754885386	
0.03134069349776783	0.054118656522369614	-0.0256638224590262	0.10091695013679101	-0.04292835699540633	
-0.044660028847365495	-0.05908604864747459	-0.06846690168637423	-0.16426422258998416	0.041827306188811225	
0.12233295712685659	0.0392965259892945	0.134128245823957	-0.03366727001460001	-0.0418962326472937	
-0.044884820743100955	0.01491523248866458	0.09961000907715929	0.1098041888014533	0.048027904964122195	
0.10205819454284465	0.05012838196286372	0.05709501838561473	0.006135268689924691	-0.027182148326418513	
-0.0761085899332542	0.06252211760656576	-0.07064152531655138	-0.04714050345461987	0.06381783572670616	
-0.06287592273228672	0.10988834322478405	-0.07868755186758168	-0.0163831863934938	-0.05241447186926809	
0.043633347459010055	-0.008372092746127196	-0.06206392817471331	-0.0331068878538944	0.06254703448105547	
-0.08267331113534822	0.03430985438849725	0.09444889092798234	-0.08416961329911433	0.010884348677685361	
-0.03723491597848248	0.07054000259417577	0.00913335877284944	0.03608882488173429	-0.011869152491711717	
0.10635596567719478	-0.07015662918869875	0.03487550358378597	0.09788802532456257	0.03211344700631506	
0.0034535197002259627	0.08328117061077955	-0.014705042299720805	-0.05052079267952292	-0.025741247744189108	
0.0860437968626969	0.09068316539351622	0.07629766205616563	0.08081345408046069	-0.058957744496531725	
-0.1337902057858446	-0.026195346418476317	-0.0958193673419897	-0.11835298320711318	-0.015221283864101702	
-0.01728271699976773	0.06327030236544282	-0.06297392034619387	0.0403753059512621	-0.05192887503017223	
-0.020531749026696355	-0.01101776814295663	-0.13164948012386554	-0.0866781813826423	0.011214943549884109	
-0.06937857249337605	0.04888094262822589	-0.13846155141114141	-0.05159552592923447	0.04756965745546084	
0.11098762482636168	-0.007540223836868884	0.1615975043675455	0.1290963525672296	0.05278563533964544	
-0.11067933146550309	-0.07209023539980473	-0.10992706237251608	-0.026501519690029254	-0.03674051837068487	
0.15751856305032969	-0.1052167434423641	0.17881406515888895	0.1143575609431477	0.10453941767155316	
-0.008813016175546482	0.051300835653762075	-0.04676351573179305	-0.13069639063166724	-0.054740149014551126	
0.001001373006110832	0.04127357002349448	-0.0030510230789363535	-0.005674004699132862	-0.07214599627669122	
-0.059012529601493745	0.02957851926043534	0.012913972084019213	0.1320539457247423	-0.03314564691304939	
-0.01974096171237945	-0.005942304762991073	0.07221343451202392	0.0038944848728256435	-0.06978495722110974	
-0.022915704180944015	-0.012341118092504528	0.054834253560641415	0.06855043037474119	-0.06652861471467449	
-0.03829366713035962	-0.025652020601593065	0.1305526897109115	-0.045950501299251184	0.07050920255185907	
-0.007406073428421974	0.01473078151287902	0.026309142038564243	-0.01270905414725646	-0.1258180385260132	
-0.07742235708424916	0.10967650028442172	-0.02745719560231125	-0.03528235971532483	-0.012866929463730229	
0.015699915957840108	-0.045176044966629574	0.01210599810721176	0.03434595696348405	-0.029514073956718234	
-0.07905086967197404	0.020940794873876692	-0.12314756904192062	-0.184156823247597	-0.05015040404788219	
-0.014452534132784758	0.061539681822441905	-0.02929302746640193	-0.057261352474083774	0.053456901684353325	
-0.014480598477586079	0.03412121138034823	0.07904535807660032	-0.037649475346865455	-0.04892434359489045	
0.13711346964321472	-0.16639988966304955	0.2525863197373921	0.09648814117175007	0.06168802401016759	
0.0349128047526821	0.05995530737947727	-0.08389409457432283	-0.05365953790284159	-0.05847486763923713	
0.13119600634798914	0.013079900015377895	0.07173238355013142	0.0043165361428493055	0.09474821618364627	
0.040076559482490684	0.05306332993678751	0.1096006617713946	0.044686520866288756	-0.04330434690300362	
0.1119537351084727	-0.07750260343315196	-0.030398735031509874	0.007264566226440288	-0.004406303134838356	
-0.1107994639332823	0.06514061185897001	-0.10470057711984808	-0.014154087618651058	0.02069517308384916	
-0.05785352158333586	0.020190849621527993	0.04978567504916728	0.027643742124066673	0.019425460589329813	
-0.04090354286890059	0.04632129424830175	0.08906168799998995	-0.014887721947690613	0.05643636336628108	
-0.15241185604720736	0.10235753171816665	-0.13528320422850232	-0.08212553660180512	-0.08405183551144031	
-0.08397927123879015	0.08092620058724859	-0.02596916448925235	0.006139487695227902	-0.0011767468207349863	
-0.12942508883411813	-0.028754692994301365	-0.14098183242645126	-0.04739537122136967	-0.09551426513861234	
-0.07463515663702391	-0.04873836796459466	-0.0056330294530307625	-0.12690227466068393	0.06276400412504586	
-0.08785530977093195	0.026479907475437485	-0.11929434229381923	0.03583570300490606	-0.07702404597014344	
0.005580795681625325	0.04801550863181431	-0.07001370301654881	0.010217434837394346	-0.05667655833424412	
-0.01855713135560356	0.08236941323946775	-0.14468857026678938	0.005273529042858037	-0.14644113180298537	
0.006851351462496828	0.045479522102381036	-0.09892802771263527	-0.007122601930236144	0.0019792856663786375	
0.08538424835043788	-0.038962836042305625	-0.1136279418762708	0.075754400723001	0.06372324311758196	
0.2807991585761578	-0.10474267721205746	0.3596923954290938	0.27828735697357126	0.14249968524589696	
0.014678478854940957	0.07138627390367794	-0.02397782796095198	-0.05559652625156359	0.013795271367355562	
-0.10205695476555272	0.04745630034019787	0.08416460617246786	-0.051887295363972546	-0.08242452476266245	
-0.010219118767509843	-0.06698045009763524	0.136279676727551	0.05217803722090999	-0.014548556086873396	
-0.01585253946100497	-0.07223974077972924	0.09585494640530647	0.018580304139456112	0.028099095464219567	
-0.011176578596677117	0.06562707214630242	-0.014730369152753872	-0.030860235764899532	0.034994320961821035	
-0.023166099156662838	-0.03626437151734004	0.006633893287152248	0.062366484236404285	0.09602627031461422	
-0.10356181869351047	0.11344226636988529	-0.11534954847978052	-0.056193080986987984	-0.1406438940739361	
-0.013403698606470366	0.08186239773098733	0.021095800206186927	0.053354917447420436	0.0009401216191788631	
-0.14314412015043265	0.14559311538920514	-0.2497709323686563	-0.1215661169704419	-0.012444925653330784	
0.06232950031292321	-0.09658746503532814	0.15223266925957424	0.009484606101927738	0.08028335514280717	
0.06517549468454406	0.06029877261205297	0.09342228805896341	0.11912433770431946	-0.06239819113998303	
0.14873020075954815	-0.11127566147987765	0.03134987067312055	0.13537256068406028	-0.06626881274870507	
0.07447359802391726	0.0629447866875014	0.002007483953615914	-0.038842439116727974	0.06564260602569985	
-0.12986636113557667	-0.00626716508710509	-0.07627075561834562	-0.04273207100195742	-0.09102948634933836	
0.16717618813042565	-0.07036651903056508	0.16056754344981727	0.06899659156725306	0.058269395157063836	
-0.012527496888742901	0.06805181494223624	0.02117329555960611	-0.03392298610400382	-0.0398114669648916	
-0.14658969874392713	0.06940763995841484	-0.04313800331831407	0.007522078216013665	-0.03443045719564683	
0.04015047098744423	0.04694183022085061	0.03288353005810527	-0.034768074395852194	0.017123360746518955	
-0.06404114046140513	-0.035636007322419214	-0.0654790759760415	-0.01827255499734752	-0.05171625040688024	
-0.018615601174128416	0.09504446848746242	-0.035936134835593755	0.09649818899497906	0.027261225171196724	
-0.024981796321217803	0.07149689981671933	0.02391734787371476	-0.04959338397383213	0.05857113559537752	
-0.0020604539287648266	-0.03496212211491026	-0.01606037921072159	0.04861249411988116	-0.04280743454940591	
0.0476584940699583	-0.01777374876785826	0.02334476935080373	-0.0072331250523576885	0.08073845984588396	
0.022271713207495426	-0.03259890020497184	-0.04683973552682375	0.022467831293638236	-0.049794290259693175	
0.16957221195600097	-0.09090339344652733	0.13326730263009806	0.11470034348287922	-0.0020543761727839496	
-0.09326627528998119	-0.01912731721862756	0.09293791115913745	-0.02771047400509442	0.05830858234367866	
-0.014105968205082253	-0.061761474465601304	-0.005984537987798473	0.09104566871830623	0.06974661669397676	
0.08517269239037988	-0.07718618691131768	0.09995461539843253	-0.010850205385665937	0.012756178965620247	
-0.04081217123532243	-0.02026033396547222	-0.107645353681885	0.012184690338067641	0.032487788418827226	
0.07648090442321202	-0.002085979008068178	0.002664828129481596	-0.020748688460907258	0.03421817385229491	
0.06634243318696162	-0.05811414245773611	-0.018594538561779	-0.022288320814013735	-0.00560100174463902	
-0.07537190398663834	-0.02725857999562499	-0.05736209726181981	0.06169610379218198	0.05555742519026743	
-0.0829541986454555	0.05754160583210994	-0.1544699028043546	-0.061852628730243775	-0.08538930795997925	
0.10476975292393546	0.0044503767399725475	0.0775630965573157	-0.03830011789933366	0.010680104800622828	
0.09731455591737631	0.08965983481453302	0.029017128052088725	-0.06965502579360527	0.027825369743981004	
-0.09097043869062545	0.0559426915721462	-0.14988911496104815	-0.08112555834957501	0.002179878750708386	
0.012539137493729516	0.042901679562755236	0.04933621053208617	-0.1221059038282997	0.0651652146711746	
-0.036190328154303265	-0.09175835158528302	0.053299463977214356	-0.029491874150803354	0.05600714998448981	
-0.1445493682171979	-0.011199393492853033	-0.15626834781827706	-0.009962212639487567	0.0017196819942629769	
-0.02428388134987955	-0.06236114799403576	0.04940096580598902	-0.03192414184690655	0.05906023348112857	
0.04528641543843987	-0.018753797354491175	-0.03432362022813974	0.07248779457401783	0.00041114268509321304	
-0.1247793982441922	0.03774318329750583	-0.06757595694312879	-0.06267572229366396	0.06246928515611363	
-0.0008826267499547652	0.03353059159536092	0.04705252817289703	0.10314692437614005	-0.0158931109317482	
-0.0713746012681569	0.09326902299514923	-0.03439658280486432	0.07379581293228214	-0.02238502328381999	
-1.0372187001170896	0.8450194889867498	-1.3900970031720818	-1.0083709980416484	-0.5122073677873266	
0.32340133051104375	
