            A        R        N        D        C        Q        E        G        H        I        L        K        M        F        P        S        T        W        Y        V
 1 A  -2.8608  -1.5467   1.5218   0.7563   0.2867  -1.5101   1.8133  -4.2311   1.2859   -0.986  -1.5519  -1.7549   1.4875   3.2842   -999.9   1.5161   0.6672  -0.1373   2.2468  -3.7393
 2 A   0.6727   -999.9  -1.1886  -4.7787  -0.7295  -2.2363   -999.9  -5.1103   -999.9   2.9124   1.4265   -999.9   2.4877   -999.9  -3.4186  -1.5976   3.8642   -999.9   -999.9   2.4624
 3 A   1.4052  -4.7148   1.9705  -0.9044  -1.7033  -1.9753  -3.8217  -2.5291  -0.5214   0.4639  -1.5329  -2.9368   2.4855   2.6356   0.2381   1.4427  -1.0201  -0.0191   2.0682  -0.7103
 4 A   -0.326  -0.0471   0.3781   0.4161   0.0813  -2.0087   1.0371   0.3401   1.0435  -1.4941  -1.9697  -0.6668  -1.6678   1.3103  -0.3963   0.8269   1.4592  -1.0421   1.6213  -1.4484
 5 A  -0.5623  -1.8332   0.3206  -0.6085   0.4897  -1.8155  -2.4695  -2.7393  -1.7653   2.3722  -0.7394   0.4725  -1.0469   0.8164    0.521  -0.4295  -0.4036   2.9369   1.1427    0.936
 6 A  -1.9836  -1.2657   1.1196  -1.0689  -0.2283   1.9023  -2.4676  -2.6419  -1.7894   1.8025  -0.2333  -1.5061   0.4272   2.2892   -1.912   0.0451   1.6485  -0.3095  -0.2844   0.1023
 7 A   1.7256  -3.8773   0.3153  -0.9809  -1.0678  -0.0861  -0.6378  -2.5697   0.9745  -0.0184  -3.0911  -2.9108   2.2998   1.3702  -3.7297   1.1406   2.2078   3.0469   2.1067  -1.7044
 8 A  -0.3042  -0.7686  -1.3058  -1.5823  -0.6639  -0.3974   0.2009   0.5947  -3.3636  -2.2663   1.2819   -2.059  -1.3022   2.1737   0.4491   1.5486    0.107  -0.2346   1.7656  -2.4903
 9 A  -0.1006  -4.0468   -999.9   -999.9   -999.9   -999.9   -999.9   -999.9   -999.9    3.467   1.9268   -999.9   0.1071   -3.455   -999.9   -3.148  -1.1216   -999.9  -2.6812   4.8357
