TESTRUNID EPOCH: 21 L_PCC: 0.8778320429277632 L_ERR: 0.009769684643812046 T_PCC: 0.7979376566055262 T_ERR: 0.01589986595066127
180 LAYER: 1
5 LAYER: 2
1 LAYER: 3
21 :ILEARN
0.36140542507461193	-0.37104238576629506	0.8334063482742708	0.27099503523757246	0.8432187355242059	
-0.004227372160844775	0.15015946105822514	0.1062787663284181	-0.09609758955684498	0.5262107511286686	
-0.1417514928930356	0.170212859791931	-0.30613599891805837	0.045468750068478	-0.5553518256946336	
0.06566173287349475	0.2840716069626571	-0.13879416812002474	-0.04251590658524592	-0.6878873563783355	
0.09485089682743159	0.47252977277965474	-0.20774228441531048	-0.05136870163969562	-0.2652371035368207	
0.11152066867454254	-0.05130718781795759	-0.1081061343045599	-0.1266965453057875	-0.04233383049126158	
-0.43924959066095787	1.3027342417843566	-0.7275557288406538	-0.24411524410076565	-1.2124662690672983	
0.04616591495044989	0.09481049210583022	0.2893054170735843	0.003855697881310192	-0.1956641411060614	
-0.04547439053492924	0.31574125368105727	0.2769128010739642	-0.09253412185009655	-0.7417947717718171	
-0.011967058360943344	-0.051185816609142246	-0.28107233050716723	-0.03682328684814736	-0.029584125614411524	
-0.04654670838423863	-0.455333087203846	-0.20821226597564868	0.0840328174919711	0.6341338271582521	
0.13294914885342604	-0.3069633967493294	0.5261807989295912	0.09220363929700673	0.9653541595592369	
-0.40080389196906674	0.8359637461440763	-0.8619391140085317	-0.2809638436233996	-1.0958770380479286	
-0.33061595798532545	0.28634247945210317	-0.37720186796737104	0.12388554810070154	-0.48413927298893555	
0.36225492354356476	-0.34083807056901383	0.7330201653999125	0.22412552823159992	0.17959981490870805	
0.023488338868069884	0.19397528751138632	-0.21087779550701852	0.046290972451625535	-0.3447673122194089	
-0.3293267768552128	0.4116289189850569	-0.7404563626301587	-0.25543363519240175	-0.9587337074446224	
-0.1972474625355027	0.2262754571422643	0.04178308637644472	0.11431947855326202	-0.14995928447829054	
-0.33390858279669167	0.1848133750229982	0.3980308596900473	0.044995839182307026	-0.037617332567043256	
-0.04228218007271704	-0.013930466265226042	-0.17497651525781188	-0.10045730642328272	0.12073877132411505	
-0.3596345076751293	1.0016855935584568	-0.32837422928884474	-0.21532345233113823	-0.5577075832285965	
0.21967658603329263	-0.02583477234415654	0.10384994251529757	0.2948816277009196	0.28585944262741314	
-0.09981980356326119	0.06183711411844857	-0.1238965369865869	0.04380441225574532	-0.20288519507889463	
0.07539754007405913	0.19612250863153013	-0.026816115300272173	0.05563251750138966	-0.14440003465279247	
0.091641282584143	-0.1471681936739051	0.6870711699171527	-0.010529067507896523	0.6530089138063245	
0.23043741906201645	-0.38388544218431164	0.3535401822077417	-0.10793038558931403	0.5795860840893755	
-0.022173082065250375	0.47732194008130074	-0.2445038053067386	-0.04840142851531443	-0.1475243238199753	
0.07841846703917879	0.20143462658392033	0.09005814798222712	0.09755563072594022	0.1655695606022933	
0.08132845506482725	-0.22566246449424568	-0.3138471669475515	0.0690295663330762	-0.15463503145542976	
-0.3457322146448077	-0.21991737809079026	-0.2040223224112268	-0.19030024841692772	-0.45133004251862824	
0.03005682950024252	0.19295651672258216	0.0038187612430448576	-0.22074160430524617	-0.15555504707999376	
0.2662809629494396	-0.30260805148975506	0.29239989761240126	0.1939338829242322	0.5024033444338915	
-0.0110603693990177	-0.15683000536744593	0.03209895779742248	-0.124331973856833	0.03184926205885649	
0.004768677902553878	-0.18362831882972339	-0.42564983452205435	0.3653178845858721	-0.4797448893270356	
-0.30247821739748254	0.40336549748333006	-0.295232301946995	-0.07475977249965174	-0.3904954121090317	
-0.08307931729030382	0.5448082781860275	-0.28633188068168147	-0.07023615596165418	-0.310326665239377	
-0.83307346477048	0.9967727595788775	-1.039181744267252	-0.18430294712564016	-1.4598208145438332	
-0.00899407274168201	0.2994718157403136	0.03471212716644433	0.09664014526589505	-0.2890093105390968	
0.057894757899677574	-0.3382384684775858	-0.21472006453415565	0.3285501001562104	-0.12233963553112932	
-0.4103851752628921	0.33839962537897156	-0.5967669515729783	-0.18234056813165453	-0.6799886718604997	
-0.07998379064007959	0.9580665851499723	-0.5163964309430062	-0.545875280238039	-0.6498778862033955	
0.11872538038213014	-0.29104658627521407	0.1948874185720734	0.4184994683020695	0.3041508368317848	
-0.2938387597954053	0.6836083971753832	-0.4025387838700429	-0.457814153825475	-0.6278538691009626	
-0.04278332533541933	-0.5168468651202414	0.5300922775521691	0.055517642112276944	0.25433425094326084	
0.11060448504484416	0.08810099379113973	-0.24616076334614825	0.0376659707162681	-0.16150880913957777	
0.047250525815511785	-0.3983216571677977	-0.08774315022286863	0.3369989807799144	0.30781306135802233	
-0.1079203681554932	-0.08257227908531177	0.03731679773065578	0.03263396962646314	-0.3042523925548514	
0.4975959970484979	0.28255152872687905	0.18867543391206348	-0.1693450820419289	0.14371123321954998	
-0.14896877921858634	0.37405525255146876	-0.34098621911528876	0.2939978327259503	-0.19181298306057848	
-0.21836572493123288	0.5489557002484419	-0.2573361037449182	-0.4281060406195322	-0.365591758358601	
-0.0005915150024844776	-0.5463941164052876	0.26920018246069277	0.41237856302726694	0.6877686543585934	
-0.17317172277893145	0.2720728532115889	-0.3080401352868671	-0.09346452700648368	-0.4534784428367329	
0.08423543929536181	0.2665682265113608	-0.1125991597403919	0.018710379836808323	-0.05008233917811786	
-0.4181468447264137	1.1910146510077788	-1.035866410219145	0.10301931137015694	-0.6240473363806048	
0.05164494831428365	-0.008007585887704246	0.22227059386648793	-0.045389966508961044	-0.05305873937027645	
-0.08876370027619157	0.506824757931395	-0.5579731860268196	-0.28122630183613123	0.08595074395370855	
-0.07303963638042985	0.5469230816194502	-0.2401943923753919	-0.19161210497523112	-0.07005452721814442	
-0.008206100355294857	0.32407109581691934	-0.33215841258097933	0.4609194799227605	-0.1415841180887502	
-0.10720107012044254	0.5390280080668052	-0.5222687248270393	0.3662256756218529	0.39036927330009413	
-0.16483114398927706	0.4267697651209664	-0.10714653489192978	-0.33337981768847735	-0.2317268143752043	
-0.05150295347924103	0.18647401228105412	-0.19240275575759638	-0.18326064787088517	-0.4914347810353899	
0.17633679413965173	-0.06723298765935276	0.21570991237857814	0.07879185283193305	-0.10517464563588898	
0.40011043779767125	0.1476842554741206	-0.02855281710040062	-0.043898967578445545	0.024242289476780053	
0.07088433785360838	0.5818992630263018	-0.1873717099841824	-0.02770839325435282	0.001652258314452775	
-0.09130231098773373	0.23319697047549337	-0.2331307718235107	-0.28157447550797127	0.14592526421531443	
-0.19034419788576118	0.014800820108660488	0.07387217625681984	-0.1293377436679207	0.2896322209215925	
-0.2786065693215747	0.33667872220428	0.1632335595404267	-0.10974571006684002	0.0099199359448923	
0.37198918434185907	0.35777051511083235	-0.008087588402874017	0.06059534355600291	-0.39189708787201044	
0.15375718016772558	-0.06845366617461823	0.023698878819676673	-0.044308752863171964	0.38523301114307285	
-0.14594843585337788	-0.44543777248123345	-0.28271061040319123	0.15057888959051183	-0.019682308915385267	
-0.27379387924979093	0.08791492151057143	0.10663743052368489	0.25312805407900474	0.19050763906895257	
0.003617974898048275	-0.08699727513400263	0.1276780116578856	0.10268352026427371	0.11877733286187839	
-0.4077037139076418	0.4033677269887393	-0.19028602768651526	0.05469517931326065	-0.25473379060968165	
-0.1379904110611317	0.1360801506853933	-0.17491162088024845	0.11366228978630293	-0.6398463835030754	
-0.09702727658904849	-0.14225960120526676	0.016356771980157708	0.048499789144488596	-0.3096498109059009	
-0.09641870206534232	0.1559363685415078	0.2774790917465367	0.014337120175450855	-0.22950137878471463	
-0.17011662409520187	-0.24965187190569368	0.4908496519621592	-0.03550237717732214	0.1538132952591587	
0.0258932949164651	0.749806567841329	0.17081296724811967	-0.08112704831414695	-0.2133597075156423	
0.014480409689346194	0.1358127000831418	-0.2653247223820633	-0.06377655014162904	-0.15480099923929885	
-0.05507336260557477	-0.5604762994246169	-0.014157386669945227	0.0295756200681244	0.2628686612884883	
0.2068496202120379	-0.16609672317782712	0.09165267963903401	0.19894042141764337	0.06546209344751344	
0.41792807137030275	0.3139289274366546	-0.006415432134864266	-0.09742434984514581	-0.4578147617014197	
-0.2796071285361206	0.0332383637336431	-0.142714842151093	-0.45707191305886635	-0.20173092444186846	
0.365887142614655	0.16171681507538524	0.09495588466516239	-0.24034420380611712	0.0938994358259027	
-0.1632418775781959	-0.4444071739459386	-0.18947106722970078	0.14463769696646994	0.4017652768770788	
0.10176804846170989	0.06693305309185416	0.09907685816585032	-0.3026025251912534	-0.27755910943487455	
0.40522152275303014	0.09347957478753058	0.23917814578071875	-0.14052446907285546	-0.1805954462648665	
0.09459755127025934	-0.10393034923810034	-0.13649881920924964	0.08503611163529427	0.3912785320323618	
0.11870456567025317	0.054280801041328326	0.50046159953013	-0.09794151867721379	0.08396577991596849	
-0.14178649349545122	0.5696848363405926	-0.230980215530534	-0.039272207224862604	-0.4958026835371955	
0.0797732103084017	-0.31845141170984276	0.7416104703792913	0.37289143349887754	0.9341157654638065	
0.7711405174638667	-0.38342144076679263	0.658882949948386	-0.008195674125922548	0.23232173022448932	
-0.17560559218245053	-0.1408674680796996	0.24342360763007623	0.024935325795352063	0.10036091869692815	
-0.2684717021992833	0.32755035973820235	-0.1726529067035486	0.5313519982130223	-0.38376681880342206	
0.0932975002737634	-0.4613597414969605	0.48940390974844583	0.02975689545184719	-0.2369841989876381	
-0.15996607522794148	-0.07498268701731314	-0.06377645008429605	-0.192260782682375	-0.26707225429417636	
0.06566863817065043	0.11850171052720557	0.2904796794596497	0.08800303297410483	0.2078655898867288	
0.06187664898595197	-0.058559790336436414	-0.12999737030696276	0.17221835457138143	-0.022519410111870673	
0.14565879683371555	0.12296493499419693	-0.009580128897857063	0.3100297334860912	-0.2973547088398402	
-0.08402126028434312	0.6971224947230494	-0.33756792698466026	0.14158832587208067	-0.6133364151288445	
-0.1435260115723626	0.5372055103917567	-0.2858133630801835	-0.12182097495472193	-0.8296160834857458	
-0.2486657469863736	0.5223599184694508	-0.4284384198076895	-0.2507350289537345	-0.04896960456417592	
0.09739499501973506	0.45532308621699796	-0.05264623246904292	-0.3467446100245544	-0.18900309679396168	
0.11488746346593788	0.19119837229822406	-0.1948383437824841	-0.003615029537181415	0.07138430254215608	
0.29751645739512755	-0.318698549389262	0.13966316730176903	0.16124666963198714	-0.5985457637630933	
0.002680030811170797	-0.18116664296372262	-0.035739606604558466	0.03733294619774477	-0.15091624174312024	
0.23757753522675631	-0.10286770572853385	-0.13195763650134715	0.18676531402114405	-0.3177394593835083	
0.26016697197424526	0.030669069723662	0.25433708197903343	0.04032892893226571	-0.29935282018652787	
0.2933911599046317	0.46414583082941885	0.3592774037426544	-0.09850408144884219	-0.14238721920325992	
-0.24359733013962742	-0.06755401440129241	-0.27741489632247923	0.1356463420037143	0.317528200488513	
-0.07774752447532617	-0.08756291294109336	0.033724459035269876	0.3224583406035277	0.19702444214741743	
0.25204813845093293	-0.30440709592997756	0.1127434870415915	0.05924590425930522	0.355689812310262	
-0.203924592551173	0.0612010852713937	-0.04300909279108864	0.026677289448965098	0.05214838161868502	
-0.2835553418856971	0.361738447484806	0.009157324537714331	-0.024676970697048033	-0.6203457969909709	
0.12683776420794435	0.05769611193413375	0.39073259302313607	0.10503677951565472	-0.3462066824634227	
0.36724393668187516	-0.13650026177476268	0.5410087842881094	-0.1041310909683947	-0.014241483471598655	
0.01039293625482261	-0.08201190549425473	-0.28985626122252245	-0.26066856719562936	-0.17498715919849267	
-0.22216222277739323	0.14282954505083328	0.1605959436687951	-0.017831035378297177	0.4083080609757484	
-0.37528606033472045	-0.008572288359086395	0.5009965623723669	-0.17364048884647146	0.3694881056723541	
-0.21396978879425807	-0.2396600779591119	-0.23598198559206565	-0.13238206301344177	0.28798582336802003	
0.09349030788361373	0.32248408434666537	-0.22897724579329645	-0.011401634779190394	-0.10187239015399391	
0.28875344825694554	-0.09442357993650798	0.17771528872148173	0.05924273178056209	0.3106946221775641	
0.06150731550081244	-0.18487877360944013	-0.2632644287573582	0.2320012679446241	0.21618160943465362	
0.3057073405946028	-0.0925063269466308	-0.19138761316692693	0.041332211855391945	-0.1752021710162841	
0.1845736628222633	0.28519624962902285	-0.0715014488731279	0.09746839339124377	-0.47066676388821593	
0.02080320563379694	-0.1592858031690974	-0.48970589980743456	0.056500379925968514	0.27727836463783184	
-0.15989218023555057	0.17086280572009926	-0.6520810898932259	-0.019596620670812345	-0.169263870511762	
0.34591764776004535	0.20049838359125843	0.2857418507471618	0.3034626343432577	-0.0806422125052	
0.14873655253918708	-0.10199952182515636	-0.23739664798185506	-0.07464508637807439	-0.2826539952803396	
-0.3603425812991748	-0.20291262437226096	-0.28633010732754577	-0.1339902341069515	0.2338714107333085	
-0.05467631360430157	-0.39320036573215733	0.49141334497255024	-0.2011417737699903	0.6312539318941607	
0.24157231053838726	-0.4163522068084092	-0.19880488839873592	0.3058474989622863	0.527508170811419	
-0.27319595600047547	0.28372160088400744	-0.614345310163992	-0.18057572368275082	-0.057624153117237904	
-0.21851454913526655	0.5854517382220168	0.26807549635053834	0.06982483379716461	-0.5496605192552647	
0.020409430429114944	0.12322993667902794	-0.20900697581980712	0.04274553074047778	0.17989198859286232	
0.020149973386377484	0.5627454993785899	-0.29048001900512205	0.03625802959755259	-0.28674458323832736	
0.024837044408034754	-0.057221466888526855	0.36070828335171257	0.0657506584354222	0.3398102455801497	
-0.033942091340436145	0.6040011298925233	0.1279722755140843	0.15577514778087695	-0.23657089671712184	
0.07358156473861613	0.17253877183974545	0.4577799393350404	-0.019224177317302613	-0.32171789182382826	
-0.36391919020422203	-0.00831201288239134	-0.20757767553148043	-0.18124579364784268	-0.08160016412734204	
-0.022950472823748125	-0.09828647826462175	0.31455942056513336	0.08623231460057428	0.05575242006998426	
0.04108023432960703	0.46854695615630243	0.05151954088322471	0.23990398066847496	-0.09563965574453381	
-0.18408010579785675	0.05863843553017029	0.03795513388144502	0.02644687241400317	-0.30619479804045424	
0.04836233493119134	-0.03987427290013792	0.6895601224609098	0.07508784128903599	0.1952839734861213	
-0.0312201019943575	-0.30021128046847695	-0.07881591562583261	0.05755975663067135	-0.08651469512587476	
0.07683343983259404	0.28962640572871956	0.03244836049343172	0.11020658910102792	-0.16188819711989458	
0.11976307187934113	0.4703050453116262	0.12318125898308947	0.051709639748313586	-0.58549509873299	
-0.10946921478636973	0.2013993606712854	-0.1754851442473615	0.07098902640641097	-0.34981478827611506	
0.43671406639103355	-0.2712902610195035	-0.043705292220588235	0.19314444876441103	-0.07041364116390308	
0.023683594178306507	-0.08775527837950521	-0.010297673715664967	-0.09786652885950041	0.6050478262958082	
-0.11126530893997787	0.6186806782435468	0.10525309626078923	-0.1355349550013239	-0.23494628917485977	
0.1965226765694941	0.1422894813092082	-0.10206057095243923	0.30588798592870636	0.05386813891505093	
0.007584704502568152	0.21542399649752467	0.0838346756733512	-0.20416241471668112	0.04187418825534793	
-0.022243308186936518	0.34106894796167875	-0.4184070593505548	-0.022268975206694623	-0.5678742657734411	
0.38073769288082654	-0.21571523415683838	-0.04383724401512789	-0.0167998535779505	-0.07032752271259962	
0.04771690705505864	0.031601282809202644	0.04524876509984603	0.03698990541419407	-0.21360396252016428	
0.04277280586883574	0.22513330679536223	0.2801620639538	0.13111602347578344	-0.19478536684135325	
0.03788364577317464	0.09448579229085005	0.10758944459735666	0.08293531183051006	-0.15409617989048002	
0.09257242710318082	-0.2538351314211019	-0.3800539691253804	-0.0072470440452889915	-0.15201618160056501	
-0.029248476710661442	-0.08022630738745687	0.009316725981752353	-0.03847324081698551	0.4362531297469714	
0.24071562951794157	-0.14806507295805138	0.23849091740350234	0.15792708541538908	0.11364992494927181	
-0.3449474822759212	0.829265256919016	-1.235622219491607	-0.4939546530855956	-1.635372305434707	
-0.11825750018505206	0.005251941850507271	0.29941094991818534	-0.06256016483415436	0.18426091212516696	
-0.05044174499604499	0.08214846639452596	0.045472609072640405	0.014478865727102429	0.040169838895262946	
0.3089199786604014	-0.18400634128193424	0.47811675850998675	0.16673389057315435	0.33952544531814266	
-0.1949257666371941	0.15245070604702743	-0.2693347185166616	-0.19979903197287152	-0.21836201620429468	
-0.07470762022647023	0.17491585823703187	-0.1246487745339545	-0.22571087180125676	-0.22655705764596007	
0.13424345067982985	0.01856190057600894	0.17136329714357723	0.015553760837818821	0.05434656211948737	
-0.3496430409582344	-0.2015230049724341	0.5651580199289162	0.16879486918544034	0.9920332026555827	
0.26098615669656233	-0.17054861537116472	0.19200621385857067	0.2570055929442469	0.2726084113552694	
0.3438712117015462	-0.17291974136372423	0.30141967243183176	0.18157907942898363	0.3293990770055663	
-0.23230798769843533	0.4561611648718675	-0.5067780636642909	-0.6244441651310977	-0.8403128804496484	
0.13949039704230745	-0.11865067307165104	0.2077380956467791	0.17985297156947225	0.3745570713491319	
-0.11631729947250247	0.3140695400895379	0.02757982242146086	0.04274879566932511	0.32028523882500154	
-0.028942678910403783	-0.02972965535233691	0.20223887001063034	-0.0847267750073142	0.09821723008043966	
-0.01011673772358257	-0.03656221989917808	0.08788832855155569	0.02230463562726287	0.07376953878106651	
0.2563487203430544	-0.2446708803008799	0.35501697638892615	0.1055897557437334	0.24907460264296596	
-0.1131165842669215	0.18055126994107393	-0.35667923850666955	0.03132969024236587	-0.09330663263513099	
-0.5926444829317432	0.7026456422834297	-0.5971462578486345	-0.1375781246985645	0.14945960653481336	
0.2606969377197229	-0.09505194793345319	0.1546377553619789	0.3274132699628615	0.14527265155734273	
-0.16005675031929897	-0.17283355316547575	-0.13403071499568187	-0.014443936206370666	0.16922153737460058	
-1.5174305017454088	1.8297120138591012	-1.6858322632747664	-1.5285745380089641	-1.7967689761482188	
1.1958323372000095	
