            A        R        N        D        C        Q        E        G        H        I        L        K        M        F        P        S        T        W        Y        V
 1 A   0.0042   -0.002   0.0064   0.0198   0.0004   -0.001   0.0947   0.0029  -0.0017  -0.0015   0.0209  -0.0042   0.0144   0.0048  -0.0014   0.0061   -0.002  -0.0019   0.0203    0.006
 2 A  -0.0028   0.0033   0.0007   0.0004   0.0109  -0.0014  -0.0061   0.0203  -0.0003   0.0481  -0.0015   0.0033  -0.0003   0.0013   0.0057   0.0253   0.0567  -0.0042  -0.0023   0.0281
 3 A   0.0165   0.0012    0.013  -0.0001    0.001   0.0019   0.0242   0.0031  -0.0053   0.0685   0.0014   0.0051  -0.0015    0.016  -0.0004   0.0008    0.001   0.0033  -0.0003   0.0357
 4 A  -0.0023   0.0195   0.0549  -0.0003  -0.0003  -0.0063   0.0379   0.0027      0.0    0.005    0.012   0.0247   0.0027   0.0238   0.0041      0.0   -0.006   0.0017  -0.0028   0.0141
 5 A     0.01   0.0164   0.0159  -0.0043  -0.0056   0.0028   0.0239    0.029   0.0011   0.0012  -0.0054    0.003   0.0018   0.0292   0.0041  -0.0008   0.0247    0.002   0.0144   0.0219
 6 A  -0.0013   0.0196   0.0036   0.0024   0.0028   0.0056  -0.0001    0.002   0.0158   0.0163   0.0419   0.0005    0.004   0.0015  -0.0022   0.0231  -0.0001  -0.0015   0.0012   0.0501
 7 A   0.0056   0.0058   0.0074   0.0007  -0.0009  -0.0032  -0.0014   0.0045   0.0023   0.0278   0.0216   0.0187   0.0238   0.0107   0.0564   0.0086   0.0043   0.0004  -0.0019  -0.0062
 8 A   0.0541   0.0155   0.0526  -0.0015  -0.0026  -0.0005  -0.0031   0.0034   0.0014   0.0036   0.0057   0.0066   0.0078   0.0081   0.0092  -0.0007  -0.0001    0.018    0.007   0.0007
 9 A   0.0022   0.0015      0.0  -0.0071  -0.0006    0.002    0.003    0.001   0.0032   0.0016   0.0187  -0.0102   0.0067   0.0265   0.0027  -0.0019   -0.003  -0.0006   0.1063   0.0335
