TESTRUNID EPOCH: 51 L_PCC: 0.8641254003243538 L_ERR: 0.0035854422927639063 T_PCC: 0.8224591124910918 T_ERR: 0.004765134055702422
180 LAYER: 1
5 LAYER: 2
1 LAYER: 3
51 :ILEARN
-0.0027967110851055076	0.03878016559899957	-0.06689277468025162	-0.012537939465534286	-0.013857742772410595	
0.11082860631586051	0.10407304833899148	0.20658775045629815	0.19303381833694452	0.3017667286735267	
0.04800931997972049	0.10058720112533816	0.009811359882446838	0.1382362772133848	-0.009495121861566008	
0.0881439125753361	0.035048348859225274	0.07204286235010522	-0.002532433372632098	0.044073630391521894	
-0.04125305889317906	-0.005685712936012921	-0.1399939205337636	-0.0673982012396092	-0.05992513154617555	
0.1241281956739408	-0.029933634877358298	-0.02523639380498566	0.00870541546074776	0.17893847233782825	
-0.04694578795950118	0.024501584911304886	0.13043143914884955	0.0555778015081093	0.10678806282275069	
-0.0084507686657996	0.06560670197270176	0.11445118416260981	-0.04812691002381989	0.11595797715573175	
0.025654945246312493	-0.025001539049836666	-0.1251394614627515	-0.02951527714047694	-0.17736067039455244	
0.04399469061917375	0.12086081746628553	0.014346928655366646	0.025121444559923007	0.013455130978143303	
-0.13583515546714048	-0.02514069964368822	-0.10620851575253357	-0.09649915643578949	-0.047323220315488565	
0.08851303651287978	0.18783759782476306	0.12846289675669564	0.22428284991192501	0.3066789902387881	
-0.08656992890631582	-0.024846185173541587	0.029346234266832395	-0.02729691800003881	-0.08422097324897677	
-0.04629720982871887	-0.021601569240791138	-0.048314254604772046	0.01870738548903236	-0.07051548713744733	
0.14880849982851974	-0.0186679907019801	0.01282865569566443	0.13983374826582742	0.07180480976803574	
-0.07030690895418337	0.06522662798639112	-0.02023850678829267	0.05263393005733762	0.04600845836082763	
0.045019170913015626	0.0005532836776788807	0.012610611067566509	-0.059557266207369404	-0.0845098557697012	
0.04398522753154871	-0.04418147196013759	0.06042154889667166	-0.004136597235673177	-0.01917150549700747	
-0.26599778818196984	-0.09709618554862551	-0.22401905184065124	-0.1961255105431529	-0.278226837127283	
-0.00060678419485661	0.12846900630279348	0.08613650278610854	-0.032232706622660326	0.13195382650677723	
-0.17208727087521228	-0.1445906973912944	-0.10192479124201323	-0.2155463084341762	-0.14643122734492894	
0.11171208341805502	-0.023996388929034215	0.19723950043900282	0.1383908755202907	0.23548014198346917	
0.07435747626019526	0.06429800342115304	0.26202828588897736	0.22095098620736017	0.12957000902361596	
0.14803953957419783	0.14785718879412169	0.1998310569886914	0.16828699622282206	0.07783712720581336	
-0.04872096721237942	-0.03095075751475887	-0.023434734971597867	0.029994279852243625	0.17519747244949876	
0.10647704653076351	0.10694378663148807	0.18891163495502608	0.03662709812792604	0.10057829040595152	
0.18589823563701352	0.25297773361956943	0.20474481782844123	0.10420665249949668	0.320153408297012	
0.08331608468060912	0.18970133491239707	0.14114436889235957	0.2578629614390416	0.26686881636921617	
0.19551392953900468	0.10179700785359404	0.12491975432114526	0.13845108458971542	0.17688634352316	
-0.1925372320868479	-0.1701276354794611	-0.09272896346182861	-0.12850593828768522	-0.27235266857084517	
-0.2098910540146429	-0.05207788243917752	-0.13452879642197538	-0.2443166621644107	-0.2287154003818081	
0.187936234254365	0.07377319304657357	0.1836650629439783	0.2706309757281176	0.287131343476572	
-0.12497764803287488	-0.08572795626269795	-0.07314530850824681	-0.04186817233696235	-0.19002840477460797	
0.08989964715896011	0.09138451433066343	0.2294515135808671	0.2688056165178034	0.31566374854526413	
0.18692017617587725	0.32692341089071386	0.3011760037802829	0.2586672803968957	0.3720500116033214	
-0.3545190409835277	-0.37299846221582256	-0.48642956348096617	-0.5384239281845153	-0.5414237919697642	
-0.41811031022150585	-0.5097527143199068	-0.4767552047101159	-0.5887107734998304	-0.6648031999407077	
0.06803085907907547	-0.055366430683742696	0.03607542466485709	0.012043541867996659	0.09514489171545755	
0.131986186917402	0.08103918982195668	0.26326096284906175	0.2717487726051627	0.35642406116396497	
-0.06122309634533329	-0.23322630453713308	-0.20141153532862857	-0.16877933418592547	-0.1086717442136126	
-0.08168939778495966	-0.17586863189085358	-0.12723286954301524	-0.1752101758679489	-0.270231622444928	
0.14181731539730313	0.15934867681745857	0.1798171085987616	0.2621394327674275	0.30156247700180716	
-0.03639776223317493	0.06778492767902082	-0.08537479878702642	-0.10190809129440988	-0.09290621207434734	
-0.42242564577881064	-0.5099799506685954	-0.39167669353070084	-0.4007486301620567	-0.5604931048204042	
-0.11630053956758055	-0.08291064542918418	-0.14701814530259444	-0.0008362541543687008	-0.09982775257842397	
0.12881876826590816	0.05830552032118811	0.12255180395379833	0.12211230623107329	0.14388829418615004	
-0.1532489596041534	-0.13838992950608545	-0.09461640700183112	-0.17910706130218967	-0.20095384682274914	
0.14408165322356703	0.01778717899114734	0.17227159591369537	0.13748187178057514	0.2556314942621079	
0.00714046522608912	0.117771962698061	0.0643500535775883	-0.016065250261374953	0.11734757895466258	
0.13254194786250925	0.010842473462015154	0.12447655091446015	0.1746784043133852	0.26321834477231115	
0.07216492983231	0.2786350961665929	0.1919639901962146	0.3179255958497776	0.30521263858110415	
0.2769087225784573	0.21122004352704477	0.2734354456756293	0.2010489312612057	0.3266375253427818	
-0.013755535450204278	-0.0004682730900645983	-0.02690278980677941	-0.04719567788606196	-0.035838295162467025	
0.06223414205416195	0.1217383555227168	0.11751327431070982	0.08549494563305308	0.13422366168074237	
0.06020284124600889	0.03050273705420583	0.12883601024134445	0.08187900450201198	0.2142451079779183	
-0.16408054160286586	-0.2504344173528325	-0.2085836587272545	-0.26656974071789824	-0.2278252099354375	
0.19187900533715935	0.1875882986657764	0.16754040703332526	0.08637598691725493	0.12041364921596451	
0.11902790517896629	0.05321494719251253	0.11525222159854229	0.06872305678224024	0.12859197060107952	
0.05457256131599992	0.09462305630684231	0.07751383619862018	0.052930315626065885	0.0452152773955932	
-0.004076275832158549	0.05171694878116379	0.014860379160429305	0.19473158931465326	0.05509074002400954	
0.093025707857737	0.09060476948600686	0.06549104997349897	0.042362307764295136	-0.021273983700648154	
0.03572251131246978	0.0012496012962017681	-0.003976392791007421	0.05693187386342534	0.014767599867123267	
0.14770828443018727	0.13450424450457152	0.019153045348997266	-0.004512121611825966	0.031067149240959824	
0.006323616995387593	0.024586121106623168	-0.06370866794091107	-0.04700844538514439	0.05464675120086156	
-0.017438847034885498	0.02002391778748897	-0.06102039204301176	-0.07721293831551232	0.002970758331677898	
0.006918891448206554	-0.0505359069533024	0.039412561057697054	0.012300338187098017	0.04650862877536981	
0.030057598739290214	0.14651899938998436	0.07473217924715184	0.12489225062321357	0.22517951093107283	
-0.078836353052423	-0.030449072575150275	0.1093638681642694	0.0972305878701591	0.07069179664029221	
0.03844293501211766	0.05341171449568984	0.026851272592646823	0.03000469641765658	-0.11603730583215491	
0.10536116077669978	0.11877639734237874	0.11135699398187916	0.1504717910146092	0.03466233434641684	
0.0656079489282731	0.061104836257309184	-0.031272835448138935	-0.023348081097422955	0.06169542972436015	
-0.10966781312538171	-0.01726934023102865	-0.05446104541061811	-0.010436461846669826	0.008740882592680448	
-0.09414837827731018	-0.13560536514041702	0.0040571253282240165	-0.06859395503070759	0.02773091879537393	
0.01362803782101617	0.07396735033503583	0.012034551814026073	0.004692488377992752	-0.06377850063669635	
0.034849913974852216	-0.041764113596969486	-0.01007956660224937	0.125219685659662	0.007498547329626669	
0.026535546874869063	0.11427909452203608	0.10251429955490408	0.09422831351963684	0.02579583651408546	
-0.14993092857682516	-0.1012484242080824	-0.03676266837199905	-0.1949047530873896	-0.20049295275795181	
0.009892461476433415	0.10462536785076441	0.06180512603278389	-0.022296049563511482	0.08925266675037272	
-0.0488670172117185	0.0653039792454927	-0.017354587617299844	-0.06638583568588853	0.059115225533263024	
0.09709007222859595	0.006283676183002649	0.10212705320010096	0.04753248088089226	0.06972729006194951	
-0.014726683299555088	-0.04844634252414398	-0.18755776661040544	-0.07005723470096685	-0.11833486953337576	
0.17013044351505874	0.017986426623086714	0.0530715677947744	0.027936542305830418	0.1049736045085086	
-0.001270035969871613	0.0942690315402838	0.15118827616270952	0.1262217810628881	0.1655719772683981	
0.12896613537040527	0.22437551486272703	0.17666126946859406	0.26252935382014203	0.26895868063792566	
-0.004429445620766132	-8.097541960243402e-05	-0.009374165729521025	0.015584436095057684	0.12109512673401794	
-0.08769774809516152	-0.10425610144414336	0.04964217201557571	-0.029164393967157268	0.053377393408625504	
-0.001485605449627966	-0.005213171569809774	0.007493184163862738	0.0025596825600046162	0.08114653086208408	
0.062022532366059355	0.13689162291922768	-0.021640107460737325	0.1429846857517308	0.05243146380297222	
0.0477836707607077	-0.07730220460833305	0.0368535455733877	-0.07520932262460316	0.1260914566265403	
0.04644469845936683	0.022724831457446363	0.03265725575831816	-0.12355512945439004	-0.12682229950700102	
-0.13256450970588574	-0.05471351908673468	-0.011026261128003315	0.006004570685383928	-0.027065717610643785	
0.13636186442957202	0.16040992417755864	0.08965638127271697	0.06400941418159779	0.08558416485569188	
0.0005253009202182018	0.13162689372636638	0.016447749075802376	0.04106498410330027	0.17493650843037037	
-0.17306281761112383	-0.054451189017082194	-0.19984452767142602	-0.1680167344681854	-0.22915209566708775	
0.11300653530120383	-0.00575643527376001	0.01808556321829089	0.04421324503609509	0.11739618288189639	
-0.08956072640253397	0.0395833583673653	0.09881479326227961	-0.08616053980166254	0.03636561223536967	
0.023880812268186297	0.11367365955450238	0.09108165585375992	0.10884534215353242	0.08981898433314173	
0.039675584751402544	-0.033532712090564944	-0.08431090763079739	0.02434720210361607	-0.019012435947956312	
-0.09310511521197973	-0.004749709186496249	-0.11146321874193366	-0.16058285699510244	-0.14507321137640197	
0.017708052710914003	0.03799356198738448	0.03196265174709683	0.04820460519866256	-0.10690201391909472	
-0.04408127190172652	-0.020106063069941216	0.02899505166794468	-0.008075561574315911	0.10631416375778001	
0.02311321595994349	0.07828225292473728	-0.026744330861803025	0.06302351918703136	0.011596593961158643	
-0.07488031442762985	-0.14491685107572494	-0.18574352204987568	-0.17087323182323857	-0.10606569453052701	
-0.047588674127110764	-0.04722609769648718	-0.10472084537747169	-0.03842085343911468	0.021747413588467115	
0.1277274487978629	0.07772505242410328	0.17719613791057529	0.16561102612483156	0.10787450159436753	
-0.03546936552922762	-0.02477742804666767	-0.02464735805951593	0.07045512837263851	0.08033663363677081	
0.23216647818941186	0.053242723283424796	0.25442252898160345	0.21614553781000187	0.26244884259258094	
0.019626516114188107	0.021359084750270547	-0.020534355969842436	-0.1189617362833729	-0.031354937694878605	
-0.04053553434566284	-0.0033529234865674333	-0.05170339597983494	-0.055445538738252434	-0.11222009600444391	
-0.05601686418640391	0.09803983739954075	0.03710851018549225	0.15290341733686716	0.011458353292720977	
0.11465600080011888	0.15113798881617557	0.23198965003551486	0.19445462860974486	0.17242660799062606	
0.11878602767973695	0.14868425266066776	0.22967560908831372	0.2562176635190719	0.16580262021174913	
-0.15623749488453897	-0.059015625161832404	-0.02030533397420141	-0.17402510768658072	-0.04383254058336083	
-0.13927813997312619	-0.17616408975106285	-0.0990387711248939	-0.17081597983357652	-0.2701442695043647	
0.035959705795947344	0.10622515319786136	0.1268959049477136	0.09062818978644503	0.1164297000543849	
-0.02899341749017141	-0.09122317801580815	-0.024593509042533237	-0.006015491955110337	-0.06644483647736409	
0.025192900119802047	-0.1019957888069029	-0.017482343907607664	-0.10476215614654455	-0.03160764614886774	
-0.03799469310849316	0.04620112482011209	-0.05976668660120293	-0.09543984861010432	0.03017246268324122	
-0.04085793471691997	0.037044831508839415	0.03651525219958298	-0.05041924800692254	-0.05730543883145863	
0.005144780938370481	-0.008539339736347561	0.06506301239602558	-0.007740738912339952	0.03124955768908453	
-0.029325640609907302	-0.020359602110790048	-0.14959315042660845	-0.1272476828601003	-0.10917887896790136	
0.1694162545715762	0.11528478020565422	0.12897202630533872	0.07430027225844762	0.21705049668886225	
0.020869265384470558	0.09229064035284551	0.06246223329409107	0.019812759757109204	-0.019444834694533324	
0.07081427585671689	-0.07924859635993325	-0.053689251882384346	-0.012140064557608386	-0.007981647621189783	
0.0060418753239479366	0.12054924911391192	0.021536122055533992	0.12237218106978029	0.17392115672615435	
-0.11618432771077072	-0.059982732934530054	-0.015094459749397226	-0.056989863948895984	-0.07321379577094932	
-0.08060762090684821	0.009987050663174412	0.04429478398769521	-0.06158757387954356	0.0038117191678778773	
-0.05756528724038889	0.09939836798789053	-0.014194856383247686	0.020595429615022247	0.02312067756842927	
-0.12090415326322496	0.02826549750186109	-0.09355922395054092	-0.06598536505500924	-0.05717623575306219	
0.030901579881470343	0.03600410065914067	0.0451357813947085	0.12485193593424479	0.10232847744031176	
-0.20690859889074076	-0.22793788231580708	-0.14089714250035737	-0.23922156710135573	-0.14791761033417014	
0.09768163409236914	0.18751935301176775	0.11258092776363968	0.2794598426015744	0.22333737674455686	
0.007415721948265815	0.0381422886626123	-0.06674346230226681	0.004033984000088555	-0.054108749146403026	
0.042534057244099956	0.027979694940939315	-0.09356464542980474	0.04204802591110175	-0.106090464929263	
0.20974179670636017	0.13167993800933733	0.13873607573336	0.23118614450389469	0.26175128761348204	
0.13786953016232603	-0.006082189388292356	-0.04514953313597996	0.14154137185483934	0.13478462684880885	
-0.07330255544655348	-0.12867406942025295	-0.11052451293724967	-0.12435811375497483	-0.21009040969769005	
-0.007093559264453985	-0.006137515124047499	-0.02275327432385006	-0.09055810471687459	-0.044834342695758055	
-0.038608783257531996	0.11492846845245619	0.16851743915629633	0.040874980206339714	0.025696328434139888	
0.051320568821296306	0.06581695386714882	0.22660633920814155	0.15266738045879275	0.14088638302789833	
-0.043462282924770446	-0.02583792280071286	0.08440603602167596	0.0024067466708568635	0.062313343213475064	
0.05217101516362616	0.11918806609521457	0.05708693554460545	0.03409911641887525	0.12170522020915027	
0.013064997398113164	0.05736432180364916	0.05288955640238965	0.11429852289543031	0.18706309171733548	
0.09205983328145728	0.1604508331318634	0.10081805980439733	0.14673460862141663	0.06344958880683461	
-0.04116667137355245	0.04371657515392049	-0.008978276919869703	0.024333195983120906	-0.03409759932477221	
0.12406397256047923	0.19368284277404346	0.061258634069799846	0.17333416164180032	0.2686166281595447	
0.012912571609324361	-0.06399938737902222	0.08036023586035665	-0.04625862805068365	0.05439195990725702	
0.1602501585220416	0.2304004757693115	0.19532889219175123	0.2520533824256216	0.12915654934937182	
0.12471873598452242	-0.055865004508799644	-0.004402353856061971	0.1308912431387327	-0.055178928534192866	
-0.06210655633104997	-0.04811464932925747	-0.15476939041574106	-0.193958156263023	-0.12478632728995988	
-0.2629253337805937	-0.3532028277630394	-0.23575478746025158	-0.24531836349607794	-0.31446460299337475	
0.06857255530619916	-0.02203012322346778	0.02936409874451291	-0.01881419800406734	-0.0040088312171364295	
-0.12749160365744772	0.04477191785124289	-0.09248307041775834	-0.13726713650719133	-0.12320477581686654	
-0.16714971654836322	-0.043020803548582426	-0.0367668790212242	-0.007106955551200014	-0.10165004538087363	
0.13250399005849312	0.10431121985627563	0.14075907489708	0.06823971654955203	0.13496179685404397	
-0.0035388032121274195	0.010033763456994126	0.013387916154718125	0.055264565795375316	0.05383690336481579	
-0.009804379960039316	0.09750884126625453	-0.01053755151334377	0.09790791338159005	0.056902284014940456	
0.04364958930494734	0.13755523646054243	0.10480346658107777	0.03365697304316855	0.1639711276856107	
0.004979548555362963	-0.000790561120568341	0.002539029173077962	0.07240702889327724	0.019951196891615095	
0.056774234281060015	-0.04390107825907773	0.008590792961820417	0.010814368198905869	0.11209788735445646	
0.10869522958062328	-0.03664826688323264	0.05423620560447161	0.11325427787531987	0.033600538770248795	
0.1787838769585938	0.041915612795577616	0.13434864064974364	0.14606578860207955	0.08369922101575235	
-0.09724649748845665	-0.016655207525860777	0.0876963783713468	-0.03139437803391869	0.055948859096520004	
-0.06611167613187882	-0.032486780065492445	-0.07205625908369094	0.04211097690399024	0.03909389008301971	
0.05591073260140409	-0.032318555649385725	0.060825544846118615	-0.03335005012442631	0.011648933525777637	
0.10548082371214569	0.096410078819212	0.068764160791714	0.18473404480635536	0.23733602741332235	
0.20686473726843327	0.2025087826289927	0.13090297846899326	0.139550754523879	0.2583844846935762	
0.1318416088241316	-0.008707899527056898	0.058417435570016774	0.05069810842447525	0.08583701363326351	
-0.07203554973244382	-0.032741878515303996	-0.0545304999480022	0.06252847863099899	0.05613782092194733	
0.10935455643090318	0.13082442729847973	0.07399840088408452	0.14269901731209278	0.13128973966265028	
0.1224084082070757	0.07180797944177462	0.10011350124433388	-0.028835141479434948	0.08591460992176218	
0.21599412308883817	0.19380765553143395	0.17130085657343186	0.060938110417864455	0.20721122234714606	
0.02307226460135591	0.0004379964441901577	-0.0012281532915815823	0.02875104024990384	0.08597518143075053	
0.07305184520514926	0.024500338828648455	0.11275032638165752	-0.0749901595268209	0.14053902937317908	
-0.04806551617424746	-0.022316086816852945	0.03386840331413513	-0.029416521279504525	0.08553679026357669	
-0.10849996949931949	-0.055634735751119754	-0.10380985909272807	0.02584662443548153	0.014832550474462839	
0.04296568321258071	-0.002032830570392011	0.12803462420948514	0.04495965976848363	0.15799045064039755	
0.0822470895920551	0.08312572751490202	0.018347405290612098	0.13615333336661448	0.09666791630726414	
-0.7844089790827488	-0.7319193340434627	-0.8036864416333945	-0.7399123845071406	-0.7534521594599621	
-0.05735022241785608	0.017407413819023592	-0.022600624883807024	0.030436512949509942	-0.0597033404422452	
0.19999470931928426	0.236152495455449	0.30575559682238923	0.45558542387045725	0.6422430167251962	
-1.2648397790399355	-1.2189293574985116	-1.4774925598628996	-1.601221190092298	-1.983506653896362	
2.0649968120623075	
