            A        R        N        D        C        Q        E        G        H        I        L        K        M        F        P        S        T        W        Y        V
 1 A   0.0277   0.0094  -0.0571  -0.1718  -0.0933  -0.0281  -0.0935    0.024   0.0092   0.0454  -0.0002   0.0164   0.2067   0.1155  -0.1221   0.0238  -0.0502    0.014   0.1756  -0.0146
 2 A  -0.0012    -0.04  -0.1509  -0.0543    -0.16   0.0795   0.0208  -0.0712  -0.0563   0.1405   0.2902   0.0315   0.2536  -0.0225  -0.0561   0.0023   0.0402   0.0087   0.0201   0.0326
 3 A   0.0382  -0.1423   0.0086   0.0373  -0.0688  -0.0195  -0.1267  -0.0225  -0.0403   0.0881   0.0996  -0.1195   0.1367   0.1442  -0.0278   0.0403  -0.0097    0.042    0.056   0.0234
 4 A  -0.0001   -0.044   0.0201   0.0911   0.0381  -0.0091   0.0822  -0.0023  -0.0118    0.025  -0.0529  -0.0267   0.0389  -0.0267   0.0278  -0.0162   0.0393   0.0271    0.084  -0.0351
 5 A  -0.0039  -0.0633    0.035    0.065   0.0847  -0.0986     0.02  -0.0111  -0.0066   0.0958  -0.0188  -0.0394   0.0046   0.0512  -0.0683   0.0056  -0.0199   0.1423    0.112   0.0404
 6 A  -0.0336  -0.0966    0.101  -0.0616   0.0516      0.0  -0.0011  -0.0343   0.0316   0.1102   0.0103  -0.0263   0.0935   0.0717  -0.0329   0.0579   0.0729  -0.0535   0.0218   0.0627
 7 A   0.0133  -0.1315  -0.0084  -0.0341  -0.0516  -0.0105   0.0437  -0.0653   0.0157   0.0669  -0.0149  -0.1345   0.0553   0.1328   0.0344   0.0187   0.0438    0.095   0.0666   0.0592
 8 A   -0.051   0.0313   0.0018  -0.1032   0.0163  -0.0034   0.0061   0.0123  -0.0691   0.0094   0.0349  -0.0222  -0.0478   0.0608   0.0486   0.0127   0.0266   0.0977   0.0759  -0.0576
 9 A   0.0724  -0.0439  -0.1392  -0.0056   -0.145   0.0047   0.0352  -0.0361   0.0615   0.1852   0.1893  -0.0872    0.061  -0.0793  -0.0176  -0.0441   -0.017   -0.052  -0.0421   0.2602
