            A        R        N        D        C        Q        E        G        H        I        L        K        M        F        P        S        T        W        Y        V
 1 A  -0.0856  -0.0491  -0.0984  -0.0402  -0.0641  -0.1031   0.0378   -0.111   0.0028  -0.1025  -0.1256  -0.0668  -0.0587  -0.1027  -0.2373  -0.0429  -0.1538  -0.1792  -0.0574  -0.0867
 2 A   0.1181   0.1025   0.1777  -0.1887   0.2138   0.0602   0.0915  -0.0517   0.1242   0.0868   0.1622  -0.1795   0.0819   0.1659   0.1081    0.186   0.2251  -0.1358   0.1385   0.1841
 3 A   0.0786   0.0584  -0.0618  -0.0376   0.1244    0.066  -0.0886   0.0378   0.0549   0.1571  -0.0178   0.0625  -0.0321   0.0632   0.0543   0.0295   0.0957   0.0321  -0.0559  -0.0055
 4 A  -0.0508   0.0305   0.0363   0.0635  -0.2271  -0.0366   0.0372    0.013  -0.0125  -0.0594   0.0235   0.0335   -0.137   0.0499   -0.004  -0.0617   -0.078    0.195  -0.0503  -0.0614
 5 A  -0.0564   -0.034   -0.029  -0.0646  -0.1023  -0.0893  -0.0308   -0.063  -0.1559  -0.1335  -0.0962  -0.1292  -0.1975  -0.0693  -0.1458  -0.1086  -0.0094  -0.0506  -0.0787  -0.0297
 6 A  -0.0147   0.0886   0.1489   0.1194  -0.0634   0.0207  -0.0282   0.0985  -0.0058   0.0537    0.111   0.0546   0.1996   0.0829   0.0255   0.1035   0.1226   0.1177   0.0843   0.1014
 7 A  -0.0016    0.037   0.0103   0.0785  -0.0942   0.0065   0.0582   0.0292  -0.0606   0.0671   0.0063    0.012   0.0617   0.0227   0.1105   0.1126   0.1007   0.0145  -0.0264  -0.0376
 8 A   0.0564    0.096   0.0566  -0.0285  -0.0026   0.0151   0.0554   0.1178  -0.0413  -0.0026    0.098   0.1339   0.0263   0.0521   0.0649   0.0463   0.0393   0.2508   0.1159   0.0348
 9 A  -0.1655  -0.1909  -0.1621  -0.2284  -0.1372  -0.1661   -0.147  -0.1328  -0.0148   -0.048  -0.0577  -0.1065  -0.0438  -0.0256   -0.281  -0.2506  -0.0996  -0.1556   0.0543  -0.0313
