            A        R        N        D        C        Q        E        G        H        I        L        K        M        F        P        S        T        W        Y        V
 1 A  -0.0102  -0.0093   0.0417  -0.0562  -0.0259  -0.0661   0.0366  -0.0315  -0.0068   0.0309    0.072  -0.0084   0.1104   0.1254  -0.0103   0.0086   0.0326   0.0141  -0.0083   -0.054
 2 A   0.0338      0.0   -0.001  -0.0078  -0.0139  -0.0038     -0.0     -0.0     -0.0   0.0152  -0.0352  -0.0154  -0.0093  -0.0097    0.268  -0.0104  -0.0069      0.0     -0.0  -0.0185
 3 A   0.0172  -0.0362   0.0624  -0.0362   0.0026   0.0168   0.0139   0.0169  -0.0071    0.026   -0.044  -0.0419   0.0088  -0.0163   0.0023   0.0761   0.0051   0.0461   0.0212   0.0516
 4 A  -0.0082  -0.0128   0.0433   0.0122    0.005      0.0  -0.0231    0.033  -0.0164   0.0014  -0.0075   0.0125   0.0111   0.0018  -0.0212   0.0397   0.0338   0.0229   0.0006   0.0569
 5 A  -0.0837  -0.0033  -0.0121   0.0686   0.0124   0.0572  -0.0271   0.0143  -0.0109   0.0169   0.0428   0.0091   0.0421    0.026  -0.0004   0.0452   0.0197   0.0002  -0.0306  -0.0013
 6 A  -0.0194   0.0099  -0.0286   0.0087  -0.0498   -0.028   0.0018   0.0368  -0.0105   0.0132   0.1062   0.0146  -0.0113   0.0454   0.0254   0.0219   0.0498  -0.0128   0.0043   0.0075
 7 A  -0.0032  -0.0351   0.0202   0.0075   0.0136  -0.0138   0.0307  -0.0208   0.0205   0.0265  -0.0062  -0.0109  -0.0428   0.0338  -0.0148   0.0496   0.0539   0.0521   0.0532   -0.029
 8 A   0.0276   0.0075   0.0115  -0.0338   0.0123  -0.0161  -0.0273  -0.0262  -0.0087   0.0235   0.0528   0.0227   0.0065   0.0046  -0.0091   0.0201   0.0615   0.0019   0.0543  -0.0003
 9 A  -0.0538  -0.0134      0.0      0.0     -0.0     -0.0     -0.0     -0.0      0.0   0.0945  -0.0055  -0.0288   0.0818   0.0461      0.0      0.0  -0.0141   0.0653   0.0775  -0.0644
