            A        R        N        D        C        Q        E        G        H        I        L        K        M        F        P        S        T        W        Y        V
 1 A   0.1339   0.1713   0.1856   0.1982   0.2028   0.1559   0.1938   0.0513   0.2724   0.2105   0.2543   0.1363   0.4145   0.3586   0.0611   0.1899   0.2943    0.275   0.2617   0.1945
 2 A   0.2029  -0.1832  -0.4706  -0.5243   0.1858  -0.1285  -0.0862  -0.3577  -0.1726   -0.078  -0.1156  -0.5803   0.0324   -0.079   0.1314   -0.018  -0.0909  -0.4147  -0.0746  -0.0127
 3 A   -0.048  -0.0818  -0.1776   0.0099  -0.2327  -0.0883  -0.0901  -0.0661   0.0576  -0.0109  -0.1013  -0.1612   -0.131   0.0253  -0.1413  -0.0024  -0.1013  -0.0696  -0.0649  -0.0635
 4 A  -0.0505   0.0426   0.0914   0.1345  -0.1357   0.0359    0.015   0.0697  -0.0258   0.0357  -0.0241  -0.0171   0.0381   0.1512   0.0659  -0.0126   0.0375   0.1162  -0.0139   0.1221
 5 A   0.0714   0.1241   0.0053   0.0405   0.0827   0.0973  -0.0848    0.061   -0.211   0.0045   0.0118  -0.1121   0.1133   0.1921  -0.0099   0.0432   0.0092    0.036  -0.1317   0.0433
 6 A  -0.0174   0.0129  -0.0681   0.0865  -0.2012  -0.1167  -0.0068  -0.0505  -0.1205   0.0532  -0.0211   0.0237  -0.0894   0.0532  -0.0087  -0.0659   0.0747   0.0369   0.0153   0.0468
 7 A   0.3826   0.2074   0.2735    0.276  -0.0191   0.2947   0.2905   0.1938   0.2331    0.248   0.2785   0.1895   0.3659   0.3661   0.2647   0.3057   0.3613   0.3214    0.274   0.3144
 8 A   0.1243   -0.034  -0.2692  -0.0378   -0.004   -0.192   0.0667  -0.1177  -0.2042   0.0718   0.0115  -0.0604   0.0196   0.0202   0.1341  -0.0596   0.0035  -0.0536   0.0138    0.071
 9 A  -0.2407  -0.3373  -0.3329  -0.4431  -0.3018  -0.4489  -0.4401  -0.5816  -0.0699  -0.3245  -0.1984  -0.3039  -0.0078  -0.0401  -0.6776  -0.3625  -0.3871   -0.259   0.0327  -0.4274
