            A        R        N        D        C        Q        E        G        H        I        L        K        M        F        P        S        T        W        Y        V
 1 A   0.0438   0.0396  -0.0281  -0.2248   0.0157   0.0157  -0.2361  -0.0443  -0.0203   0.0444   0.0377   0.0635   0.0586   0.2033  -0.2077  -0.0062  -0.0459   0.0465   0.0962  -0.0127
 2 A   0.0942   -0.234  -0.2181  -0.1953  -0.4699   0.1919  -0.0305   0.0658  -0.0243   0.1037   0.1959  -0.0058   0.1203   0.1638  -0.1595   0.0258   0.0637   0.0321   0.2541   0.1359
 3 A  -0.0022  -0.0823  -0.0051   0.0254  -0.0188   0.0049  -0.1337  -0.1307   -0.167   0.1414   0.0544  -0.1209   0.1354   0.0147  -0.0062    0.015  -0.0049   0.0723   0.0243   0.1232
 4 A   0.0413   0.0089   0.0227   0.0722  -0.0006  -0.0606   0.0134   0.0021  -0.0574  -0.0769  -0.0664    0.013   0.0718  -0.0032   0.1142   0.0119  -0.0452   0.0028  -0.0157   0.0021
 5 A   0.0321  -0.0084   0.0043   0.0225   0.0041  -0.0584  -0.0352  -0.0135    0.011   0.0465  -0.0289  -0.0153   0.0503  -0.0083  -0.1023  -0.0018  -0.0215   0.0961   0.0595   0.0961
 6 A   0.0014   -0.054  -0.0028  -0.0522  -0.0303  -0.0417  -0.0761  -0.1024  -0.0364   0.0937   0.1682  -0.0848   0.1384   0.1624  -0.0891   0.0624   0.0361   0.0482  -0.0074   0.0137
 7 A   -0.031  -0.0601  -0.0522  -0.0486  -0.0617   0.0137    0.002  -0.0491  -0.0078   0.0007   0.0219  -0.1516   0.0252   0.1567   0.0441  -0.0375   0.0993   0.1019  -0.0163   0.0472
 8 A   0.0426  -0.0679  -0.0338  -0.1385  -0.0465  -0.0416   0.0368   0.0138   0.0175  -0.0571   0.0016  -0.0511  -0.0712    0.045   0.0971   0.0573   0.0322   0.0289   0.0624   -0.045
 9 A   0.1792    -0.14   0.0088   0.0242  -0.2457  -0.0354  -0.0316   -0.001   0.0078   0.2273   0.1513   -0.155   0.0121  -0.1959   0.0037   -0.031   0.0117  -0.0066   -0.139   0.3173
