TESTRUNID EPOCH: 12 L_PCC: 0.8228124033237688 L_ERR: 0.004830304698638459 T_PCC: 0.7056721182685974 T_ERR: 0.007953946627140622
180 LAYER: 1
2 LAYER: 2
1 LAYER: 3
12 :ILEARN
0.35541482572703437	0.37429983395987815	0.17239033432342774	0.28265175358168226	-0.502137187302105	
-0.3929388453673121	-0.6587716048188119	-0.4108891853799831	0.16061580821491933	0.09653444739915029	
-0.06280537185689167	0.10265273236811209	-0.8542046365828603	-0.4975460800994212	0.2505039877232579	
0.39348654570124986	-0.5173221091493675	-0.32970287106973345	0.06372568199767378	-0.037396504582746556	
0.07939104191967365	0.06483876489717483	0.5670559100865853	0.6765779616343551	-0.1913650833086977	
-0.1805437746322776	-0.7063141309177802	-0.7238717132520526	0.036997810143726835	0.2616004931869595	
-0.15433725831339418	-0.017343823076869994	-0.36190054295200513	-0.36304310816310514	-0.25878883004347014	
-0.3612428070964633	-0.012297242509943884	0.014700177828243928	0.015420540370851585	0.06335840512704392	
-0.25590624954763275	-0.3583013995362364	0.1932590208269103	0.28687834351722874	-0.1635471116602807	
-0.11104016737196415	0.16918407619009174	0.06673494269196782	-0.31064791730205205	-0.35333136990014613	
0.2204779909146652	0.33691402061160824	0.06614931031781048	0.06848460745513527	-0.0366828182979742	
-0.1758364619946381	0.40652547190673016	0.29293944530010924	-0.37300549791806115	-0.3048903847877689	
-0.14820498958237113	-0.14548374493942162	0.2746821126953969	0.22725929078589102	-0.31465240238124154	
-0.30417886465007926	0.13050420163945017	0.07558126401023635	-0.45181116147753914	-0.31971555023122805	
-0.10475384713017193	-0.31824631573425927	-0.9864396976891394	-0.8623919051269052	-0.006050200620418074	
-0.057678077755541624	0.4738006835910356	0.3494185892550613	-0.49392199312094615	-0.4540840987899895	
-0.08781023371488932	-0.16896363259699063	0.41428013219633425	0.36128629380984845	-0.1796473682043798	
-0.02614217260167591	-0.3700009997316803	-0.15416892551142558	0.08588293269000961	0.09719498039090672	
-0.0649969825864271	0.09913643530025402	-0.05770446697184735	0.004810735253523552	-0.0125399416172018	
-0.05621032522967741	0.0683107534461456	-0.029062759672311877	-0.2099771890746667	-0.04814690985579304	
-0.2814774464305817	-0.222102912854437	0.2270881985481786	0.15710169903398474	-0.22798284825849427	
-0.29283416082124225	-0.22518693161855424	-0.0683791166079766	-0.09977709159198554	0.07308818978174199	
-0.22415509258767422	-0.20205895232348106	-0.00986622802550949	-0.030739260293541886	-0.4155846026899268	
-0.46275790004029355	-0.13714456404972156	-0.14663033347351873	-0.005518370158298812	-0.09348252724969142	
-0.2269038137729887	-0.17768662436550262	0.10459017402166738	0.24480705718228982	-0.09773032429354687	
0.0010749832164627339	-0.3103607035308278	-0.09204379097350929	-0.37701936090505767	-0.22393344325407086	
-0.005011798020825393	0.1720819243922838	-0.44828005187316855	-0.42711182346550886	0.09420539526052597	
0.1275048479073112	0.2104235783722729	0.17141442192247505	0.016885118395547884	-0.1072449615833672	
0.1764294099446757	-0.029886148058671423	-0.027084171792704316	0.10319348564002735	-0.024520268405301502	
-0.09520862248401579	0.009436232617800206	-0.06654737415600313	0.0672362978324514	-0.11299704602002093	
-0.12620206043950366	0.21052389474303462	0.030764336656069417	0.02041670629343611	-0.13009327970726223	
-0.16487584681899167	0.009200590772985202	-0.037929178669798544	-0.060669503247149106	-0.13985560828783453	
-0.19728173530248688	-0.14986332473990946	0.29660590935278053	0.3513308661779393	-0.12436069667516056	
-0.004945854195311867	-0.024187118760726347	0.10518504510521537	0.013225838978810528	0.011095787112092612	
-0.1071967358012255	0.035798032387618785	0.23118411372183195	0.17440698598014537	0.02924911285828358	
0.13253548728771475	0.023545782532273588	-0.015827718085392222	-0.1761725321612373	-0.15302586418023534	
0.04950485882185353	-0.09080120142402352	0.2710635732652683	0.16201131609565747	-0.0713583784798493	
0.0021743996941144617	-0.02886874181437652	0.0010304386046346065	-0.3623908421404999	-0.23726922415476964	
-0.26249464452374244	-0.21964303066271942	-0.19752100872808284	-0.11207808452104097	-0.49483185122794526	
-0.4385323818905804	-0.09066066349324424	-0.13965619541995178	-0.10569424747188984	-0.07376295197108688	
-0.19327759659666358	-0.15667624907573333	0.26172008610853054	0.18269025652165904	-0.28559479993837905	
-0.19001450338105366	0.14589917917290138	0.19814190520652092	0.024343293507998406	0.04858026388689878	
-0.14946835311664844	-0.010430529340069397	-0.04488031578368834	0.0073204446059714325	-0.1338178132855086	
-0.1735673972322801	-0.1350933697195656	0.03567121225538824	-0.15468208300629085	-0.19380585948877502	
-0.18691929292789863	-0.10542012784213879	0.03096788392624484	0.17184305766285304	-0.4503528527231401	
-0.24231563531566347	-0.22594857736642518	-0.25020554686013136	-0.3607861610249311	-0.3749710361028249	
-0.20709205643939613	-0.146218254919189	-0.21069359571803764	-0.24005208952028206	-0.08034027024847255	
0.03600743632560754	-0.19043407422967792	-0.08819587942561853	-0.17432670477400478	0.0634504619881608	
-0.3158508006337232	-0.21692656928059742	-0.06408350515415896	-0.031809238754319534	0.08943617712081864	
0.14343039733799534	-0.013603724695632043	0.13320812394674053	-0.04871734815301936	-0.013692557057816532	
-0.16151079520943756	0.0976397282116034	-0.08043373465881387	0.12188110537596687	0.1854780153421016	
0.2322225015246773	-0.22268435991682495	-0.04854296995468339	-0.021770900687061386	-0.16134962083456755	
0.23136511548890923	0.14042037543422534	0.22607197618780392	0.2932937539675843	0.03443097700274087	
-0.15164835826606002	-0.07585236499653401	-0.05683197466752833	-0.3019516289592142	-0.15926182680343737	
-0.1164349029975733	-0.038625820491894766	0.03353814945621034	0.046877094622938265	-0.2176492059073534	
-0.15229023852298895	-0.3077228181597733	-0.17133576891243468	-0.1440494620178756	-0.2539316746758524	
-0.10485230717044325	0.03449551921052941	0.08006974064293543	0.13762601613953643	-0.21793511991438547	
-0.05565578049755223	0.19205507669329347	0.27759518652361787	-0.058414621486948586	0.026568060847984784	
-0.06557319281125762	0.039127466764658	-0.17013761971811017	-0.12141918882619551	-0.056986933537547864	
-0.20913295984871094	-0.24763753821840156	-0.3139343498183243	0.21913112593304937	0.01250445120028583	
0.04888412764309226	0.0065142928790397885	0.11207329094529109	0.178803191758608	-0.2836767088471327	
-0.25922884187504497	-0.32158462782023933	-0.4954351444524351	-0.4468404495822925	-0.34120776029274674	
-0.032437412023457644	0.0708200974333451	-0.01012179305244398	0.05399872780818243	-0.05600658035395097	
-0.0357032577927925	0.07746581851507311	-0.18923061426967455	0.12330294011477656	0.2543734863366105	
-0.3353932249954232	-0.25842751371528994	0.018770208739898035	0.058058643930952156	-0.012399698586146025	
0.011670387205574577	-0.050039478622065245	0.08285218760220607	0.1909506665075222	0.07310828847325251	
0.013297854821773626	0.1423556003091042	0.01434640285045717	0.1171036575649799	0.09722849120596516	
-0.019649051713228317	0.13868512363773142	0.2724683074903935	-0.476258574811616	-0.53207634226176	
-0.3217319975579323	-0.34893573003814027	0.32890744715633297	0.3539697638846097	-0.49760171468077136	
-0.42970275960689114	0.1513072972831434	0.15514820176801103	-0.02495662413672337	-0.11893347188065476	
-0.22058521640660345	-0.1695352495995841	-0.5858640907560579	-0.5132804245254955	0.11437301379375393	
0.1188599625370298	0.05348408240065914	0.014007503287162744	-0.7052566496275315	-0.613278514929238	
0.11194896327223659	0.02654343700110487	-1.921994111094205	-1.7516465015177882	1.2218000308424062	
