TESTRUNID EPOCH: 31 L_PCC: 0.8998887540549306 L_ERR: 0.008922577586092488 T_PCC: 0.8634198602626123 T_ERR: 0.012086977580082942
180 LAYER: 1
3 LAYER: 2
1 LAYER: 3
31 :ILEARN
-0.24761715177309937	-0.13415487482389402	-0.5232023847761131	-0.006256839501676646	-0.09241978312041163	
-0.4135380607815768	-0.16831601947646227	-0.3276520040393577	-0.3779664109342342	0.19568707671555727	
0.2545418428082853	0.5002288446734672	-0.21224187416426657	0.1486388576311387	-0.12020011927198954	
0.0038410939852878447	-0.10475450053650213	-0.2573672365598723	0.31830814771493937	0.2135060303452398	
0.38589503888502064	-0.3396873700831301	-0.36026774610327694	-0.6165836403351701	0.18103929671792238	
0.14797585812303812	-0.0877294138737013	-0.26262117287876097	-0.4679798677856674	-0.22319390373000955	
-0.23325884318714105	-0.18666340997403744	-0.12486870794436662	-0.36075128794882	-0.43149348286994005	
-0.9576108971348762	-0.07767289425174949	-0.15534858915016636	-0.3063482678277017	-0.45799135476289204	
-0.6123175924693126	-0.9923681714131077	0.11293190311228425	0.23226133379631786	0.2181445747577499	
-0.3096073957115596	0.09964911381466264	-0.23640600405254547	-0.07231213551080647	0.03288474725622807	
0.03227559634087417	0.22150548886900634	-0.2785608566024379	-0.025435729512759978	-0.01556085782229518	
-0.4211523876774375	-0.32593502629704174	0.025945089893706225	-0.06819792480555083	0.1621781825303925	
-0.17322431991920595	-0.2179606708253873	-0.1845846721480656	0.10205427766640915	0.07106418283418747	
0.13186385152210398	0.24142514272816767	0.08563737867791277	0.3233735865922099	-0.03253347925727441	
-0.01921501241675765	-0.3487068648414468	0.19353111169003595	0.0504910360383761	0.6551731853166062	
-0.496992502846733	-0.408862353474371	-0.9082705824308864	0.16069805053521963	0.10260939460428985	
0.10697699070842462	0.009487370310837365	-0.04620824051032058	-0.14809342307932188	0.2307277639366667	
0.37234019178665884	0.39707354829908603	-0.17546238650102647	-0.3400779617225101	-0.3476975119357361	
-0.9586707055091319	-0.6073404971471018	-1.302953973696115	-0.082260887612592	-0.15849571054236056	
-0.3855176464269143	-0.329755883290286	-0.4282312333268502	-0.6177864653600592	-0.02109780764819966	
0.03440413811467715	-0.052611929901113505	0.3738628227030633	0.17317768704853367	0.164297553208052	
-0.10316998920772597	-0.29814706550128817	-0.26657484638138096	-0.13634831854399096	-0.11662258053049093	
-0.5194154373443404	-0.18401659604112167	-0.04104565344199306	-0.2671525291710265	0.23578355457348865	
0.4012906564344296	0.5528170589098996	0.13619178860048453	-0.05607992696690242	0.10122508964099314	
-0.26109482514236404	-0.35980272471401686	-0.35698930258608713	-0.031916159849058975	0.25698680023584314	
-0.014460938744728109	0.05700684895559225	-0.06811902402158261	-0.2718757340212073	-0.30584446561596246	
-0.5260155774872275	-0.6925826840419324	0.004336533545900199	-0.346289173970377	0.19128349472894507	
0.04501325825715511	0.1368023747807129	-0.1852555968723611	0.4151570669117851	0.30343521077158114	
0.361356464994742	-0.005124049840310763	0.16707779447976837	0.10243074953007228	0.05889642014883137	
0.2975851291827288	0.022932368437108837	0.1135607236901888	-0.19579184154447932	-0.12358944154630434	
-0.0994887907268627	-0.2568640291124561	-0.18451643790167094	0.2544797824891583	0.33742768836561693	
0.3604513175612566	-0.24065535625001258	-0.4375903621738791	-0.7846160492800508	-0.3229948630967251	
-0.24027785909326213	-0.2886183796274634	0.27868623922746916	0.1978160604358028	-0.5203739664235308	
-0.19883118216258217	-0.335167034213295	-0.3726542545373869	0.35423564193290513	0.04146486679865067	
0.3559623933890858	-0.5462679284084501	-0.1600110188657178	-0.23519755158847386	-0.4360084088161452	
0.16496942090032643	-0.1326384506209545	0.1407914876565098	-0.13269361325452536	0.3351412457294	
-0.1073879165352285	-0.18692761591390342	-0.030022884750620125	0.2658276233754311	0.12764726950305863	
0.22231599399997987	0.025441863665158954	0.07916351631382156	0.20325594132052915	-0.11724826151918782	
-0.4677473855886353	-0.4172438057196262	-0.0037224157590869987	-0.0069434310297003775	-0.29518065443414776	
0.19948807310365244	0.04440308014847838	0.16327932733335435	-0.2608574735669581	-0.35459024485709856	
-0.2603203432212459	-0.010496021168292789	0.18583556619773578	-0.227591195771501	0.14433598409244047	
-0.019961697117202734	0.055775454749716	-0.24884927863572456	-0.1578164677735784	0.19801406299517865	
-0.1605726894196264	0.002316871649729063	0.2202033331115243	-0.021558667239443517	-0.14193810686886527	
-0.08312417426059512	-0.3196112444719901	-0.05543362977071802	0.17285770925613464	0.007225853648929262	
-0.06958410277075529	0.020518860707686666	-0.06196712050207923	0.06918926025376433	-0.026978368120354496	
0.017320264597185425	-0.04329719916921248	-0.12492438685373061	0.13121543981494013	-0.0028771632722095204	
-0.09721779190154893	0.02331097075660427	0.14935018940284356	-0.5557190468716118	0.04978136696827553	
0.06292542793302879	-0.1766367321641693	-0.22849343660664984	-0.24386124432029152	0.14201439556627826	
-0.180247272344808	-0.2509657829100393	0.003737660102790734	0.014280885878395988	0.1763875387027136	
0.09946409080358146	-0.10619649584774493	0.07986593078786856	0.2055732811951765	-0.0022513194205239684	
-0.13096651071644344	-0.34727316935608415	-0.2212544635916153	-0.39137766317783884	-0.00528707940702278	
0.09881725313594912	0.3010937567514018	0.05183674683337491	-0.05734202800761125	0.1370942393078072	
-0.040361042731569804	0.11165791105439823	-0.03147060485139484	0.10080933647723574	0.04076137195608153	
-0.03937700936229169	-0.03032284010160875	-0.15193396391248595	-0.23444863471043206	-0.0910563377425356	
-0.0013870360393088536	0.020307413078015053	0.06429627011114607	0.011486228104719758	0.14648288234568185	
-0.1189322989124525	-0.00885152914786486	0.07584357637604286	0.12671163643253597	0.07560629981159837	
-0.09101628370364627	0.05817183993494678	0.2960466647104936	0.3152674457593537	0.040258016918412465	
-0.16585304348390487	-0.1679614397387773	-0.10553243511694244	-0.1602843010660116	0.21839722083095975	
0.4821904656420757	-0.164453906897474	-0.11332852447749242	-0.24105170746701002	-0.18499233887761524	
-0.40583985671737943	-0.2513856799876458	-0.2546992904916244	-0.13330115490728214	0.08931804957469124	
0.09119711877705798	0.0872268627561418	0.35891657948668354	0.08142108606168731	-0.10482216957474126	
0.224013247996829	0.07044201786865546	-0.3042112912224887	-0.5051987395883355	0.144671340560118	
0.07385175142578744	-0.05791611325913477	-0.15073128031126326	-0.14347106813617985	0.052985224073992976	
-0.1564774271911957	-0.09736658892372249	-0.173539171875618	-0.06360723072909842	0.006485047455949532	
0.025327034521625786	0.011600691350915451	0.08412967381798121	-0.09904761047008051	0.042819624107773506	
-0.03445855100110023	-0.03930731646622297	-0.13881649758238626	-0.2969238804825953	-0.2603735224194402	
-0.3376785721053686	-0.3197594552016921	-0.18639047953520876	0.17931278496141137	0.09584062436633084	
0.32277952821591155	-0.09327861764268515	0.04906025291385613	0.1639502178972891	-0.25246417012383204	
-0.2526153679730884	-0.21281705681439175	0.06036035050548474	0.22576605374247583	-0.3868682583342311	
0.07726327344602348	-0.09322311381747722	0.09588155653524065	-0.0636608276976838	-0.36984126717123283	
-0.218081967221374	0.12141711151379254	0.1119390330938758	-0.09702027366863533	0.0016588076443360892	
-0.12122002102119488	0.16855384007184301	-0.1510422842946305	-0.1958189103499334	-0.04299670706004001	
-0.6799123541927953	-0.11512721795435854	-0.06729192793127883	0.1442627753575311	0.14670493784939032	
0.2480586787595008	0.10877669456303946	0.1284487688152343	-0.04542267332990876	-0.13884929656334397	
0.025848109954463162	-0.17165989275078652	0.22341910652684735	0.15295117205864292	-0.2542713264986034	
-0.07364439488624887	-0.07187560954134084	-0.08920689191907215	-0.1780937948786681	-0.08841133896492384	
-0.3826279650266082	-0.03317493736482382	0.16715172772472292	0.28417934382834736	-0.09643085053715972	
-0.32702444208804604	-0.19638528250060552	-0.19409452155275655	-0.19292820399936297	0.02573857635504595	
-0.0259090932776959	-0.03860817259875689	-0.13007784243692802	0.18353947993388284	0.2680248009766585	
0.6851962638590487	-0.012328724075727012	-0.06208948873915831	-0.0025974333343954056	-0.08695965907918955	
-0.21936712283473173	-0.3695543281627576	-0.24356277827872974	-0.12947239896827584	-0.3268073199880135	
0.014196486060467183	0.06851352566071131	-0.04502898325127249	-0.07270832175273012	0.12858939470416733	
-0.2936094675038625	0.026162520765414414	-0.28143519755814683	-0.3467353581305393	0.019826282317623817	
-0.3476024249940563	0.13944226136578375	-0.2692868336271717	0.011381398122307762	-0.009453141581096707	
-0.0882064707949	-0.03128087720992092	-0.14173500848563167	-0.08707708967864823	0.079921832946364	
-0.07148081057589699	-0.0639628183840759	0.030984663654260038	-0.23037056279161225	0.2837848997152543	
0.25289059540859876	0.21889049735421906	-0.040816500200145975	-0.17048559555285195	-0.15773635224951882	
-0.032153094195817945	0.15788292003948948	0.027901192821652845	-0.06450200662379783	-0.3360135351445951	
-0.5179067050620415	-0.16948010123426704	0.004014338756431203	-0.2557347189832898	0.31643513629569964	
0.3221598300157174	0.16577920440570837	0.11517542537815717	-0.10999248920612811	0.32899617589466185	
-0.30094328283503635	-0.4122806094540261	-0.20058467866395369	0.19505609703920532	0.07644711922840958	
0.0679563879015859	0.013156859668114324	-0.1408612743139723	-0.011255391429624846	-0.2680292739811802	
-0.32623221742882086	-0.2858568125519726	-0.1182442072329525	-0.21340640574160852	-0.5069356921580529	
-0.16362832363702062	0.04985476956658271	-0.2548824639814707	-0.16905533700344622	0.007936126934454639	
0.23406520910798684	-0.3312944299527376	0.016480961005437545	-0.01412114522631748	-0.16146612489172407	
-0.09069053131384011	-0.25191984574613924	0.09283413557296173	-0.06642357415429416	0.4330856423826132	
-0.46870631633402904	-0.6258870132933819	-0.8529207167110193	0.09198099100875769	-0.1313568729521971	
-0.15294589648940757	0.3505430340114509	0.18042314247504063	0.5533613572861891	0.11999679206420244	
0.0481755201845601	0.06226816616355455	0.04363558983685246	-0.2212911935008719	0.4781000295516154	
0.19997495332519674	0.11540198029351305	0.17648725951231814	-0.04083032748000699	-0.3469033944779972	
-0.5553173746458813	-0.03827540630905846	-0.14919420218457471	-0.14911155730523937	0.21140988846127226	
0.23008158476922705	0.4205329649925089	-0.1522864791546718	-0.0004146181189872937	-0.1112624863728639	
-0.5772992963193375	-0.46364717540193345	-1.076109545761474	0.3220387332489696	0.3277858985867511	
0.5014953368949143	-0.16432057979206702	-0.15398814781051678	0.0045040161412774615	0.1263941534791375	
0.5368508356819561	0.32520857153334465	0.2578842617030169	0.12901151158700094	0.0952474307621638	
-0.02453089806943973	-0.18607560779493146	-0.36112548843212167	0.06226334994428881	-0.14900808147750522	
-0.34626671488616356	-0.07882901522503866	0.2081436376430709	0.0437697586654087	0.18277442856883633	
0.40120358546388807	0.3402937298054526	-0.45154429273660796	-0.7527444580913846	-1.020475686259077	
0.10595142137536286	0.27054448256847247	0.31033940932111087	-1.5940225874079508	-1.5714199785349208	
-2.7443571359479866	2.6829090725982403	
