TESTRUNID EPOCH: 27 L_PCC: 0.9687973211183463 L_ERR: 0.001732299123022054 T_PCC: 0.8764443337515879 T_ERR: 0.0068710046707168
180 LAYER: 1
3 LAYER: 2
1 LAYER: 3
27 :ILEARN
-0.5371940704558117	-0.21488417291450065	-0.5693056378312817	-0.5326874074136599	-0.47749103881767146	
-0.4984400138534706	0.03924350662384795	0.0840155584105722	0.0846778065623639	0.2559083968912126	
0.2087391447231422	0.27364173187339486	-0.22375137637725195	0.07007385590217438	-0.2479951904636948	
-0.09011003811892256	-0.04604907198473903	-0.07097042719031946	-0.10738402806179362	-0.02267629773606767	
0.045645918681329715	0.04254244767175174	-0.02947908020908636	0.009049978959116354	-0.21881469304849102	
-0.08090101890062738	-0.3044857394609592	-0.1537732581243539	-0.06131258806858885	-0.013146764016566125	
-0.07799583465411927	0.049301753340819286	0.07700228795663992	-0.2497784990740235	-0.12985713036798963	
-0.24881595403792223	-0.04243704648142141	0.06900886315326303	-0.17132142316950488	-0.16856346740637984	
-0.030074943516914043	-0.14995559069568049	-0.1462330440975265	0.0903592342305804	-0.15574568934483912	
-0.1614229952216817	0.05103478351955633	-0.15924019888242621	-0.04412734450697979	-0.03616317251422148	
-0.10003537464104155	0.0760730472236566	-0.04793872169854913	-0.010743764475272413	-0.4371038516132799	
-0.3866950765101081	-0.3172040290254604	-0.22013765928962295	-0.04887997713388648	-0.12337239569897109	
-0.12118597966835429	-0.0724192982994792	0.007175557436613659	-0.17020438102186783	-0.16833812134438	
-0.12127982070193713	-0.10473765443648614	-0.033640045304905365	-0.018967137980641056	0.1800824825590097	
0.22816011142159073	0.08109383189055212	-0.27624188304711866	-0.006419125975518122	-0.1919462430262983	
-0.1084854650457285	0.07243166151760982	-0.05611507535566388	0.10559603645186769	0.0857812423907837	
0.11693254150006704	-0.05450089992537748	0.02531466626997709	-0.10708646208627792	-0.5513960408950844	
-0.183128028173064	-0.48969597290810735	0.031757630357987426	0.05212396320499417	0.0017883651049233555	
-0.07302485049987151	0.21230526109168452	0.030727690550671923	0.010026010926364912	-0.0149176683658826	
-0.04742904038397889	-0.17009310469743125	-0.035354841203430756	-0.2724001365289823	-0.545654940117938	
-0.31938064527192767	-0.5714207447078206	0.19519354786021825	-0.10659143113621171	0.18092368822839092	
-0.08521423893235192	-0.14184308160805761	0.005772960846706379	-0.17839994690751612	-0.014958883731546043	
-0.2138256822940349	-0.5346250156375575	-0.14785343451339303	-0.4211331791418325	-0.7026373103189975	
-0.3214512564555006	-0.5796964097895614	0.03268014595660671	0.03136271457513808	-0.09106050005774131	
0.05581704519298987	0.028941852474749688	0.027296086091096614	0.014913426451492382	0.09493845161687536	
0.067707817910196	0.13347707449905213	0.019443209046137326	0.010027212749200282	-0.059716132853139633	
0.03193308131674418	0.06304401099054667	0.12716560200262542	0.0023856647661107235	0.13742007277074206	
-0.29384299553835985	-0.161436564169115	-0.23274744947684364	0.13630020044712965	0.09505059743818273	
0.058050113201971835	-0.04251055183740867	-0.07786492477853822	-0.06204348925915671	0.014409965710064828	
-0.1590925043903641	0.01575420172281317	-0.14270306340865757	-0.02401326114677857	-0.25724414302738513	
-0.4068086264501655	-0.04792637185979387	-0.2783012762938513	-0.0656913228306899	-0.100432975247553	
0.034745911294371476	-0.28810515354592814	-0.11938624836997234	-0.11285414626509631	-0.038845662154511865	
-0.027572691905400248	-0.061129664428482215	-0.5295181734685467	-0.19823031449736264	-0.5270305507431494	
0.0751492786592346	-0.023705000064669808	0.1475825035127412	0.024022729501288833	-0.022041123429380128	
-0.023534259555033906	-0.15536591715659523	-0.11470268996837173	-0.21431819490840895	-0.11676067635561543	
-0.011729151390840875	-0.04184120677045578	-0.0945011347647346	-0.04228088078863014	-0.06435262817346078	
0.0615984712042794	-0.02567378932683827	0.05172709269100748	0.15833666072850505	-0.002929236316024061	
0.21214596250958098	-0.3198925633924995	-0.07787505075149663	-0.18505196121872208	0.13872669630565918	
0.08259892865881453	0.011748950740342986	-0.27503956911991373	-0.08704676352342193	-0.20042874818005735	
0.11096234845977798	-0.06601029745559997	-0.03801732908580606	0.14627925082529034	0.2063999583149104	
0.217655052430973	0.019615383734692404	0.17116096309198836	0.03908823957274876	-0.1057172447265338	
0.006288109925455958	-0.04030960688009354	-0.21533210538087558	-0.020580000517548103	-0.11583301472792244	
-0.2653562738853607	0.010785767231767813	-0.2698679277694669	-0.08007074331147761	-0.15239694042795385	
-0.03259053782543457	-0.27954340511308395	0.024724924912496605	-0.0943814149351584	-0.219740585407286	
-0.05432884966798663	-0.13030832823459124	-0.37523689697502194	-0.18411265199774823	-0.3142552296329179	
0.0701563127897081	-0.021333132169830276	0.03623733567783299	0.12605994342936125	0.01848991875376257	
0.013106159939419855	0.09754207916731131	0.14984918276656709	0.036514715657495235	0.06545496486996354	
0.1307073774789834	-0.027420536554775825	-0.035582346407174996	-0.05351557730730361	-0.0029874763715766984	
-0.10534215241812832	0.0009148959227880248	-0.050452914182368705	0.2417167052617114	0.27656322059063837	
0.23724048111402876	-0.4415759283124704	-0.22055284323976404	-0.2886575498208889	0.10397085072612682	
-0.13385275486493634	0.0920159346171393	-0.38150116914844456	-0.10772433567242233	-0.30986548866044683	
0.16516946376139544	0.10071926964167838	0.11384887074735546	-0.08761160027737137	0.013705569408315535	
-0.006326354408132424	0.0851750374297813	0.020347249910934395	0.0716889510175782	0.09895824227686228	
0.0394435683392633	0.045372317883186304	-0.1215921489886625	-0.0744816905094362	-0.12451440010934521	
0.11986067827051043	0.020170541785752467	0.1250958927165209	-0.055170195890076594	0.08953061429396784	
-0.03075226974188787	0.07282045967567656	0.08400870150367645	0.08399197146432541	-0.2034279709973644	
0.03399335220487511	-0.1338424671007725	-0.10478050700936546	-0.0584473568512057	-0.14544201816811814	
0.03312706412358356	-0.04542048463287062	0.023367443680282388	0.0015724303530432664	0.02564085905231782	
-0.02041104004810264	-0.3605454214296582	-0.041873968289107215	-0.2765518652309658	0.06988404705575632	
0.08891716518273307	0.08521176471917326	-0.1438669257816928	0.07191006528440008	-0.1284195549562025	
-0.11887591047462293	-0.06261495401650766	-0.13628728604161292	0.041824908100026974	-0.11597936344869486	
0.008467680671290896	0.09063720695932029	0.0024950165210593876	0.12416362181393797	0.13886797953712696	
0.2422975344264662	0.24863412576156668	-0.5296343217670836	-0.3871112131512995	-0.5004983632876375	
0.16742867471392797	0.13278529374132608	0.08471372009055908	0.006447215878706591	0.12303254096089396	
0.029034450956189457	0.16205763688509786	-0.033028540507037456	0.0642594410596357	-0.26117520085282664	
-0.14058285082002078	-0.2721759834465743	-0.13079444042639352	-0.01954418581880476	-0.15297251303202955	
-0.22797172015733883	0.02286343036832636	-0.2167074160452985	0.14554145339961116	0.11194350631856298	
0.026971149425605162	-0.027007969408271104	0.12568518410034316	0.04906811488511624	-0.2797698048566816	
-0.009980915244024146	-0.17771860415085605	0.1174386917821246	0.23445436359777963	0.023302741784709112	
-0.11010405317413571	-0.06412986063117913	-0.09560725307112403	-0.08405201628541775	-0.21321950681391483	
-0.09601247782185157	0.0067884866450300075	-0.011911100534274507	-0.09636713033447382	-0.1678298085130831	
-0.08213142864417487	-0.11224013935680222	-0.2771318944519947	-0.07190846014760503	-0.1885256070885725	
-0.05140948052724727	-0.059191281274538286	0.10752297015247272	0.1213321465557687	0.22128622847442903	
0.09309223678313067	0.16316878749784325	0.0007060263865937308	0.05963619951913397	-0.15877739079599032	
-0.12373558587133286	-0.1732319572226818	-0.011728863384569172	0.19147398775291263	-0.025648383216434895	
-0.08764098415777422	0.027975628979322688	-0.040845117730870656	-0.20616688600207822	-0.18885521142346565	
-0.2393043442824314	0.02591164038995707	-0.0644593643989584	0.014492335732419198	-0.24415708423748145	
-0.2987855149142939	-0.2114752045154201	0.02143132782465507	0.0679354769850294	0.019887446737585027	
-0.18099931232426533	0.1128093306719067	-0.171422175596759	0.0501457051507149	0.13332560806198795	
0.17161203338139724	-0.15614339311890113	0.05584320247240105	-0.15317976645523265	-0.05738861632182277	
0.14336544581219665	-0.023802443664260254	-0.10487227629178979	-0.0013253539823759402	-0.02260786257955196	
0.12426284630471629	-0.03382945029710449	0.01784440098776409	-0.05935747674394254	0.05373823478693272	
-0.0392563947387321	-0.6107622052364348	-0.2380977088556869	-0.5158442655115654	-0.02922784319144802	
-0.058496881419235786	-0.046746812069005134	-0.04860462972780916	0.1882038222748212	0.0018186153241235964	
-0.1851986273653745	-0.22509261658437543	-0.22270540109449766	-0.16488019094081632	0.012517167688760626	
-0.12761117592198337	-0.2292913296826837	-0.0050339169674448354	-0.15586748682637558	-0.025623765079524116	
-0.043423064832426195	-0.06296813933874248	-0.23667611455035442	-0.14058823606009008	-0.15452410701595753	
-0.05159237527541392	0.07721661688845594	-0.10769966318393229	-0.02564278298634571	-0.16242201741852202	
-0.05039686723817172	-0.04939732300951125	0.07638662194311079	-0.06626788226944226	-0.14476021091299987	
0.012449979030341441	-0.13829729890813927	0.029194794201880352	-0.16755144674150663	-0.13547058130097012	
0.02763530305691507	0.07015993881979522	0.1464166090535556	-0.10249363901581468	-0.03755097001847567	
-0.10720887660855462	0.25169959119512814	0.06476206523120888	0.07780256296637518	-0.4021741434578785	
-0.16966670847224238	-0.24578010531866942	-0.14924450524299449	-0.026434454363997596	0.004341666195649238	
-0.33479411410100673	-0.05349169010965106	-0.2885283619097118	-0.27421586814145227	-0.1970960371142482	
-0.15245276654122547	-0.15460244114034147	0.03491046400739322	-0.1088346558487399	-0.14872257018518095	
-0.15089668024706412	-0.16847359608466556	-0.011432827642402882	-0.2532987054517618	-0.092486386027328	
0.3333227100871124	0.2570213166123503	0.32731058378551936	0.23912947046365848	0.04890548959609057	
0.19327762320630423	0.29806340618030985	0.025005420482359122	0.2941929663560297	0.18746335712353332	
0.08456120269237154	0.25845564799869253	0.07165711929831577	0.11231738996128976	0.08242546979488387	
0.38702419152569695	0.2059592778135362	0.2880733717914585	0.16631397944841683	-0.03154403419973265	
-0.015504685726768615	0.019026618895354563	-0.1143433893493607	-0.03324154786949745	0.2681041845319631	
0.13171413525886672	0.28836242124867606	0.06739604440316202	0.250890906326409	0.08746291944644848	
-0.5348392279281627	-0.1897830142550193	-0.5470510333299102	0.2317277300797801	0.06519967465702645	
0.21861138948959724	-0.10035779730834912	-0.02272094958619928	-0.07577280750784239	-0.8504561246981364	
-0.29760327978647827	-0.714168208025862	0.2382461975545829	0.13010196865231674	0.12937568597114787	
0.1361009470945526	-0.03072097466288493	0.10587196449390934	0.08279803944066191	-0.009366410413912308	
0.17683748115158243	-0.7231235646993764	-0.26518083107234836	-0.6083438018583996	0.4039571217486466	
0.3263888450879906	0.36105944854946537	0.42137719968963816	0.2669557254374634	0.3631289719229502	
0.2612766946895391	0.11388857322948248	0.22958036373452748	-2.2945194812256933	-1.0154622644740103	
-1.8091245384637908	2.526716227418487	
