TESTRUNID EPOCH: 51 L_PCC: 0.9676477514897551 L_ERR: 0.0012439787509408533 T_PCC: 0.9108016142270122 T_ERR: 0.0049700282579907195
180 LAYER: 1
2 LAYER: 2
1 LAYER: 3
51 :ILEARN
-0.27629291136477363	-0.1350258232751809	-0.5707410655278892	-0.6035055265592384	0.3544360802026845	
0.20984458225581296	0.4458807342633155	0.46562296203755826	-0.08254057350195446	-0.039941612162780485	
-0.1550329469372066	-0.19142816146714142	0.07458302167704246	0.19229257568155245	-0.4083697331896873	
-0.2969038896051815	0.2578297601942084	0.20061519921204005	-0.13182922725576662	-0.06772620787824316	
-0.04491107627595745	0.05659210086719558	-0.3943552441885976	-0.43264553851850795	-0.0479618636810519	
-0.0324676853522368	-0.03322358338414336	0.053508364835385534	0.2963426895836343	0.3261128729709988	
-0.15234696651919452	-0.15899856376248364	0.0858479258581863	-0.03334778774884998	-0.4859415333613154	
-0.4898707965543998	-0.13204590530690294	-0.12848054919856688	-0.2652377044872719	-0.07015516031370075	
-0.0077971765773471	-0.006763200430606552	0.006046537120917094	-0.05139042130313761	0.10216490793620207	
0.05680262289598002	0.040819750617145364	-0.3153365190474363	-0.09859249251186437	-0.10444004789168991	
0.012062076332698719	-0.11021639207500732	-1.2008032617327975	-1.4056964077295069	0.16771857699812404	
0.1534576663911985	0.12384385887481157	-0.09479688674777699	0.13931471905236456	0.3017579419913084	
-0.09357115481518552	0.0281946421966207	0.0689914811306411	-0.17232486302233427	-0.0811354786752908	
0.06312405887055074	-0.11306023888808969	-0.04860386611028079	0.13007377870852496	0.1213307989353937	
0.38312875004537117	0.20951043777276027	0.12856754220953828	0.2684886565960019	-0.019441830981181924	
-0.046692960757145255	0.2970946254487432	0.17895485255359897	-0.01709492453648304	0.12313586989399576	
0.06973404545236163	-0.002620582262280184	-0.1778510497987991	-0.2904273543742686	-0.1675771424265058	
0.05212253300914885	0.287636891753182	0.3456818160669543	-0.1738962735943425	-0.16950086392437416	
-0.1642701174947323	-0.0325076347631575	0.04084363365290677	0.030777782900484385	0.005370794575273477	
-0.02845902441593567	0.006974895236980512	-0.032191210786398805	-0.21019323698111864	-0.051291849497992294	
-0.12090586017366212	-0.11919741582548747	-0.15881840866809763	-0.308647665665519	-0.045248260536661006	
-0.09636117187887781	-0.2116468666219483	-0.00830140593778053	0.09392090042948965	0.15092493330312137	
-0.3108580226976067	-0.34758568144907437	-0.2240708906192326	-0.3330025993054056	-0.1879645319112209	
-0.04769448128865686	0.024614244908716363	0.09852199288961624	-0.08748623623583163	-0.16322608627863555	
-0.07131331695099287	-0.12857401957179768	-0.13235290248424125	-0.05824833156246397	0.15596831381208867	
0.1832611461963316	-0.1414692472510482	0.06666082132597904	-0.04309599229150807	-0.025120585795399122	
0.008821769939952935	0.0843791839111642	-0.03175289001206203	-0.13281594369525887	-0.05355492515519466	
-0.14922910766673966	-0.014758527380204329	-0.08448964519481758	0.2870686969115941	0.22649798128504667	
-0.062335823821424996	-0.2134383977391446	-0.11916687612270427	-0.06766485390190743	-0.04752140260062473	
-0.10597333544954726	-0.07397564219665984	-0.040181943459192196	-0.19158260900061128	-0.2915955378781235	
-0.038286179310756834	0.19762050262438552	0.21404557354855294	0.2093504285450077	-0.11761472300784376	
-0.11054861593088192	-0.05900356519319881	-0.015392311820521934	0.34294134132894727	0.2814546239314793	
-0.09346705090734729	-0.1570837646873032	-0.0732924877727727	-0.24113345819605303	0.09844610178084306	
-0.0635521299912693	0.2669362187525168	0.19185155114926278	-0.004263596397111665	-0.09094985135173905	
-0.10324775116219961	-0.05158698285771485	0.25605035952050564	0.12354831044160086	-0.011030508881350225	
0.003080902077671235	-0.014501260563363276	-0.30466978047283416	-0.10023937935018433	-0.10156496021612524	
-0.0112599992328666	-0.10823582693021723	-0.047971326003375926	-0.34195051299562373	-0.14424443896693326	
-0.06756826086928117	-0.3294113469947744	-0.12862138576769772	-0.3778107595693987	-0.3927144677400886	
-0.15530211895262433	-0.33601777993139925	0.04878146029009915	-0.03472701551227344	-0.3917456555470171	
0.3272304523562083	-0.6733266539824736	-0.7382498322750585	0.019245849277001504	-0.0084115629653093	
0.1441696030246439	0.0034624855694826494	-0.09042219635492553	-0.14551821336422044	0.0012482118299747083	
0.048184686077214024	0.20144908659345415	0.250501541067479	0.015524383124854114	0.0018005165162899193	
-0.2277604280235181	-0.11973133127053383	-0.04260203881730891	-0.04684480001153718	0.04340428857652457	
0.02295329221637662	-0.16745071910273449	0.04960160398513195	0.011001672668963222	-0.15917233894951027	
-0.07486555955607244	-0.04690230491598077	-0.2894412066613842	-0.17684403310143676	0.05132221574622261	
0.11456016026024457	-0.10074705785863679	0.016812762721902155	-0.08684233512234349	-0.07135817666897501	
-0.028156870165710984	-0.017219172608932236	0.022708265132937923	-0.061373402693450485	-0.14678387302382298	
-0.10908020669790269	-0.16212072975980743	0.03299955569881619	-0.0387207859437572	0.02738255130413091	
0.045967066881340564	0.19302560536216673	0.020682895759825126	-0.0047693326030808225	0.08414156252297653	
0.07973012841297378	0.1939756297712822	0.2888431403712488	-0.3496552715054694	-0.34744880294364083	
-0.1021265719328175	0.1263842833929299	0.04042580913630238	0.1821839507439282	0.05497587192846208	
0.11128834311468398	-0.026226601300895994	-0.05158763092752906	0.10372126008353205	0.20823253082845455	
-0.13955936001336305	-0.05602820226328656	0.10248648312241958	0.17273308446622881	-0.03137906730085386	
-0.09935056175375107	-0.0618578459395073	-0.1852895017649657	-0.4316480042113055	-0.52646244755551	
0.011355729244750578	0.03757160296944986	-0.046729434538459756	-0.06845341685501728	0.09723636823621956	
-0.052122459755438694	0.09471875444529711	0.02042581622461172	0.1811228061455625	0.3137922784322496	
0.21410507890399882	0.2572299704404794	0.18800071228778503	0.0454943627349024	-0.011640842955271834	
0.02610012109778257	-0.1291063055160838	-0.1387309251577973	-0.05526980990633167	-0.019714780448979424	
0.3686150827656113	0.37891128731579554	-0.017049125429884696	-0.06127983117420115	-0.08962667712989937	
-0.2735616787455958	0.21063867665640917	0.04900153116645624	0.12331691260397015	0.1018606672481755	
0.02641374199075212	0.07708817709673824	0.2604267940658466	0.2082834711184022	0.09745124360131185	
0.19057879773120665	-0.16585925726440737	-0.29936336121903767	-0.2964710696987792	-0.18538777419271027	
0.01569927600670678	-0.059326921555835306	-0.3792821386368586	-0.4645143270435366	0.00959398405205229	
-0.023807408736066855	0.22363329848693947	0.003414041620206243	-0.04457687359208757	0.2368358834005363	
-0.17313704901319465	-0.16518354224362744	0.161442223431636	0.07443188963805573	0.2976625900558825	
0.05728901912047815	0.01617248841623526	-0.012276548916328784	0.4480612004906042	0.36683603059079756	
-0.1970609589687431	0.0374095520594175	0.13363805276852117	0.07649535462504047	-0.341589599912733	
-0.5467906890968334	0.06773404622777045	0.11914717281739881	-0.4241258572389427	-0.28106669986487953	
-0.5595647955091062	-0.32709615992806346	0.3313325816398714	0.26607228840212943	-0.526089970633158	
-0.3157371948545765	-0.39862691251690124	-0.44150172592982956	0.22994568157604847	-0.044353684603992985	
-0.16308085197742134	-0.33709687859131227	-0.5132919895447411	-0.6964606638652111	0.13082604388472277	
0.1841139420818973	-0.005379987885056597	0.05638852342653714	-0.34324471214134966	-0.0993766193604264	
0.10088712730985791	0.07227913602850483	-2.229008202964334	-2.0917066289812385	1.4545192536055236	
