            A        R        N        D        C        Q        E        G        H        I        L        K        M        F        P        S        T        W        Y        V
 1 A  -0.0366   0.0008   0.0472   0.0356   0.0051   0.0403   0.1193  -0.1298   0.0036   0.0145   0.0048  -0.0855   0.0861   0.1405  -0.1131   0.0449   0.0596    0.078    0.046  -0.0752
 2 A   0.0902   0.0047  -0.0267  -0.0018     0.02  -0.0919     -0.0    0.022     -0.0   0.0808  -0.0184     -0.0  -0.0222  -0.0417  -0.0763   0.0312   0.1786      0.0  -0.0018   0.1395
 3 A   0.1254  -0.0973  -0.0121  -0.0942  -0.0308  -0.0764  -0.0376  -0.0154  -0.0013   0.1245   -0.051  -0.0383   0.1106   0.0993   0.0343   0.0746   0.0328   0.0355   0.0269   0.0769
 4 A   0.0521  -0.0079  -0.0416  -0.0364   0.0563   0.0278   0.0459   0.0759   0.0033  -0.0569   0.0497  -0.0374    0.008   0.0744   0.0671  -0.0321   0.0107  -0.0091   0.0218   0.0148
 5 A   0.0264  -0.0075  -0.0509   -0.019   0.0307  -0.0036  -0.0746  -0.0033  -0.0854   0.1283   0.0134   0.0004  -0.0178   0.0307   0.0745  -0.0055  -0.0015   0.0945   0.0436   0.1131
 6 A  -0.0143   0.0044   0.0461   0.0314  -0.0155   0.0493  -0.0588  -0.0443  -0.0403   0.0293  -0.0032  -0.0464   0.0966   0.1377   0.0118  -0.0036   0.0766  -0.0168   0.0209   0.0253
 7 A   0.0283  -0.1001  -0.0212  -0.0499   0.0039      0.0    0.031    0.067   0.0469  -0.0026  -0.0319  -0.0805   0.0781   0.0573  -0.1071   0.0755   0.0462   0.0763   0.1012   0.0682
 8 A   0.0367   0.0207  -0.0122  -0.0888   -0.008  -0.0124   0.0453    0.062  -0.0043  -0.0513   0.0406   0.0031     0.05   0.1112   0.1021   0.0576  -0.0532  -0.0245   0.0271  -0.0154
 9 A   0.0774  -0.0598      0.0      0.0  -0.0675     -0.0     -0.0     -0.0      0.0   0.1993   0.1646  -0.1403   0.0425  -0.0525      0.0   -0.005   0.0252  -0.0303  -0.1432   0.2759
