            A        R        N        D        C        Q        E        G        H        I        L        K        M        F        P        S        T        W        Y        V
 1 A  -2.6623  -0.4743  -1.2271   0.2469   -999.9  -2.4183   3.4168  -2.6623   1.5257   0.2256  -1.5021   -999.9   1.6389   4.0483   -999.9  -3.9091   1.0556   2.3558   1.7566   -2.623
 2 A  -0.0184   -999.9   -999.9   -999.9  -1.5311   -999.9   -999.9  -4.6623   -999.9   2.2256   2.1126   -999.9   2.4689   0.6475   2.8005  -3.9091   3.3307   -999.9   -999.9   2.0208
 3 A   0.9524   -999.9  -3.2271   1.4168   -999.9  -2.4183  -3.7531  -2.6623  -1.6442   1.5817  -0.8582  -1.9593   3.1128   2.6475   2.3558  -0.7392  -1.5882   4.3558   0.9266  -1.4531
 4 A  -0.0184  -0.4743   0.7729   2.2469   1.6389  -0.4183   2.2469   1.3377   -999.9  -0.4183  -5.5021   -999.9   -999.9  -1.3525   3.5257  -0.7392  -1.5882   3.5257  -2.2434   -2.623
 5 A   1.3377  -3.6442   0.7729  -1.7531  -1.5311   0.7516  -3.7531  -0.0184   1.5257  -0.4183  -1.5021   -999.9   0.4689   0.6475   2.8005  -0.7392  -0.4183   4.3558  -0.2434   0.9917
 6 A  -2.6623  -0.4743   1.4168  -3.7531   -999.9   2.7516  -3.7531   0.5077   0.3558   0.2256  -3.5021   -999.9   3.1128   1.2913   2.3558   1.2608   2.0265   0.3558  -2.2434   -0.623
 7 A   0.5077  -0.4743  -1.2271  -1.7531   -999.9   1.5817  -3.7531  -1.4923   2.3558  -0.4183  -0.8582  -3.9593   1.6389   1.8174   2.3558   0.0909  -0.4183   3.5257  -0.2434   0.5469
 8 A   0.9524  -0.4743   1.4168  -0.5832   -999.9   0.7516   1.4168   0.5077   0.3558  -4.4183  -2.3321  -3.9593   3.1128   1.8174   2.3558  -0.7392  -0.4183   2.3558  -2.2434   -2.623
 9 A  -4.6623   -999.9   -999.9   -999.9   -999.9   -999.9   -999.9   -999.9   -999.9   1.5817   3.6679  -3.9593   4.0836  -1.3525   -999.9  -3.9091  -1.5882   -999.9   0.9266   3.8728
