            A        R        N        D        C        Q        E        G        H        I        L        K        M        F        P        S        T        W        Y        V
 1 A   0.0027   0.0398  -0.0615  -0.0924   -0.058  -0.0822  -0.0162   0.0165   0.0086   0.0564   0.0346    0.028   0.0171   0.0197  -0.0418  -0.0072   -0.066   0.0171   0.0311  -0.0117
 2 A   0.0569  -0.0161  -0.0248  -0.0172  -0.0113   0.0056  -0.0078  -0.0024  -0.0443   0.0311   0.0091  -0.0326    0.032   0.0148   0.3653    0.005   0.0062   0.0505  -0.0093   0.0265
 3 A    0.046   0.0714   0.0153   0.0136   0.0585  -0.0436  -0.0037  -0.0149   0.0005  -0.0279  -0.0778  -0.0247   0.0117  -0.0146    0.025   0.0174  -0.0414   0.0034    0.035   0.0087
 4 A   0.0207   0.0134  -0.0356    0.006  -0.0259     0.02  -0.0061   0.0212   0.0551  -0.0184    0.014    0.037   0.0194   0.0156  -0.0092  -0.0205     0.06   0.0889   0.0134   0.0368
 5 A  -0.0037    0.091   0.0476  -0.0299    0.025  -0.0161    0.012   0.0634  -0.0277  -0.0125   0.0119   0.0608   0.0734  -0.0103   0.0604   0.0489   0.0165   0.0104    0.046   0.0127
 6 A  -0.0553   0.1155   0.0404   0.0179  -0.0261   0.0157   0.0344   0.0578    0.019  -0.0152    0.011   0.0591   0.0392   0.0138   0.0519  -0.0058   0.0546   0.0319   0.0168   0.0444
 7 A   0.0395   0.0073  -0.0002  -0.0539  -0.0043   -0.017  -0.0385   0.0304  -0.0074   0.0294   0.0175  -0.0212   0.0221   0.0426  -0.0016   0.0129   0.0501   0.0225   0.0238   0.0323
 8 A   0.0621  -0.0222  -0.0997   0.0083  -0.0642   0.0067   0.0019  -0.0028  -0.0268    0.046  -0.0183   0.0039   0.0135  -0.0019   0.0508     0.02  -0.0118    -0.02  -0.0367   0.0227
 9 A  -0.0124  -0.0463  -0.1341   0.0644  -0.0223   0.0026   0.0187  -0.0081   0.0795   0.0116   0.0883  -0.0271   0.1742   0.0653  -0.0113   -0.063   -0.049   0.0114   -0.037   0.0037
