TESTRUNID EPOCH: 12 L_PCC: 0.7862001931380419 L_ERR: 0.005730569360306013 T_PCC: 0.570981194096738 T_ERR: 0.010977590011578598
180 LAYER: 1
3 LAYER: 2
1 LAYER: 3
12 :ILEARN
0.211015636103073	0.4004996266182171	0.2557319160223579	0.15364585767552688	0.23164031845927907	
0.22822017387782825	-0.15950118565239657	-0.21279599001788407	-0.19987784021632615	-0.10712490049487738	
-0.219369163358401	-0.17655636686696838	0.028190897924325962	0.22881337623003908	0.0582877715986769	
0.08190792754598035	0.06167761748353006	0.08954954727699643	-0.44081541616533765	-0.5603688666295863	
-0.4514297679383772	0.2812040020222976	0.2823949217209835	0.3892099599656127	-0.07636861685120443	
-0.17325780364904075	-0.32195600658349804	-0.06871395424254775	-0.021680119857430062	0.12120363095708807	
0.05272194372913025	0.21757448533738474	0.33916142348941036	0.4260425616620105	0.7416003806817599	
0.6937315654221556	-0.1733406702264304	-0.2723123806175615	-0.42337344486695605	-0.45831703567398807	
-0.5861455532727881	-0.5900913303956861	0.03864593201682519	0.19421011425419676	0.05935516509684552	
0.09419894260356733	0.239051129309176	0.12483184128593146	-0.11163301890371724	-0.16082427324273418	
-0.19052803150085823	-0.09290709888589416	-0.2560598316431714	-0.24892599659257097	-0.02671680281867764	
-0.08015545277795069	0.0067073375733967015	0.051597088794195375	0.2291903310522007	0.2599090886522459	
-0.1511953802351943	-0.1137964834735612	-0.06539109832725618	0.30885783091076907	0.43097964725106425	
0.560365435458845	0.0344612924841134	0.005358908221321635	0.09143602813031715	0.04762800493338424	
0.12712391645348678	-0.024129320627171692	-0.0810792522813102	0.060232982642110015	-0.027381717715926183	
0.09806357200964057	0.3415751231150146	0.23776426991138963	0.26392524329874173	0.39484653984111484	
0.4453251466271579	0.052145113221690124	0.08518601246236315	0.013544509544994268	0.15878103102370594	
0.4238990069581528	0.3388909902254303	-0.2129034618618144	-0.385209508422864	-0.42625915301301165	
-0.16450311538267096	-0.039660030960398426	-0.1504725680921501	0.10174908922524546	0.12333994064783596	
0.09977806663971925	-0.19391522371605652	-0.39219626132312607	-0.4708683689729911	0.04891069493833447	
0.05546838716169332	0.07104587070150283	0.05440918025857519	-0.06838718828146984	0.04935469889964359	
0.1907081795194483	0.18598990713230107	0.3895326472994975	-0.3823371040881366	-0.5508274166132687	
-0.7028269151949915	-0.0668900504900183	0.09517721319289085	0.04818292157555531	0.14195984393655395	
0.4412123490406555	0.46185698768642225	-0.24986048319602874	-0.4247253109906617	-0.5306506512735378	
-0.12430799942414322	-0.11839975022347211	-0.05935165833002435	0.20869616379327757	0.4982497201542214	
0.4486497603308885	0.05144367054991445	0.14098432752981896	0.00655276316487573	0.023975270786705936	
0.18472912314872095	0.2799431007237323	0.052916978490392945	-0.031536698078388284	0.1280145139531363	
-2.3113978225918245e-05	0.15550988371720809	0.07974200513515901	0.14353832140057923	0.16661893891683555	
0.13276680134981464	0.13634304087096435	0.24580559807239818	0.2746917917115637	-0.050975077772123824	
-0.016868754667951742	0.011379010999820938	-0.1383535367750724	-0.2264928848059031	-0.30650373428949174	
-0.23787205371685613	-0.1362231563341275	-0.21352740119011862	0.043819575960058296	0.11435564566254582	
0.2158134675129161	-0.2599499230784364	-0.2828687493383633	-0.21512372776982014	-0.04915928043547982	
-0.17530452791178971	-0.13951149011746208	0.06550400640535964	0.1615247295071094	0.05436986173572766	
-0.037180429587309695	0.027098444051325082	0.07536195118654283	-0.036050026961804184	-0.05724746656748547	
-0.11209103540780187	-0.1324140675370476	-0.32425798945820206	-0.3836930656735936	-0.05117337471113449	
-0.08048051514803747	-0.0883396208056852	-0.050714217340776954	-0.08306944464844077	-0.024250249221983156	
-0.06324174173116301	-0.1786489539112247	-0.0795349838358735	-4.413708377407153e-05	0.07884554170155374	
0.19122262711464866	-0.06974615879506295	0.015698650942179926	0.0249335670300129	0.012349707084632365	
-0.09358517759872857	-0.16124128967016615	-0.026348002635778352	-0.04822491631718229	-0.05291864487721068	
0.13611211401791265	-0.008528929844301621	0.040945675254809875	-0.1950658181729991	-0.1921542720719949	
-0.20478748608895034	-0.01009485036502842	0.12803902356153699	0.11812761521901761	0.0697992261001043	
0.15554628736158854	0.19273418750222085	-0.02605657410252553	0.0334689729433973	0.03832771478740274	
0.1208921802292605	0.3391562093279447	0.18235742772949484	0.014131470910101033	0.06636205028866038	
0.1487301730756849	-0.12041013532827317	0.046212872588644226	0.02082977002078601	-0.06445072139230469	
-0.00982264753075121	0.05117130357427686	-0.0500789308623345	0.13873261249936888	0.07564287971094497	
0.05772787296953483	-0.03769250420209678	0.03701175506858769	0.11475689079344559	0.15827186917641128	
0.06803221991397802	-0.025393183831500302	0.0029428359092348345	-0.09393870664463978	0.0032312989597297536	
0.040296909909251215	-0.07163950004305566	0.01632951832372722	-0.01821856819977386	0.061895140225311104	
-0.0789086258140129	-0.027317811482200832	-0.01866047925605247	0.06143283105876096	0.25216397224208864	
0.2204708901433934	-0.0453729601662081	0.12317208678923817	0.15204323832840352	0.14923180967724853	
0.007724684634271898	0.21000802591460543	-0.00411808688154941	0.14137880395396948	0.07080630895438089	
0.037556789274946184	-0.01631999257315797	-0.011528488359191118	0.1172626274199083	0.27599942387833853	
0.32567637947789274	0.08198777240547397	0.09450360140803106	0.10697352532918927	0.03772332974281261	
-0.086506726506647	-0.018860317626076702	-0.028648769619437648	-0.04269984662886486	-0.024099944046944502	
-0.028414175786058097	-0.0015158988731673283	0.05119716752759152	0.1929763610253084	0.4275487267299491	
0.38353184883583913	-0.04249266495985637	0.04177207039223756	0.030905143609702646	0.01783522949583725	
0.013265918040898965	0.024722168803804793	-0.1026026226695238	-0.19778748179340339	-0.233652624509902	
0.007877817261272705	-0.08481164657714156	-0.024355632868907406	-0.040747867331164894	-0.015565397765827702	
-0.061566253139889573	-0.1345714707279063	-0.29065294084384125	-0.29633561793342	-0.0037177165556084163	
-0.01340136091034841	0.06371169303097592	-0.18999248482173886	-0.05255702596269074	-0.21950189362650763	
-0.02986653884292193	-0.0636384583080647	-0.10289855514224004	0.2424675619575962	0.3007900611852486	
0.41974965861919644	-0.09382577824865128	-0.12188496842253692	-0.054419727623756645	0.08666665142915041	
0.28908110078777777	0.29800732538272273	0.03775270941193875	0.08366910927501522	0.09293452312234851	
-0.060428627078877806	-0.02678091848787758	-0.10548567321023518	0.08100017104762956	0.2879202051729376	
0.19313495852655105	0.1370184948317103	0.13911835466807893	0.11922328213656377	0.0441014859424167	
0.052339284122886666	-0.0025888038283769644	-0.07996667690551922	-0.13010580383678488	-0.08774590592444896	
-0.019298533800516188	0.11796063372286801	0.02318150081074318	0.12944414571991172	0.2576066190441444	
0.11326215519931251	-0.3069453733718301	-0.3242896641253002	-0.3037904680719162	-0.184447753158148	
-0.24174127850217425	-0.20320436792744534	-0.009210251638084348	-0.027612984096685	-0.16322681788135912	
-0.033374786481336946	0.01114956249024601	-0.03522197607743312	-0.024623549656926206	-0.14599045285994672	
-0.04197986486734296	0.11650484422420902	0.08083624525471836	0.062011880624124736	0.06583734529094816	
0.03049706589854183	0.1281572656972258	-0.061626794738396024	-0.03370957029268909	0.020702364430213786	
-0.07116730708137288	-0.09526230416321967	0.02701303206992112	0.04164882934935173	0.18387333240876666	
0.1093560698539374	0.09602570989535325	-0.006855892662837027	-0.000737464649318274	-0.022872551298770572	
0.07311031047204762	0.008755302454666125	-0.06178461910973228	0.0603249309846879	-0.0850957101924901	
-0.01567001310416829	0.08729242067290188	0.07531339381480891	0.07814094965489202	0.0029322075265106064	
0.05626933910471794	0.190142393549444	0.38337312741961393	0.26660170737533145	-0.1636507297872788	
-0.2056460515392703	-0.10549327267598611	-0.050498153414318646	-0.12476314260352475	-0.02650101743209585	
-0.019239214244617647	0.1632426013453521	0.0934629035328041	0.07276242260849802	0.3299885633288389	
0.39235563214302643	-0.07307827780175412	-0.029556209702761658	-0.07412278304026076	-0.1697257314005676	
-0.18311227709121033	-0.19724078417073834	-0.15502174117071704	-0.030587923585367875	-0.11137470919302903	
0.08968618363793521	-0.003926085639007471	-0.002683757854337427	-0.04081303327902686	0.04511814443352113	
0.005902191360971443	-0.04617988408948739	-0.028062883594622286	-0.04515336586297413	0.03352463388545545	
-0.06708269113533503	0.024156596813692394	-0.052075680871807986	0.015942749651244925	0.006855011317384065	
-0.012661738852645672	0.07261146820425803	0.11869422318501878	-0.07040110499842864	0.00882655451904646	
-0.0426528562512852	-0.2327805507677026	-0.15469326521145502	-0.24731122358522564	0.10227444418250944	
0.11591650944287316	0.14358211281022265	0.058819285704912086	0.09141906413668975	0.16151894042938336	
-0.06646305344865418	0.022867547737776286	-0.156894815188215	0.030223348516646955	-0.12311973401468289	
0.00414854946497737	-0.12991520694641726	-0.002964480063841818	-0.08591326084348674	0.04518915696701555	
-0.0033115951536305853	-0.017527088235255155	0.18130902298182794	0.08649081373610311	0.10588978438132313	
-0.07509372265984042	0.010275250761846589	0.06455463189611373	0.20586768623920534	0.22745496383316088	
0.24029001929379132	-0.026976029189154923	-0.16029529636716766	-0.18974342456887838	-0.2361146715463987	
-0.3108382978760497	-0.1952598895869705	-0.2148122104984549	-0.2438199270837616	-0.1675557154676159	
0.0026083291113440064	0.17880876916080474	0.04297078179126857	0.11576363857316663	0.14591124061543506	
0.26575112411860236	-0.05954532195355545	-0.05378539395204056	-0.03834699954986712	0.10366950332905812	
-0.0618995956813832	0.06783811344243047	0.22657042166475028	0.16247306233634493	0.2746474510201798	
-0.05777074120829174	0.03870448756157087	-0.010315963656525214	0.13586798288620025	0.1434360811198612	
0.1879291802369726	-0.024696549475947415	-0.06875047447109194	0.04604670470731323	0.034753847575326555	
0.12486724440897964	0.2115230377947727	0.0491610045325739	0.06149748157359267	0.09282399809649265	
0.1706257881335083	0.23109980176677067	0.22155130038283544	0.2414972220755822	0.20227049756656612	
0.1879985306157404	0.060438069364341054	0.15289788846734795	0.130992225446768	0.09925380591069578	
0.10928689355212277	0.198383198312149	-0.38110116196594246	-0.4435230805783741	-0.5121839827498647	
-0.250423586715196	-0.32467480445122754	-0.41236235211780414	0.23783442837012397	0.4901615840323877	
0.48666513849617915	-0.2925681327536596	-0.49711052462054806	-0.4519991896271054	0.28153854299113057	
0.33052256358256366	0.31104530101770533	0.155239563633909	0.1785397004201038	0.12126420255418287	
-0.09433835804465777	-0.08135776106601078	-0.08057891748039714	-0.14684328562893342	-0.2529526118042519	
-0.13810263752725666	0.11479391382555389	0.3976932333037604	0.3712281825976269	0.2012601738668793	
0.23596239329387103	0.25545049966769495	-0.5469827528846405	-0.8343214794648361	-0.7647673026952705	
-0.04682379311027289	0.30532276505445954	0.37443428568879095	-1.2535094541825806	-2.2886244439224406	
-2.4075977479103137	1.5065908356078952	
