TESTRUNID EPOCH: 99 L_PCC: 0.9889842119228589 L_ERR: 0.0005978730703624409 T_PCC: 0.7447642237930067 T_ERR: 0.013388346837361896
180 LAYER: 1
5 LAYER: 2
1 LAYER: 3
99 :ILEARN
-0.11403218973865331	0.04777341407908406	-0.3110545720224946	-0.07187943341979976	-0.31898019361899266	
-0.19060258377459277	-0.21211437204230982	-0.14523132734101132	-0.16721568556415248	-0.25902733255586063	
0.06770561608932331	0.08682017851078558	0.025039116210320615	0.14203236151412088	0.03320729214623564	
0.2336179076088019	0.07709446611696787	0.3774156743793314	0.07447544740559128	0.34325888574754554	
0.09392689845846698	0.11595064428409015	0.0016408297868993683	0.06590265338966661	0.11794783158263095	
0.21438215177958703	0.016538407649921576	-0.004713579200950958	0.04170546403910605	0.10703857280594636	
-0.11926046222549873	-0.03992552089376359	0.0323741423483103	-0.014070017168880596	-0.04737730244006152	
-0.0025752900465268033	-0.001577321756145993	0.2878050968957569	-0.1304525858620203	0.2999303732738649	
0.09933577794055767	0.049642397120207744	-0.04172079154537951	0.05839916859063322	-0.07664491827420311	
0.0524013929806749	0.10340878506022726	0.062032192291322126	-0.016160582760417486	0.0735242121717611	
0.09120689466480683	0.14801474536876597	0.24876450860577828	0.08496228271680287	0.32318735493475653	
-0.12262548333214195	-0.0358253040967927	-0.02707748368004096	-0.019708693187384003	0.12221246786768025	
-0.17096036603705	-0.08791250849747906	-0.013889791831970406	-0.09790595713470912	-0.15651145149796855	
-0.3310879081485308	-0.20100210787863945	-0.20366242141162816	-0.19406510315596603	-0.12665128527758948	
0.15059946117071474	-0.04762809967873769	0.024773544410412934	0.10615157682407277	0.10445800455347572	
0.2966665193153769	0.30941040631551736	0.3828329955938964	0.3263456844564172	0.48152505623045905	
0.3304707809189696	0.11107183951918444	0.38244232627306424	0.17282205321199076	0.3287836595698759	
0.09751648654898028	-0.05814975007879489	0.10660326679715297	-0.0027318599517642287	0.10703395180370369	
-0.33800226920464443	-0.13604739447344885	-0.5146189765824465	-0.16938371515505457	-0.545251012195681	
0.07576846723847872	0.07945530874295247	0.17105261686900589	-0.11736934442111799	0.09667346775669372	
-0.017387168766385037	-0.000972392945864591	0.14076963142345159	-0.003969976468097348	0.16304972381417354	
0.4542941280784717	0.16701888568386528	0.5949277692914732	0.34351182338084124	0.6407086398045204	
0.16678273594573445	0.0874581757028061	0.33370024307914975	0.22676633353498152	0.1706510073571323	
0.779433020081004	0.5328653436067636	0.9521662273345872	0.617484088637149	0.8344725483852087	
-0.1687386119057873	-0.1419958324097439	-0.16741491555664528	-0.10638530434383986	0.012734450733954333	
-0.2791759132319693	-0.22182510125570934	-0.0765037370435885	-0.37847266834848226	-0.23562925527660744	
0.15071156590710172	0.18716374044836875	0.1585185283757705	0.011800241193396947	0.2086648120437163	
0.11081935136444028	0.16470541921177173	0.17475351681988735	0.2073124285064491	0.3328084712557554	
-0.2736945446535208	-0.2507366835396111	-0.42447502126306275	-0.2833526553095888	-0.4606463978136818	
-0.04494208994844394	-0.029177247311323772	0.08535754608633919	0.03893812928066536	-0.09494349101499756	
0.6025764859197666	0.4666507075978356	0.9342028967846231	0.4037709479722812	0.8951249198499869	
0.12076105846229894	-0.009211187479863832	0.09522580173402878	0.1544467923170379	0.15024272552027404	
-0.10851603872775793	-0.04268894188766199	-0.15910354443369293	0.014246243819537567	-0.24431441565284648	
-0.542340755537668	-0.43670771343511255	-0.5952742284657924	-0.44491255049523265	-0.6264358045978937	
0.0541383355591241	0.06364732223082431	0.3912139467679413	-0.018086608854534003	0.5076259178507859	
0.14692543549143458	0.04489028972346146	0.1843902023801152	-0.04245618563341093	0.265752394598948	
-0.14168164860082824	-0.13316786596515132	-0.19461976806113135	-0.13690365245642	-0.3213753117638856	
0.038468774049184036	-0.07888455934089343	0.00870907667597628	-0.01423012786954435	0.060905327297280536	
-0.7898842077272339	-0.7705517394914764	-0.8685542513995611	-0.6055589132615231	-0.959212944118942	
0.08189726684179716	-0.09499166715498918	-0.10652815933443331	0.05824757873036487	-0.008105996685894772	
0.3694440442123832	0.1839290123989052	0.4577822677928535	0.2398471368741651	0.406724472243608	
0.49877353441838373	0.2991113216024997	0.6693032489870756	0.4445826516065195	0.8442269607043307	
-0.3700704584126479	-0.12679231202422872	-0.4972096257274704	-0.3351565992294346	-0.5514826938933396	
0.43253995189173905	0.17946025369621457	0.5533753084950309	0.409748377241039	0.3958984200424278	
-0.020918345502350305	-0.0018618338677259057	-0.0250700752702973	0.09799042449294816	0.02121629029504862	
-0.20798735866325413	-0.19479854530402316	-0.32181594944740893	-0.1732742441065047	-0.33616197566244493	
0.13479383464165304	0.059180886288435736	0.2734354757991875	0.03875924206976734	0.2645858840277783	
0.10732413126674109	-0.05067008322642373	0.26936582726064556	0.02512401027284063	0.4348170694632244	
-0.1722006684017468	-0.029300985036688557	-0.13420856036206114	-0.1863277239247538	-0.1366452457409282	
0.195017285380526	0.021582199277026037	0.23544792737275835	0.15727490664487548	0.285765731111699	
-0.2828935398146825	-0.06234758579169029	-0.26409964723093365	-0.08918052956887346	-0.32607347950550397	
0.051869580688194514	-0.09235492367686578	0.05722845853942953	-0.1882784130733902	0.02389978673150142	
-0.2308378964331009	-0.12833276927349924	-0.27580876014105266	-0.17686353721408143	-0.26832626624475103	
0.12913038657385	0.09271781726347125	0.3159376077188914	0.028688788093984355	0.3017438299175007	
-0.36469052955697673	-0.22998545100437934	-0.4211070906371355	-0.24425814711907107	-0.46489344554361295	
0.2524784532573647	0.052241563119470695	0.3318318493225735	0.1464851124975069	0.43970988937703426	
0.13813932038026275	0.11314336073851615	0.026686622202808492	0.025443508977726445	-0.05830632721171601	
0.006388137924485743	-0.05498723411000071	0.03679202808418302	-0.05363172932725627	0.012453799103556859	
0.23046786220757925	0.07693430351750555	0.263107321546176	0.16708009017724307	0.33818667295401406	
-0.14492582724630654	-0.058231800899300856	-0.1626246474432228	0.05550719379782047	-0.16861856299100028	
0.13333214615748315	0.16973187052609684	0.047247792850094956	0.10668232871138854	-0.06343437045847215	
-0.01274855436544599	-0.06425693603092986	0.1824366034006859	-0.030425533984119384	0.34960472929249164	
-0.43580077913705123	-0.28874670762913224	-0.644021748107712	-0.47838127672024955	-0.6671395906944864	
0.14519508839324258	0.10944029070987615	0.17404489317691038	0.03920084240884388	0.33288158969318954	
0.05307745976903322	0.04306685767666883	0.009405020475783076	-0.055366637998038884	0.07278572717545834	
0.2061178161705571	0.06937978405116275	0.3591895318091283	0.17607824192856888	0.3830461796477775	
0.2191626791583712	0.17780874851724834	0.4015227453002314	0.15915349534985068	0.57854705024206	
-0.04741148255551873	-0.04014712050273824	0.1925295838007142	0.08784524323735465	0.0414386048240962	
0.07332165483330261	0.08996119827072532	0.06528139952586828	0.07082308876730775	-0.08025131963593034	
-0.2951245200473188	-0.1670137395317571	-0.37434070042217527	-0.21467526369824178	-0.5149332369518204	
0.11245697539580242	0.05333234263755056	-0.064491236168506	-0.000849758188155043	-0.03444968561735152	
-0.2691199202661598	-0.14124197471400407	-0.34559415367612906	-0.1337948558934621	-0.2289952028785853	
0.04415355277088374	-0.06961016924099116	0.27972216082821355	0.054602667791066435	0.31039924033395977	
0.10549300986665619	0.15022446862123762	0.11287568784509679	0.0725146483784414	0.003907071538076033	
0.0043031124494657905	-0.20006441482776036	-0.18543324220381788	0.05116858640617102	-0.19193269832318482	
0.0010925591769646423	0.10930495220108656	0.08112681296435856	0.06581732981777492	-0.012877631833269058	
0.00876092245559656	0.033752393661454265	-0.008255109123937468	-0.016698848265534184	-0.18587723972348189	
0.2626413026820019	0.2587640008741838	0.422286066701539	0.1590517966547069	0.4535263479499907	
0.11017597462807377	0.17470571612700858	0.13888666596939137	0.0656946948287431	0.13467234312937115	
0.1456226522092153	-0.08441489586025956	0.3252164673133219	-0.11559265712718796	0.2830687690191003	
0.0629098111667649	0.04141330024283918	-0.1385128061391384	0.01853921483378031	-0.04950650991363219	
0.6094394846019463	0.31131156754525535	0.5619771604028206	0.3512018557090873	0.6523574738318697	
-0.15626947906581626	-0.021464715205868654	-0.18397420625638905	0.005133935717524472	-0.25128059132094815	
-0.1878476669866238	-0.05656028290929566	-0.21842482384168607	-0.0543487479363742	-0.2001095708127194	
-0.07129638984603097	-0.089328583403684	-0.07956502853409987	-0.08756692730385722	0.007856965075213246	
0.0723550366994835	-0.0863937294449147	0.18917342095847106	0.08926153639562702	0.23018959220965038	
-0.1452321173322171	-0.1441995797409803	-0.07111917939394487	-0.14877664909176844	0.014715432540210346	
0.11851910301174266	0.11153272080080513	0.06054572389191232	0.12447419742615956	0.10793607005843442	
0.11512911765037766	-0.05857061245277791	0.10227317321713209	-0.04908599109464839	0.18788458112533724	
0.07456228001769948	0.037225554376773794	0.1243523267594993	-0.10263075819052588	-0.04927216889241869	
-0.34444708208327185	-0.20158848320383013	-0.029491387303713642	-0.12725780944789308	-0.03822685303619142	
0.08588156288944856	0.0754591266361968	0.06058331828269369	-0.11595329195266191	0.02716206059203132	
0.1545782193895714	0.2021819157511969	0.19668828073681477	0.12274534877579034	0.3442889584971388	
-0.05060016326403123	0.07487184153974509	-0.10402386498427249	0.0017356864710341118	-0.11474593250737053	
-0.036747341470379474	-0.10600980358293932	-0.13300469703698156	-0.0981360136862798	-0.1284512880337874	
0.28855688693151177	0.21339395707532452	0.8062468070261076	0.06986851273831293	0.7207947640035681	
-0.17268226463357084	-0.03501362319096747	-0.16777203191566564	-0.07720034158959298	-0.21311291979705368	
-0.1881190337131356	-0.17885455594647712	-0.4031649167057047	-0.10909453248159805	-0.3016431554694366	
0.14017456695152353	0.16155155901658644	0.16909207571319027	0.03623209041591618	0.18185547064132326	
0.1721647117191631	0.08568370953138053	0.20589203770541492	0.14429827718840144	0.11221075725371421	
0.2779422996070305	0.19508649073828593	0.2731221677149995	0.22508171869221785	0.2955343782628383	
0.02820032298415072	-0.002379419659241848	0.22438555887522624	0.01067236089619433	0.2695010032273477	
0.29762726808337636	0.08007719620572305	0.4772511828822778	0.06442205423577647	0.561623374938103	
0.4298080063877016	0.2621075663146621	0.3998143703540423	0.33345743809182776	0.5959806453662212	
-0.4817410642897382	-0.3635365750397444	-0.5009691979369293	-0.3607971877066457	-0.6231969023026532	
0.19955257809414167	0.10461392843626198	0.2773577347961994	0.2406216126898115	0.405592970201112	
0.09390748970736967	-0.06818409420234106	0.09196909749301298	0.05195424391384392	0.062184925875285416	
0.1791832661648803	0.11906543947033932	0.28046001007207394	-0.02347164242968607	0.31376520198446617	
-0.2089087742442715	-0.13816247800167897	-0.16594038055186106	-0.18268090749501165	-0.20638366341524694	
0.04228862153542494	0.10204526033588399	0.0764013781604778	0.17599593835194494	0.007664451438477008	
-0.2865947453792958	-0.228182259338172	-0.14369380566721437	-0.2847006195959887	-0.2253156651539661	
0.060899212627641024	0.04849384443784653	0.19618755204278546	0.1274558745295083	0.12377177248957014	
-0.025120273473953878	0.040790247196352464	0.19128687749498188	-0.03810018810853285	0.1764277682113606	
-0.2731440269357765	-0.2349228679637135	-0.2640951726175868	-0.22942774591651097	-0.4563036608186442	
0.49728788996124534	0.4392990703342176	0.6300289069559168	0.4797971761906417	0.6237396722775282	
0.06522175977944641	-0.06134792396057252	0.03781167766806518	0.03007466201506563	0.06713270046443881	
-0.046742218001560705	-0.1577776494147724	-0.19676147441701558	-0.15140321265260714	-0.23461952999545768	
0.021337974519691185	0.08377319894265131	-0.015960122342714524	-0.028209592666833226	0.09377553371531834	
-0.12323064374107923	0.0061649704745819385	-0.08972675410671335	-0.09152396058203865	-0.23446746811256025	
-0.3949092745344893	-0.3407902099290873	-0.5069761302179271	-0.3490944448651591	-0.6820074243549206	
-0.0627793762488779	-0.012543371742658753	-0.21398747733576384	-0.13451449190458956	-0.168243815420879	
0.44817093069058855	0.2636837281915613	0.46422575999035226	0.2336442812065407	0.5196655859536764	
-0.09985068077488408	-0.042107528003531715	0.08776669215584897	-0.14661806726129484	-0.10395706429498364	
0.13458809788538076	0.010240109589255095	-0.07030075804621413	0.07141415056912215	-0.13091573846409407	
-0.0543276326720998	0.057528775587435015	-0.0347046587746385	0.04393308431564473	0.08321122587142929	
-0.19343235471425305	-0.09444859551735801	-0.09930126648403059	-0.10219981688527184	-0.17878572740570015	
-0.3881515555033097	-0.22645909523157226	-0.3914750884535187	-0.31535575838456	-0.4398653095798253	
-0.048505926322659425	0.07772010859454041	-0.034293884285298705	-0.0008226818310338728	0.023380726833056743	
-0.2772555267023731	-0.10358204898849058	-0.31298271098922625	-0.23519022985940805	-0.25934098569301967	
0.29213711751573196	0.13772104809591126	0.40584576650148385	0.2569714180028105	0.48384709179932883	
0.29029069956576947	0.10259812455813168	0.40271399185062934	0.14031287050330482	0.4339219077808431	
0.37350894563328046	0.24923207426609253	0.4144746673181085	0.34708623556969437	0.4410000290528643	
0.08583496017326804	0.09677190318483228	-0.021042237991167913	0.07571298803818761	-0.04985441066734895	
0.05074386878954766	0.010845243552973184	-0.01660587123520007	0.06177326213889239	-0.02913493287717874	
-0.4690894913676903	-0.3316139154364939	-0.47315617225404405	-0.35731050534217745	-0.3336453858234033	
0.3627728449400856	0.14723736093641718	0.22866809417489484	0.34904846219415353	0.35773048846868116	
0.18314451951690797	0.04233618613710884	0.43519029970474876	0.14954517838607873	0.40186328288022544	
-0.18520094619105745	-0.11327900653593301	-0.26997386680322816	-0.20276989647767305	-0.22838397962464538	
0.022844820305215598	0.1370017210063888	0.21489076351953726	0.046559288263007245	0.06813675572717282	
0.0010890180314701633	-0.12385020803043006	0.14649844550195823	-0.013883839093894354	0.12153990915435368	
-0.3692801620817499	-0.27669857420302435	-0.2646852808833792	-0.29590717300998465	-0.3782371505090475	
0.2438652452014769	0.22137536274063632	0.3244497865376142	0.15942153475988785	0.38082343303275185	
-0.09474408499512997	-0.07164002284903609	-0.22447590483222946	-0.029160370059477428	-0.16564270606648282	
0.12471353483863873	0.10876256166668172	0.13462833006758962	0.1059499133910968	0.10814676931185856	
0.004911400105445923	0.09881697758118002	0.06253389056260085	0.07568190842864993	0.04573207934996538	
-0.01479927752535179	0.07138356937410939	-0.1587557609991347	0.012454749597193684	0.05002510079487778	
-0.03012751744220865	-0.0547696959930803	0.043086468005870945	-0.09583465522166913	0.1251850041679124	
0.130550353576068	0.10004427140189782	0.37899446762065303	0.07803734971357873	0.23788904982297143	
-0.13045401198013246	-0.27529721558444	-0.2425959020892695	-0.10899061297641395	-0.3286126537306799	
0.17951846934775176	0.15338367673026793	0.10979284655267654	0.05098189516179537	0.18471273737333868	
0.6048203450127002	0.18460914746504858	0.911940213550895	0.5253654283211714	0.8867992437524143	
-0.02097255589481793	-0.08911204424393905	-0.0029850289421289216	-0.06762918790056174	-0.03685950029720947	
0.08866615406582017	0.19288002120886	0.10802437415720446	0.04159920521707733	0.07805582799027876	
-0.06950734880875245	0.09447382401543686	-0.16878167972267447	0.09233524528374591	-0.1675670380207989	
0.3374422428394896	0.1666610836409287	0.4871411393106052	0.14988560522511346	0.4200130769864857	
-0.09494757592480621	-0.13681933250931808	0.013773281940702639	-0.08899701574505346	0.07889448845241451	
-0.39501738432067457	-0.17797685074613503	-0.3402111267088979	-0.20637432120634827	-0.3302554131706735	
0.030389488444014165	0.11029210802003456	0.07501785474569803	0.0008721732180938635	0.1033811004743897	
-0.0396582029805364	-0.07732610427120513	-0.08437991122731434	-0.009186189311966323	-0.12576779915680025	
0.03513304190799905	-0.055212209319026914	-0.05523936665595484	-0.03110741724978667	0.03982890943425886	
0.25704538233331725	-0.005349818642686658	0.34254070766214406	0.18706803529846594	0.3843294944842139	
0.24534488502233312	0.04693703625235142	0.22862402497643927	0.15343053156003475	0.14962937759199307	
-0.09724649748845665	-0.016655207525860777	0.0876963783713468	-0.03139437803391869	0.055948859096520004	
-0.08645042889944504	-0.048515889920111084	-0.08713749500990738	0.020132354454797684	0.01849716837299018	
0.11868625921375661	-0.007393746012657667	0.13507717956759296	-0.002611880550372116	0.05410751803611542	
0.2840540158297184	0.15158980597453292	0.26847584176410666	0.25348914917202126	0.4135894028566225	
0.21776877605607528	0.15067645594895	0.15436138151592085	0.0798354422829842	0.22222212178211428	
-0.03379693051858489	-0.2116828642276487	-0.15120821811344753	-0.08288255690405971	-0.11847034422700661	
-0.15195027499814487	-0.09912581066053322	-0.11441855335798452	-0.0005750123298948187	-0.004678039846810765	
0.04345507968538778	0.04087278114746091	-0.058514610209169184	-0.03286908460181248	-0.04457307489530476	
-0.04520144214383568	-0.11274349430849417	-0.10204164872600574	-0.207933881927145	-0.1475442441620498	
0.3956770668145319	0.24512631929176532	0.7401044499941861	0.11729626678139407	0.7529716485242073	
0.1186754678294526	0.049792404520533705	0.09198546669433902	0.09623613206828083	0.19089404624273126	
-0.4597025383988471	-0.3800783344147144	-0.7895313446261683	-0.5017774687061516	-0.9009609746025942	
0.07727691693460477	0.04765251966415163	0.15520736536535382	0.0526103244174941	0.19174243722869752	
-0.10606163470542072	-0.056984337242291364	-0.001265797745446806	0.03033440406756816	0.14436743774792488	
-0.3824085971196098	-0.29338308958679543	-0.3769431911371173	-0.3035252419577799	-0.3753682642116784	
-0.8008845749810807	-0.526719063295728	-1.0568647485745195	-0.6122725077261759	-1.0841890907753855	
0.46067402438187854	0.26869319435880323	0.7530958467087506	0.3665176830418622	1.0614857519308631	
0.5204239130562741	0.3941843948921378	0.6758222613346386	0.48139974275887615	0.6260056415191927	
0.5524210084668477	-0.018238686105458566	1.0251278690105086	0.24726538372111517	1.1777611097461387	
-1.837758862027071	-0.9361240172865638	-2.5694135048860525	-1.2312261907239967	-2.9263270955343392	
5.194147960942822	
