            A        R        N        D        C        Q        E        G        H        I        L        K        M        F        P        S        T        W        Y        V
 1 A   4.6849   0.3123  -2.4264  -2.8589  -2.2696  -1.9101  -2.0926   0.3996  -2.5712  -3.0581  -3.1122  -0.5883  -2.5522  -3.1234  -2.4062   1.8017  -1.4215   1.9712  -0.2024  -2.0749
 2 A  -2.2019  -1.4867  -1.6601   0.1242  -4.8688   0.4914   6.7504  -3.5165  -1.3784  -4.5991  -4.2116  -0.5953  -3.2653  -4.3591  -2.5483  -1.4487  -2.2977  -3.8382  -3.2499  -3.7996
 3 A  -1.3071  -2.0515    6.124  -0.9021  -3.6309  -1.7422  -1.9824  -2.1928  -1.4434   -0.531  -1.8629  -0.6682  -2.5203   0.3348  -3.2484  -0.1373   0.5547  -3.7498  -2.5162  -1.3676
 4 A  -0.4427  -3.0939  -3.5597  -0.0827  -2.8313  -2.7839  -1.1842  -4.0364  -3.5801  -0.4358   4.0738  -1.3598  -0.1603  -1.5615    0.929  -2.8706  -2.3793   1.9773  -2.4778   0.2906
 5 A  -1.7302   0.9374   1.1297  -3.5756  -4.1451  -2.7081  -3.1016  -3.4808  -2.3766  -2.9605  -0.3177  -2.6316  -2.1934   0.2262  -4.6669  -1.3254  -2.8349   9.8768   1.2353  -3.1379
 6 A  -0.7556  -2.7556  -3.1491   -1.149   -2.592  -0.3045   0.0688  -1.7345  -3.3447   0.7809  -0.5377  -0.1376  -1.1279   -2.265  -3.4414  -2.3317  -0.4087  -3.4775  -0.1673   4.4928
 7 A   -1.842  -0.8829   0.6917  -2.6497   2.1496  -2.2311  -2.5719  -3.1774   -2.643  -0.9566  -0.6991  -2.2391  -1.8882  -0.5174   1.1294  -0.7459   5.2684  -3.0072   1.2039  -1.6325
 8 A   -1.885  -3.6011  -3.5663  -1.3856   -2.592  -3.0588  -1.3304  -1.8813  -3.6435   0.8439   0.5625   -3.288  -0.9382    0.778   0.9329  -2.6943  -0.4977  -3.1865   0.0872   4.3718
 9 A  -1.3817  -3.3691   -3.703  -4.3976  -3.2588  -2.9799  -3.4978  -4.3055  -1.0766  -0.1995   1.1275  -3.3354   0.6729   2.4645  -3.9568  -2.8964  -0.9228  -0.4411   6.3444   1.0616
