TESTRUNID EPOCH: 13 L_PCC: 0.8391695725455242 L_ERR: 0.004418094899418736 T_PCC: 0.7073520694812697 T_ERR: 0.007965466576170805
180 LAYER: 1
3 LAYER: 2
1 LAYER: 3
13 :ILEARN
0.23262351306341958	0.365137461459152	0.2458178054735971	0.23895851398030657	0.15909320875732166	
0.22177673785312324	-0.24532155726640945	-0.3406041032156963	-0.4541451586922582	-0.18045357465561596	
-0.43467777814126585	-0.5358129648989772	-0.03633265073721432	0.25615561741985793	0.019536038803925328	
0.16616471620734227	0.040573969375346866	0.01988516466625637	-0.42072135615368406	-0.6577610791139927	
-0.7069446181228412	0.3334527420932781	0.179731470916067	0.3551089122961305	-0.09915713709744728	
-0.2540968992416589	-0.4706098716455069	-0.08412452774423337	0.059784525714965044	0.12563913474007918	
-0.07105327708294232	0.03034899066689372	0.13246022841448682	0.5038277951239798	0.5626081926684795	
0.5384717487504551	-0.11790305641187057	-0.07797159495294066	-0.3239871284352139	-0.4745519368310397	
-0.5691926439229569	-0.5299557376183519	0.13850387673328743	0.18127087352656665	-0.01953377441676668	
0.011218300152020853	0.04812865200909202	-0.11241736557307681	-0.2628998656413794	-0.37990878852806476	
-0.5427343847229448	-0.14259308252211517	-0.35236360173998776	-0.22488456844462346	-0.042560707929598596	
-0.19179656284652116	0.05924560423305732	-0.059326124788568455	0.13496169931423718	0.06837412371052143	
-0.29363525281364844	-0.325342063161283	-0.2574385441528806	0.172895105101545	0.13462047293129806	
0.23003257549539594	-0.07049819630276548	-0.06617527957524615	-0.059547494722758665	0.0811769213079556	
0.18880141817331006	-0.045127533343101885	-0.2749913557772198	-0.18419047751957285	-0.3433621718686428	
0.0812128190603722	0.30749751265449565	0.22140981752081004	0.1294886367210412	0.17922240276285592	
0.19790544852566783	-0.016151952083200076	-0.03511740434528394	-0.14343265114737677	0.13032764482199552	
0.3744657226512069	0.3193724764844125	-0.10912463746686271	-0.32673116924986556	-0.29184547502283226	
-0.15462474365087697	-0.11719185664153209	-0.10341622463726352	0.18428357408088064	0.19758138771060996	
0.15028231632176245	-0.16945806461447846	-0.34304779885225345	-0.3190865728833394	0.0905461523868834	
-0.008857655664088622	0.10188155944265602	-0.1258914170577779	-0.2634835441783773	-0.361213416137334	
-0.17064569500454374	-0.25603455266845127	-0.17409180798280577	-0.6160103168570135	-0.6196723097272436	
-1.0255809302752334	-0.04703071307385012	0.05221613966819344	0.03739387645936236	0.16621770185610288	
0.36272236904770755	0.43838779812584594	-0.20452663412235994	-0.39658211712730274	-0.5146270735286697	
-0.13618931645954824	-0.21347328790668005	-0.11478386532740475	0.24828227959198373	0.37093016820095037	
0.3659011376509211	-0.044300107269303064	-0.027578373044541832	-0.14269793215593982	-0.21343875218097388	
-0.2475599189686136	-0.22752613131973395	0.13224662014009614	-0.05252764253951259	0.1467895112316862	
-0.01090383675262014	0.08378023385298414	0.05630870336992582	0.07730681108605357	0.00495753390035825	
0.023242557019717724	-0.010366275183227677	-0.046499883287918826	0.009447466332703916	-0.05153625203827664	
-0.15627847310280066	0.020612378723778062	-0.009659375778063032	-0.08203551302796165	-0.2428334103441921	
-0.2749933940782787	-0.15551613163168782	-0.28124757494171987	0.11249483206981496	0.09236687833959871	
0.25501038070846077	-0.28998656209879786	-0.2514764899779226	-0.18340753734394288	-0.06045554630847026	
-0.1891996311414586	-0.21155562781731754	0.14926079431695857	0.017413558913747098	-0.11005732624143494	
-0.1270640387559702	-0.16862385967735627	-0.10148718352103155	-0.011731870873087991	-0.04600661649185427	
-0.12960938895785912	-0.3567948358571771	-0.2545825217821414	-0.48713624537147987	-0.09665978554609012	
-0.07263885331507947	-0.11426060388230247	-0.04163981293110964	-0.11494374423449352	-0.08868948916066034	
-0.12872717459449964	-0.22779525009272913	-0.17394647842178765	0.1095681981105889	0.10642802643822098	
0.24542302798344173	-0.07368834771876309	0.0008614483823513809	-0.19832641012043467	0.028862328600823307	
-0.1161254680303659	-0.43990250699668615	-0.1050727320453082	-0.1986888880163031	-0.29540077739394494	
0.12225980960644665	-0.06826741276328564	-0.13720566585283023	-0.22479176342264012	-0.2216693229623936	
-0.45525926173999504	0.11781768626741815	0.1650312306087768	0.03816020414053066	0.117406868763281	
0.13981202331238388	0.20522750597430858	-0.06825317279710719	-0.04376357734677695	0.08167375188468652	
0.00020966801854725129	0.10470032887149468	0.10768786952774316	0.04933124269390674	0.042689492945872785	
0.0481307837896951	-0.13343720611868723	0.025786955098001545	0.14659949082890747	-0.11528920647432754	
-0.19990480194391846	0.12655508198788767	-0.06716289842964462	0.21995244975985087	-0.07234824741185544	
0.11207343222175777	0.047612106217884545	-0.06379520586678937	0.0543704641125793	0.10938578598768653	
-0.07782845086047095	-0.07691353232138559	-0.15257530142891845	-0.04431789003310622	-0.007135469304908457	
-0.047156820938189445	0.06645084937065239	-0.12959028498366632	-0.21768704435228617	-0.0802242898218751	
-0.11031409891348107	-0.09537670152022854	-0.18697186994207618	0.19490516628663818	0.24438523684569113	
0.24357160891394145	-0.02848008157844963	-0.02173486209827781	-0.04465389149697171	0.15925138049212909	
-0.11263549835206946	0.2183280730234566	-0.023924404582474645	0.058735761050604324	-0.02890616266341553	
0.06138753048702609	-0.10085390447458915	-0.034966796703602865	0.13892539313554184	0.09960320096195255	
0.25246376520674585	0.21954118762187172	0.05441099657300498	0.04133488771468717	0.12736167653751118	
-0.10155732206979053	0.005209831273584889	-0.17016848184216019	-0.0067314165229709665	-0.11026300938936273	
-0.09567122177697077	-0.0010470418831856729	0.004687344685897942	0.19672054014474366	0.26330223013493	
0.22056849000878206	-0.11156733828124574	0.012064838622684312	-0.0512344506739318	0.026477469386509588	
0.00034774229537651833	0.03168000978503621	-0.16045322821492328	-0.27224049227029185	-0.3249687506337176	
-0.01673957779275798	-0.19947244796989064	-0.22424399678957646	-0.09805694383029159	-0.0996927663515498	
-0.28385346609937295	-0.18345815910283741	-0.4655176167172486	-0.5062241612316156	-0.08061747962095196	
-0.22468951661433312	0.02961362786293986	-0.2508604170855226	0.06276673833480906	-0.19589619650410012	
-0.06724341716601706	-0.10143215347944196	-0.21544731507847642	0.12509306429440228	0.09590297308117081	
0.18697585771512318	-0.18003543007204306	-0.2260704692490315	-0.3342503999148814	0.12174326279421127	
0.1844426159212672	0.08829383571263177	-0.038079315076457045	-0.013907313802755228	0.002668629567476839	
-0.02665793252895387	-0.02401373559102543	-0.19750528375571821	0.049900253976605836	0.12559511804260876	
-0.03840983501627789	-0.10882901589412551	-0.19375266705850927	-0.15405389567339417	0.013294513785028488	
-0.06165242599403844	-0.12481982118120559	-0.07152479159411766	-0.1647135706416014	-0.2592283386159947	
-0.13197387837900318	-0.05087726394043658	-0.23333078525199832	0.09443471068312585	0.1616374781285727	
-0.005527347497487727	-0.273975355597241	-0.2217536342931664	-0.38553840900141334	-0.22100650921602993	
-0.24051484060188982	-0.10821952192059535	-0.16284309432257363	-0.3116256803873652	-0.4650792064149996	
-0.13539146762665263	-0.10209597406717245	-0.20954101933936498	-0.1410640188021505	-0.2669575715894226	
-0.23590304525801536	0.1063112092260266	-0.05324128603314446	-0.05482407018069343	-0.04441489481317747	
-0.17910944905850634	-0.021203057081002542	-0.05064233413292408	-0.028723533460530713	-0.12477027646920688	
-0.17636633080691286	-0.27793385443044927	-0.17930506484229902	0.04584249881573289	0.06464537276487975	
-0.07198512290045961	0.20415571366178764	0.04924933371055907	-0.0322331490375948	0.08589755434931216	
0.04530344244009265	-0.08372886441700618	-0.11970480067754098	-0.032203296423333305	-0.16781096788049693	
0.009807140821467972	0.120797833307976	-0.0670473112999998	0.1293172195772654	-0.05668638519507687	
-0.06747013510563714	0.18332157381975903	0.2512689756935565	0.01316399702178851	-0.08517371709765234	
-0.13743392558769738	-0.18692315727076825	-0.09000146205950516	-0.1596690231588861	0.0553597272673714	
0.017793848298172564	0.194776183988917	0.13174802628231227	0.0980004308856863	0.22846937215315702	
0.18781329387839046	-0.07873646516860992	0.04300901865059614	-0.08071478367682755	-0.09124834122397832	
-0.13192351600054358	-0.039645610913254095	-0.21031728463116398	-0.08633936795010483	-0.3454169118977456	
0.1173187654549828	-0.06079937814019421	-0.15169114103474052	0.011777787682366161	0.0678962787321345	
-0.026811037840829964	-0.15458074109138145	-0.176993405693683	-0.18622720286642785	-0.1109784031394284	
-0.2907887222839996	-0.17829096405891656	-0.16841369970013562	-0.10542216417809981	-0.003963440527521115	
0.04098843950454017	-0.06811304963481651	-0.12765690490581896	0.02140547026255871	0.11240471419229864	
-0.03906667296960118	-0.23576946254990225	-0.16103166587714024	-0.2695113374773442	0.17298416989334067	
0.08714532133540613	0.2331764165311543	0.06015214933651287	-0.03579439188606202	-0.025491421419021682	
-0.02508223459808102	0.033443987551051255	-0.1372800317952538	0.007019321795890979	-0.2233304926883786	
-0.09544551195465675	-0.17644262257453688	-0.03936510918596281	-0.11684425273095135	-0.10613992993331532	
-0.18288095156919293	-0.22230089432204087	0.20940763710202234	0.07050815642963822	0.017925343541334467	
-0.07622757275927455	0.004651925261546864	0.004023218441951671	0.20249096567389746	0.13857215095124512	
0.10227196614691615	-0.04292175848085429	-0.17234305459107316	-0.2938688118512142	-0.39147313391993116	
-0.4243218569483557	-0.3104353972694844	-0.2454350911848299	-0.4099336466270496	-0.3835995029065872	
-0.007856654527754924	0.04338421334982526	-0.16109065910672454	0.1390122510656637	0.01725016737703191	
0.07064206998024133	-0.049423696884078924	-0.0644901387921047	0.03433945434726878	-0.02943189863480596	
-0.15910681499623033	0.027009174872940866	0.30909574182051586	0.13766554997957983	0.1790103294886507	
-0.2177788306454328	-0.19897679992828068	-0.26187366753440594	0.12094700055064551	0.058653121846162656	
0.013206247972487865	-0.006300626548660927	-0.13094421941941417	-0.035199521516795805	0.029160548247359492	
0.01811726909886057	0.03965408883617879	0.10719211765746495	0.013162541316662512	0.15790430884470077	
0.14529181946068387	0.14738286689276464	0.08030469753542899	0.16482498331611137	-0.006812588683304683	
-0.09099200482717998	0.07784463581203734	0.05769808022241978	-0.004110023302743458	0.15147593985800067	
0.12385804373495736	0.14811626301311875	-0.4489305668188973	-0.4598917745747153	-0.46201513591823357	
-0.25659584030296656	-0.30584531369843365	-0.4145045930739708	0.13139496945079607	0.23503334592325922	
0.19772979253523104	-0.3000244588873532	-0.42517849479740144	-0.3420550964330483	0.17443733896951913	
0.17864733651865758	0.11959463934525674	0.08170719038779835	-0.01998745791834239	-0.09454818700307657	
-0.20874858529693968	-0.28505370025488663	-0.37392825697734	-0.32152053089992155	-0.4632021604759465	
-0.4366016671686052	-0.020071850578451608	0.2012288655759677	0.040871384225770094	0.010513504266578296	
0.02142914267998296	-0.03504458619756083	-0.513101539127188	-0.7681284731904587	-0.6592054774999241	
0.009690389153024441	0.17228209869473957	0.16415764260433963	-1.0607905869056518	-1.3675391246377584	
-1.7654727111275819	1.4887578588945884	
