            A        R        N        D        C        Q        E        G        H        I        L        K        M        F        P        S        T        W        Y        V
 1 A   0.4132   1.3258  -1.4858  -4.3365  -3.3453   0.2651  -3.1194   -1.437   0.6532   0.6602  -0.9688   2.1923   2.3825  -1.6924  -3.0961   0.7761   1.0287  -1.7097  -0.2928    0.668
 2 A  -1.3844   -999.9   -3.815   -999.9  -2.6675   0.1635   -999.9  -5.8468  -3.0094     1.52   2.7669   -999.9   3.1707  -1.2292   -999.9   2.0055   2.8257   -999.9  -2.6376   1.7822
 3 A  -1.0823  -0.3142   1.2088  -1.4671  -0.6717  -1.4452  -3.6912   -2.619  -0.4668    0.279   0.0355  -0.6359   2.3166   3.0647  -2.2428   0.4644  -0.4708    0.892   3.2167  -1.9356
 4 A   0.9459  -0.0288   0.4773  -0.3701  -1.3786   0.2728   0.7424  -1.0839  -0.0852  -0.7366  -1.5303  -0.0311  -0.7525   0.4677  -0.0866   1.5652   0.3482   1.6796  -0.2487  -0.6878
 5 A  -0.7443   0.3397   0.6039  -1.1146  -0.7397  -0.4175  -0.5954  -1.1066  -0.0308  -0.4782  -0.8106   0.4348   0.9034  -0.2286   0.7868   1.8423  -0.2985   1.9044   1.4256  -0.4187
 6 A  -1.3064  -0.1082   0.9925  -2.4924  -0.2917   0.1455  -1.9538  -1.1612  -0.1879   0.6676  -0.0783  -1.7166   0.1693   1.8478  -0.8524   1.5452    1.641   1.6006   0.2689  -0.9221
 7 A  -0.6493  -1.3329  -1.3491  -3.0808  -0.5708    -0.42  -4.2961  -2.2513   -0.463   1.5124   1.2288  -1.9688   2.8668   2.2044  -0.4409   0.8906   1.1293   0.7991   0.5315  -1.9645
 8 A  -1.0771  -0.4205   0.8842  -1.0905  -0.1259  -0.4018  -0.6577   -1.921   0.1795  -1.9018   0.9821   1.0863  -1.3383     0.98   0.7967   0.5802   0.4423   0.4245   1.9547  -1.4223
 9 A  -4.5742   2.6837   -999.9   -999.9   -999.9   -999.9   -999.9   -999.9  -0.2257   -999.9  -5.4139    6.834   -999.9  -3.2077   -999.9   -999.9   -999.9   -999.9   4.6663  -4.1034
