TESTRUNID EPOCH: 15 L_PCC: 0.8323276519217291 L_ERR: 0.013091225687480938 T_PCC: 0.8106325535435714 T_ERR: 0.014899061688081444
180 LAYER: 1
5 LAYER: 2
1 LAYER: 3
15 :ILEARN
-0.34415617892053846	-0.09427940836928747	0.22676444692090844	0.14208306797442222	0.7789290846818178	
-0.39679100194605366	-0.23596677567436025	0.26916884532966306	0.12127618268754368	0.5969069985271416	
-0.07929656771843563	-0.02220883250452615	-0.13251794062563707	0.08041596001712406	-0.5027602832795672	
0.12499858299946139	0.0380032968616181	-0.14635750289903893	-0.14501176003418872	-0.24610069893109776	
0.13166937273376977	0.12960389205044426	-0.10093487296309342	-0.015815579928402754	-0.12086366913296667	
0.10381760620339861	-0.09446946881337602	-0.08159269660635739	-0.06744729232791116	-0.06710244366269423	
0.35889487227294714	0.20313710068726207	-0.3031460725237129	-0.2769904860305967	-0.8306618957828421	
-0.3823897353120207	-0.13877140285738565	0.32449547816606705	0.10166013841832303	0.6544741164256829	
0.3058206133177658	0.17012308212705538	-0.2319532967135573	-0.0882304749397216	-0.367821492129811	
0.03734752525707762	0.12112381612602584	-0.1848609436699936	-0.0919888382154558	0.059383869325346235	
-0.20687491815018294	-0.06305054416879087	-0.020874013292681095	-0.014161374575156416	0.21607578693636326	
-0.37555927505090836	-0.1400608094756863	0.18657081234393452	0.20415434466044988	1.0517111002001325	
0.3954179018685046	0.2097073514628668	-0.3114474956241081	-0.3020222916179034	-1.016444383322788	
0.18336916733476563	0.1057975576004924	-0.08463841359332196	-0.011417952112097108	-0.2919247414871153	
-0.6184091235461774	-0.4303397413071916	0.44672504850355155	0.4602211084125381	1.4666463830960779	
-0.049110237260025565	0.05614690262715088	-0.02470263470850837	-0.02044011768872451	-0.05285580954990425	
0.27651521808772445	0.07127885193965951	-0.10775371607286297	-0.23640282513317507	-0.4320592862857857	
0.14190242792445812	0.02013902377781141	0.04817060118734534	-0.0003432092133425871	-0.089720307811027	
0.15176595392697775	0.21927671895422002	-0.08806424227999476	-0.09323640804294497	-0.35153399638012495	
-0.33179916583306795	-0.053450401932582214	-0.008747682243722165	-0.03430299325509613	0.5238618817540454	
0.3177805933867416	0.17809342052080482	-0.1757238254438588	-0.334807125917537	-0.5470418338734724	
-0.36841729624239217	-0.3055746476543093	0.38157689500122816	0.26612567170986595	0.8936717612925071	
-0.1600047454088719	-0.13544418945364217	0.16900731600846344	0.09778034963885908	0.047604340181952295	
0.05109261052049327	0.050775237692249287	0.08460490710929666	0.042304951725694345	-0.07514580760556706	
-0.4933565514566494	-0.29016973712567967	0.25208206533712235	0.19419183442214394	1.0701952949374574	
-0.3746223558241185	-0.17143188601770293	0.36332533784058413	0.12202076866319055	0.8730441721319822	
0.01715185429165758	0.09391914966393491	0.01220604385114199	-0.0962705421254114	0.060126534536123266	
-0.24514032523672558	-0.03880761723360807	0.13291437273738443	0.18196413833775174	0.4858175173630833	
0.0077581698141877395	-0.07442315518147037	-0.08365710651717409	-0.07142736400448862	-0.08256076872840117	
0.04324380069621104	0.013921809115595115	-0.36677988312979215	-0.16097675070801326	-0.3529530347489287	
0.07080123862847086	0.13784658606273079	-0.00460925582881449	-0.1868629620366252	0.16819165508757458	
-0.1555621716944119	-0.1679278927877944	0.15026813296668784	0.20859143503526514	0.4945268202835945	
0.0642975027032508	0.03869563611314857	-0.07274417423138368	0.0032363680414932263	-0.23661538820632355	
-0.09006845858345766	-0.11559474670860913	0.029684415835981436	0.04253750455265144	0.08392153119222201	
-0.06843306757933161	0.08700543820800946	0.05994230093918782	-0.0008485931145589896	0.13830210307380003	
0.16569653325849046	0.06218315497099688	-0.19693677651302768	-0.20287508760341777	-0.46934559157176636	
0.36249815491179965	0.08304874447039498	-0.36304551143714103	-0.3673574732604421	-1.2279143646043889	
-0.042083551639000454	-0.11603379667035876	0.09629962080730488	0.06308746427721326	0.28013591200355	
-0.17281882470945695	-0.1636550170731686	0.12378801816481702	0.12047435656120596	0.3689284443192727	
0.42331530474621143	0.08380445681660119	-0.29724479051302277	-0.23854749517426554	-0.7110093968706697	
0.16310607254328244	0.03862713056795655	-0.024561366826525734	-0.05841438204408933	-0.3359434277596145	
-0.31711953331311565	-0.14059854241739153	0.2495035107626627	0.24187887889021747	0.7888696372607894	
0.1415190062329451	0.18622868547841026	-0.23516182035763486	-0.2384266714874598	0.030862168605334524	
-0.37380387940026083	-0.2775811826679527	0.40546793882808296	0.2709275713001673	0.6827536654993299	
-0.04843268744708338	-0.03471594880865034	-0.10738932220435443	0.05238437993768703	-0.138311176840273	
-0.10049220934946197	-0.10487860991616155	0.2927130506157	0.2084355985310773	0.5480345253827671	
-0.19357842298171607	-0.10031594464132892	0.21506766137034658	0.058277129453842405	0.45709057411011006	
-0.24850148627205262	-0.22414418281246984	0.2664309712564277	0.14711679182762344	0.5180466312488549	
0.04727422140633705	0.11956963448059664	-0.011621060619322858	-0.08469704836121102	-0.21243866527803848	
0.25748558959195	0.0030268174162115065	-0.30892979321284225	-0.15517839453199864	-0.3356340156082687	
-0.24540512454112284	0.0421230299561307	0.056179162325539815	0.15667775046100468	0.5452303108386919	
-0.025339570199885645	-0.0743304093750968	0.18739604322390202	0.016574038615501347	0.1916262238017729	
0.2606597209419862	0.12419140360980463	-0.05392824970571376	-0.04308594076768411	-0.4505899090658097	
0.3902758815010367	0.27116159938657464	-0.4578761340191319	-0.33745207983345105	-0.7542292472667153	
-0.29206254347735544	-0.1895726729570808	0.2644210240208616	0.1636327285176616	0.5767309148509463	
0.07010671799365328	-0.05576816913243206	-0.21360794506415473	-0.14619691543120908	-0.07345464183346011	
0.13071040418570587	0.0982146170617553	-0.0019490645690260742	-0.09677207333374829	-0.22304854059914553	
0.033153346722806114	-0.014657670471876313	0.10030497886915475	0.04048070599839837	0.109512357107801	
0.17335425554927092	0.12919060163764173	-0.16424284191845864	-0.14642374450817358	-0.39057595959527674	
-0.058386624892483016	-0.00039099696759443145	-0.23637081412392866	-0.02003231936253832	-0.10600803707476397	
0.042163043731389585	0.056911696412147	-0.04025709301454612	-0.03862605957882192	-0.031149204746220273	
-0.16758571232270458	-0.10344050714061725	0.09634020981881783	0.10723169048282791	0.41304239125473946	
0.022005194503587906	0.02858492422105448	-0.044866542343908064	-0.05702372197787254	0.18895262008464883	
-0.04366684017055744	0.02590687196661292	-0.04783687421557442	-0.09899739906795854	0.01975079966764034	
-0.030113780454755313	0.013403846708546809	-0.07342520965365795	-0.09090987452764145	-0.0712756425764962	
-0.03279179834712856	-0.08072825971250742	-0.019311754705827244	-0.005433563765558579	0.14451340941133609	
-0.1332473525904036	0.011787227895840998	0.02574347510385792	0.055514906222934764	0.19556572853086246	
0.0011896906111484385	0.015807986414970224	0.01507477321893873	0.017151163270647925	0.11368550429093181	
0.029222407297992053	0.040473474797661974	0.1333849704612028	0.07729004221010882	-0.09673935311676277	
-0.13744525092767582	-0.0765952143930719	0.038153804495723434	0.06354446293088077	0.19145219433537064	
-0.0883248455869131	-0.05283665827720366	0.07272313857910867	0.020537739865864452	0.18057495116171196	
-0.08694763301944902	0.06714963241986377	0.05808081958204767	0.07577249281197604	0.4470155974423249	
0.21256851726398887	0.0731464294689235	-0.13976657963554098	-0.12862928312600302	-0.3831905644499784	
0.2170561673739133	0.20354473769215295	-0.1412654345780444	-0.13202844278777315	-0.3352843257323865	
-0.11493609675933529	-0.1541906836358261	-0.0013536443331271701	0.09767927414865617	-0.00268277478754189	
-0.03933601089574072	0.05415369788592772	-0.041822193852125	-0.0009965041690734805	-0.07014814240545696	
-0.10159273613004166	-0.0548455184932495	0.1812708941365395	-0.043769557832798955	0.1909371938352734	
0.05388194080769676	0.09991631403481369	-0.059922728692822974	-0.13975449381724722	-0.2220992583602599	
0.06123841331424322	0.10565129279678409	-0.16125444683557108	-0.14822751511845295	-0.11011774181938014	
-0.08595443197176104	-0.14308262978626934	0.15344200051312046	0.07266826091907952	0.17098587331523712	
0.1183428139968611	0.07160706906191022	-0.11535422203733915	0.011291162067454612	0.1210707250576709	
0.03400290691817173	-0.09785391685637852	0.029993038478852613	-0.042058232621692275	0.05430426086384159	
-0.018852841268693275	0.02888096384670305	-0.03471221499405974	-0.08768730674773509	-0.10205690893579661	
-0.10828318633152298	0.027978484951704123	0.024962473221062296	0.06788734572365059	0.06847798220912783	
-0.1419119734435824	-0.13675819927911273	-0.045595448415803215	-0.05039956876152715	0.04879463723258588	
-0.07663814899477507	-0.08801643202193488	0.054620816423345576	-0.054707210869718505	0.0772738484198195	
-0.08975635154927579	-0.04234316512747828	0.01616767239815472	-0.033177217168982004	0.45374550793136187	
-0.27434158086737204	-0.04989612534650521	0.0069654848522299586	0.138273298127803	0.2583290729421057	
0.021687533195613742	-0.07732884690856826	0.04899079359832334	-0.09170989046928912	0.133897521374578	
0.38822167715114875	0.18516900939154446	-0.21231275909622008	-0.2994302087885201	-0.31745156319604756	
-0.09696504010090416	-0.03328218659823701	0.15549604008155826	0.10987436991740826	0.15476773057265766	
-0.23448828013208023	-0.07400654189629247	0.23977964506788177	0.13308873651425143	0.5744648716035338	
-0.023698671483347686	0.09365150847316316	-0.0771760485921293	-0.07538423534675327	-0.025665275938185145	
0.026914808264730836	0.10646047348289626	-0.1634499584849901	-0.05452408895331159	-0.344452537601114	
-0.04587137445700387	-0.10244655982295528	0.0854028173915276	0.08058620198026833	0.3890733172456547	
-0.15021240942690103	-0.02221517997296678	-0.08639729197849343	-0.09770127191934759	-0.11546152044726071	
0.012165065173881308	0.12273320835284292	-0.018277699945554098	-0.0174029472653466	0.08183507934998617	
-0.07137629996705767	-0.09681105926831089	-0.008459071081900386	0.08410242037189483	0.09576736804956354	
-0.009815073764613996	0.06655027198382898	0.013616922892738406	-0.02292244489250582	-0.03801907378359975	
0.29458690570321544	0.20131050272834436	-0.13299326540717243	-0.06441383331302142	-0.3579893282989428	
0.018696668087916375	-0.008910432223714383	-0.17307356354486092	-0.14191570937614548	-0.35205540328030205	
0.021020611475316718	0.07614187956662198	-0.1404751881888249	-0.05798024221100557	-0.08079489369537685	
0.024047103109324387	-0.017730813641649516	-0.046701220658492734	-0.0933884547514433	0.03824583130167811	
0.0030650362746642017	0.011536584930350549	-0.12192249788866076	-0.03596198375165272	0.17700617252530024	
0.17932874137542437	0.0805603527228168	0.04071087540356909	0.02240369468422401	-0.2612123753234543	
-0.114018652997795	-0.08881077643782911	-0.041282111438887034	0.017775437146520155	-0.06474424623762519	
0.07060996833960387	-0.11445033119349395	0.06398313864234026	0.07934583659923049	0.017712518895869764	
-0.2963716032035653	-0.14645753087254965	0.18673839564093436	0.06145253840089469	0.3846149381599355	
0.03079538997007218	0.07977196540368549	0.01635398980530546	-0.021317946467873876	0.04858205953741815	
0.007433392202717594	0.10710083345999899	-0.16030470836970165	-0.0024863426379283958	0.03113966857657466	
-0.09364818418406642	-0.036513332883032185	0.1839845234106795	0.053188166895167255	0.1890912084757687	
-0.10685953937777737	-0.08306179671988588	0.08880318954863496	0.07027277801636456	0.260036572539885	
0.06699638615881434	0.08786600337224122	-0.11637128772103211	-0.19560380155239712	0.08313079795382264	
0.012029347492662427	-0.029817192078590096	0.09818529759002907	0.03661850975224843	-0.06731035088201524	
-0.15976484771943222	-0.013811011500028808	0.20672062286556325	0.12059441075496717	0.3383342159328976	
-0.04063254589086566	-0.06303936543218623	0.010725251934901217	0.014368686184052348	0.11072503254690015	
0.13257752689293223	-0.07984137909124296	-0.0665601210058154	-0.11832418553714107	-0.22911122299305484	
-0.08086987995059458	0.026325726284936745	0.017009774863452874	-0.031036101852310097	0.15505276375427632	
-0.10652259683888474	0.00012988964158966313	0.1110374035846212	-0.051534681999029996	0.15530402666588167	
-0.20236541638219463	-0.1540135421907288	-0.052111946032104915	-0.08620154602037702	-0.02954465154915622	
0.04841084541980432	0.08966819928370962	-0.0906268029626764	-0.09027119557886373	-0.08359467322613444	
-0.1559223906536479	-0.08781479607750088	0.27654987851387003	0.12804900394272806	0.4923482689597412	
-0.09325707913142274	0.01918631637172898	0.1909417594915635	0.0719437615088429	0.09310049352831676	
-0.06269713229475816	-0.15381987542871878	0.12487948571117843	0.10501516354688942	0.10832593947714639	
0.08808924522181047	0.13112930624239005	-0.2322965506393251	-0.08368687870733567	-0.10216602077961795	
-0.1851614510250485	-0.04237064057291467	0.10454020190612087	0.07204144481229567	0.30673042647358884	
-0.014578500530592084	0.03675621308269252	0.020359038407284556	-0.05722433437082988	-0.01599047082745766	
-0.09380971369031012	0.06016027312601489	-0.009951246475612189	0.00518138843696265	0.09714874457609074	
0.020372998470381615	0.1338791094789537	-0.09639301940152897	-0.04568883592986503	-0.16670036455439186	
-0.22057128868419898	-0.12590161772746136	-0.20801419264828527	-0.07855549355295068	0.12588007076518676	
0.04384218046962214	-0.0718205772458163	0.06871647829291468	-0.18233979726946398	0.3666309142247622	
-0.3356693395503102	-0.1479166803203503	0.13715878834745077	0.2151721007155334	0.4190328202743723	
0.07462973161687099	0.08491875783376636	-0.285444386493947	-0.09247153184357271	-0.18024800661809345	
0.16658721006824703	0.1146103279441587	-0.139809987849831	-0.015565801706707764	-0.3731176406070411	
0.014660726252707309	-0.039383414962197855	0.03597348113938952	0.07469001571893358	0.29491310852456454	
0.1087286284451695	-0.061232169078651255	-0.2611820232795284	0.011722005093482781	-0.13611341049356368	
-0.04288822073489582	-0.05426785505864548	0.11243011128157732	0.08100581928846794	0.09182718826535863	
0.0826412304608501	0.055855759930128236	-0.009418146585469826	-0.03608635627405294	-0.07187815384555118	
-0.02149215330502724	0.0853233728686548	0.046361028612898904	-0.08808455062961482	-0.18773030407433902	
0.05729804170712799	0.004814600264067228	-0.08882706551326058	-0.0873645103647988	-0.09642669776577864	
-0.2198501867095433	-0.10681153990768448	0.16685934361268318	0.04703898863194957	0.25006321490951855	
-0.05380436419923106	0.038696400985444086	0.04817181940755249	-0.004666310099570075	0.019729845785318983	
0.005422340480830126	0.03399444959907514	-0.05714651964742759	-0.005040748036909515	-0.026230878761830598	
-0.16714325764516452	-0.03760890172130387	0.16965484906629247	0.0924146494015088	0.32901800812503157	
-0.14914029249370095	0.00743207507504582	0.10036354157721343	0.11992142418395373	0.3272087704194967	
0.0658015615288299	0.09964723631368563	-0.11969609810096188	-0.03728703187800625	-0.041460807165931646	
0.08229084950378213	-0.0011262168793651976	0.01381767732642038	-0.07736321565757186	-0.010888866424094583	
0.007392530603684595	0.09485105413624419	0.0074080873702437235	0.08093443613077954	-0.09082372067227411	
0.04004683849388591	-0.11468758936063576	0.0019613133901916066	0.12393215229411539	0.01948939058136906	
-0.0529612273778608	-0.01478135788403432	0.054153162655457915	0.006996437459764582	0.38487473164516983	
0.19986217486892102	0.047017878341364	-0.16058749209340098	-0.15945565929848504	-0.2156510116009819	
0.060619300191225634	-0.006476510212121748	-0.0005269444643435277	-0.034254866351955474	0.26177868518230335	
-0.10431676606590923	0.06299103576761864	-0.06264146722672424	-0.06671936197640467	-0.012217538183970885	
0.1996422655817148	0.1666621883845373	-0.25610099675596004	-0.1174275957747155	-0.6709455879786095	
-0.060280186040481146	-0.040268102233051314	0.10408077369447505	0.02784083546300424	0.42972055365793976	
-0.14152197527072666	-0.10507925999312405	0.04440534076114532	0.008833705441408813	0.15914273643450447	
-0.06908682356912654	0.0484996259397182	-0.0844656736827572	0.08148064372873573	0.14827779001128266	
-0.03371475017992879	0.06776945596983004	0.05036289377931085	-0.036897904087290545	0.13628686715752794	
-0.1028306881368712	-0.09506562637335428	-0.16426651583190444	-0.0030754775468279467	-0.3936210388882857	
0.02675604580325327	-0.11108374608218219	0.08496193794317482	-0.04766155170279535	0.1725959943653491	
-0.050683653758987326	-0.1289434894237865	0.14125146341630354	0.1642349999080668	0.2321451488744976	
0.8995800806703028	0.30952708479156527	-0.7736015673162923	-0.6940338047343956	-2.0631374769244006	
-0.09724649748845665	-0.016655207525860777	0.0876963783713468	-0.03139437803391869	0.055948859096520004	
-0.06505273743451852	-0.031609432739509516	-0.07108045583238065	0.043354162829275206	0.03986152473936283	
-0.09468195746121688	-0.11880707868953755	0.15630098416970278	0.030629089010008943	0.26662029959114847	
-0.025615575666462553	-0.02893841767597556	-0.08846903855174873	0.02632932537318794	0.04146332053633989	
0.022717738900567122	0.0296625512326249	-0.06601185715654845	-0.07011064021222752	0.00283500870517657	
0.07506654527090781	-0.0632093116905556	-0.007432176258348022	-0.014213533194019412	-0.0005421628160967307	
-0.22954592150221895	-0.10726435710977293	0.10105908239585734	0.17140378686930172	0.49248445064346774	
-0.4511257852545205	-0.19953147023154835	0.3567748383628595	0.29875509975648823	0.8825798067770674	
-0.408552789837465	-0.20235602786346024	0.46929159539473214	0.22945717682531686	1.0561411127221767	
0.6622922255874129	0.24561771956883574	-0.8884898416090159	-0.7184158885590995	-1.4034471433696487	
-0.01662166855325967	-0.0214699695783398	0.01744998001782652	0.04172649237615586	0.12347162479761041	
0.019997054761866816	0.008162211020301331	0.12104561967952153	-0.06295893388851448	0.23776755266479005	
-0.0894010914664021	-0.06010089077228773	-0.015449467671087819	-0.07849822476296647	0.02473408219954036	
-0.09040148719022655	-0.043075223798611575	-0.08779266377606579	0.04070386622101624	0.03369123351789641	
-0.2682332288197412	-0.1862102583343418	0.27583470610988514	0.13103278256245723	0.5822035953865473	
-0.035049964276440235	-0.01384095534092377	-0.07308549015137869	0.0478991118457861	0.023360361656135982	
0.3813475657760135	0.2243868356442276	-0.4442709279852191	-0.285417595165527	-0.14445367010622373	
-0.5507287483709096	-0.2117090595300488	0.517540476634661	0.4321706428286209	1.0760819226080511	
-0.43489775555081484	-0.2714966903656305	-0.14137578919994376	-0.11258913159033761	1.147563688352743	
1.5388861450124616	0.8601635918823873	-1.5089117216279824	-1.0934781830122235	-3.2982297594746393	
0.7909539195643451	
