            A        R        N        D        C        Q        E        G        H        I        L        K        M        F        P        S        T        W        Y        V
 1 A   0.0505   0.0265  -0.0166   0.0236  -0.0165  -0.0103  -0.0104  -0.0009   0.0475  -0.0017   0.0044   0.0031  -0.0401  -0.0902   -0.048   0.0429   0.0072  -0.0107   0.0141  -0.0605
 2 A  -0.0018    0.013   0.0207  -0.0134  -0.0609  -0.0149   0.1827   -0.087  -0.0452  -0.0101  -0.0038  -0.0708    0.001   0.0255  -0.0189  -0.0221  -0.0091  -0.0217  -0.0187  -0.0464
 3 A   0.0415  -0.0098  -0.0034  -0.0248   0.0455  -0.0193   -0.082    0.034   0.0266  -0.0055  -0.0295  -0.1076   0.0008   0.0189  -0.0075   0.0192  -0.0347   -0.036   -0.024   0.1174
 4 A   0.0325   0.0011    0.001   0.0621   -0.055  -0.0799  -0.0145   0.0014   -0.005   0.0438   0.0281  -0.0427  -0.0578   0.0343   0.0134  -0.0199  -0.0457   0.0289  -0.0158  -0.0445
 5 A  -0.0266   0.0434  -0.0199  -0.0263  -0.0346   0.0166  -0.0117   0.0307  -0.0751  -0.0049  -0.0012   -0.041  -0.0127  -0.0324   0.0063  -0.0357  -0.0234  -0.0203  -0.0367  -0.0717
 6 A  -0.0017  -0.0043  -0.0225   0.0215  -0.0449  -0.0246   0.0185   0.0176  -0.0175    0.037  -0.0214   0.0283  -0.0011  -0.0132  -0.0068   0.0318   0.0449   0.0418   0.0113   -0.006
 7 A  -0.0347  -0.0661   0.0184   0.0111   0.0213   0.0028   0.0329  -0.0142  -0.0521   0.0338   -0.023  -0.0257   0.0027    0.092   0.0312  -0.0176   0.0066  -0.0038   0.0307   0.0303
 8 A  -0.0723  -0.0047   0.0578  -0.0173   -0.016   0.0044    0.059   0.0489  -0.0616  -0.0222   0.0387  -0.0196  -0.0308   0.0254  -0.0302   0.0069   0.0194    0.002  -0.0261   0.0917
 9 A   0.0093   -0.021   -0.003    0.014  -0.0342  -0.0189  -0.0168   -0.069   0.0034  -0.0095   0.0129   0.0351   0.0248   0.0299   -0.043  -0.0139  -0.0173   0.0419   0.0501   0.0019
