            A        R        N        D        C        Q        E        G        H        I        L        K        M        F        P        S        T        W        Y        V
 1 A   0.3668  -0.7471   0.5625  -6.5343  -1.0291  -1.4468    -4.11  -2.8903  -2.4401    0.285   -0.593   1.7647   0.8307   3.1019  -8.3709    1.062  -0.5444  -0.1094    3.082  -0.5612
 2 A  -0.3242  -8.2134  -4.6408  -8.9687  -7.5705   1.0356  -8.2036  -7.4616  -8.6227   2.7602   3.5948  -8.0168   3.1465  -5.5888  -8.6646  -2.7507   1.5297  -8.4444  -7.6084    1.868
 3 A   0.5894  -5.4394   1.6395   0.1982    -1.42  -1.8147  -2.3215  -4.4483  -1.9519   0.8442   0.4718  -3.1086   1.5137    1.568  -0.5759    1.288  -0.3855   2.0132   1.6537   0.2027
 4 A   0.3885    -1.93    0.235   1.0923   0.4181  -2.0771   0.5411   0.7649   1.1054  -1.3549  -2.1552    0.788  -0.3953  -1.0631   0.3265   1.8267  -0.2443  -1.5403   0.9811  -1.3695
 5 A   0.4457  -0.9275   0.2015   0.2039  -0.3559    -0.87    -0.55  -3.1374  -2.4659   1.1577  -0.6927   0.6925  -0.6374   0.5035  -3.0173   0.4746   0.8703   0.7639   2.4361  -0.0627
 6 A  -1.3735  -2.8858   0.5582  -0.5955   -0.668    0.921  -4.1397  -2.2717  -0.7733   1.4846   1.3008  -2.8055   1.2154   2.7429  -1.5693   0.2469  -0.2627  -1.4842   0.7381  -0.0336
 7 A   1.8397  -3.2115   0.1999   -0.565  -0.3441  -0.8894    -0.71  -3.3703  -0.4534  -0.5082  -0.5437  -2.4776   0.4067   1.3843   0.4692   0.4974    2.307   1.4494   1.0125  -0.9046
 8 A   0.1397  -1.5115  -0.5581  -2.0641  -3.1736   -0.405   0.3073  -0.1254  -1.0959  -1.0189   0.7505  -0.7442  -2.9485   1.3896    0.741   1.2275   1.6739   1.4542   1.6481  -2.7157
 9 A  -0.0264  -6.8781  -9.0372  -9.3554  -7.3632   -8.339  -8.7414  -9.1602  -9.2354   3.0396   2.4119  -6.9012  -3.2126  -6.8643  -8.7568  -3.4592  -0.5225  -8.6484  -7.6726   4.9186
