            A        R        N        D        C        Q        E        G        H        I        L        K        M        F        P        S        T        W        Y        V
 1 A   2.4718  -0.0121  -0.6324   1.2337  -1.4298    0.458  -0.2222  -0.6389  -1.2355  -2.0838  -2.0934  -0.4814  -1.4126   -1.987  -1.3607   1.5987   -0.177   4.5875  -1.0882  -1.2457
 2 A  -0.9496  -0.2344  -0.4079   1.3764  -3.6166   1.7436   5.1465  -2.2642  -0.1262  -3.3469  -2.9593   0.6569   -2.013  -3.1069  -1.2961  -0.1965  -1.0455  -2.5859  -1.9977  -2.5474
 3 A  -0.0811  -1.6137   3.3232  -0.6592  -2.0081  -1.2744  -1.4876  -0.1193  -0.8821   0.6189    0.039    -1.37  -0.4526   1.9913   -2.346  -0.4674  -0.6912   -1.776  -0.2922   0.2146
 4 A  -0.0077  -1.5864  -2.0117  -0.0907  -1.6721  -1.1785  -0.1926  -2.4799   -2.084    1.151   2.2037  -0.5693   0.6815  -0.5294  -0.9233  -1.3135  -1.0383   3.4602  -1.0317   0.6877
 5 A   -0.449   1.1992   1.0772    0.014  -2.5007   0.1759  -0.8294  -1.9099   0.9671  -1.2116  -0.2199  -0.5387   -0.782  -0.4776    0.895  -0.8989  -1.1454   6.3789  -0.0746  -0.8606
 6 A   0.1271   -1.602  -0.6178    0.526  -1.6993   0.1041  -0.0834  -0.1682  -1.3576   0.4316  -0.2308  -1.1296  -0.4727  -0.4874   0.8286  -0.3229   1.2601  -1.8257   0.7418   1.0053
 7 A  -0.9777  -1.9144  -0.0273  -1.3278   2.0939  -1.5838  -1.8169  -0.6485  -1.5614   0.7071   0.4593  -1.3318  -0.2355   0.5547   1.1008  -0.6691    1.316    3.072   1.0179   0.3356
 8 A  -0.9391  -1.5114   -1.752  -0.1113  -1.7462   1.3694   -0.838  -2.7765  -1.4232   0.9295   1.0069   -1.252    0.267   1.0233   0.6748  -1.3746  -0.8024   -1.521   1.0621   1.9431
 9 A  -0.2909  -2.0737  -2.3989  -3.0144  -1.8617  -1.6107  -2.1436   -2.747   0.0134   0.8107   0.8303  -1.9624    1.349   2.2876  -2.5725  -1.1487  -1.1259   0.5665   4.6934   0.7166
