            A        R        N        D        C        Q        E        G        H        I        L        K        M        F        P        S        T        W        Y        V
 1 A  -0.0236   0.0374  -0.0025   0.0073  -0.0671  -0.0102    0.005   -0.016  -0.0149   0.0422  -0.0128   0.0077   -0.026  -0.0054  -0.0057  -0.0118  -0.0209   -0.043   0.0072  -0.0213
 2 A  -0.0007   0.0104  -0.0615  -0.0224  -0.0633  -0.0136   0.0056  -0.0646   0.0115  -0.0202   0.0379  -0.1194  -0.0002   0.0791   0.0484   0.0082   0.0205  -0.0385  -0.0086   -0.012
 3 A   0.0497   0.0899  -0.0446   0.0652    0.033   0.0156  -0.0462   0.0156   0.0189  -0.0019  -0.0104  -0.0061    0.003   0.0198   0.0319   0.0093   0.0013  -0.1004  -0.0282  -0.0004
 4 A  -0.0458   0.0435  -0.0603   0.0298  -0.1137  -0.0251   0.0126  -0.0125  -0.0085   0.0002   0.0081  -0.0195  -0.0771  -0.0004   0.0001  -0.0206   0.0219   0.0501  -0.0315   0.0113
 5 A   0.0048   0.0395  -0.0139  -0.0197  -0.0075   0.0006   0.0496  -0.0365   0.0111  -0.0579  -0.0257  -0.0159  -0.0296   0.0204  -0.0213  -0.0423  -0.0225    0.026  -0.0106  -0.0094
 6 A   -0.028   0.0745   -0.024   0.0355  -0.0632  -0.0518  -0.0157   0.0101  -0.0433   0.0114   0.0021   0.0014  -0.0131   0.0074  -0.0294   0.0122  -0.0039  -0.0121   0.0019  -0.0142
 7 A   0.0107   -0.009   0.0322  -0.0005  -0.0402   0.0408   0.0029  -0.0226  -0.0374   0.0299   0.0129    0.061   0.0167   0.0255   0.0384   0.0306   0.0033  -0.0509  -0.0895   0.0569
 8 A   0.0125   0.0075   0.0107  -0.0049  -0.0471  -0.0304   0.0494   0.0206  -0.0969  -0.0573    0.001    0.003  -0.0406  -0.0442   0.0146  -0.0103   0.0597   0.0646  -0.0078   0.0301
 9 A  -0.0115  -0.0172  -0.0447  -0.0461  -0.0228  -0.0424  -0.0286  -0.1131   0.0231   -0.009   0.0919    0.078   0.0456   0.0853  -0.0499  -0.0119  -0.0037    0.055   0.0528   0.0411
