TESTRUNID EPOCH: 33 L_PCC: 0.9027623135532421 L_ERR: 0.004638821860083409 T_PCC: 0.8102866324748955 T_ERR: 0.009177688295528343
180 LAYER: 1
2 LAYER: 2
1 LAYER: 3
33 :ILEARN
-0.1802241306402128	-0.23866944948053495	-0.4493865991593928	-0.6919483123062028	-0.015936877769783513	
-0.0234957049246551	0.22193756919419325	0.493694893274243	-0.00015443072628325177	0.02201977888741617	
0.0707933952719041	0.2603867290042065	0.09713708771479328	0.44325630216423884	-0.17359779622378502	
-0.04226764916914801	-0.17857009805282645	-0.28438187547217586	-0.12973204069849678	-0.24232457018935313	
-0.11494278345898813	-0.23209596909751304	-0.2429383732977769	-0.3470526380839664	-0.02248569012586418	
-0.1465116508048011	-0.08489344360721468	-0.15770809344282347	0.04158857621421715	0.23471608961304594	
-0.19205724795103574	-0.2566361012228819	0.10651247693734012	0.031088315865636193	-0.11761353901025619	
-0.15357919693799185	0.08560048504279333	0.07381558149759761	-0.12771611836715452	-0.0792032935361044	
-0.12349733585961939	-0.33744408327816383	0.12071768314741677	0.2183201990235428	0.0934118781356796	
0.1835724410051802	0.14424478729303628	0.03321704279894787	0.10470664034294316	0.031082589186474645	
0.024554970574932354	0.20487651730701847	-0.002130576507113732	0.006001395387435971	-0.03246195470783974	
-0.17214284072846553	0.18376369367199966	0.19133257694567612	-0.17813687287042726	-0.2913683786525154	
0.0058369994267098105	0.05713903403103222	0.09992752573171113	0.03897174086435703	-0.020008610248936597	
0.10363773073479936	0.20309770590373774	0.1826731223649592	-0.86690742499312	-1.0842244587803236	
0.21013654835710766	0.035256102052448376	0.06914263276752315	0.18846217708809654	-0.004313115544637775	
-0.09862653440509249	0.25789114029390886	0.17477387275357475	-0.17285334718995793	-0.35898953547098805	
-0.23686419852865093	-0.46370275044079473	-0.6269604868586159	-0.6747575059486602	0.04270356617646822	
0.09703755537829899	0.09170932491615467	0.15203192335456173	-0.08144560550330138	-0.26269759796220543	
-0.04931244022091912	0.25886305567004436	0.045019933057780674	0.14591755220716704	-0.03821277471898525	
-0.24630444470415203	0.02693000879574828	-0.13047455064146588	-0.07766270500157693	-0.05261925725600905	
0.10953192268111045	0.12607950463917583	-0.0482008066964997	0.08465280464388923	0.03263568199130061	
-0.07884248339956762	0.11005659448441243	0.25092640208972716	0.043434280959698555	0.16199693919508984	
-0.06560541622658562	-0.10350836892470941	0.1516787072991959	0.082246502776356	-0.14887814953448866	
0.021358536245779196	-0.04189689297733272	-0.12663845435997828	-0.10062624635569696	-0.3640154113886854	
-0.12899732112418735	-0.06565394735958724	-0.18157872337613504	-0.34114698010382616	-0.05549136193060964	
-0.19038958107115195	-0.16677461899150509	-0.0336975496454135	-0.1331393489695055	-0.17492857158852274	
0.048135581464153844	0.10799873645301859	0.09321929020356177	0.0231577887339519	0.0021402377233418106	
-0.05797340304356798	0.0027363581811804907	-0.11703247092847141	0.05120034380573052	-0.0015931294223546144	
-0.06299709091748273	-0.31038881521674894	-0.1463292702328692	-0.24727482752265845	-0.09946803306747135	
-0.20732311991830132	-0.04567270510971219	-0.008296262820622357	-0.12735824290811326	-0.19728279221272324	
-0.1819794669768588	-0.06366733826094317	-0.027170902160168715	-0.20341408981535086	-0.1540857717133581	
-0.2367365060544042	-0.12989301568434927	-0.08731435591240694	0.06851370457616882	0.00608327947152463	
-0.13438517970712652	-0.08482505040228738	-0.31238203983213886	-0.5830697175499371	-0.15995356254278031	
-0.2944050531750605	0.009589194942041983	0.10365324118586809	0.019499289334342265	-0.07581639122045741	
0.2311664292449471	0.3583059058457859	0.14794014057673413	0.032291325690937955	-0.0004241871582254328	
0.11888505785685478	0.051002441097835555	-0.13878865232881063	-0.1379127255034871	0.014985389993334607	
0.02385459371498099	-0.08570535340968082	0.01988570835075317	-0.28669550406180955	-0.15995194348146716	
-0.15055797752218303	-0.054521051043720965	-0.07859863427997421	-0.14017275376998317	-0.022965042717154285	
-0.1250345806907717	-0.2635597259018975	0.025373718835234045	-0.016472686023123396	0.03330999949538747	
-0.14628087978637225	-0.04733812674635318	-0.09312182079162765	-0.0878765627404725	0.05141142334960197	
0.2628806189309961	0.2035225422744412	-0.352070234734033	-0.6329872894561331	-0.09933615415467796	
-0.23178006837779833	0.1500919129535925	0.12811718386047524	0.2558023671221608	0.23672104901144778	
0.20956910384200875	0.4959463578668091	0.10197212290285554	0.18320219352089764	-0.22153106441140102	
-0.27497597231438003	-0.1210440816840822	-0.13085252588552843	0.030013126694333033	-0.11603468168129664	
-0.16371168895039462	-0.08649000289056724	-0.08286538999723089	0.07746783460519802	-0.16772900430179155	
-0.01903095325323126	-0.02585948575342048	-0.023956108393735378	-0.03311908711743926	-0.07893536751919976	
0.014267831339476936	-0.0038035357688483875	-0.26697628972632154	-0.5282251792908337	-0.05598023283432983	
0.06355726981987775	0.07145281171609438	0.18390104194261975	-0.07363649123295063	-0.016090713950804008	
-0.14130436671020022	-0.06007304626124471	-0.17431020160024543	-0.282271605893959	0.07605222132758728	
-0.08787811997831145	0.1143677793084831	0.1652496557499553	-0.1130269182748528	-0.11880644746615446	
-0.006472204614040347	0.24225262902492378	0.033632221943394824	0.15563831874012884	-0.12281723787720347	
-0.1900193521325635	-0.06507017425854789	-0.18758549617115933	-0.03397887719710455	-0.0019278135426415344	
-0.12059236288878716	-0.21964804223649215	0.04231373736200081	0.02458226599189978	0.010527730996775097	
-0.1245845266275379	0.045493965598451654	-0.12683614477797236	-0.09370028857192332	-0.05217916950298559	
-0.0677573106410816	-0.19117048150876245	-0.07086600949417404	-0.18856648565913847	0.06149515305087957	
0.01946931505842831	0.06628544497729652	0.07296056626451551	-0.056154340351761804	0.019594036838335056	
-0.31915507004630206	-0.3638160969601454	0.002013692973449871	-0.17391609280792295	0.17382906916405008	
0.419213967874722	0.008814069290422288	-0.0727881996925058	-0.044155060809873636	0.08079298168402346	
-0.06459009901618508	-0.0265822147825254	0.03375166400364559	-0.05160912817286659	-0.12937955053792188	
-0.06720757193839065	-0.025158013402489306	-0.07597287425559819	0.08529337534359131	-0.08286294939850802	
-0.04746487910619937	-0.10566911994610477	0.15086485956072593	0.15357077446489342	-0.17308636479854103	
-0.09339540252926679	-0.005651030194119094	-0.08593879508689872	-0.21543525766895172	-0.4542803301931937	
-0.36078722854853673	-0.47659475608933116	-0.13486538129247502	-0.16292259199530978	-0.04589519585250121	
-0.0214667926425355	0.2378204955127983	0.1531503815037177	-0.13323949060013307	-0.037780202831344055	
-0.11361032573812964	-0.17223982200656765	0.1181280563721577	0.06827206307428152	0.12248267219081502	
0.06988603731715284	0.028289628614278597	0.10727989863519194	-0.16179904061057773	-0.23428478967066302	
-0.009195380708835913	0.08126481558863954	-0.10034087523898425	-0.13584243488206663	-0.023054738489127775	
-0.2584498080191165	0.04317810181030048	0.11793470286880399	-0.016068890671284874	-0.06156254592344743	
-0.49013323048242813	-0.479240688473704	0.2662665875610465	0.2702978101869605	-0.5678926965736661	
-0.5612338867925879	-0.3143447653254717	-0.38757558746899795	0.06355521027020021	-0.1715770294223802	
0.07925005251494496	0.03562249511129294	-0.09586873167984801	-0.1366884281761255	0.056118255926511276	
-0.15280934873419877	0.5086933712927234	0.5539918698053363	0.12661252493233707	0.16603697084069421	
0.19803075269502066	0.3349612658244317	-1.7027974082798019	-2.64295711931986	1.5029901139693795	
