TESTRUNID EPOCH: 20 L_PCC: 0.8472968109516466 L_ERR: 0.005709475678792813 T_PCC: 0.5105610684894906 T_ERR: 0.013609849184010009
180 LAYER: 1
5 LAYER: 2
1 LAYER: 3
20 :ILEARN
-0.03259300685287384	0.04768233189036479	-0.05641838700900334	-0.030583611412582715	-0.08366655779289883	
-0.012921571177968038	-0.09356766215914945	0.07254554570755718	0.061619112462623596	0.03523926258054247	
-0.03274325696477262	0.045639461586784155	-0.0831731471362952	0.05545900907523216	-0.10097896443390701	
-0.04624299872926773	0.026559307164976134	-0.10687661180031947	-0.18178327803520083	-0.10077458930292094	
0.060148913735107334	0.0936523151438795	-0.03731516436815144	0.03846452313386281	0.07527783045920766	
0.05712798940426064	-0.07217593427261372	-0.12205411965438444	-0.09109552577119334	0.06646282618899077	
-0.08033063323338999	-0.015778474998989572	0.09157790603010038	0.006633056994603412	0.038375422790094676	
-0.051270689059315616	0.04255460845252076	0.04443906239874354	-0.10822313964279451	0.04031891965911176	
0.197002174635177	-0.002035174611737567	0.11260178844668911	0.18326865385075225	-0.03882262505385973	
-0.01042129476481897	0.08171910061861912	-0.0412771703252641	-0.042444932282730254	-0.07399428557634447	
-0.09612660842594059	0.03576710658797819	-0.05767437679998819	-0.04689066812555476	-0.0016853681439323448	
-0.1161562701139939	0.02830283088846822	-0.10983081763339685	-0.014717943348034293	0.029083951242545078	
-0.07953311423443483	-0.017188802436086337	0.03888003154554903	-0.01716414609461947	-0.09000930821078257	
0.12625671247942452	-0.028421338328783862	0.18752711293300567	0.23345273883095788	0.061751354118772674	
0.12350067961259634	-0.09899172757700778	-0.01026522148916276	0.11340134623249687	-0.007211711317085379	
-0.17745083452950844	0.13961630080219903	-0.17678446277031465	-0.07886283841030664	-0.0033651219803379094	
0.04982612675371649	0.03653255973780741	0.010428612945524402	-0.06066812013160411	-0.05733165972128064	
-0.006422694744626915	0.02857562304785086	-0.03290007064447388	-0.06473677147799192	-0.009260146359528107	
-0.061835455545922416	0.08307730403103876	0.013438582453713838	0.034306654153385	-0.01219807745589756	
-0.007323964570467612	0.05130417341317534	0.08435650214309892	-0.04569200865561211	0.03762565087041627	
-0.03467101964558077	0.0054116204515218536	0.07718841986215491	-0.028546047999500043	0.08170703018395983	
0.08521608060337496	-0.12450219405416842	0.1802687940332166	0.10948958368260908	0.1255161468642515	
-0.0438320765429263	-0.08386924349047448	0.12067977893900882	0.0659979407079505	-0.07786016011357444	
0.0730662443527792	0.040498552315011725	0.11855784284323236	0.06890051596425291	-0.06570099507434773	
-0.07199268748454306	-0.10592361069669301	-0.0577986643879164	-0.02146398170315922	0.08193476005211299	
0.007766212868330569	0.010564395737153176	0.06840617847192115	-0.07516533697601778	-0.044163264197772105	
-0.6737888861983646	0.4081926376640797	-0.9382577510053692	-0.8991119203628817	-0.25440388040260614	
-0.02942332577982222	0.049803468711123615	0.01448306615826419	0.10219502776261603	0.059076164567065985	
0.03622643267969093	-0.08524754666834276	-0.049770459628414324	-0.04509714205396096	-0.08127187058097754	
-0.022412609683045422	-0.07810984889586547	0.1261340703412502	0.07811164030236832	-0.07304599951793031	
-0.05967169476935423	0.08036668433616032	0.05384675483469948	-0.027383643271354056	-0.03957376801100691	
0.04876517081501858	-0.06091410377813625	0.01627178545465155	0.09400399781766247	0.06936576029800706	
-0.031596731978882124	-0.010120982101614115	0.05528371397715981	0.090596684253364	-0.05950694052827877	
-0.0740265974198063	-0.09567088795643916	0.03121688043017086	0.04846781547895882	0.023101598557541392	
0.08684575160450066	0.03643039288232797	0.20477451782314743	0.12690156546840234	0.058147511482395074	
0.12090118527678814	-0.00327720139328208	0.0689547216480454	0.00562177456983254	0.0037831008553074973	
0.12030460823263582	-0.10243498807243942	0.19045122580576365	0.026454327047849575	-0.010144049068629432	
0.060950912748669095	-0.06131314347533445	0.02789217617598802	0.004934061824746733	0.08496159407987014	
0.02202130317060996	-0.1222960828267995	0.15408715633161535	0.13963546262729754	0.10789815514093867	
0.10783730721656501	-0.10627327108979356	-0.02079021878525829	0.04954203616954344	0.0987555949772984	
0.09313968796182967	0.012849168833895657	0.10418115872661948	0.03601574203089749	-0.023335660066422875	
-0.0028018665806180537	0.020862096583994655	0.009909584301712515	0.08523628534129074	0.08374668712672123	
-0.08070988220793276	0.10239586102260739	-0.08853440821186505	-0.12028788853597382	-0.11190869900964691	
0.06418618608864263	-0.1281462477270691	0.18179299441478472	0.14088820557123904	-0.07324909906627268	
-0.06476074888498895	-0.0335872851266326	-0.07380063103781663	0.06189813842531641	-0.031052669463341315	
0.08802149646667343	0.016402835989416012	0.07576639688236883	0.06894688907844437	0.08107846374172986	
-0.00802394683663861	0.009269363204074649	0.05972071823040789	-0.042856229653170486	-0.0019492954760144537	
0.019822061529175677	-0.09689334488983287	0.018696281639327433	-0.013264730202108346	0.061472105776968294	
-0.03695103938092541	0.07857774170503026	0.015571443056907094	-0.06319795967450699	0.05758584676510087	
0.029554567843192638	-0.09521433234759148	0.0017884656545675889	0.04743764554494656	0.08341371073784422	
-0.11363736944022684	0.10044467516773979	-0.04338320633256126	0.07730923564695677	0.013761589312834353	
0.1585617607080891	-0.03111969081727645	0.17209675802844995	0.07386267162350996	0.05543112129280884	
0.050004352740532	0.07166276728580848	0.05101643769353603	0.03961144968946059	0.07289588601091998	
-0.10392265085331759	0.06601516976479244	-0.09355558762106654	-0.10267622492608652	-0.05536660655518241	
-0.01551566501518362	-0.04007028267160892	0.031025341733360818	-0.008773151936370283	0.09595999323940912	
-0.030270164430667473	-0.021924552941729666	-0.12107571868026205	-0.1086845524710445	0.034543986751812424	
0.10582507488516646	0.06534929871363024	0.08132275854672943	-0.006948369653654369	-0.03878147243277158	
0.07097958853948047	0.0055429292617493325	0.06043221680091962	0.014497703438321269	0.04662850505750221	
0.04824442344230419	0.031242487540985592	0.08269504202026363	0.045408176738601064	-0.014456252458517156	
-0.13186556629660978	0.002804230744936694	-0.15689823085645155	0.03702588008555477	-0.08119816413042395	
0.14348735916221347	0.037363790407864084	0.15619186281376887	0.10978013381277726	-0.03614795766606439	
-0.006623995447338743	-0.03096558976895701	-0.05499200843718308	0.018502373753159357	-0.03754603245961661	
0.11519553060383701	0.06798677313288408	0.001960379776515443	-0.04111834512235376	-0.047064719206830676	
0.007593316332620566	0.04176282136384405	-0.049392708124885124	-0.044012755251929006	0.07031537352890341	
-0.01683025634649453	0.023337013431047243	-0.05326677215214999	-0.07960654811484053	0.00317140339370596	
0.04003263767747621	-0.08942402991283899	0.09097182465986664	0.06208774256599992	0.04858197147688785	
-0.09945725175213674	0.06222606494236396	-0.09480628031064982	-0.02948153831423331	0.04347130746930856	
-0.10527046613296528	-0.028991891542733645	0.0588816639450582	0.05604253614335037	0.005284731195651648	
0.07332165483330261	0.08996119827072532	0.06528139952586828	0.07082308876730775	-0.08025131963593034	
0.018382608058692535	0.0482039033165189	0.01841194906010851	0.04880557970281078	-0.09918661803055125	
-0.09290123248827419	0.09895600038616205	-0.19976135635480466	-0.197857086236277	-0.04819068186715732	
-0.062313258098019644	0.08142992287187402	-0.04628278303010025	0.02264959102755459	0.07956026192852352	
-0.03995033209321999	-0.07139883434838012	0.08026168726985478	0.00831187577747465	0.09494807417101644	
0.0145959666308397	0.10580143156900017	-0.01000945867288611	-0.010344154410798704	-0.07721466038149283	
0.01286100992245123	-0.12172771648534045	0.00030607313810339723	0.10170105847873188	-0.08104961862748018	
-0.02669138055125113	0.07246925056760883	0.03853554350147087	0.03818842841323372	-0.062272639808937824	
-0.006235250034863067	0.012783976195991524	0.10652448103477569	-0.05265333894150455	-0.048633570342600754	
-0.06680064100229087	0.05916338772100709	-0.03544819751381386	-0.11121890384418835	-0.006950488196728393	
-0.05760796707126481	0.05972084895204205	-0.040533723698545555	-0.09447879760909927	0.018686489892924207	
0.10795199900772061	-0.046855959924255175	0.11721989395658688	0.05861558878660536	0.020974537872089898	
0.07816908979385216	0.06588502366125723	-0.11223465595700136	0.024429978221551255	-0.014181334569275046	
0.041908170745078015	-0.03466404655857864	-0.11264496733471364	-0.13966190173839485	-0.036517868761034245	
-0.07686182768385288	0.018868271267111086	0.07150316505241841	0.048749652178832883	0.049559547107148307	
-0.04829553463859889	0.07475212822575561	-0.03677753966786826	0.04636816068914058	0.01612252420816633	
-0.07131539026595102	-0.08432262002901042	-0.09633347141739855	-0.08665500047212871	-0.008283237258313633	
-0.1037866403266571	-0.080944796922335	0.010568170631683691	-0.05276135672758858	0.03813691157314917	
0.041522763358737634	-0.035547323060127985	0.07225655132217798	0.05675187699173446	0.0808548909745925	
0.019913617231834206	0.06323632934254325	-0.03099812816307646	0.10041327327350469	-0.05785472480182522	
-0.03921734303653588	-0.06486196958668511	-0.07255280693255982	-0.1724649729997712	0.06391567254140425	
0.12568484700807536	0.03923502965698223	0.14966544229474107	-0.01760263496510832	-0.050699483943154364	
0.03428619185473981	-0.019160388804072878	0.22417109295079335	0.21216058397317517	0.07813771302707204	
0.0679867848818192	0.06971112693668703	0.02130457712106981	-0.016897814739255463	-0.05511555753625914	
-0.0761085899332542	0.06252211760656576	-0.07064152531655138	-0.04714050345461987	0.06381783572670616	
-0.05690965854683883	0.10584843480328872	-0.07437125399735547	-0.015678284704658776	-0.04503132110215571	
-0.01186566362093978	0.02557782212215621	-0.1453471088148905	-0.11596819708607438	0.04528147855384263	
-0.14990398973197308	0.07560158558715692	-0.012509318356436833	-0.1589969703453718	-0.018170137266141688	
-0.04812344558596865	0.0771349111678836	-0.008474292042401181	0.022544667359179215	-0.0163456747812606	
0.12580971389466816	-0.1141074511529923	0.11618001757129924	0.15312602292045038	-0.013864422330365337	
-0.025787630369203698	0.10077988036060621	-0.056769585314629945	-0.07785445763831508	-0.03397519622742351	
0.10196217907100223	0.07892291441987914	0.09219524708105968	0.10246586913870498	-0.048385311113306836	
-0.04519673959939232	-0.07534590369587006	0.023595732321933932	-0.019333909401821954	0.03284836021043424	
-0.01728271699976773	0.06327030236544282	-0.06297392034619387	0.0403753059512621	-0.05192887503017223	
-0.03789117280193613	-0.0022061182638277005	-0.15931113076700548	-0.11551054749447616	0.013138476795131943	
-0.029521790816093484	0.019067718388173328	-0.10760204431413196	-0.021361006594219654	0.08829356139960857	
0.11155518060275516	-0.007229108261229706	0.17506875372137728	0.14377421341502314	0.03943153779938236	
-0.10721916108911804	-0.07315784916409525	-0.10932455423481804	-0.027626648015630775	-0.02973873320606967	
0.2372585706945937	-0.13812793322340683	0.3133278046744582	0.22872442768790088	0.11817411543442292	
-0.0018431964214692738	0.04566705555666159	-0.04383964156639567	-0.13072463180282545	-0.04298668106665029	
0.0034213449879176897	0.04078485038481022	0.001059450182425963	-0.0018912204913297268	-0.07247848483067991	
-0.12781788809127634	0.07435917218204958	-0.07385109712718714	0.0538300592413365	-0.07276789013905403	
-0.014846581975161106	-0.0036250161253554214	0.0826819761395845	0.013323759387921526	-0.06818290306387072	
-0.033295414738014936	-0.0054217741240418765	0.048792862908256227	0.060681285947993796	-0.07465277114686193	
-0.044296446312409136	-0.02090258029792641	0.13570214596840285	-0.03705051786813273	0.05482359964346759	
0.010248552315446581	0.0035568584683494968	0.04425870891400964	-0.0032674789949115124	-0.10908835050761138	
-0.03916174840171116	0.09111876893836147	0.014065009969983342	-0.012670413252320665	0.019796856318371726	
0.015699915957840108	-0.045176044966629574	0.01210599810721176	0.03434595696348405	-0.029514073956718234	
-0.10655501707208288	0.03267533225231176	-0.19263238369257957	-0.2440821396010866	-0.014626492732049481	
-0.014452534132784758	0.061539681822441905	-0.02929302746640193	-0.057261352474083774	0.053456901684353325	
-0.09169590395243564	0.08015394600824005	-0.040183856039205705	-0.12042233808538447	-0.07976592779108359	
0.07379681816291406	-0.16694192725727608	0.2207249174262737	0.08815917004767235	-0.04333297353910093	
0.08593739766106993	0.03405461106514158	-0.00447441619348284	0.0095008494487819	-0.039863708941318736	
0.07373016088499962	0.04839852013932641	-0.004925889124681138	-0.05199578779293954	0.06456742220310262	
0.12373708290356566	0.013555043803342024	0.2566209663046212	0.1651148345337983	-0.025446607003301064	
0.14339686893798032	-0.09413690295860662	0.020391365099128818	0.04969804751323309	0.0011503322338827144	
-0.1404612692518427	0.08318248209457166	-0.1716633651211836	-0.05312275821124079	0.02109917251663966	
-0.05785352158333586	0.020190849621527993	0.04978567504916728	0.027643742124066673	0.019425460589329813	
-0.04090354286890059	0.04632129424830175	0.08906168799998995	-0.014887721947690613	0.05643636336628108	
-0.08877179206761694	0.06705432049799318	-0.06154999663557046	-0.02098062622200536	-0.03998379081492871	
-0.08397927123879015	0.08092620058724859	-0.02596916448925235	0.006139487695227902	-0.0011767468207349863	
-0.07481595629896783	-0.05901604441216588	-0.08308618296157753	-0.0004857033368614362	-0.05058864754970825	
-0.06547453817103542	-0.05355122914483159	-0.0035775292315940515	-0.12884878078311537	0.08362738807064975	
-0.06535407504037236	0.012796928166337705	-0.0918297871985246	0.05692789516532665	-0.06361178711709675	
0.005580795681625325	0.04801550863181431	-0.07001370301654881	0.010217434837394346	-0.05667655833424412	
-0.02932719875812695	0.08515509352807071	-0.16899910981749	-0.021700480168243455	-0.13047678863287715	
-0.0384881874475947	0.07190530777853274	-0.17429777003626115	-0.07345269301102406	0.0026415794890547032	
0.07980347946585943	-0.03643491830350213	-0.12224953685913817	0.0664343108798143	0.06386408008427055	
0.17541338290220349	-0.08238709202443287	0.2826317236218836	0.2322380340420338	0.013619345705279517	
0.032271161769482685	0.06094008728846582	-0.007222833992108946	-0.044688424890539646	0.03029592935597628	
-0.0936179486679154	0.04701318396735151	0.09481414055922174	-0.04113710602904261	-0.07940033522470696	
-0.08625229479636604	-0.021124934750606016	0.03942244223653303	-0.03339022472088714	-0.060833281528364196	
0.029737328876424437	-0.09343647615370755	0.17883594630770233	0.08993918501040848	0.030305417587876683	
-0.011176578596677117	0.06562707214630242	-0.014730369152753872	-0.030860235764899532	0.034994320961821035	
-0.05069660416408826	-0.011784227047899885	-0.029713080901992612	0.03199891672335087	0.075461061919162	
-0.029697457727747553	0.06602038881979312	-0.035450122888642334	0.008641074817018911	-0.08228554131327591	
-0.013403698606470366	0.08186239773098733	0.021095800206186927	0.053354917447420436	0.0009401216191788631	
-0.13790900657284333	0.14430702500296047	-0.27116911963414486	-0.1547464596143315	0.02766019307632899	
-0.00433362250730805	-0.05498461826102927	0.058745709328986935	-0.05066489009653609	0.037874771658717034	
0.059172715502494484	0.06504821291571963	0.09857174431645475	0.12802432113543788	-0.0780837940483746	
0.13730312449361465	-0.10215798865970406	0.02601556496907031	0.13486888382077403	-0.08119518055512394	
0.1062659768100621	0.0452708977287438	0.05619320007588807	0.003722658698418908	0.07340834731342176	
-0.005645353358161581	-0.06688627457299534	0.08370599870693782	0.07611403726630532	-0.004986009523866353	
0.1124698909658478	-0.038715357012084194	0.10092469585804177	0.030601886874126433	0.016076161167169794	
-0.017485219165694794	0.07303942609071114	0.025453715960634483	-0.02602236997350748	-0.05338241787145142	
-0.14100252046651562	0.06407488895346669	-0.050289926635977485	0.004093345149597213	-0.017854177520692655	
-0.0007807056028343172	0.06861169462002874	-0.029894259055906137	-0.08439704442654782	0.007205623784499642	
-0.06404114046140513	-0.035636007322419214	-0.0654790759760415	-0.01827255499734752	-0.05171625040688024	
-0.07597360110016228	0.12805393200844936	-0.1186273235386286	0.024999359106943814	0.006418370868273036	
-0.024981796321217803	0.07149689981671933	0.02391734787371476	-0.04959338397383213	0.05857113559537752	
-0.05151520976156261	-0.010441648506567466	-0.0888635323005822	-0.006777513441875589	-0.06226126071702701	
0.0922340326153696	-0.08371398856189671	0.11844800560007931	0.06626232885376936	0.06589283437372577	
0.06731735148739741	-0.06047471925908933	0.0034191167476684214	0.06634461493855907	-0.01718587033547372	
0.1534154987829425	-0.07897778368213178	0.1275960886493446	0.11795392400965164	-0.028085263483137904	
-0.0813255154281424	-0.025699379784794675	0.11238633850093833	-0.012098533211986675	0.06148876595891313	
-0.024777207873495247	-0.05597405136758443	-0.011273133106678754	0.0932096707294854	0.05257973289141989	
0.07245399296641629	-0.06985462710133261	0.09089730998702375	-0.013368522030384779	-0.003919998741348379	
-0.0252364990729443	-0.029613512475557602	-0.08783124717042062	0.02679403231303107	0.04154245464738939	
0.06351936398854156	0.005068091630147609	-0.005878478684687484	-0.021761901845295938	0.015570721355181484	
0.08058205079836926	-0.06580834748619895	0.0006744878982767666	-0.007823452898830867	0.001834805521427868	
-0.06769784590279762	-0.031511871773037894	-0.04762391917929596	0.0689053886458958	0.06006644915528034	
-0.08072925692358757	0.05417866001299648	-0.1647885379500231	-0.07678706086864098	-0.06665456232008327	
0.0814034800475619	0.022049664222714916	0.05006040533034569	-0.046192715414953664	-0.007252501797225653	
0.1356576790309866	0.06693262621933993	0.08662738806712618	-0.02458562392453687	0.03985920089162325	
-0.0751760259457886	0.0445575194648465	-0.14966123154945696	-0.0909956539365906	0.0382406588558712	
0.01871577801572943	0.03414262739319619	0.043261552383728065	-0.11427105890670167	0.08889252569234041	
-0.0894010914664021	-0.06010089077228773	-0.015449467671087819	-0.07849822476296647	0.02473408219954036	
-0.06094742155273966	-0.06086233386148271	-0.04420119676061149	0.07733291198482858	0.04279903635671541	
-0.02428388134987955	-0.06236114799403576	0.04940096580598902	-0.03192414184690655	0.05906023348112857	
0.013656960648572369	0.0003594904043442426	-0.06909180079456576	0.04743781542794465	-0.021538162606130725	
-0.27569075252758124	0.09963264870498477	-0.27137641151890957	-0.257347870230354	-0.005468057063711337	
0.0819606116466237	-0.0009637106721703819	0.17833529559825165	0.21207285197377082	0.009941790010272953	
-0.05954059006727294	0.06958700950424261	0.0055460971384041985	0.11915378069966821	-0.025739722277223837	
-0.8813192376789744	0.7347409936320239	-1.4084024006206592	-1.1557445925919703	-0.12156923794549453	
0.2802039591593594	
