TESTRUNID EPOCH: 38 L_PCC: 0.9536108404902561 L_ERR: 0.0005902875482820548 T_PCC: 0.7248245031205341 T_ERR: 0.003599450909541835
180 LAYER: 1
5 LAYER: 2
1 LAYER: 3
38 :ILEARN
0.17159075633477974	-0.1330702875845031	-0.16580849105069909	-0.19711395204430646	-0.14126264630361396	
-0.3988040718519337	-0.040468811508541154	-0.5449471499373608	-0.23015582418092764	-0.16628654579592222	
0.06608076316764952	0.0920566797637121	0.11714467617741287	0.2403820205014597	0.00812109210021143	
0.07265016357718815	0.09600073735919719	0.407522555099737	0.43362218336879393	0.29218957752320707	
-0.03834249962140417	0.02931251721365073	-0.249881406045558	-0.3136890632890821	-0.28313770541450733	
0.1677556736631925	-0.10096658940160863	-0.005671524558885655	0.06314759988239263	0.2356298799425504	
-0.4904513607658803	0.07009690857892789	-0.2042804434009724	0.26524750107752876	-0.16258649836848024	
-0.03790274668624814	0.03451907258732484	0.06867437000952202	-0.45118578388398006	-0.3096257046231488	
-0.03184974680085004	0.02397284447978238	-0.130338156509908	0.24911028015905318	0.10051623415851883	
0.24322271753670346	0.030339068862902586	0.1834308315654225	-0.22070172017067274	-0.016488152495068225	
-0.05199133205021956	-0.020677866395555328	-0.08123223997957553	-0.31300318346247374	-0.1205094966966608	
-0.17295838295153326	0.03507171760998116	-0.3005350341464588	-0.14750685803826794	-0.08716691461390534	
0.02167800172825763	-0.07685812995083369	0.0724476757774914	-0.3232585242447702	-0.17646421312476965	
-0.37190932050205827	-0.025300817381147287	-0.4121117538930075	-0.35656460669093354	-0.45097412521482033	
0.1580893703400583	-0.09168849367281297	-0.031570671841793574	0.09391317631603098	0.07526488892874358	
-0.15498228066136968	0.07137758448021593	-0.17011906558375559	-0.27865187418779025	-0.30445747024241665	
0.11045756999189348	-0.0038577993472888065	-0.01714333541027278	-0.1622300670086956	-0.16300177326154264	
-0.15909538773539864	-0.20500110711869463	-0.36455144849361093	-0.41006660008183393	-0.5264621107065104	
-0.07464719390529652	0.01666209219856814	0.05915832768739988	0.11563639045384004	0.10280982767802874	
0.15845846242273917	0.011081415176908669	0.15016589723927495	-0.1756694883458239	0.05779073232957764	
-0.37925301563213065	0.05738142971250883	-0.38291279695395564	-0.22042785322756187	-0.32822345085166543	
0.21240436111669317	-0.07964280708917937	0.33801877925019697	0.2855858937096113	0.3022449796423798	
-0.044928027317231556	-0.18852980467200783	0.03017334129016814	0.05747806429808679	-0.10127582900392797	
-0.35202944217455545	-0.20956121295376642	-0.5010506016615118	-0.5722541259329321	-0.6303541996631995	
-0.44823776782953684	-0.1872100399303168	-0.6961081724058124	-0.7106228638886656	-0.7411832782756206	
-0.23677536591806103	-0.13877607376652165	-0.3165336599721306	-0.6579959044216103	-0.4822514052703017	
-1.3980500234069293	-0.18510893436535644	-1.7266359390615367	-2.050008477491796	-1.8549486377318072	
0.026329100200837275	0.0661647704326264	0.1428743456277975	0.2772141616491743	0.16529562173355067	
0.10700308186345707	-0.05640015317485904	0.2656930760578808	0.4161843831246445	-0.010298456533985203	
0.0443672327755181	0.0602401234514262	0.07220843043694297	0.06428383307879736	0.12186577331854166	
0.17842306685088033	0.1199645251861533	0.19397363247128693	-0.09895555195108463	0.16339760214100815	
0.06088200536676504	-0.1502383329311493	-0.08552919764131499	0.049702431722749386	0.06635600976185214	
0.22118953466297595	0.04834556275831441	0.27581319313263897	-0.06292114273373683	0.14241220947241784	
-0.5213546551564094	0.0484713125384032	-0.12382335148462381	-0.13679873584174418	-0.2601228551932674	
0.30244545761180497	0.08646399498169843	0.2888125101515417	0.17065214655909655	0.3183444940181077	
0.26827199174899924	0.007217434044568982	0.10076975552902213	0.31346964546369027	0.26885783464087215	
0.33961017158122186	-0.05588606673939313	0.16948738653354203	0.2642044136253997	0.3638710524795696	
-0.2958085343648772	-0.05380666653206667	-0.25122864599951766	-0.4032722305506495	-0.29704339901502325	
-0.13303834198459463	-0.00497479591989187	0.20932750281669812	0.30612091243792	0.1345297448139557	
-0.015886941473257324	0.010896743722773113	-0.333717653599342	-0.10905970326517844	-0.008674368604589384	
-0.038032539236612456	0.04972455086334889	0.031491319801068916	0.18807386882490632	-0.15589712932195962	
0.22440954147048567	0.13872487101389228	0.396841330797517	0.2935111843094673	0.34966524715091285	
0.10622562040794913	-0.060308998127374606	-0.10767898816238057	-0.0743253253140059	0.03838907877118957	
-0.14910850496508443	-0.12026828407923464	0.022691306013181662	-0.370521729730381	-0.3960418659552368	
-0.11434542979711766	-0.2071128856563829	-0.1785455511233891	-0.348462652400787	-0.36757057057813547	
0.27147778526394434	0.05897490921130432	0.38504250540873974	0.09303061254911686	0.16329625106488174	
-0.2619470481917629	0.08585647793769487	0.041679342590778726	-0.7398882416855566	-0.7153992296491514	
-0.46270460003061037	0.006926015978308622	-0.5187438954419001	-0.07691541077435181	-0.11401056222824836	
0.04573506645629667	0.014032163092664533	0.011755440517882233	-0.31952812340390296	-0.1891802615176189	
-0.23404499259577258	-0.172752769335968	-0.4626762179061427	-0.1606088544576965	-0.11669785112599841	
0.03414402150268732	-0.024066083163446935	-0.008293868148831846	0.044328021265151736	0.09415657087071111	
0.2204303157913444	0.11376478215811507	0.30945054870423	0.14971056182124295	0.1902650718589155	
0.0542421903969949	-0.028074718109440035	-0.08538926312154956	-0.12853023137938996	-0.03235014730282518	
-0.19896038093277676	-0.10694505199253072	-0.37707221889758546	-0.6147749323026941	-0.5335147546286999	
0.18309105752646362	0.029503250340910746	0.24554978502992567	0.24482786767734466	0.17936950023117185	
0.045744440606124315	-0.014778284833801371	-0.005085860756799321	-0.04461510747383713	0.04096113228072675	
0.21070187923662065	0.10376298560904897	0.14681037185851012	0.07509449222163495	0.08092276556220322	
0.1549241306836337	-0.0741142093684432	0.09602611766195292	0.22455975616729792	0.053036363978971754	
0.2846230601140011	-0.08161545832069474	0.17425444068660534	0.09947201756653803	0.09601002148325859	
-0.2758335625171534	-0.070139990339888	-0.3522480266375045	0.0018257588602653523	-0.19503542435487167	
-0.11106752119883047	0.13511639751747845	-0.006557459921240118	-0.35910652432314	-0.4428318547461958	
0.035115140357150604	-0.02136339907868661	-0.04649024717917913	0.02628676403224038	0.07460914089122522	
-0.07593786859337105	0.10943439918158615	-0.17481865066696078	-0.40113294300758795	-0.28846148232811036	
-0.2147394753545782	0.07883490498924804	-0.04928968338496283	-0.19464324375159545	0.17513902989319016	
-0.0838424041434318	0.04336277006943982	-0.14757519159153934	-0.29772294063685223	-0.18847937961437028	
-0.18797143192079954	-0.03505280386096274	-0.2290783183627214	-0.19438470508258296	-0.10299323056647422	
-0.2941558052896062	0.14215115307018214	-0.3078945863799743	0.1909942637056878	0.29682939917366036	
-0.28226521881662947	-0.030273173344651978	0.015039792777870814	-0.173449764212105	-0.6582393485179245	
-0.19188122307357552	0.12757683731640782	-0.16733834917127394	-0.043821136733371985	-0.41808084342479235	
0.0667229110343457	-0.02300839058698708	-0.01500708029970484	-0.18091854222691955	-0.19683611406446944	
0.02293178894613641	-0.04894435523812653	-0.20496953022272518	-0.24471810190263119	0.020426323690378615	
0.06662656855078922	0.06970748747955946	0.05084762420818237	0.17247904973406997	0.24489949616348158	
-0.11313533955298763	-0.10139151190341081	-0.10710536280225695	-0.19369604641371643	-0.01719025845613329	
0.05150870951891376	0.03645211683406877	-0.1647226984471148	0.13843731977503587	0.13592350993494823	
-0.10063116068668528	-0.08568177950627705	-0.3450099943573027	0.05549935809843879	-0.3938413035924068	
0.1963085985661048	0.10421352491873688	0.348488149937374	0.05837558834625911	0.16382836543960091	
0.4003063635896279	-0.031251017991289286	0.49375692504838953	0.1866361471071833	0.5021669283042666	
-0.18886647672505488	-0.10673601097912573	-0.3343057880443083	-0.47246467483766624	-0.3016156382298289	
-0.0054951480402779624	-0.024138599657699353	-0.15378378578766888	-0.022309167563522043	0.1402918774934181	
0.11309542373717243	-0.05313067228181483	0.06368989751927322	-0.2310493091545441	-0.07493991259951709	
-0.21607748017377695	0.24284559229279698	-0.24802460730027423	0.19800158044719762	0.09404604082696945	
0.06433727544638469	-0.014752192428292716	-0.09820664936857239	-0.06199939744640004	0.010494572959938494	
0.10260681132582725	-0.036103518543838475	0.15852165839913093	0.17012858511115392	0.18502508524042463	
-0.35277164811311484	0.020226453285064838	-0.4567357063802005	-0.6606383481158201	-0.5689237214708946	
-0.16991351349855546	-0.02935461755034706	-0.10011086710912866	-0.006061926701531474	0.05470021388688553	
-0.2818184277736458	-0.06815719911918657	-0.17836479558239174	-0.17763315056695567	-0.29492071237202694	
-0.19359746076854112	0.007673301675201603	-0.13470991501950527	-0.1477745024512946	-0.11923343576466251	
-0.23774613095381852	0.16840517244404926	-0.4156854275003318	-0.37167223777281044	-0.275552970134308	
-0.07366699608149661	-0.19668080136281044	-0.19737788325258085	-0.2979053936605192	-0.2274073956828746	
-0.2994858270320346	-0.005750976559931204	-0.23321559704301542	-0.4023213222578246	-0.6876409839562354	
-0.2708150429787855	-0.11313617318395597	-0.10635499090005095	-0.1670478835808212	-0.35544644225463257	
0.032287728301308626	0.16991133150703103	0.01262023027477815	0.043268641688875405	-0.043779705763081427	
-0.3103084997569456	-0.015625533167157216	-0.31888915078353436	-0.14862716565270853	-0.37015127486548527	
-0.10294110296564456	-0.030430089152389667	-0.15057736270203245	-0.2502118929320457	-0.0851641781340044	
-0.06109418022373736	0.0444461277403421	-0.17810561825296187	-0.061220694474533724	-0.17817486366643495	
-0.12613890874725797	0.16374848534795317	0.1981487585761856	0.06471167236053571	0.3000272603517477	
-0.11709021204436483	0.1442520069278375	0.03292621532649015	0.2682587673546801	0.24358372372459158	
0.44388562902846085	-0.07336051339884657	0.11180746686278159	0.4690482639557383	0.49868356760989563	
-0.31404647215754794	0.04075557844803567	-0.44100097279186884	-0.5150824645049753	-0.4156161312669674	
-0.26030582759078613	0.0874684137249918	-0.1505986383650803	-0.010414354472156748	-0.4250434563329106	
-0.13258951503391178	0.002768532364955629	0.19651584112710802	0.05038806530192747	0.12601582721760415	
0.040068454034846955	0.078555443454919	0.014817740557076459	-0.013559364998796494	0.026769527616509404	
0.3150629470724563	-0.055738422292550396	0.2694220999218768	-0.031204394674149066	0.16675994191494847	
-0.12452755366532314	-0.012800093935007898	-0.20262753246681675	-0.5922462416006479	-0.5256353314325275	
0.069521956420991	-0.08644041230643443	0.08521507670729557	0.01248805820331676	-0.03475328001147523	
-0.13670828712233798	-0.00352475726206996	-0.1376056489197554	-0.05274833136892871	-0.06709572035484147	
0.05781638344530746	-0.07245540257396427	0.03472689848607655	0.09285798672732565	-0.04838692873679419	
-0.024885362761096978	0.17125167617227618	0.14870364981716686	-0.21441630734912553	-0.06010241692917855	
-0.11986986213815647	-0.0031800180226470975	0.019795554371777196	-0.44100262945626356	-0.46442382764774504	
-0.23501140795044628	-0.04784535877339086	-0.23971257937394805	0.10630582711076385	-0.19464047076978425	
-0.20861135254928745	-0.05137726293373489	-0.22910351309154198	-0.13279450953617267	-0.28070114897255327	
0.026126033768261215	0.029801332519659947	0.13287332934654367	0.05495246621615984	-0.01566762259304106	
-0.10023715685580394	-0.04148564122080558	0.04566288499584945	0.03415761771607948	0.11981381347540172	
-0.21249157352489512	-0.057034354873203935	-0.24105097186115948	-0.17593119514722588	-0.4249843155825167	
0.016329825433397636	0.04786764418676387	0.00046360721860325035	0.12346077634774788	0.18511593576358312	
-0.03938219736432715	0.03510142607594529	0.15904955632794687	-0.35195738222375406	-0.2414897068448335	
0.055171683648142816	-0.07381683944451345	0.048114231057907166	-0.20365198732668705	-0.055522073033098106	
-0.12904416056008083	0.06681643478384905	-0.3630559887241788	-0.11101053828370622	0.009199533928757015	
0.1524440521146133	-0.05773858279163898	0.3252524089171159	0.07337619942826366	0.16147426342313784	
-0.12379403011775644	-0.19110110617500226	-0.12294506361518563	-0.02207054763278197	-0.09677284991094826	
0.17287563292940525	0.057488576507837945	0.130815947749351	0.31753733453351163	0.1821731945678642	
0.09250626409528666	0.06143745528254424	0.10265711570049854	-0.10420199940139982	-0.07233916759381764	
-0.07494398339415798	0.05077374755549951	0.06230125222743675	0.033673393132624484	-0.3681752274847312	
0.10561532153123036	-0.0785624916908573	-0.19062768392843188	-0.14192458675213251	-0.1943410562389806	
-0.3258569795877306	-0.03516817346611241	-0.4355356281867787	-0.4670299935977524	-0.4735713122563676	
-0.041106484304471384	0.02959229191683195	-0.04014266933993065	0.3284886888112075	0.1515069487855285	
0.05319893311293395	0.021262867741397167	0.0940249572936411	-0.1476001322289953	0.030709993752418483	
0.16516649563298175	0.10066669331136707	0.2845805468262273	0.4153499090825976	0.18391875230969246	
-0.069660973753379	-0.0011525103706451008	-0.09150089659573765	-0.4923359815251918	-0.4855662321922814	
-0.2201920045285194	-0.05392808642460488	-0.07809625877306188	0.04421719101438504	-0.0479910360176732	
-0.13926823254940868	-0.08070448229278468	0.07298222145452325	-0.05911149689612819	0.14543729400664482	
-0.007077234240302405	0.02566878366723908	-0.00762310770706508	0.3031088617226416	0.02989044198638228	
-0.05387455995209077	0.09113349226238986	0.0012461172582646112	0.1635163017679531	0.047896064882756315	
0.07366955250532134	-0.0225775228424865	-0.0745142596106755	-0.29731762029766867	-0.22370516908755142	
-0.19130328980064856	-0.02902936724111582	-0.5349343610399964	-0.07658671997481552	0.004220296692867987	
-0.026686964608906207	-0.07117899107495615	-0.1483657117812528	0.28821197830536754	-0.24035515197199805	
-0.08359276991527065	-0.16463636739869247	-0.026554750679587288	-0.09227471786509525	-0.3713186503700308	
-0.1445380633891118	-0.052354749262932404	-0.47400134369499247	-0.4351898652300535	-0.16912712906386584	
0.23241159740921175	-0.008535060606709298	0.31663520421157826	0.09555241867098532	0.23161969887671713	
-0.1613343407975671	-0.05718436580577461	0.13781985530584834	0.04740493291046611	-0.07299778711241865	
-0.39555018360057087	-0.07999277845671623	-0.428893174367465	-0.602623493741521	-0.6439028700143828	
-0.09801770171080115	0.11851159723490201	0.019148724945163648	-0.4686934145033405	-0.4724116986812869	
0.12277153223529477	-0.04968380976387939	0.10365319451956932	0.06567369212768741	0.29923931210573507	
0.01788650379780676	0.03205190538912077	-0.1227613285594835	-0.13674452956102662	-0.11746561859847701	
-0.06482578673511884	0.02771216050886973	-0.11302750143389244	-0.17668966381426499	-0.17649455411548187	
0.08438869623872408	0.09472606934545615	0.037759579285275076	0.09650539104940269	0.17263345882530678	
0.09611616487724522	-0.10872894097482493	0.06347006807341349	-0.10558424060671859	-0.06607809459090365	
-0.18080127662228643	0.13142827162970558	-0.1647130663298961	0.10722563882141481	0.03923092638111327	
-0.16160713442167754	0.004264574227615261	-0.4031939728488963	-0.018003606639354536	-0.1970959710629342	
-0.024425053104534786	-0.0344141710051259	-0.046170875766652124	-0.18127301636624504	-0.16612769983821352	
-0.22239516922270666	-0.07958393289206375	-0.04989882839286364	-0.03102381178973351	-0.15065262319220943	
0.11172049951996813	0.002095453601477132	0.09906758279225625	-0.16774638718053708	-0.13769664524269676	
0.03520470146432239	0.043135636739650214	0.14165371565931914	0.13136631028357376	0.13957930105368474	
0.017487074590401604	0.04329162629273622	0.06861457428120284	0.1366062319252642	0.09610077714119594	
0.001378532804469872	0.020162831815798397	-0.0334524500220507	0.032638518388888926	0.06743255157313104	
0.16854534320467623	-0.11093178698544942	0.054670924434140906	-0.059785848060978336	0.15284556389552903	
-0.004657118500967689	0.03845040019738961	0.007617136092027689	-0.2907733581135466	-0.06908999214252304	
-0.08932372115809016	0.05307136069339884	-0.1640491420040079	-0.30318895771557886	-0.19259625535836764	
0.12604660340942286	0.0005639060647652427	0.062101080811584705	0.18206103885548497	0.04247162922652679	
-0.017154722651850217	-0.1848665899582469	-0.04588714699706382	-0.23408826466298271	-0.2956789029339956	
0.10575152351868777	-0.014217563032479114	0.05979049756586735	0.1470919001312702	0.09125011185413265	
0.21412013400770144	0.06157403738556327	0.17458676076767243	0.24392924945157698	0.2057702742706934	
0.11384511474461888	0.018161314173284995	0.2894360847128087	0.22399374173946793	0.4214232744611245	
0.0543326803828234	-0.05973853353413887	-0.032838118070405334	0.17744854091064272	0.19957860483315043	
0.026116167550102296	-0.12241736510114139	-0.04943064296086795	-0.18741930841915752	-0.14532330581845634	
-0.0108619797823905	0.04725169547271344	-0.022312827298152527	0.1857182717103989	0.20012985395098995	
0.04137717111016229	0.06347077686041437	-0.04058050481804962	-0.03861580918098751	0.07510826419726054	
-0.17188048271215298	0.015166296599535495	-0.18929730472771925	-0.17484657391216704	-0.10855309455473372	
0.017630515681215802	0.0785863642262978	0.045169974850456644	0.39637609114760786	0.4090675807070265	
0.06472683835599313	-0.10990225915871203	-0.07608394075962326	-0.0036696320699109294	-0.11833907872013877	
-0.7603914320469001	-0.08716837964903044	-0.8714310564952732	-0.9725998466897509	-1.2891647375837376	
0.15074722399442464	0.24724621891866447	0.109102396884521	0.10523646118239213	0.22917032981580263	
-0.2338238049789323	-0.11289064227476958	-0.20087810974925002	-0.2485468774874011	-0.2585895357338361	
-0.22115513624159433	-0.10541367216231927	-0.295390909904776	-0.6720744854606105	-0.4398107065609556	
-0.14071482830363471	0.0024092603019744596	-0.10009763302014132	-0.22416417188233	0.007407620144504288	
-0.1565256956817393	0.007522902488264093	-0.1881709485861988	-0.07435074274658152	-0.023585047158558504	
-0.10192788644091276	-0.07571040318709268	-0.08350844396018356	-0.19355891075234835	-0.12655351236356083	
-0.005157589727398903	-0.032275142623865785	-0.01218952973777065	-0.13958430193758456	-0.08527043524528402	
0.39655533355561007	0.020839465477008073	0.3502433667370082	0.6833503782194584	0.9397129414146653	
0.23591085726595765	-0.04537827604035692	0.1989316508971517	0.3267505939600397	0.19105469306341538	
0.2598116355261974	0.13648416966855076	0.3064736214092688	0.5890546353978434	0.541194434338377	
-1.0555322202443027	0.8369981637729644	-1.5061111812428551	-1.859004875083899	-1.7374574623259131	
2.978224053074187	
