TESTRUNID EPOCH: 6 L_PCC: 0.6946616566811046 L_ERR: 0.018307530715812353 T_PCC: 0.6483309435921967 T_ERR: 0.021991981058346273
180 LAYER: 1
2 LAYER: 2
1 LAYER: 3
6 :ILEARN
-0.028705763096403186	0.010265540767318029	-0.15578356183372233	-0.36493435480070985	-0.04166916209588091	
0.23573756128600856	-0.0602420704467754	0.1465780373410516	0.03727993217180433	-0.08288084291540856	
-0.057664735709178426	-0.003528497364796855	-0.101628161387246	-0.0686891004933641	-0.04889834925726054	
0.36026392945321656	0.005917141123880597	0.01425978360942395	-0.05779873102056587	-0.3252308662412384	
0.0821625118433785	-0.09182441475794514	-0.11542008426792738	-0.30115186409126765	0.1145687924373966	
0.11891034333093457	-0.04633047113674245	-0.4699258152652529	-0.060192890464569354	0.2715128379350376	
-0.1021220651915548	-0.20229349745899622	0.058192173069306914	-0.3579568051168489	0.047405169604900675	
-0.29945545011198044	0.02578564735448129	-0.3119191413948779	-0.09706012928992633	-0.2831463758580499	
0.12313816034391638	-0.014605806522767066	-0.03287468242481228	-0.12176372919132211	-0.0359780253540872	
-0.10104104544772773	0.1483996022081802	-0.0879398812793089	0.015314676366885034	0.06110421089288855	
-0.008498363108582615	0.1376694357488467	0.004914206300899506	-0.014294141765168456	0.03527738352061503	
-0.21048665794576213	-0.01496280956157105	-0.5037877839933561	-0.0014036677115856423	-0.0587664086059273	
-0.08522424219377096	0.02428565791910481	0.09748401282323366	0.0021496243966813333	-0.1260275390596846	
-0.2404924586361334	-0.12474060199998352	-0.6061459672797994	0.13818917263638522	-0.06388861759704179	
0.12851424623374813	-0.020591508466038085	-0.030145956283561294	0.21917552882590677	-0.1252724000833347	
-0.5029205541134459	-0.1717184610521863	-1.4774142158743324	0.033152688339293336	-0.06118615683581537	
0.04469908253646817	-0.006108467169849413	0.09045594094758097	-0.016249365953010676	-0.0409805668891395	
0.35119661617485204	0.01356561545437195	0.5017231220289277	0.039454561492187096	0.06540787426498233	
-0.07351486512462263	0.05468880762755199	0.008743506973102682	0.07500629560783807	-0.008907254886841819	
0.3490495210161093	0.0537310368266164	-0.417791356391987	-0.09811691681922546	-0.27119126194730986	
0.0030164227153518753	-0.2833793045587004	0.06012260788338666	-0.17628573689912638	0.0875428440855958	
-0.30112367515390154	-0.04301857535006731	-0.18897431061728293	-0.026937917815325094	-0.31864733818912216	
-0.07809946659922516	0.020914895649042416	0.09412349204697702	0.12290724086538973	-0.04089806916425263	
-0.1742026166624987	0.08185570150160795	-0.0705097823174345	0.046410820128807574	-0.26648354815661657	
-0.1080876682929384	-0.14732498026289428	-0.09263802619228825	-0.15409387810380248	0.10480611333118668	
0.16554301130351526	0.059523577008735104	0.31790897270734153	-0.05874621443910544	-0.0028442053146140404	
0.04191147311259838	0.5128121223354389	0.03009212922656457	0.11723285235247219	0.0629978555358829	
-0.2018026918660927	0.0738362637742962	-0.11306080963882773	0.10649740152247572	0.03680718208090378	
0.05795128492662524	-0.002752976797402523	-0.1191762286364325	-0.17244667079541923	-0.037667727902166076	
0.2951441514134404	-0.01985911857606513	-0.22664403410565517	-0.05686061743909685	-0.34119526218341634	
-0.07108486842757886	0.20070010717042805	0.0460537248456692	0.10549716688580908	-0.02141705278186345	
-0.021552207063779614	-0.05196079551646884	-0.22835740216682532	0.12070376849278991	0.04116869493152582	
-0.045492332796578855	-0.09488031471058576	0.08355661134368711	0.10275038812538674	-0.059461683101053195	
-0.37390299156550594	-0.05063247155710675	-0.11943530822520669	0.030740919479909815	-0.2863729626982481	
0.0036467883818934524	0.13814539382841423	0.09096953495549494	0.1968935795455642	0.05634581645816932	
0.08695884343959055	0.052120880629779535	-0.13565504323545557	-0.15866704123864367	-0.2960990533782405	
-0.029951782897304196	-0.29237122378019886	0.09927653853185361	-0.04983120195791144	-0.10104805718081272	
-0.14227349387049043	-0.03674637869916786	0.11981207778770574	0.039132191085553374	0.31080640406180726	
-0.009199135240511436	-0.1642474150353439	0.03671143913194813	-0.34576588322039725	0.09417392643640536	
-0.2013850401750918	-0.08085985401474109	-0.07307003276905322	-0.036737609588418416	-0.16323567879641468	
0.0840034288134283	0.04377281989352376	0.16625604839905184	0.27392656492452383	0.004812170240859025	
0.0369390387880418	0.07935869087166962	-0.0030979028206350716	0.09856351697736873	0.10508405569292824	
0.028657724864359652	0.1946223304074627	-0.0058048140895631695	-0.15168843072723295	-0.07826472613163685	
-0.19126317802376563	-0.09532193913585807	-0.33226127155895213	0.034006039386317514	-0.039696836441244374	
-0.0720931320027213	-0.09108407037177357	0.020477251005882074	0.4267480357688082	-0.048036891918993914	
0.02073216363840906	-0.029809496475663236	-0.18123943164984954	0.06998423336295488	-0.2433616816542695	
0.0003907555865077805	0.16705568940013682	0.04959205904893321	-0.04451791478291738	-0.016486151436505916	
-0.28059873084843157	-0.156436628561442	-0.38156111078397	-0.053155078385590755	0.05782638611707249	
-0.005244363968157516	0.23464048338919574	0.07002268239406761	0.23762896754435323	-4.569014131703005e-05	
-0.282299588411854	-0.10190883631070849	-0.10802692094631132	0.0291737903938183	0.10135170940443244	
-0.09035678119719835	0.19646014648292606	-0.015678617188023446	0.2850951914350356	0.048938637085625375	
0.09123983534343072	0.00918888514591214	-0.11612355318524611	-0.018831525332086593	-0.18175670274492228	
0.07125189339163217	-0.08995679251848962	0.10174900282521927	0.5392083548146147	0.10156365719819067	
-0.07999593209006146	0.06140529020690336	-0.2902407798832861	-0.02651798276738391	-0.14002859434864504	
-0.0053069236670571385	0.03067145055437955	0.025726274072060493	-0.11737195012311527	0.12939449448637277	
-0.1575342930810088	0.007080363688629321	-0.09516366181702204	0.0019208758423026444	-0.0664974723859815	
0.11737829352637114	0.1760453624195435	0.08459643083946226	-0.005773557001399374	-0.019196250974122045	
-0.10756498988438348	0.05204660055270071	0.21737216276845506	0.009804827056141661	-0.1372938029218408	
0.039880955264530366	0.20487695039848425	0.012389066096623652	-0.04590434134137094	0.03060221451197953	
-0.091333936652547	-0.0681115615974641	-0.5341090277441719	0.1342506760621148	0.0926133262944003	
0.010036316651769298	-0.1437167407599806	0.09577742389188297	0.0269039053151291	-0.07540222389956971	
-0.019140758525950523	-0.09753924653040849	-0.4476399123363115	0.031643326107968606	-0.1271662520155456	
0.1036702393855523	-0.07541892901452894	-0.05704796956696744	-0.29981123311072533	-0.06155693976194055	
-0.10164207893045797	0.04845423747360617	-0.09314316696033659	-0.00721630827500582	0.2629109170480562	
0.03128658625362074	0.16339338540785384	0.016799276217406286	0.2484146137978668	0.07360739375785004	
0.10400543076543896	0.0029451056760805994	0.18469980830806107	0.01688886378669533	-0.11899833579205193	
0.013965128760247086	0.49405959593053084	0.0037963263192658187	0.19063460192901296	0.11886992819934164	
-0.056095873672796115	0.04939988125610129	0.40135501514530436	0.011430463065336415	-0.32310330408313803	
0.01676053656245678	0.14997880728169316	0.13377996577889614	0.3744667817829257	-0.08257111183652478	
0.1772501876664723	-0.050192281596261545	-0.5998854329141244	0.11198316938159947	-0.121974512059111	
0.11016170110948044	0.18481506556122287	-0.032310231035773115	-0.018451463736022657	0.04666010327900179	
-0.18096589626626877	0.1141194960835071	0.24099673127400223	0.027804691059263073	-0.08385440279257045	
-0.08213297539481725	0.14315174381654727	-0.4123102672087421	-2.324824061032509	0.4932867894642777	
