TESTRUNID EPOCH: 58 L_PCC: 0.8037718642433627 L_ERR: 0.005363727896854066 T_PCC: 0.5710654292999026 T_ERR: 0.010891922707437355
180 LAYER: 1
3 LAYER: 2
1 LAYER: 3
58 :ILEARN
0.20239912183485334	0.3759336441026807	0.24246107436591086	0.15186113626344472	0.2234888954493613	
0.2245815271334278	-0.14137128444847205	-0.17782197768094535	-0.16695079803413954	-0.10118245891223347	
-0.20047492784031212	-0.16044707491024957	0.01673816439816078	0.20376878976068535	0.035953351810958996	
0.07415196829438142	0.04789672087276031	0.07602919488894858	-0.4156139228322388	-0.5157074137937263	
-0.40829927328388427	0.25956612220668007	0.2386827929428211	0.34487972963169733	-0.06253977042307725	
-0.14780477585026092	-0.30063736946921815	-0.07389085465878464	-0.031379414411438517	0.10701524598144654	
0.037781960018802366	0.18749381765630133	0.3106488131763969	0.3869670997244749	0.6599484660423848	
0.6194064954181363	-0.14458372369206238	-0.21876207097152403	-0.3738512190420987	-0.43711592111598185	
-0.5578455192994853	-0.5745637901127927	0.03149367599719067	0.18002142696018375	0.04735555557589319	
0.0894237174207869	0.22760945479369088	0.11525464542220312	-0.10588781970201656	-0.15253569414548906	
-0.1804109763334411	-0.08563330797402524	-0.24419760890963435	-0.23959623039199715	-0.023909892731875677	
-0.08478823937811418	0.003152848389137464	0.050194616418765325	0.2191295402814199	0.2528890909259396	
-0.14157129609874336	-0.09733534634611106	-0.05075139959452677	0.28726438344456545	0.38469024427923915	
0.5162102890890554	0.034374707752374355	0.0051748344028783215	0.09127816783580389	0.046004425103588195	
0.12429759311941958	-0.026341127528846594	-0.08444493292130227	0.051510405317853065	-0.035234170204456475	
0.09527784086323861	0.3306002871208368	0.23062306843969635	0.2523949269042213	0.3717143422985372	
0.4255806865603322	0.04971402171044648	0.08282982057519843	0.010700826407702905	0.14676214895377288	
0.39665334161697274	0.31668267996528154	-0.20960823598994474	-0.3763316536710307	-0.42019590058371775	
-0.16621108681044672	-0.05042089244276759	-0.1582995274601041	0.0919072595420784	0.10410285313058447	
0.08069765454579507	-0.17435749594631944	-0.3580792627717499	-0.44615133086658204	0.04942800959435295	
0.0466609909154455	0.0672568125875854	0.06552566362914199	-0.052193549473409394	0.06378077963919813	
0.19171701889268647	0.17648389225267122	0.38226739279304967	-0.352782993412301	-0.49069631169001565	
-0.6490768740814379	-0.06648483314273665	0.0957759897160281	0.04895200488260418	0.12724907790759227	
0.40544261319465696	0.4298053870744108	-0.23812706954238008	-0.40631941698944635	-0.5169774351324293	
-0.13299743122081148	-0.1316164053864476	-0.08470316428525802	0.19461959247576333	0.4658171114035607	
0.4219095314679737	0.053770207879471545	0.14128696851036876	0.007808692551282557	0.02436814776885864	
0.1697880766910184	0.2662128518264109	0.048936399543071385	-0.03838488975063842	0.12174167096095548	
-0.0065045847922776	0.14038124810940789	0.06472477002684944	0.14439245243749213	0.1648033668062554	
0.13233799063816193	0.12220748414252582	0.21551804436988511	0.24806076023035084	-0.05579818599484911	
-0.026055916527554943	0.001986045068400832	-0.12681316292895725	-0.20914581199272356	-0.28923001199105375	
-0.22817504677485978	-0.12443622799226792	-0.20313953157221581	0.037893574541528856	0.1033062870301928	
0.20495814678943985	-0.25246492288552724	-0.27059851466291834	-0.20797245856989155	-0.04455626482355615	
-0.17080457103628627	-0.13380679606175727	0.062238739255433044	0.15309853598006232	0.04750080989117665	
-0.04166991570422627	0.015790242385911743	0.07097505624129745	-0.03125809719955932	-0.05227223004992626	
-0.10657203581490565	-0.113403457128568	-0.2932838844972308	-0.3526154164799376	-0.038657263814758404	
-0.05524894687480429	-0.0660947350719512	-0.05294780191243914	-0.08684296843670544	-0.027478925962163156	
-0.04894216752968075	-0.15508966015409478	-0.05663822926680401	-0.0051892881580737115	0.06860465885689894	
0.18179174444436236	-0.0740548729551073	0.01096800857979044	0.012942763499924946	0.021989641321505455	
-0.0840237139664826	-0.14612876089905683	-0.02430884434307947	-0.0474465100103469	-0.05132414187744835	
0.14062209349097032	-0.005264591759842618	0.04589471512706575	-0.1891539507530198	-0.18934655599156883	
-0.2026167713448221	-0.012681666381638753	0.11305681105769233	0.10430306250811626	0.056016384390691655	
0.1284356177494514	0.16517906685264105	-0.030580183384381815	0.023951744703634925	0.02759347324003804	
0.11875044619723985	0.3251183363768041	0.17516564962777476	0.011173338056585026	0.06050522878376117	
0.14398114397341147	-0.12065486913531644	0.04603728439705662	0.019653659501267715	-0.06787017661088385	
-0.01289597081011316	0.04394834691140675	-0.055730688746690064	0.12170254060180428	0.05781396147586567	
0.062083648608204596	-0.02968783198287126	0.043430795998890305	0.11961277327134866	0.1643944678098437	
0.07728210007927273	-0.024689422675658497	0.00235744470481078	-0.09522745565538196	0.0036173478557949335	
0.03778196792230282	-0.07325981988858002	0.01950701849380732	-0.013488369833676975	0.06582634564430587	
-0.07731807574116077	-0.01909998009558342	-0.02431171413845897	0.05535359322622712	0.23925526724171947	
0.21067244048462805	-0.05536961526925965	0.09703517377899322	0.13097193410151978	0.14571983996327467	
-9.643189771722605e-05	0.20137388981336893	-0.007671725195377108	0.1325846939451832	0.06273353918363297	
0.04022916688211714	-0.016503768827545687	-0.009548865251088586	0.1047644379300021	0.24909722789736186	
0.29956864775695474	0.09342007359335364	0.10811729477778695	0.12292839593262828	0.039595613983836105	
-0.08578732533098916	-0.018441315391362022	-0.028054236564293854	-0.045185811207699426	-0.026241494908410806	
-0.03666169856653928	-0.02397779755250832	0.030327562652960466	0.18131180899005145	0.4023768279279047	
0.3615657163401629	-0.045990883068588534	0.03203501527848019	0.022010493974813403	0.02642057522101344	
0.02791581263805914	0.03831056365650875	-0.09055009532347043	-0.1836026808767453	-0.2144778440130399	
0.011386490575996952	-0.08042768627850613	-0.021898405082551673	-0.04679705604202271	-0.027199146708647183	
-0.07284397189876868	-0.11139921833995471	-0.2479239889585525	-0.2576781938931968	-0.004323222363168683	
-0.017347774211218855	0.056995721108942854	-0.1846521159386202	-0.04389872288690606	-0.2088217569553853	
-0.018932937620883723	-0.04552904754504139	-0.08550179199496606	0.22454726588038743	0.2686380751785086	
0.38183044164203994	-0.08662739133747423	-0.114531506021794	-0.04765114196948981	0.08126415515306715	
0.2759700041419277	0.2880298788670812	0.030976769362171336	0.06543416535973612	0.078690628848416	
-0.06695584657411384	-0.04476805359954521	-0.12814616323543343	0.07531392366492862	0.2741256384984821	
0.18499597582323296	0.13238196719220627	0.12399481657333443	0.10813219486702806	0.03855973115631464	
0.041876760387603934	-0.012889479956503237	-0.06969360302180692	-0.11233763214153748	-0.07272461583722913	
-0.019444935809520773	0.11559620771500373	0.020245174334960807	0.12547765244279285	0.24758320097403672	
0.10590685100819762	-0.2877157502755111	-0.29232503030090085	-0.27824148221510914	-0.16584317731507733	
-0.20519243862379216	-0.17486087690341534	-0.009967056869284806	-0.031918331098703095	-0.16934551329238362	
-0.036143634020604595	-0.0007606467834030331	-0.04200217121664963	-0.019228161618107933	-0.14748874870732173	
-0.038818583248710216	0.10631607058592397	0.06175271704348823	0.046842944360254206	0.060699678805893706	
0.018852195491448228	0.11686451361343302	-0.05268943792208483	-0.01478516334998986	0.04015617538466629	
-0.06701022299848312	-0.09233708298156053	0.03199238481175154	0.04125928936266488	0.17896013375232508	
0.10615716546798537	0.09580710772557188	-0.0062762577392755075	-0.0014902204205580892	-0.028586465195691153	
0.06038727756277801	-0.0008726766988046289	-0.061105833685009485	0.060742151934729524	-0.08405145439894375	
-0.013805013334026894	0.08709872091005688	0.07369822426827381	0.07809243956465602	0.002148629052931042	
0.056839440765378155	0.18728964065950826	0.3758365774438854	0.26019938505384727	-0.16609146032804895	
-0.2125679231502795	-0.11652321416047254	-0.05580875971914816	-0.13386879626727735	-0.042259710128923364	
-0.022479830111459216	0.14560749391964878	0.07834171224170682	0.05182608684845426	0.2866806828352627	
0.35240099685340054	-0.07572950735521417	-0.03636472860319412	-0.07908848722397409	-0.15998682510589668	
-0.1669571050058171	-0.1852893355580654	-0.14891506229553622	-0.023343669740057374	-0.09942355633020893	
0.09413500465761933	-0.0015272504830989735	0.004180472270140621	-0.04262518059691069	0.041299690828884315	
0.002433861744105911	-0.03832017633171831	-0.016480781294836825	-0.033769570939608605	0.03887482448433428	
-0.05883621049362893	0.032921942657425915	-0.04154933439344392	0.029114414545990393	0.012951159380546641	
-0.017543441065838265	0.06230027067966281	0.10808407649815412	-0.06531899494806864	0.016589033447752786	
-0.033733151056282024	-0.22114493525252638	-0.1371201282875714	-0.22913855900897964	0.09535106217227837	
0.09503142192715704	0.12185099364827331	0.05737326931262392	0.08648414047260394	0.15774652175330905	
-0.05731906503229636	0.03656285135011636	-0.14023772049698857	0.026561867404538718	-0.1291276964961927	
-0.01259791563878999	-0.1360020678679148	-0.025734577116894173	-0.10722797013958768	0.04981644739129251	
0.0057812638740446145	-0.00986369677989993	0.17293449583644288	0.07000725322910933	0.08877146497844086	
-0.07319225007950174	0.009027152377934345	0.06269438782081142	0.19527297429298457	0.2035006092823921	
0.21881978165765067	-0.02459728683084226	-0.15854608999213338	-0.18921718020230505	-0.22255010388885807	
-0.28698505011604	-0.17426385473353437	-0.2031817571019007	-0.22461986945468843	-0.14676313615028325	
0.0015099048491738379	0.17058406263161627	0.03446392278068005	0.1108374999999824	0.1381489448168092	
0.2617316243191932	-0.061183350607261267	-0.058560296163413676	-0.04320714530627429	0.10003653043119097	
-0.06998136088841664	0.06162912620403629	0.22498696331859755	0.153958764007615	0.27084909329385914	
-0.05116873657178531	0.04701358867591918	-0.002924770124583575	0.1323773278836182	0.1351717391995965	
0.18116982047620184	-0.02730532117451267	-0.07372249983747191	0.041100581425014916	0.031178229296193183	
0.1172171067815948	0.20520133780316768	0.04005027039421202	0.043286439213882755	0.07457574596649605	
0.16381747476407071	0.21581888667697585	0.20667577689891542	0.23086406384593755	0.18160525615559714	
0.16952657730376372	0.05230647611606789	0.1368597240699569	0.11729625646615484	0.09026008155297888	
0.09277249691308825	0.18188453895156317	-0.3702524235617421	-0.4234198931467301	-0.5007877589684127	
-0.24165745606554062	-0.31255889329356107	-0.3955427700119369	0.232749047505386	0.4695763725581873	
0.4712751340536808	-0.2740024102005465	-0.4652882889250872	-0.4208754974104211	0.2797133649349315	
0.318509908227413	0.3011254770018242	0.14979000399346776	0.16783227105709972	0.11117333692748763	
-0.09817455325515148	-0.08836515452173657	-0.08756126903409034	-0.12877749667732197	-0.219854369061855	
-0.10742232446174434	0.11107505909733546	0.38324137284271437	0.360388607939695	0.2062499504028577	
0.23445934990825779	0.2564944226360849	-0.5364366418669867	-0.8169332587995431	-0.7584718648816806	
-0.04170725718536024	0.25429580555559705	0.3261444905737623	-1.2550314218182017	-2.2731541852976718	
-2.4294376542729745	1.4895665376111193	
