            A        R        N        D        C        Q        E        G        H        I        L        K        M        F        P        S        T        W        Y        V
 1 A  -0.0549  -0.5456   -1.274   -1.731   0.8833   2.3267   2.0263  -2.6059   0.0454  -1.9882    4.677   2.2168  -0.9763   2.7109   0.0331   0.0775  -1.8953  -2.4688  -1.9822   2.2159
 2 A    5.455   0.5127   0.5335  -0.9531   0.2548   1.3794   0.4049   0.3982  -0.4134   -0.105   3.1931  -4.3061   0.4359  -0.3999    0.309   0.3096  -3.2463   1.5463    1.138   0.6108
 3 A   3.4796   2.5662  -0.3422  -4.2018    1.964   0.6682   -0.034    -1.11   0.6302   0.5812  -0.7025   0.5323  -0.4101   0.1446  -0.8464   4.7383   0.9905   1.9381  -2.1244   0.4686
 4 A  -3.6017   0.8975  -1.5181  -0.0075   2.5334  -0.8025   2.4954  -1.5159    0.501   0.9848  -2.1148  -0.5853   1.2612  -0.3358  -1.0679  -1.4762  -0.0754   0.0015   -2.962   2.7452
 5 A    3.335   1.7954   0.1778   3.9968   0.6824   0.0582   2.5837   0.2341   1.3634   0.0211  -1.0537   1.3213  -3.3388  -0.0285  -0.2124   0.0406   1.3462    4.242    -5.12   0.3449
 6 A   0.3344  -0.9403   3.8074   3.0179  -2.5874  -0.9617  -4.5408  -1.1067  -0.6217  -0.3345   1.9781    0.116    1.281   0.5334   5.4555  -3.0332    1.071  -1.5129  -0.5719  -1.0281
 7 A  -4.8014  -2.7788   -0.466  -0.0315  -0.5088  -0.9744   -2.941   2.9939   4.1439  -1.4811    -0.07   1.0271  -7.4344  -0.1637   2.0345   2.1981   3.0675    0.277   -0.792    2.938
 8 A   1.4145   -1.134   0.4021   2.1243    1.948   0.1236    2.105   4.7215    -2.63  -1.2429   0.8568   0.6844  -5.0796   0.3114   2.6033  -2.7378  -0.4201  -3.0117   1.4442    0.311
 9 A  -1.7195  -1.2967   0.4773  -6.9122  -1.1092  -2.2658  -1.3733   -2.024  -1.4489  -0.7892   0.1864  -1.4837   -0.859   -0.205  -1.3371  -1.3179  -1.0574  -1.2711  -0.5151   1.4245
