            A        R        N        D        C        Q        E        G        H        I        L        K        M        F        P        S        T        W        Y        V
 1 A  -0.0174  -0.0278   0.0183   0.0226   -0.026  -0.0121   0.0758  -0.0033   0.0707    0.001  -0.0372  -0.0678   0.0887   0.1739  -0.0133  -0.0107   0.0068   0.0632    0.034  -0.0159
 2 A   0.0754  -0.0195   0.0374  -0.0103   0.0204    0.016   -0.037  -0.0053  -0.0585    0.044   0.0336  -0.0358   0.0752  -0.0083   0.0401   0.0074   0.1033  -0.0282  -0.0221   0.0956
 3 A   0.0111  -0.0421    0.018  -0.0138   -0.049   0.0019  -0.0155  -0.0349   -0.004   0.0615   0.0499   0.0093   0.0909   0.0368   0.0028   0.0033    0.055   0.0964   0.0589  -0.0131
 4 A   0.0539  -0.0022   0.0085   0.0635   0.0235   0.0092   0.0113   0.0062  -0.0128   0.0145  -0.0277  -0.0093     0.02   0.0342   0.0104   0.0353  -0.0058   0.0442   0.0321   0.0143
 5 A   0.0213  -0.0069  -0.0183  -0.0074    0.011   0.0346  -0.0051    0.014   0.0338   0.0311   0.0111  -0.0332   0.0434   0.0158    0.083   0.0316  -0.0346   0.0453   0.0102   0.0429
 6 A   0.0165  -0.0165   0.0313   -0.024   0.0108   0.0237   -0.054   0.0262  -0.0178   0.0466   0.0143  -0.0261   0.1229   0.0975   0.0165    0.013   0.0156  -0.0043   0.0122   0.0192
 7 A   0.0047  -0.0151   0.0149    0.012   0.0176   -0.011    0.007  -0.0135   0.0819   0.0068   -0.005  -0.0049   0.0274   0.0606   0.0427   0.0231   0.0141  -0.0003   0.0256   0.0346
 8 A   0.0084  -0.0027   0.0456  -0.0247  -0.0094   0.0154   0.0201   0.0257   0.0595   0.0146   0.0312   0.0155   0.0071   0.0728   0.0314    0.007  -0.0356   0.0087   0.0305   0.0022
 9 A   0.0488   0.0107   -0.017  -0.0448  -0.0385  -0.0352  -0.0521  -0.0862  -0.0329   0.1017   0.0779  -0.0238   0.1624   0.0018  -0.0092   0.0256   0.1392  -0.0336  -0.0004    0.129
