            A        R        N        D        C        Q        E        G        H        I        L        K        M        F        P        S        T        W        Y        V
 1 A   0.1808   0.3193   0.0845   0.0709   0.1062   0.1189   0.1008   0.1678   0.2195   0.2062   0.1685    0.326   0.2215    0.121    0.062   0.1766   0.2001   0.1001   0.1459   0.1906
 2 A    0.187   0.0571   0.0913  -0.5038    0.005   0.1946   0.0842  -0.0847   0.0504     0.12   0.1691  -0.3298   0.2278   0.2221   0.1237   0.2094   0.2254  -0.0235    0.261   0.1914
 3 A  -0.0722   0.0175  -0.0248  -0.0954  -0.0389  -0.0736  -0.0918  -0.0681   0.0728   -0.014  -0.0109   0.0412  -0.0075    0.051  -0.0669  -0.0111    0.004   0.0431   0.0043  -0.0149
 4 A  -0.2109  -0.1624   -0.187  -0.1463   -0.274  -0.3221   -0.227  -0.2269  -0.1733  -0.1904  -0.2011  -0.1898  -0.2206  -0.1373  -0.1802  -0.1725  -0.2036  -0.0991  -0.1612  -0.1743
 5 A  -0.0865  -0.0161  -0.1202  -0.1564  -0.0689  -0.1093  -0.1897  -0.0787  -0.0381  -0.0314  -0.0565  -0.0907  -0.0852  -0.0441  -0.1063  -0.0731  -0.1037  -0.0991  -0.0615  -0.1015
 6 A  -0.0237    0.111   0.0446  -0.0011  -0.0507  -0.0174    -0.03   0.0308   0.0837   0.0651   0.0343   0.0569     0.01   0.1139  -0.0285   0.0005   0.0464   0.0643    0.075  -0.0104
 7 A   0.2812   0.2755   0.2433   0.1735   0.2677   0.2687   0.2218   0.2388   0.2747   0.2785   0.2264   0.1819   0.2666   0.4092   0.2455   0.2778    0.262    0.228   0.3178   0.2638
 8 A  -0.0788  -0.0958  -0.0988  -0.2273  -0.1701  -0.0856  -0.0731  -0.1203  -0.0831  -0.1361  -0.0819  -0.1143  -0.1142  -0.0147  -0.0615  -0.1531  -0.0411  -0.1166   0.0093  -0.0689
 9 A  -0.1816   0.3037  -0.2206  -0.5616  -0.2595  -0.4999  -0.0952  -0.3419  -0.0768  -0.1729  -0.1361   0.0886  -0.1137  -0.0888  -0.3419   -0.166    -0.12  -0.1881  -0.1083  -0.0884
