            A        R        N        D        C        Q        E        G        H        I        L        K        M        F        P        S        T        W        Y        V
 1 A  -0.0628   0.0062  -0.0546  -0.0221  -0.0591   0.0337  -0.0085  -0.0247   0.0131  -0.0173   0.0167   0.0489   0.0249   0.0019  -0.0209   0.0163   0.0504  -0.0204    0.018  -0.0035
 2 A   0.0615  -0.0012  -0.0129  -0.0301   0.0032  -0.0149   0.0377  -0.0774   0.0185  -0.0414  -0.0446  -0.0352  -0.0093   0.0022  -0.0094   0.0087   0.0728    0.027  -0.0487  -0.0089
 3 A  -0.0038   0.0145  -0.1313   0.0342   0.0776   0.0045  -0.0535   0.0337   0.0314   0.0016  -0.1063   0.0188  -0.0106  -0.0087   0.0293   0.0061  -0.0681  -0.0424  -0.0511     0.11
 4 A  -0.0599   0.0034  -0.0358   0.0082  -0.0483   -0.042  -0.0148  -0.0218   0.0111   0.0288   0.0284  -0.0519  -0.0401   0.0006   0.0121  -0.0395   -0.059   0.0254   0.0231  -0.0276
 5 A  -0.0079  -0.0138  -0.0429   -0.051   0.0131   0.0397   0.0379  -0.0232   0.0147  -0.0442  -0.0472   0.0054   0.0053  -0.0101   0.0496  -0.0308  -0.0038  -0.0292   0.0315   0.0054
 6 A  -0.0157   0.0183  -0.0279   0.0247  -0.0814  -0.0891    0.015   0.0065   0.0109    0.018   -0.004   0.0015  -0.0312   -0.017   0.0301  -0.0174  -0.0144   0.0557   0.0206   0.0113
 7 A  -0.0546   0.0043    0.026   0.0004  -0.0155   0.0208   0.0132  -0.0327  -0.0652   0.0216   0.0222   0.0279  -0.0275  -0.0036  -0.0381  -0.0147   0.0203  -0.0076     0.01   0.0173
 8 A  -0.0485   0.0114  -0.0576   0.0214   0.0224  -0.0368   0.0396   0.1386  -0.0083  -0.0248  -0.0298   0.0401   0.0251  -0.0134   -0.006   0.0029   0.0196   0.0178  -0.0107   0.0395
 9 A  -0.0384  -0.0396   0.0186   0.0404  -0.0325  -0.0606   -0.001  -0.0402   0.0158    0.012  -0.0439   0.0269   0.0173   0.0208  -0.0441   0.0208  -0.0219   0.0912   0.0556   0.0179
