            A        R        N        D        C        Q        E        G        H        I        L        K        M        F        P        S        T        W        Y        V
 1 A   1.1386  -1.2768  -0.0234  -0.3691  -1.5122  -0.9223  -1.0606  -1.5612   0.9058   0.3702  -0.2245  -0.2077   0.8253   0.7171  -1.8238   0.5782   0.6408  -1.8156   0.2971   0.7967
 2 A  -1.6369  -1.4253  -1.8807  -2.5257  -0.8902   1.5223  -1.1342  -2.0388   0.4204   -0.945  -0.7158  -1.3218   0.5071   3.3863   -2.763  -1.2745  -1.5496   3.5875   5.0224  -1.2315
 3 A  -1.3567  -0.1731  -0.4996  -1.6892   0.8573  -0.2242   0.1733  -1.3679   0.2842   0.9835   0.0692   0.1387  -0.3167   2.0057  -2.4508  -1.2437  -0.5731    2.043   2.1478   0.1133
 4 A  -0.6311  -0.5707   1.1588   2.2326  -2.1907  -0.8361  -0.4829  -1.9001     0.65   0.3878   0.0401  -0.1044   0.0869   0.0169   0.7658   -0.201   0.0142  -2.4643  -1.1546  -0.1012
 5 A  -1.3667  -1.3035   2.5092  -0.9488   1.8592  -1.0387  -0.7113  -1.9266   0.8877   0.5649  -0.3655   -0.372  -0.6224   2.0745  -2.4164  -0.2717    0.076   2.8294   0.0678  -0.4849
 6 A  -1.1998  -0.4067   0.5664  -1.5441  -0.0692   0.8901  -0.2346  -0.6609  -0.0786   0.1115   0.1149  -0.3392  -0.4236   1.2765  -2.3394  -0.4631  -1.0383  -0.2374   3.7425  -0.3593
 7 A  -1.6201  -1.2189   2.7006   0.6364  -2.6924  -0.1642  -0.2066  -1.8896  -0.3931  -0.8102  -0.7385  -0.4453  -0.9678   2.5873   0.6049  -0.6625  -0.1599    1.635   2.1357  -1.3415
 8 A  -1.1845  -0.3987   0.8817  -0.2833  -2.1775   0.2856  -0.1012  -2.2406   1.2131   0.1329    0.778   1.3241   1.2064  -0.1773  -2.0544  -0.7504   0.2733  -1.6812   0.8756   0.1169
 9 A  -1.7977  -2.7213  -3.1761  -3.5251  -1.8597  -2.5864  -3.0077  -3.5205  -1.8244   2.2909   2.1079   -2.717   1.1465   3.1499  -3.2628  -2.4738  -1.4387    3.344   1.9889   0.8736
