TESTRUNID EPOCH: 89 L_PCC: 0.9074092605447241 L_ERR: 0.002946662005929125 T_PCC: 0.7651870803099596 T_ERR: 0.008279686382805972
180 LAYER: 1
5 LAYER: 2
1 LAYER: 3
89 :ILEARN
-0.09685734039033829	0.1245960960097224	-0.20051379010354733	-0.14993552036064625	-0.148481354600528	
-0.023948714032480403	-0.10215468359184243	0.043373225391284694	0.03594227234659842	0.04079717468300892	
-0.04959446019123574	0.0694645003696833	-0.10971479123549963	0.029173958888002255	-0.13251494228912128	
0.014779687598093345	-0.015000779430289489	-0.01490132347641928	-0.0802183963589075	-0.08048591832973921	
0.022002386709114474	0.14198514548871738	-0.1138922313127965	-0.05099713884734421	0.025889631063572633	
0.05325682753249667	-0.046195501679181517	-0.14147593310647785	-0.1166890441826744	0.03624016265012453	
-0.09283795617076468	0.002257822030444893	0.06203804191039759	-0.02434921424851836	0.018156597062157685	
-0.039603292199234044	0.012593872023137815	0.06348717167555301	-0.0818331859768754	0.04627553207760132	
0.18426037334801482	-0.030948340630281384	0.08516475818789007	0.17323952725979683	0.032775782625383915	
-0.022362876140682313	0.10324617726938115	-0.08671742050687792	-0.10167112489965487	-0.09395890947437725	
-0.09438869860366252	0.04694400697090284	-0.08764094657036199	-0.09012753352842937	-0.010714057945219155	
-0.08197766076816837	0.017986257923490234	-0.06497748086253158	0.014708751712179656	0.0315669534839707	
-0.08742582167945237	0.004826922340724932	0.0032901337729141483	-0.06514439443635515	-0.10542115567700305	
0.0495077164608575	0.010327121117316951	0.029957797225662854	0.09672262142470535	0.05983590788835487	
0.12472254648707669	-0.12939399562259962	-0.0015404810701047022	0.13007073394097654	0.03433336396273373	
-0.157743017096815	0.18159653861015976	-0.14433033637874662	-0.06506404408067498	-0.055656006085104556	
0.026055847823207936	0.08149035381202366	-0.021834120083160578	-0.1054158252920087	-0.10782431103337924	
0.0078960930596379	0.08144776473593217	-0.07442046606217233	-0.12103414911331452	-0.06887491567241853	
-0.03732238241906106	0.06683152510447801	0.027291556567561884	0.04053565049542357	0.026848783614689523	
-0.08309060764461526	0.12289604645002854	-0.05057832879275807	-0.17939423441987407	-0.0175082029349416	
-0.029723611723709287	0.000713057121547574	0.07311696045475741	-0.03263640884588253	0.08821590976287359	
0.003205160621562665	-0.09033336512076692	0.05786207069099199	0.011452518198206871	0.07531857054517466	
-0.09499105888004643	-0.06110564915214852	0.04824337177688188	0.010935967696241252	-0.12211777072538851	
-0.1068953646406459	0.17109455378217076	-0.12761543887853968	-0.14110156655856793	-0.26997234556518346	
-0.04605697590245307	-0.12543245350148094	-0.053543501539588916	-0.020504186518165102	0.12087459755942677	
-0.11208266950690458	0.10159264144680259	-0.08814001573912539	-0.21247305249697085	-0.18360316387889547	
-0.42561656820880933	0.4952022155407435	-0.6193843318815813	-0.6766311881779036	-0.47061348795525126	
0.03728289940198514	-0.03244151762060302	0.0976601689258001	0.18356433933290092	0.15387569518477995	
-0.04318208543468367	-0.031189399548244637	-0.16661773741310748	-0.14843631401913931	-0.1591529937398909	
0.05591308907673627	-0.15358853125859392	0.19528129133570082	0.14008174685928124	0.04980748240732638	
-0.026354655671790152	0.06421526271300046	0.05835434404553486	-0.029543702025289262	0.008837507025800622	
-0.020421636976884257	-0.015258831361205314	-0.07270065428509238	0.01603416415272596	-0.009126898876046181	
-0.006053746995372917	-0.02471914118794499	0.06307528658312386	0.09272041031551773	-0.02034343716593557	
-0.04008238402232986	-0.11062148149669723	0.04136612184268542	0.046720914561308564	0.0679685303680588	
-0.0422274421083453	0.08845522598672369	0.003117361650386059	-0.030159419136090028	0.0018135996103689578	
0.12720764346147403	-0.054855918022834925	0.07237259905448802	0.03407287645513533	0.0785085432592376	
0.08071920056342072	-0.11031651905915107	0.11627411356763091	-0.01773850783964353	0.0223657982130241	
0.09924160025054324	-0.08321407731805504	0.05548492005378015	0.019609606524138498	0.11819522667454996	
0.0360622021842489	-0.15468378423193033	0.15647465595389734	0.1470273747448942	0.1746321352870432	
0.17201653184512	-0.15277146595365704	0.03305593708028782	0.09191936878995648	0.18241789559484642	
0.05499540529028266	0.05667686337641245	0.033448393778941814	-0.027108457294651753	-0.06380451354176893	
0.044928062620533955	-0.023000111743376968	0.06366686078727629	0.12495522199562403	0.13558580791624888	
0.006258901423728343	0.08202971608145009	-0.003873440351103912	-0.04807163543433063	-0.019758005824045553	
0.06588431222707869	-0.14582788845674755	0.16822467855728346	0.12470646244595339	-0.013742587781093355	
-0.06714709977307654	-0.028998634723253973	-0.09269098518331184	0.038981460722875796	-0.047776887101691486	
0.12960915302909007	-0.01688846609930658	0.1283014196392488	0.10276310031962299	0.1312415466714631	
0.037803004401700174	-0.029300831510268546	0.1083427507015492	-0.004666599240994151	0.050975831568776095	
-0.04345801183794068	-0.026601398004830856	-0.07757052786300463	-0.12001304773090248	-0.0019294447445749405	
-0.0013787244394071958	0.047814190940132895	0.05356367011801648	-0.036809238989434466	0.10093966838966048	
0.00037173388301146794	-0.06576775140823828	-0.05484759117021987	0.0023937833350909303	0.04217844832489286	
-0.11508607588390284	0.10010930854818106	-0.06187643384256556	0.07166026209042191	-0.017228295329964984	
0.1100120256312054	-0.019215925708417365	0.08323554019762662	-0.00735498329760736	0.07464844678269526	
0.03597118797950863	0.08284844682287759	0.02612616650179833	0.01750941820619472	0.045416798384704846	
-0.04534058075296554	0.02643700589707219	-0.05882407716955137	-0.03934410815139088	-0.054805517227047636	
0.0028032162391431283	-0.050190500355180835	0.03738647409834755	-0.01360856220398441	0.11119745807228147	
0.07261225179817866	-0.09260283361075221	0.04907008166241487	0.013592602443754959	0.1008151836215933	
0.1239701844799083	0.027463416136629313	0.11851681524723286	0.02931123387915471	-0.010579803738538136	
0.07464663647230495	-0.002963460164398144	0.028862312566797877	-0.007735551489471798	0.0318007801215123	
0.03482974132329035	0.01588194243276927	0.03584172254826594	0.027638782759617654	-0.007384800295608032	
-0.09828040449114415	-0.011624231287395537	-0.1050781468979363	0.07961260864280402	-0.09438424213733212	
0.08655190658938852	0.05417858680526737	0.03950409683406805	0.02670603641075155	-0.04555733642282992	
0.029600373353531884	-0.0664106770513939	-0.029946389281050933	0.03226023838099312	-0.001192527489006572	
0.10104047360306721	0.07889838648572728	-0.07059358261845651	-0.11501877716789866	-0.05058385944557806	
0.013460420282732597	0.039928515870453825	-0.08568230236154846	-0.0895794885338157	0.07796113598297323	
0.010973575008808809	-0.0061988184193643055	-0.039333291542507476	-0.062207442730462525	0.0234705999246932	
0.0078933581771408	-0.07216687196702318	0.014576323860037826	-0.013615282116572721	0.043780307107889375	
-0.058499490063422206	0.037459806659697836	-0.06963298903237222	-0.01574722578593685	0.06697177893359556	
-0.06579924168234798	-0.0422828761582815	0.06307837053481352	0.03991827485171058	0.026958286251630593	
0.08708853468674194	0.0869377670437816	0.044349203178301176	0.035900846600148834	-0.0733645425013655	
0.03600443894146066	0.015735655627848337	0.06572880213245232	0.12553580000439535	-0.08277647565031344	
0.03989977813054579	0.0553229561831067	-0.040573409104974964	-0.0348931445702849	0.018711131340622907	
0.003021495341247769	0.02468063930032363	0.013743319361352833	0.07089313154266741	0.13850726778018538	
-0.050706535181346754	-0.06236125174996623	0.08310847503773353	0.01604879105906127	0.08833354784022358	
0.004413307539575658	0.12394677672296085	-0.014326025813362689	-0.020821919813557667	-0.10403963572189866	
-0.0484112590828578	-0.08262087871319708	-0.14785639762446487	-0.017618854376473585	-0.13456623960207914	
-0.0005788601005809659	0.052224080818854185	0.03454606299583981	0.03131792886304122	-0.041458614111855314	
-0.005397598348794543	0.007311978852921258	0.09021541359136613	-0.06180471133943016	-0.049414095495013174	
-0.12070393508232462	0.15788710887385907	-0.10993776132675522	-0.22108451444623908	-0.09544358751238316	
-0.06338407520466403	0.07024964341085047	-0.04938496953213806	-0.10989714811958334	0.005088638676315063	
0.0946718010170981	-0.07452643852162788	0.11998869348362863	0.09826976928387873	0.036834814776666926	
0.08540669606938195	0.07537815074151574	-0.11829905117792307	-0.0037492508180570145	-0.02229564080621261	
0.04034899959920126	-0.002331054515205756	-0.10805022661760975	-0.1535454487523672	-0.06712571074189172	
-0.0343146390701746	-0.03346743882248808	0.10536921805716754	0.10768312588888275	0.09758281186930487	
0.025042614198837895	-0.015391952048436798	0.04705207620316082	0.16254755565678203	0.0820352105931404	
-0.05742306564144869	-0.09318095039694303	-0.11047608368754933	-0.11261889428808444	-0.009675584576884937	
-0.10105795862438224	-0.06616543649914848	0.010578552127893047	-0.05124226109783662	0.02771796007154674	
0.007954656255726743	-0.03290692079712284	0.01272501836769868	0.02353613836561901	0.08324278304762793	
0.031415277135324285	0.03189930690764632	-0.04447327008729909	0.09094218308832483	-0.026018069268845184	
-0.052520496462325046	-0.007780419001733312	-0.11876734701759119	-0.20972543078796965	-0.0010827286732210174	
0.08527347096285363	0.06377490527811903	0.06040576810665913	-0.1057754354619546	-0.07954347938179669	
-0.040717336981607996	0.007140872466734012	0.09499963976638436	0.10310048576611186	0.04977718412514433	
0.04225369919583047	0.084059926838026	-0.02140522482197663	-0.05671926536823362	-0.06293256375277083	
-0.0778633525978019	0.07410862550070954	-0.0877571419337406	-0.071349693463198	0.051805607727852226	
-0.05389089687972165	0.12352882678019164	-0.08893284361664154	-0.044247083662878876	-0.06609974730853624	
0.03304671901783657	0.03426111520591377	-0.12597165611372585	-0.11183285813684436	0.013473959851634429	
-0.0771070716943334	0.020374152258331234	0.0916283635737976	-0.08516325238366307	0.017094336036001734	
-0.019356057050419522	0.05096244335867159	0.029293421653419967	0.04825110915865347	0.0008294221876781838	
0.03989353863367963	-0.04573853408379227	-0.05290454354741866	0.04715590013064515	0.00398065026987617	
-0.039082247542402075	0.13735467210732116	-0.08352607580718288	-0.12014308179833355	-0.07435568993049757	
0.0801696848368376	0.10338161081944061	0.03861294722596626	0.03630818747600055	-0.07348574712899522	
-0.09533253387752219	-0.039143524982874774	-0.056159931501892746	-0.09325216876401658	0.004777524101323594	
0.016968935202398977	0.016305982687873657	-0.03279218742665737	0.08494112876711733	-0.033346281659553556	
-0.02552406506712348	0.008671140177967726	-0.14836147681993928	-0.11467754491568498	-0.02952420400741014	
-0.05716410101945382	0.07077660516430387	-0.13467493246553616	-0.07293785950936393	0.006932963335612835	
0.09877626593791605	-0.017812921509990188	0.14338675100899978	0.11574397147986344	0.07578298371419268	
-0.07144383111701669	-0.10569845804965451	-0.07291506436421986	0.01627783770738232	-0.021396186227719823	
0.13691873849872374	-0.11858101524276748	0.16669732641680274	0.12573590361371045	0.08508847123764475	
-0.039820964944166204	0.09909829969019607	-0.12316176763242286	-0.21452636671598993	-0.11769992008136586	
0.017710951270376175	0.019493633239712746	-0.0008001994943115048	0.006030728197067374	-0.06791560120198176	
-0.035160139130946386	0.008301267757596134	0.04186392675219277	0.15295387407903074	0.028224155064379624	
0.015794591984543523	-0.022654794900359185	0.08913832632287941	0.012150492145138584	-0.01818451429144128	
0.005964004986772942	-0.06731164447491492	0.08464112893842253	0.13200127039625145	-0.04753146136441551	
-0.024137483113305186	-0.05229673452127792	0.133956274042534	-0.03329285230809938	0.11980016209967034	
0.042689520041170825	0.0010467328552343288	0.049407327058111	-0.021177182837536168	-0.09001092987451757	
-0.08964345727234879	0.14255355329135394	-0.08089252803912589	-0.0711439201132647	-0.0717117348710344	
-0.05206464997679218	0.02254321438057208	-0.08958881943397635	-0.061942065949438525	-0.11306488269656591	
-0.010316580239776775	0.0262918178682977	-0.06481826325453367	-0.1515803037085052	-0.03453088955676659	
-0.00027986929727171937	0.058600898282450326	-0.05565130697546346	-0.09112523303177966	0.05915302716039107	
-0.004337034127357234	0.022383994100725484	0.07547976305056671	-0.043568665121436666	-0.015608191629212424	
0.008153460097396923	-0.12458248770605806	0.0792220339280051	-0.014595561231585567	0.016941435236896004	
0.06341742164763527	0.030983993244783067	-0.05371084887463539	-0.025146854763617162	-0.02220856262843417	
0.14767772673343113	-0.023995294788728496	0.08235041290297967	0.024052410573697666	0.12741915095504705	
0.06384116978931367	-0.016464770117432963	0.1327904758190704	0.09961072256872223	0.016752023825777	
0.12903766455808835	-0.11482098870782845	-0.039491496685610354	0.01430875358479296	0.026630660742811178	
-0.05051529174854612	0.03607836665206309	-0.038492133055729745	0.013190969966161734	0.06993647000148283	
-0.029067260993545563	-0.012791225702616713	0.06747294750582357	0.04422388122893925	0.04404131879513495	
-0.007101344152985201	0.009212785123441305	0.11122691456499403	0.005431469570797537	0.08964771527792016	
-0.13915607513278144	0.10653529722195146	-0.1576004339336988	-0.11063352905310195	-0.09630105861733466	
-0.0490319180358697	0.02908207870473033	0.019379394132230554	0.05008519657795611	0.017926752391259643	
-0.04315476867260711	-0.07592548280811685	-0.03690681874098841	0.05405188506774517	-0.009856473049101784	
-0.025192303202458917	-0.058945740149028564	0.0536530056656079	-0.08433286123338746	0.09925513943626325	
-0.038169822147074296	-0.014804831457949728	-0.08155041111423163	0.0652267582131558	-0.04013063271985614	
0.02219849931284252	0.04228787205830518	-0.049646718312660626	0.03180400265594928	-0.042364453693098304	
0.03538410797265259	0.06671583404995582	-0.06561148740479604	0.0672975078073288	-0.14176290027549754	
0.035591736063284335	0.04700516271955405	-0.10730150621726256	-0.031163095258506322	-0.004060358299007227	
0.16290253650613665	-0.11825184041910411	-0.014330533679774656	0.17157337064181835	0.15629939656401998	
0.17085780652326046	-0.12301566775946188	0.22618109791550906	0.24185771934157563	0.1417393039768929	
0.026914164300491695	0.08380969964281407	-0.03544540801690339	-0.0812392208570136	-0.028509210283529623	
-0.06690960009113889	0.004829831087887661	0.16423583735471514	0.02861027348419216	-0.07238241761814264	
0.0066816076126335906	-0.0908230601905423	0.17404916765388675	0.10462604625975418	0.03528899400865008	
-0.025811298290196318	-0.08610631800103015	0.07974195115201045	0.02314580779634352	0.04952269156029101	
0.016144492960844012	0.04051549697665837	0.023293551401436473	-0.002247410544057621	0.06975772020015386	
-0.0044149505187233515	-0.07338013744763733	0.040032647768537766	0.11968630333440275	0.14436822977988292	
-0.05524801580601848	0.1151992099848031	-0.07696566250335163	-0.042965180032477894	-0.1200175785946324	
0.005006374605165608	0.06450579170401363	0.022926269615804726	0.05351335669171029	0.010842378649337113	
-0.06924031574395077	0.14517157441713763	-0.17743797588237412	-0.07445865013250542	0.02114928014500827	
-0.007616602377832954	-0.04519039193866797	0.06478938883782488	-0.06684481012453647	0.0406370432187774	
0.0772973346494213	0.027146931348069607	0.08505123131237932	0.13618121559667362	-0.01846520950097858	
0.13980634665504604	-0.12279496535844095	0.023625154900057347	0.1314198305299364	-0.045005845117616156	
0.04635618160676358	0.08454511926707	-0.05268561150904964	-0.07974984529474301	0.02085641513700401	
-0.05701800483251038	-0.019165448307648568	-0.007507985098591348	-0.012336148562004838	-0.08820522668271476	
0.1243172611615476	-0.07316777584656142	0.12178865043051874	0.06129236156031159	0.07172759439047988	
-0.08537458075242886	0.11471843056009988	-0.08513968934937415	-0.11799885023358332	-0.11163186489239532	
-0.11156782056760486	0.05938026867519616	-0.025960167520262815	-0.0023436524156053096	-0.038212587312901745	
0.05971811257964731	0.0410134957448405	0.03752904668484905	-0.03932789739661035	0.02970246092044746	
-0.04089753788711818	-0.05649077503365375	-0.0400934667867176	0.008367491993624143	-0.020641980714134256	
-0.016710209402471164	0.09225916531587039	-0.03965073220900876	0.09560322866457512	0.026870455706472406	
-0.04922902992859977	0.10387361473871844	-0.037622267758792835	-0.12373008356451887	0.01707966565791689	
-0.021419181795880746	-0.016191225817878383	-0.05043437641429074	0.0041173083769099365	-0.06241818843839348	
0.05137292250211433	-0.033630268698129455	-0.017020190698136397	-0.02155266569625019	0.0468344678075542	
0.02997649956017308	-0.0025336799000814634	-0.07707116156754802	-0.029638804192326722	-0.08142507511825647	
0.12283338777801664	-0.07514532282935042	0.06238257302090239	0.06255926915669513	-0.013451313453440625	
-0.12054462915247553	0.02258460711728444	0.02004225345300076	-0.11082339584840986	0.018452754296040416	
-0.012209240688311458	-0.08112872127286139	-0.02057175026500133	0.08284893669186955	0.09210572740713928	
0.0751264205716231	-0.09012829921146044	0.07823217325860841	-0.021487321041864405	0.010043268520014803	
-0.04586067247382325	0.001691563953808754	-0.14600273066344757	-0.03623201973346048	0.016903450531835614	
0.07755980574430982	-0.023572985926532005	0.0011514160458709368	-0.01616615595279238	0.061190130671480714	
0.020331442518262573	0.015826964312645055	-0.13726683589692965	-0.15839617495510733	-0.07770899929429331	
-0.12215748241957473	0.034230013016089876	-0.13658830162909807	-0.02016963148251781	0.0019404311414659727	
-0.06644950105317853	0.062146009837501695	-0.15032346235499014	-0.0603963214779517	-0.10987118009364148	
0.031017606253355427	0.062384789749322746	-0.04133143523417863	-0.11744434797463275	-0.0475083890296819	
0.11498178861233953	0.08119588634070568	0.02872797512423196	-0.0832542775117367	0.04162728977642093	
-0.09347964245893411	0.1017456489301518	-0.18729782487089683	-0.13412932522871635	-0.045949813381383486	
-0.015928086979106953	0.08260374948218242	0.01730962239248476	-0.1403162493566255	0.03567061446808443	
-0.03945055295454659	-0.1081758713408581	0.03669677346351681	-0.04103647147734961	0.07107230900544866	
-0.14374442009303592	0.03211243164152644	-0.20183116315433583	-0.08636775993526345	-0.0413843297787742	
-0.03829749486359042	-0.04185265219984159	0.008286399396062873	-0.077530704567259	0.031152795774238587	
-0.031481809288173894	0.04588022192808324	-0.14831789503394327	-0.023028982034604597	-0.060624318332326246	
-0.13782101515009018	0.06617169085170284	-0.10436005111682103	-0.06553020795416938	0.018594536113095136	
-0.05233483395765779	0.0681849972916728	-0.025817482486986124	0.052389014997541214	-0.0745012684651368	
-0.061158961836606664	0.08328875583868162	-0.052774612968519	0.138231521893885	0.02236334745792868	
-0.6356411003936475	0.9451142827586979	-1.122329828105682	-1.1635735149339905	-0.7709515086863832	
0.17485863482458797	
