            A        R        N        D        C        Q        E        G        H        I        L        K        M        F        P        S        T        W        Y        V
 1 A  -0.2677  -0.7916   0.6603  -2.2607    0.473   0.4378   1.9662  -1.1766    0.496  -1.1157   0.9224   1.5967  -1.7131   2.0634  -0.3684  -0.7617  -0.5532  -3.2285  -1.5592   -0.028
 2 A   4.4914   0.5407   1.7275   0.7639   0.7277   1.3576   0.6314   0.5804  -1.8141   0.2886   2.0694  -3.1009   0.8775   0.9952   0.5502   0.8136  -0.1218   2.1723   1.1309   0.3661
 3 A   0.4129   2.1402   -1.037  -2.8264   1.2942   0.1981  -0.4455  -3.3564   0.7434    -0.39   -1.163  -0.6346  -1.7702  -0.4123  -0.9728   2.1815   0.9142   2.0508  -0.4837   0.9339
 4 A  -3.4436  -0.1754  -0.4935     0.87   2.7466   1.1337   1.7462  -1.2793   0.6632   1.1038  -1.2754  -0.3364   0.2606  -1.4263  -0.1973  -1.6491   0.1825  -0.3204  -0.0947   2.0821
 5 A  -0.8502   2.5199   0.4858   4.2097   0.4863   0.9262   2.7322   1.6403  -0.6706   0.6493   0.5229  -0.3766  -3.1935    0.345   0.1572   0.3229  -0.7452   1.0046  -2.0025   2.0598
 6 A   0.0463  -1.2487   2.5001   1.9312   -0.819  -0.6986  -3.2755   -1.946   -0.593  -0.2712  -0.0181  -1.1637   0.3683  -0.5833   2.2096  -1.4386  -0.3545    0.484  -0.5634   1.5397
 7 A  -1.5499  -1.8024   0.0901  -1.2325   0.0136  -0.9669  -3.5397    1.124   3.7524  -0.2382   -1.152   0.1869  -3.1872   0.0487   0.2525  -0.3902   1.7107   0.8593   0.1343   1.7084
 8 A  -2.5403  -1.8611  -0.5528   2.7563   1.9765   -0.835   1.0732   3.1693  -1.4045  -1.0958   0.5932  -0.4709  -1.3119  -1.2164   1.7697  -1.1786  -0.0536  -1.4496   1.1601  -0.4348
 9 A   0.9214   -0.805   0.1855  -4.0901  -0.4487  -1.8936  -0.5993  -1.3729  -0.8001    0.181   0.4723   0.8947  -0.1396    0.097  -0.6763  -0.5938  -0.6978  -0.3231   0.1588   1.2866
