TESTRUNID EPOCH: 7 L_PCC: 0.7109224871822343 L_ERR: 0.017613452281446618 T_PCC: 0.6565345910739275 T_ERR: 0.021399606428454156
180 LAYER: 1
5 LAYER: 2
1 LAYER: 3
7 :ILEARN
-0.04481643979337735	0.062582229937199	-0.10701249044099592	-0.014211015898584176	-0.10749971220127706	
-0.1784339363328163	0.020310295194273104	-0.08331216616742579	0.05158754436744566	-0.12546199891171517	
0.09987050727856588	0.015061078949256488	-0.017118936213752052	0.06725273867585548	0.07122865759746348	
0.13954854677984013	-0.014921267470402804	0.035250820912213814	-0.06279854953579088	0.05797441634987361	
0.059650073412066226	0.040030738202197394	-0.022184746365089672	-0.0014619888900495991	0.02940408143278604	
0.095945927755534	-0.04786556346390106	-0.09381342109171492	-0.028994488358466453	0.09519481871805371	
-0.11073980688818749	0.04441212722942077	0.054861978302286646	0.0585453769467411	-0.00564379021080937	
0.09988919191633891	-0.013993540516182295	0.14166599213141318	-0.12044135121727322	0.22009041731764248	
0.1069821925535377	0.028755882897032594	-0.021762346424987138	0.04942546950107211	-0.07589805398238365	
-0.10861371380804792	0.10651733319266155	-0.0762357577887355	-0.0203738560395252	-0.1863307647853122	
-0.19684176825360505	0.05268228729615173	-0.09086159603635913	-0.02854451417842299	-0.12181588421376996	
-0.20829244900275432	0.12489279541570385	-0.15160765019204053	0.10827409373650664	-0.10922523503476862	
-0.09769933333600557	-0.02821492003740049	0.04646589274061769	-0.02005707429158585	-0.10239968457341643	
-0.1435697811029313	0.04482871361080846	-0.02993794364984566	0.10005093368973841	-0.18128997391325638	
0.12541338374266503	-0.07158418521886373	-0.06380118986726308	0.05973203391514248	0.025086235320275745	
-0.10639256545635131	0.11932685537156074	-0.06230213482469152	0.08459422169041546	-0.021570229355770024	
-0.03876110881040786	0.07793030566558187	-0.012042578990475611	0.014680353219511005	-0.1904796803032438	
-0.020247769960007895	0.024928834352303662	0.06913679629063689	0.07663336543605759	-0.10973654132538187	
-0.23033456500047136	0.13913492734614236	-0.06102243809941145	0.06025374359925563	-0.22229587600194378	
-0.16145391495122832	0.11575188236242678	-0.030285650145637055	-0.06948128920825646	-0.11263728312176627	
-0.041881981867371264	0.017629948185705076	0.09080423955660973	-0.006842881219481187	0.06823526812583137	
-0.04359917702627617	-0.055061091126520224	0.06509558619121295	0.08132650917301938	0.02090653009438394	
-0.08862261382976258	-0.04968841824690466	0.09761102348949303	0.07071415425110583	-0.11816329348923449	
0.04667515342897536	0.06498464021990497	0.11352702201380278	0.07200167416693937	-0.08549873633018718	
0.014359506496606465	-0.14393394472948087	-0.013278672879269348	-0.0768496366964335	0.20023201708063498	
0.05096128829269322	0.00914586593793458	0.12730141188456925	-0.0585698032962819	0.006704991049843464	
0.038097112700533536	0.09007993386525216	0.04845340837545635	-0.08659643358426138	0.08315386876108367	
-0.09882865093925368	0.0881701891319198	-0.02940505658463599	0.10892527642539078	-0.021633609652182414	
-0.19851709381225927	0.021203444844312698	-0.20880041696900586	-0.012152018849858158	-0.33196080924139787	
-0.06877075668253513	-0.06305779686076896	0.049283713320981304	0.0056758829133331384	-0.08463369985749312	
-0.02176341070512565	0.05916542256122304	0.050398963376953515	-0.08638231475207207	0.03259869688222877	
0.06506261521460384	-0.05404728292774569	0.05283356328391502	0.11605708202260992	0.08819421827125336	
-0.09091662415080537	0.021031737159750055	0.004831130907479395	0.08334397306265857	-0.11895263687259801	
-0.3506715456235135	-0.023024692933013343	-0.19334149548782786	0.029159491075723593	-0.2789500886405055	
-0.049481792093444894	0.10960771945638656	0.03212633497105587	0.00043885251071581913	-0.01693084953838587	
0.09481373628102666	0.02523581718707989	0.006186886236714537	-0.08088913502879996	0.03459605129697184	
0.11680082905934687	-0.0878872001982047	0.12164380460268573	-0.0987489892727592	0.0644673977218379	
-0.1808939256288979	0.04663665691150834	-0.16459078143939299	0.08034245874736216	-0.2872276173689248	
-0.6670156011899726	0.1730497284597504	-0.35238290134357786	0.2162619219123156	-0.6575050643631641	
0.08683181263218798	-0.09288269262706475	-0.049572794454776956	0.030210945751715835	0.08910274022279885	
0.012814862734229635	0.08253734926140045	0.03252046085673004	0.0920423152365591	-0.08178365052324435	
0.011545736060372786	-0.008785899368631968	0.041575231922842	0.07230249305793086	0.14135995227685075	
0.1300988148494121	0.059894659788869924	0.004982274293685581	-0.08761857984180324	0.10842328161941281	
0.1635103398446611	-0.1510207037890376	0.18779316398993298	0.03378642679438018	0.11281404393898181	
0.06381287958506454	-0.053396088408290854	-0.0360170524644782	0.04998688964727494	0.07721225613841683	
0.02451426880576199	0.03418510871713923	0.0638733594358047	0.08652509126023841	0.06675163343356327	
0.002561156505318559	-0.01609236493998595	0.09011018366222825	-0.05507145481163024	0.06324445320577937	
0.10073570398167912	-0.11032938310332176	0.048332658088700194	-0.009404765760104527	0.11350715442550208	
-0.125829771063609	0.10084143544875267	-0.01198540113863374	-0.03678147475529694	-0.047228671042827214	
-0.09457467171971924	-0.02643094179076443	-0.07150039265237862	0.08308190028560236	-0.07567486101806133	
-0.18068774212734448	0.09147337141290261	-0.041496206955522	0.08388787411635358	-0.08369720047036246	
-0.027535749906179182	0.054220961440307754	-0.00765846322459676	-0.0019066718168745341	-0.058009298313346176	
-0.0719897231404472	0.1080791748266088	0.0021844825034613986	0.06261212003138235	-0.06622493186399898	
-0.051467384277483555	-0.018518041645764986	0.006230003699576221	-0.06528655736682037	-0.060847621475800036	
-0.2221892124496655	0.09478986763972826	-0.10311033673500511	0.09701437549983521	-0.16596544687057363	
0.08565165666703825	-0.05307950076360574	-0.0021088361520489197	-0.017607081457491444	0.14221022160718805	
0.15979507750775765	0.06458358020722614	0.06238430731807046	-0.056176631731624106	0.07098973189413614	
-0.015903818994548895	0.011724425292365271	0.031163650572178642	0.02626170855795611	-0.045160306748098705	
0.002855582385223987	0.02426624945500612	0.03183746993179101	-0.025456479377600774	-0.020497873318693464	
-0.15872774918724783	0.028365547375475378	-0.12435077930685874	0.13758790545819746	-0.15498753889265643	
0.027011450463485985	0.08765174593544398	0.023528195503052587	0.02760681646439742	-0.07409709212129369	
-0.013187154052541547	-0.007600363359386154	-0.05171704013634513	0.04430100820814321	-0.04067802418017705	
0.17624408217565807	0.05745370640196913	-0.015562120028658309	-0.08798353160350464	0.05985067809398385	
0.13430285116159435	0.01835791904305997	-0.003042263601031079	-0.055364781843993224	0.2364844881545827	
-0.04734668619287583	0.030292076355329704	-0.046020684294618905	-0.06498928395992765	-0.03818955823927934	
0.1290660939679906	-0.08724886760081221	0.07734122145306593	-0.0034404012031218232	0.1718317397746044	
0.024047663615287446	0.04640768781583259	-0.02703848238711497	0.008041114470894522	0.1613926721685707	
-0.11575753334433374	-0.03706441535308488	0.07344226491452849	0.08433463417148336	-0.0044942721936225725	
0.03770496100858932	0.11275334624251834	0.042191431598813	0.08733559890545586	-0.10608681615701539	
0.012554324066311712	0.025465217754530492	0.02016318166645548	0.043028805822201116	-0.1325888402346547	
0.04674430087203456	0.028173323741688943	-0.039870055706961983	-0.06837186006701662	0.0007893502962642224	
-0.018875200613833222	0.08456682997379743	-0.00729453974413575	0.08191511650278135	0.11509450243583821	
0.0395988324296604	-0.11876043356547293	0.11995800266301626	-0.03669617963298998	0.1584522196659353	
-0.09788018698074485	0.11370996096344901	-0.03354506009080749	0.007813674830241743	-0.23781830047380745	
-0.07616296633827947	-0.0434521462201342	-0.10662401449612881	0.0982464905886139	-0.2192047929778327	
0.02785293556448067	0.05556825734502704	0.07452702739717099	0.03395413385257365	0.03561895478968098	
0.0592146847141096	-0.00890593581913174	0.14395409996798858	-0.0745857704777376	0.04931420887686871	
-0.09005541592433182	0.06716265072425313	-0.0208274702866859	-0.0708518428356439	-0.07408564235837875	
-0.17255409071005443	0.09975315504410005	-0.09506671903178952	-0.06681479457976239	-0.1172452333448317	
0.048405322816256285	-0.030927438990067172	0.047063513614961694	-0.004998505258967866	-0.019289935061047692	
0.10189359572374473	0.07285266908907918	-0.08363444478543611	0.05606366912239918	-0.009598124151402437	
0.11631433204527784	-0.07566353886922662	0.002031509430039264	-0.08464112076420152	0.0057931793172580305	
-0.2175888253196788	0.09051549642761408	-0.007435855870296101	0.10372543048920098	-0.14296598298958124	
-0.059750796187108136	0.08508766891117456	-0.01627714727843771	0.0961583770492106	-0.0577389127600613	
-0.2074309680755001	-0.0359710177566667	-0.17879340438340327	-0.053062907786349665	-0.14666334360096053	
-0.050630969331436015	-0.09669736485567117	0.09171789962526498	-0.008342250454367678	0.05159960196215302	
0.08754869798973454	-0.06036326706052554	0.07686354774820585	-0.029718067537367287	0.1442308204195737	
0.0036202731934013486	0.0707446529888031	-0.07477038584195149	0.06046122782853172	-0.06112755399089951	
-0.04055045364894462	-0.08359967809345771	0.0026432732245473154	-0.072198662703249	-0.029132272881856727	
-0.019309111979844796	0.13187890571339958	-0.0012856741399250146	-0.021088675323115112	-0.1674419704377009	
-0.1610207576661319	0.0702600859936159	0.012711134454637889	0.12378980917965181	-0.055777159671845336	
0.07670503256040549	0.07345887572144658	0.028645446327839694	-0.04346210395156419	-0.04468565771671502	
-0.16941515289769324	0.1186406351738421	-0.1325658610466724	-0.009098335145605143	-0.03468653526359683	
0.003363552399706396	0.01551852606369641	-0.018917656718366704	-0.06492393923787532	0.003080894892854218	
0.26788186072056946	-0.06852394499442417	0.08721442776220752	-0.018523385914876404	0.2526925193028433	
-0.09049930272559122	0.049031363716130455	0.08057431949333534	-0.08593734278001956	-0.029050086668224617	
-0.10405617746141824	0.1130195041388209	-0.04194305331985589	0.06960219356535693	-0.12418191104502606	
-0.03587329233843005	-0.04133196189605475	-0.09786240055591626	0.024212415452055262	-0.1277636866881302	
0.007264156922425217	0.046505173405951214	0.0037478684702758587	-0.07666707887169685	-0.041732006167095104	
-0.0022167263992106208	0.1600121172686827	-0.007856620697181094	0.13535459817829187	-0.14203238942231486	
-0.05186059054653427	-0.05082805232859458	-0.02923738545351104	-0.054401297143957	0.06074016867082189	
0.10440331957259517	0.0029980903416601005	0.01961313723771086	-0.005212454737950688	0.0727107009272098	
0.027435958319634322	-0.016461084166199944	-0.08969261066640075	-0.04397634709817548	0.028723109284782517	
-0.008802038270508199	0.009903594147007299	-0.05437052690135231	0.021231575773637226	0.07462391852348735	
0.05810900114562955	0.03788225433443243	0.07817987906341606	0.10564693330074357	0.010859451566413948	
-0.05295356088165876	-0.10619400407812993	-0.0555035831728011	-0.027773245745235625	0.0053287004612300164	
0.0864858814095419	-0.07313273077275717	0.10661699232555287	0.05148630082236625	0.041024917016609555	
-0.061746365001784605	0.08548900823538708	-0.04283555866469372	-0.050604822734594025	-0.15671272400991001	
-0.10579020042338366	0.08035880513207566	-0.04967515865644305	0.019944164054945333	-0.25673982512634275	
-0.07958492864300686	0.04136478648980036	-0.034721547086350654	0.09500141960360985	-0.015878128272303737	
-0.02512791678710901	-0.025420210920165144	0.05664537433248558	-0.03118218891097974	-0.0698151292667679	
0.145683328335482	-0.082362015485517	0.14957789523316514	-0.007613120751721549	0.1355523386886117	
-0.10922514250227718	-0.006341106091640097	0.051362037524804574	-0.10604953488410253	0.01564981372543745	
-0.08198587658332027	0.04576222562288229	0.017079497074702042	0.08188437417664424	-0.24313326601991778	
-0.07586343420420551	0.11059079950097163	0.03430645759854667	0.07006045771203642	-0.05426507656764935	
0.060509788326010186	-0.028326061355763505	0.021436261712614167	0.0494494741030462	0.03856842800874277	
0.0556995545331792	-0.036914514705334675	0.024965389018416436	-0.023687954713323592	0.0607687842971661	
-0.13879615771005677	0.1154392774646001	-0.08617836088759454	-0.0024146726925269894	-0.11415464290678397	
-0.21157164448567323	0.1271400267393488	-0.042326129024544246	0.014392121891176956	-0.2844241623329025	
-0.06763145286874525	-0.061944148547388105	-0.039741914190364554	-0.08104695425796431	-0.064554751271738	
0.08811113238546672	0.03788528828532358	-0.042030593224463904	-0.06256299790418633	0.002682201758268903	
0.20363943130642878	-0.028077722489530194	0.08977136093820197	-0.08298824517480778	0.2253828180433789	
-0.1537498708099446	0.159580541402422	-0.02588521066301021	0.056078678074857106	-0.19977469342266718	
0.051653164349925645	-0.05148150117429572	-0.05688086852835518	0.00827738637393569	-0.04001956873985873	
-0.005037515786328898	0.052868780384574626	-0.031346060851938834	0.036121000601166624	0.09054513941181151	
0.0033970291353242893	-0.02053701206881435	0.09091868198775915	0.007909135757441075	0.10317752212895252	
0.014072567152713437	0.0046622783029253425	0.13212821772580854	-0.03741303949190876	0.15299777766981645	
-0.05357775883802027	0.06698978715057465	-0.03198976110704173	-0.01144366647066617	-0.004308502904166019	
-0.1086777244358615	0.0954202826158233	-0.04165720058015333	0.02273188606984452	-0.020141533082725892	
-0.12962479037061334	-0.049066553455386866	-0.11450280693934839	0.009689457684979363	-0.16772686309946663	
-0.04240277740551959	-0.08049275661766263	0.04938762549727936	-0.07669797003688326	0.005343540355588944	
0.12006439769232077	-0.08053666884863392	0.010496892368771122	-0.006161238249465695	0.19102137982606404	
0.024894102444793346	0.029276126653659997	-0.06865526409835397	-0.0025787397336387396	-0.08976881187273135	
-0.03042286444718839	0.0747486610538146	-0.11415855546192216	0.0876347524170857	-0.23155057251962835	
-0.04931771433060576	0.06639767867247655	-0.08335957155890018	0.10385923783694731	-0.05773749064669507	
0.11792930673622157	-0.04227730397877568	-0.0672151360862989	0.09547003358604109	0.10779228711944656	
-0.008681016855182062	0.02944560035730115	0.028905605170949554	0.07913667798385417	-0.08773732476922115	
0.004202202458596622	0.05974920303348647	-0.006163028056313391	-0.00840583996418597	-0.027170255160738507	
-0.09611398367165465	0.023760733704821155	0.09075260539911015	-0.08477370579412614	-0.0756984772174396	
-0.08923172862057412	-0.043328411934486694	0.06790378908245351	0.007614640857573305	-0.12616429823508854	
0.0004080281604322583	-0.07620361399058113	0.08161602919470444	-0.050326828594184206	0.07191980724405793	
0.008345164255883997	0.038190217589306366	0.0257965561393091	-0.03966049174108801	0.03319354770889523	
-0.09432215092286546	-0.006105161329449421	-0.01877330517694847	0.03572986565131082	0.024746425853416982	
0.08029989138855483	0.02234969458355856	0.07826475713757085	0.01797215042114016	0.027739640395222493	
-0.06898658983971279	0.11484780605853363	-0.010067397417036864	0.08559728173829474	-0.08749941261445167	
0.04401477728592208	0.053862869951872505	-0.03634987143860295	0.007887222022856705	0.13027111280238177	
-0.036784845983957405	-0.03593572034561373	0.07311872267254738	-0.02124015541234656	-0.007038731040706234	
0.11124178081235171	0.048183259297844276	0.06752521911350319	0.04698740204312646	-0.013188353262396351	
-0.09859007493678267	-0.0027500048799281775	-0.12035167608233348	0.14862674144157137	-0.34197021195383154	
0.11312019128386121	0.04664905921146194	0.012567605952746093	-0.07402398124408772	0.12433386546288784	
-0.11682452246179584	0.005534998076318832	0.006633488513075689	0.13327228834782662	-0.12268052764216329	
0.0917210867787829	-0.04808519083239243	0.08131883678335608	-0.03217267843570866	0.007101156245536087	
-0.09524438284576045	0.12060521251867538	-0.06744962570593846	-0.06559039443280659	-0.09582179349210772	
-0.2912874681481847	0.12676309007050252	-0.1261914881978695	0.1110287573799651	-0.23765943057941236	
0.037101844447971925	0.02563277053275195	0.0728586552091097	-0.00601500571204353	0.015023750075021046	
-0.0672372122262783	-0.04219304175798725	-0.031034957217908807	-0.00979844706264134	-0.07013807035828735	
-0.08586781050273738	0.12028882939338748	-0.04574865561949806	0.12403090476175987	-0.05684657020263288	
-0.07938204188345724	0.09571396239498121	-0.02667068269996815	-0.0315080373938164	-0.025712221480161387	
-0.0499570255496168	-0.040698714784012144	-0.0617754897176085	0.01864090071265063	-0.10222812341306253	
0.128048784485376	-0.07759089079968069	0.05048902690237082	-0.032066511172845154	0.15268875101710247	
0.15547082255234806	-0.0954441910397405	0.07332288520875611	0.0607043351624279	0.07384039555235582	
0.23433553555363104	-0.09501976153329136	0.11731166439988769	0.012956423037159936	0.10945610498889137	
-0.013231272127232479	-0.046424316764445424	0.15905765277130693	-0.038114246006629326	0.1352465315603213	
0.03211862119341459	-0.06740393950328012	0.00016324774304122966	0.031009470482047424	0.13384451209174847	
-0.014492004457619213	-0.029453572547049372	0.011842753395289892	-0.032614792565918246	-0.09030050164228134	
0.1731425690156607	-0.11503850220067774	0.034796549231553904	-0.03209767870543095	0.26905745731118996	
0.1162308095915576	-0.003457007941254139	-0.003589029840963425	-0.0819000157848644	0.09512857628967676	
0.12484262699551658	-0.0796108200891967	0.038689249293081034	-0.011124414240689577	0.031937718739873	
0.0892566035446932	-0.08229941672192974	0.05446029662663235	0.04325792929120011	0.21244842464378608	
-0.15291475947830316	0.058934073949097714	-0.15037301197863062	0.017052719037794685	-0.17861456376726859	
0.031193454628229856	0.01992396192462756	-0.03897211987399221	-0.11242394778223053	-0.02694222114159319	
0.24356605253424612	0.035832824875870015	0.12706927654015823	-0.09592156859408434	0.19737299345185627	
0.046758815873654234	-0.05418388325011314	-0.0094477762958955	-0.03452893386805126	0.12726152041291336	
-0.22382616144059728	0.14845514611012803	-0.08427096815412446	0.014592203203897045	-0.2551615974070989	
-0.06354882544068854	-0.0664461528637081	0.02048659408240354	-0.06752536047325972	0.03499536322393367	
-0.012242407951736147	-0.0699627984807679	-0.03128327752588081	0.03232936849248063	0.10898401553347792	
-0.007799328926422787	-0.0723579750288643	0.06026352156340983	-0.03677146527319715	0.07666909004121385	
-0.021057773127406344	0.025911646306492883	-0.08139620679993208	0.0576336026415274	-0.08373386201551793	
0.07222777924677772	-0.03796967268947824	0.061143306617372606	-0.019479187540889998	0.20839234538509616	
-0.09465964474232338	0.06932614991012132	-0.023096666382455833	0.0799292479539683	-0.08814524811026724	
-0.0021323389906061	0.060218613015510694	-0.08214789546197665	0.05410117675003367	0.10160836034606836	
-1.1295512196875657	0.46763891969758603	-0.5640769823807117	0.4190186689376575	-1.3764651226500326	
0.34055959032627026	
