TESTRUNID EPOCH: 42 L_PCC: 0.8598087582575437 L_ERR: 0.009461697394157946 T_PCC: 0.7672718000675932 T_ERR: 0.015315827381058734
180 LAYER: 1
2 LAYER: 2
1 LAYER: 3
42 :ILEARN
0.2806397715526503	0.7722703004373331	-0.06992129303680039	0.8983331403400658	-0.00043233751753335263	
-0.5042798462613163	0.6452372612646928	-0.8102827296941825	-0.18288374505397537	-0.03827682717136927	
0.12560705951370213	-0.46748598083882653	-0.2814209986218841	-1.352911690168216	0.8157265543212269	
1.550048721092294	-0.09290360034502755	-0.5098684099911808	0.1752637063533368	0.1110140688806291	
-0.2457392541002527	0.8806018854610144	0.26020800875520117	1.7139317488901	-0.8634355577875404	
-0.9144955804346453	-0.9575718113780659	-0.3288422717350753	0.9020612460830388	1.8691363558997582	
-0.057855801046370184	-0.18467014852439595	-0.10609984358539758	-0.9299364590747005	-0.38031029648177517	
-1.2371872241960262	-0.692852243012379	0.14701848320459968	-0.03366071975958098	1.44898071031117	
-0.7824931804043916	0.12017135871267869	0.017266782736643057	0.14917821087361685	-0.2510224608819149	
1.073050445696628	0.1054705384404569	0.06068826440069583	-0.12999926663785036	-0.15049802278570737	
0.5492062000522235	1.0263934015637988	-0.05767437679998819	-0.04689066812555476	-0.13870153286276354	
-0.45505839941762766	0.014823521098402612	-0.07065428501883797	0.207063263948695	-0.4568189172567812	
-0.3492255101149012	0.8609708429716925	0.03888003154554903	-0.01716414609461947	-0.3388561882753632	
0.9504658837454785	0.2304897889610288	0.36069560043227433	0.6729879004774661	0.7314439383054497	
0.3521941398916797	-0.09904714538603837	-0.1927639658297215	-1.3840652363072103	-0.020464632602893287	
-0.06692916057661344	0.11536067103563917	0.0041117121270712745	-0.2079525642052895	-0.9597739920376216	
-0.6638694191100993	-0.9846605292910738	0.3431594172792393	1.1488732474588286	0.47824234790980646	
-0.44095788187408397	0.024627391903936126	1.4124142927705154	0.22652561437349367	0.08120416319341583	
0.6096230410826129	0.027437059372586378	0.3605510044434386	1.0517693154288152	0.47018346615079654	
0.9116124610806374	-0.043633814790039284	0.10965124166743145	-0.47714320848419145	-0.553472356748494	
0.6484098062943527	0.2815341897186036	0.4591126210674359	0.7626537888471631	-0.6183403019870845	
-0.7468867096100741	-0.5783316061592236	-0.6570066939293244	0.22237162566057767	-0.3941058776105627	
-0.6044568175218505	-0.04915007209372607	-0.26663193203010854	0.26542271185271193	0.17452129057459964	
-0.01392342729363897	-0.2928658178218493	0.017474307567430417	-0.575408603164395	0.11620856710726003	
0.0355198771734726	-0.371495931371945	0.285345873369577	0.4632455225214374	0.4364237414437142	
0.2587255384891269	-0.15112172765142243	-0.19570044371863246	-0.5567941685155412	-0.34738764190038635	
0.5073319324106655	-0.0545098501075992	-0.1428875255066481	0.08038063464701066	-0.7080180865268044	
0.06297349292652156	-0.34913578091094016	-0.009149066425152423	0.24099524637638806	0.4027962586798346	
-0.2965685338068468	0.34516384799577704	0.5168533754528352	0.14470867024110903	0.3907719620578202	
-0.03748382727258484	-0.08165338156709931	-0.28053721256398695	-0.3115446111029015	-0.010442232661216898	
0.03380715370085157	0.25841331331448675	0.2908388673091504	0.03199569543083026	0.11802344726198882	
-0.01358765905378119	-0.252029705175934	0.055635690807007684	-0.4358450717263936	0.8103879767111286	
-0.7053544173426823	0.49129829081520643	0.47403741112540965	0.20536417053975134	0.5334891359984618	
-0.2486078924590099	-0.15585823692871686	0.7607862789217488	-0.09963993423907021	-0.425888156309011	
-0.28312735584873083	0.35890594611392507	-0.05508403732555168	0.9372799527297482	0.1132626462625952	
0.2091997717375586	0.36392011749737885	0.16604281969834814	-0.5989187367008697	-0.8576104030806881	
-0.10352437607047713	-0.0407131178837609	0.4410950923963259	0.5557611286786038	0.02522105702455857	
0.08615144773930873	-0.23618343906618167	-0.18001090593697577	0.21379723620714963	-0.1833182125363045	
0.1404257566963604	0.0735569324885358	-0.13755589384428343	0.7992786300253274	-0.3318821843219735	
0.17271470051676094	-0.1346651509858964	0.10251547303128625	0.12027942622189484	-0.9840232435440026	
-0.20415803755959125	0.7548359125453528	0.22602991754622764	-0.15440741223374677	-0.24193091854286813	
0.06213501657658352	-0.4262699079491085	0.48506311255775264	0.3074537113839918	-0.01969584289931075	
-0.04118648534397817	0.35455642061119197	0.25851916051417256	1.368188882900686	0.11825130736068945	
1.1294774395883225	0.07149257064771432	-0.359442080151615	0.17464457528863478	-0.32401040900419104	
0.3375041515733702	-0.21938911288666918	0.29622685311577884	0.49612481732221814	-0.11636244045487192	
-0.5563214243207999	-0.7811643660196456	-0.3633204235034366	-0.11036486836133524	0.2519937413312155	
-0.1368226461979979	0.1161366708626968	-0.02766835943270844	-0.6510627485374331	0.06071771073694228	
-0.06353508059466693	0.33634405024305963	-0.3771821801831491	-0.34930448800142927	0.40129759355792294	
-0.1310880396085449	-0.14969573896809005	0.526388938729277	0.944847021334745	0.324540909730179	
-0.3576398113320074	-0.27130202444038287	0.22213593422103967	-0.10450513419803176	0.3268021581087665	
-0.09395733130262196	-0.16106982926902405	-0.053377775722544006	-0.25594626305337037	0.22642137271292037	
-0.008752054362173215	-0.219659534371455	-0.39571128625137764	0.2275374999954579	-0.12340187507400997	
0.05608447324745404	0.9849678371760685	0.49168976015011046	1.354519901574185	-0.09726613885568872	
-0.3432379137375849	-0.5934768917946847	-0.34540794179724144	0.38515407710637406	1.1115118681727023	
0.12339961187405721	-0.3114221344363139	-0.19279955223727058	0.0880670956479859	0.022184594018509078	
-0.230677167111557	-0.18357432449536606	-0.5164533376398354	-0.5700171037891185	0.4987852458864177	
-0.644152549738673	0.08502694385031015	0.4567045218898532	-0.5347505034210458	-0.23020377696622876	
0.2248922586278383	0.4442545766219262	1.1882316189157243	0.39911352927299065	0.14916416981395475	
-0.03212998106899872	0.46402507913620294	-0.2925184600455744	-0.04243310405661686	-0.333879804603795	
-0.017098131367936753	0.47645149447660456	0.155539028536903	-0.19557789943488105	1.034475925454226	
-0.12419242865676469	0.009138252305408235	0.25198027896011904	0.29590778962467235	0.3613648984097104	
0.03883047406112206	0.21642653994454653	-0.9356866577820022	-0.1652141350371447	-0.9268098643882489	
-0.5439629903475989	0.08050373432741838	0.03668796535365533	0.2832189497525421	-0.05781533395149847	
0.21728933195643635	0.06578503579634484	-0.5012262274860736	-0.1345574486926489	0.6132594718298152	
-0.8241872268757244	-0.33707401647114	0.7086070558346277	0.7649975829624409	0.00317140339370596	
-0.004571802590043528	-0.06946567118136736	0.024361246348083093	0.3574004149053983	1.1376442687451507	
-0.07109089197506804	0.05030556342704878	-0.05559017204001546	0.0038703648732066054	0.05705920564432379	
-0.09553391440163878	-0.03512750805476271	0.07458447528002221	-0.55509075630655	-1.595884683457906	
-0.5211755064650903	-1.4222875378561202	1.3361576395631258	2.2573857003728266	-0.21583414524522912	
-0.337912599997776	0.6263987507129866	0.9806931623780365	0.0599230523472056	-0.09308575602567315	
0.02991948724369727	-0.2842968659081466	-0.3125762979638634	0.2513980428909811	0.5475109891957791	
1.128638919019143	0.9392091156230253	1.1768271733163647	-2.0324619108047095	-1.6209319660994423	
-0.21109047942904094	1.778316300925201	-3.4266564973287097	-3.359136428241973	2.282609477357241	
