TESTRUNID EPOCH: 9 L_PCC: 0.8956296321378989 L_ERR: 0.0027520673921955876 T_PCC: 0.8797475606014986 T_ERR: 0.0034823874644180465
180 LAYER: 1
2 LAYER: 2
1 LAYER: 3
9 :ILEARN
-0.1559481806934277	-0.08289612513408778	0.05640415358185852	0.09035058722941029	-0.1217898656627348	
-0.10208241991358097	-0.2457950543902067	-0.09252923061662473	-0.32493381050923814	-0.378993058804406	
-0.1473925374679891	-0.013157322046040016	-0.12426214239370424	0.06576779913157642	-0.1585712260001916	
0.0448780144832551	-0.30546818031783257	-0.23092178069673022	-0.008215392967266078	-0.08588062796688163	
-0.18898211224143205	-0.1524799868917236	0.15948087678200643	0.2091392963944463	-0.04210494542613952	
-0.054741109740572724	-0.16912738760828833	-0.2542082472388611	-0.16177176981339952	0.04704596191412367	
-0.31045870207561854	-0.21082419327791604	-0.08858903560646397	-0.1676569819414491	-0.26463386704808595	
-0.2625897350011252	-0.1849650038576974	-0.18003237067789718	-0.055588239715949665	-0.0018801392097005012	
-0.39536595357023785	-0.4064963147722633	-0.12079077930210194	-0.015561676850290878	-0.0925985945394585	
-0.0067058147146686125	0.004260736515194946	-0.05985788618058624	-0.10119416769067899	-0.26317092723151975	
-0.29288374611335904	-0.14543811472660628	0.1610244237786634	0.16408797926877886	-0.17797355628754774	
-0.20687665566214497	0.28494940299974114	0.21205406088938356	-0.30125862737526865	-0.2896087899732182	
-0.6381923184160868	-0.5345757028437306	0.020511712244194274	-0.018369772899155496	-0.4529861765115838	
-0.34443646557536256	-0.005840173388007239	-0.022739702398813465	0.27971485623490605	0.26215356974740284	
-1.1752746828010132	-1.1734329116399154	-1.1162967702338507	-0.9060603892703392	-0.04626198883319534	
-0.09650531476610587	0.24569383471073564	0.12745157393249384	-0.35343285218912274	-0.37958906605543097	
-0.4263141994633436	-0.33805729825317204	0.38924340669292185	0.28607916163751684	-0.20775804148271465	
-0.13129516279073625	-0.8833071971515083	-0.8490486767321389	-0.354472859079078	-0.30257007669863994	
-0.0003510110554325427	0.136976540684589	-0.4288850236806228	-0.4101534106045776	0.10383939587994122	
0.0962776555868856	0.011725426924872722	-0.052570516737199854	-0.12031533968071655	0.03494776618941021	
0.022682853303026617	0.0671752315640919	0.43245353836373274	0.3178148259023428	0.09557523906848464	
0.048015015749891386	-0.20180113037044753	-0.00515438215098772	-0.0313018077124019	0.08246853024025062	
-0.34325896480682955	-0.32983782336694717	0.14292540948634952	0.0811771666813012	0.0051501330636572855	
0.14687566066996333	-0.14255671019671645	-0.08597142209908447	-0.07016174701971722	-0.1316517059303246	
0.024691009839530813	0.017533435076278924	-0.16498073001084276	-0.07513948493694074	-0.047227550603539996	
-0.11455162129659671	-0.24398869186956681	-0.13391708446496894	-0.07416825890134723	-0.20074614739334443	
0.0679950716075396	0.1843339805232672	0.0667394463228046	0.009728204305857422	-0.006520715344890023	
-0.15086979694838407	0.023580316019462783	-0.08018078915603497	-0.0866496082812147	-0.051407758576155003	
-0.12768461770762002	-0.16349324345204164	-0.20577651481466638	-0.1421190376692087	-0.1587285185411407	
-0.09986363715795538	-0.15218655773947162	-0.1068946306084518	-0.1785568413641613	-0.1792622261243628	
-0.09495509115766465	0.0717323273251046	-0.21281827189741911	-0.21910582610157275	-0.11007761504550506	
-0.023716458999380432	-0.07162269370911617	-0.05295303273445992	0.01177830346266559	0.03858662698036843	
-0.36029129482494415	-0.25619403198167867	-0.07230969844769121	0.028804661050122544	0.17983024450142848	
0.09576942801099901	0.09299112053763502	0.15557879599730248	-0.03649021678342907	-0.13722353012494537	
-0.18579620736951877	-0.02554182921513096	-0.08695265633959703	-0.13358020201130924	-0.2520447070566895	
-0.1121070922188142	0.07308255264838776	0.02613426914195064	-0.1045118089773683	-0.1066103936368489	
-0.05694381873432586	-0.16160307326695295	-0.0001249446392576142	-0.13893023850898167	0.025189876651142456	
0.08740772401113382	-0.2961286624053731	-0.16436548574743137	-0.13141222530372618	-0.04903930160982715	
-0.12048322809592715	-0.11943210684932613	0.07121124812443347	0.07621305943699198	-0.1388641088283123	
-0.03372826220739796	-0.14458094256904636	-0.032892372564382426	-0.006527392325353586	0.013486422072886665	
0.09664059241053018	0.0052301105584656405	0.05391284053476883	0.0005422888636939434	-0.24106149466016005	
-0.23728336913066939	-0.26412414945170587	-0.14509380690638277	0.2238516035937596	-0.06813846430529724	
0.001229896879066608	0.11932138168798247	-0.009669416872217984	0.026050591853042003	-0.11325133825983275	
-0.06931305276540185	-0.20611111504962398	-0.04554142854048117	0.005423108163876391	-0.14324864017754405	
-0.09695337872942757	-0.059928023315737274	0.09089888431006356	0.20725937442509373	-0.06700611174436312	
0.025647750114945165	-0.14264514883680837	-0.02811742582175172	-0.17856388388774425	-0.028370869442371972	
-0.09833748576741437	-0.10161734845652601	-0.06135274976775097	-0.16248565984839874	-0.20628068065211824	
-0.0922241158530738	-0.14925506726498045	-0.001889450994159426	-0.054319976244935786	0.012818671036939724	
-0.3202565789153006	-0.18166405544497083	0.199538277805996	0.09068253759720493	-0.05449146707237774	
-0.0220599203294575	-0.2046399942442194	-0.07966774847402307	0.07587499203637249	0.12874055047433677	
-0.23013635752901088	-0.044499186593956956	-0.25313785820728557	-0.09306519047809493	-0.22734581834445605	
-0.1709019671038506	-0.19007301836877366	-0.09447736730184897	0.006945065219287239	0.027071205639233237	
-0.358029884642936	-0.38506899701677955	0.31832522690509085	0.24674398718427312	-0.11848995703497772	
-0.2833842452059361	-0.15942314035727936	-0.1382320237974064	0.09355149605447988	0.08425820619349109	
-0.09578263069349588	-0.07194572326113062	-0.15142544275614422	-0.1435615191825272	-0.2749691854577807	
-0.25737992151272854	0.04563805394222412	0.1380685596089995	0.055540177328973234	0.12650939547915868	
-0.04153063157375644	0.02016922030723221	-0.032833204494126966	-0.09430892545175562	-0.05461223925271174	
0.07184265086052458	-0.1586007205207084	-0.07578756110546488	-0.07791228913435891	-0.02566863219936872	
0.06811509059940651	0.1530091724597683	-0.02537193123620085	-0.03339585653102639	0.031214614495889047	
0.03662652926172799	0.015299177662693817	-0.06296646594197189	-0.08144800526080269	-0.2616024934430142	
-0.3683574193978408	-0.3308356551930167	-0.10555246067303689	-0.09016289903926514	-0.16951705790484137	
-0.11680834883129296	-0.18886019570485849	-0.31753592404593617	0.047341548156394006	0.026669975986214154	
0.01886134520617751	0.039991823402972845	0.004793407136825007	-0.05468656268507821	0.12869184726595242	
0.14748939360188557	0.12940531419700613	-0.038013586840972884	-0.08611803632533908	0.017165609735438292	
-0.22207562192619373	-0.1529111971141133	-0.21195402447466824	-0.2295740516248882	-0.18334252284313332	
-0.1837648361400486	-0.21340653255429134	-0.11043026897261159	-0.13831712469366955	-0.060113157860711364	
-0.07387854336883128	0.02068144968482386	0.1451271246525031	0.1796487570167493	-0.020679495270687714	
-0.19807159092980603	-0.4509698952203733	-0.32612104947099263	-0.2970951481290716	-0.27719594401642733	
0.04601591442393225	0.11089564396675007	0.005842603403094189	-0.012845752750545036	-0.2075050344366803	
-0.06399908404856025	-0.18486533304963512	-0.10288446989187648	-0.07970626142780848	-0.21474780892517548	
-0.13328616397925425	-0.10043635424693714	-0.12011947540239648	-0.08124161681947543	-0.0914798771266446	
-0.24232211067262022	-1.3520004737225038	-1.2477510437184496	-0.43776496382760816	-0.308205853314423	
0.2629248442297175	0.19855869591072034	-2.1026501293326705	-1.823527411032967	1.37972885302811	
