            A        R        N        D        C        Q        E        G        H        I        L        K        M        F        P        S        T        W        Y        V
 1 A   0.1561   0.1482   0.0246  -0.0442   0.1101   0.1011   -0.023   0.0824   0.1089   0.1101   0.0771   0.1291   0.1754   0.0193  -0.0783   0.2051   0.1677   0.0045   0.0721   0.1343
 2 A   0.1815   0.0021   0.0102  -0.5152  -0.0299   0.1549    0.128  -0.0573    0.081    0.225   0.1861  -0.2384   0.1566   0.0862   0.1317   0.2558   0.2904  -0.0891   0.0546   0.2994
 3 A   0.0459   -0.091  -0.0352  -0.0663   0.0092   0.0061  -0.0655  -0.0672  -0.0212  -0.0065   0.0087  -0.1019   0.0998   0.0861  -0.0315   0.0472  -0.0629  -0.0687   0.0749  -0.0383
 4 A   0.0237  -0.0404  -0.0198    0.005  -0.1134    -0.06  -0.0556  -0.0416   0.0042  -0.0277  -0.0255  -0.0696   0.0317   0.0466   0.0175    0.005  -0.0192   0.0405  -0.0552  -0.0472
 5 A  -0.1131  -0.0641  -0.1433  -0.1262  -0.1927  -0.1353  -0.1293   -0.124  -0.0898  -0.1074  -0.0984  -0.1324  -0.0914   0.0186  -0.0763  -0.0596  -0.0861  -0.0023  -0.0769  -0.0669
 6 A   0.0436   0.0434   0.0001  -0.0522  -0.0432  -0.0202   -0.006   0.0296   0.0287   0.0565   0.0458  -0.0286   0.0544   0.1339  -0.0164   0.0546   0.0398   0.0741   0.0295   0.0611
 7 A   0.0388   -0.016   0.0292  -0.0144  -0.0337   0.0481  -0.0146   0.0343   0.0409   0.0963   0.0979  -0.0274   0.1004   0.1721   0.0661   0.0838   0.0542    0.059   0.0925   0.0803
 8 A   0.0881   0.0575   0.0775  -0.0292   0.0612   0.0739    0.066   0.1151   0.0199   0.0231   0.1317   0.0549    0.102   0.1645    0.137   0.0528   0.1005   0.1549   0.1464   0.0815
 9 A   -0.247  -0.0002  -0.1274  -0.1457  -0.4511  -0.6039  -0.2231  -0.2954  -0.1313  -0.2443  -0.2299   0.2197  -0.3224  -0.1572  -0.1723  -0.3983  -0.2847  -0.2299  -0.0315  -0.2227
