            A        R        N        D        C        Q        E        G        H        I        L        K        M        F        P        S        T        W        Y        V
 1 A  -0.0018  -0.0061   0.0179    0.041  -0.0034  -0.0159   0.1386   0.0032  -0.0058  -0.0106   0.0257  -0.0168   0.0245   0.0152  -0.0217   0.0075  -0.0161  -0.0122   0.0469   0.0072
 2 A  -0.0071   0.0007   0.0058  -0.0039   0.0135  -0.0212  -0.0243   0.0202  -0.0093   0.0742   0.0008   -0.006  -0.0081   0.0135   0.0044   0.0479   0.0796  -0.0108  -0.0118   0.0588
 3 A   0.0304   0.0274   0.0115  -0.0328   0.0067   0.0115   0.0249   0.0011   -0.011   0.0869  -0.0097   0.0054  -0.0205   0.0466   0.0065  -0.0164  -0.0019   0.0243  -0.0118   0.0378
 4 A  -0.0051    0.022   0.0488   0.0053  -0.0102  -0.0166   0.0537   0.0212   0.0025   0.0021   0.0097   0.0405   0.0078    0.033   0.0024  -0.0114   -0.012   0.0204  -0.0001   0.0032
 5 A   0.0097   0.0235   0.0308  -0.0211  -0.0222   -0.001   0.0223     0.03   0.0137  -0.0091   0.0051   0.0001  -0.0035   0.0305   0.0078  -0.0062   0.0339   0.0087   0.0229   0.0411
 6 A  -0.0233   0.0159   0.0189   0.0093   0.0095  -0.0022  -0.0156  -0.0007   0.0058   0.0391   0.0547  -0.0073   0.0461   0.0027  -0.0105   0.0181   0.0055   0.0048   0.0025   0.0439
 7 A   0.0013   0.0252   0.0056   0.0003  -0.0063  -0.0205  -0.0165   0.0231   0.0183   0.0434    0.022   0.0204   0.0247   0.0041    0.049   0.0214   0.0243   0.0026  -0.0061  -0.0194
 8 A   0.0592   0.0259    0.048  -0.0152  -0.0104   -0.005  -0.0126   0.0156   0.0071   0.0011   0.0205   0.0044   0.0049   0.0257   0.0078   0.0061  -0.0088   0.0244   0.0236  -0.0054
 9 A  -0.0005  -0.0021   0.0001  -0.0151    -0.01   0.0059   0.0082    0.007   0.0133    0.016   0.0159  -0.0334   0.0199   0.0338  -0.0055  -0.0116  -0.0114  -0.0035   0.1175   0.0728
