            A        R        N        D        C        Q        E        G        H        I        L        K        M        F        P        S        T        W        Y        V
 1 A   -0.029  -0.0406   0.0152   0.0153   -0.042  -0.0243   0.0736  -0.0157   0.0726  -0.0116  -0.0518  -0.0844   0.0933   0.1648  -0.0222  -0.0187  -0.0037   0.0633   0.0277  -0.0269
 2 A   0.0871  -0.0141   0.1057  -0.0085   0.0218   0.0253  -0.0342   0.0059  -0.0601   0.0506    0.037  -0.0362   0.0875  -0.0036   0.0485   0.0171   0.1113  -0.1021  -0.0172   0.1038
 3 A   0.0069  -0.0482   0.0157  -0.0155  -0.0669  -0.0057  -0.0197  -0.0404  -0.0121   0.0595   0.0475   0.0069    0.099   0.0333  -0.0017  -0.0019   0.0585   0.1054     0.06  -0.0254
 4 A   0.0592  -0.0011   0.0118   0.0662    0.032   0.0102   0.0108   0.0044  -0.0167   0.0176  -0.0299  -0.0106   0.0233   0.0429   0.0081   0.0355   -0.006   0.0522   0.0374   0.0196
 5 A   0.0254  -0.0016  -0.0115  -0.0073   0.0223   0.0502  -0.0014   0.0155   0.0442   0.0372   0.0181   -0.033   0.0485   0.0172   0.0959   0.0361  -0.0315   0.0585   0.0125   0.0496
 6 A   0.0251  -0.0104   0.0417  -0.0165   0.0157   0.0258  -0.0511   0.0306  -0.0164   0.0544   0.0241  -0.0221   0.1454   0.1107   0.0233   0.0141   0.0222   0.0005   0.0236   0.0227
 7 A    0.002  -0.0162   0.0121   0.0131   0.0152  -0.0099   0.0042  -0.0192   0.0891   0.0019  -0.0024  -0.0039   0.0245   0.0663   0.0453   0.0189   0.0145  -0.0049   0.0267   0.0358
 8 A  -0.0019  -0.0115   0.0445  -0.0325  -0.0176   0.0043   0.0179   0.0181     0.07   0.0166   0.0297   0.0089   -0.008   0.0657   0.0245  -0.0047  -0.0448   0.0012   0.0246  -0.0064
 9 A    0.056   0.0098  -0.0423  -0.0694   -0.045  -0.0484  -0.0591  -0.1118  -0.0418   0.1068   0.0792  -0.0235   0.1835   0.0024  -0.0237   0.0327   0.1756   -0.036  -0.0037   0.1371
