            A        R        N        D        C        Q        E        G        H        I        L        K        M        F        P        S        T        W        Y        V
 1 A  -0.2884   0.3301   0.4232  -3.5552  -1.2743  -2.0187  -2.4102  -0.9197  -1.6593   0.0937   -1.029   0.9387   1.3468   3.0287  -4.1648   1.3484  -0.8359  -0.2253   2.8235  -0.9472
 2 A  -1.4523  -7.2611  -9.4559  -7.8005  -5.8016  -0.6548   -9.083  -9.8458  -9.3217   2.4978   4.2974  -8.7913   4.4121  -7.0907  -9.4107  -4.9106   0.7915  -8.9147  -8.1301   1.0573
 3 A    0.645  -1.1897   1.6474  -1.4615   -2.496  -0.9869  -2.8703  -3.2237  -0.7366    0.575  -1.1113   0.2798   1.4732   1.6247  -0.4366    1.523  -0.5608  -0.2448   2.5515  -0.4791
 4 A   0.0917  -0.4917   1.2418   1.1708    0.039  -0.7394   0.6638   0.3682    0.348  -1.5265  -2.0212   0.6824    -1.28  -0.9461   0.2803   1.5876   0.1031  -0.2794   0.9216  -2.2533
 5 A  -0.2101   -0.894  -0.6595   0.1292  -0.9564  -0.7685  -0.3736  -1.7221  -1.6668   0.9271  -1.2846   0.7376  -0.3997   0.5447  -0.7755    0.083   1.5482   0.8638   2.9283  -0.4774
 6 A  -0.6236   -1.216   0.7044  -1.6574  -0.1633    1.277  -2.9045   -2.322  -2.1036   1.5587   0.9539  -1.9865   1.0986   1.6203  -1.3901  -0.2148   0.7988   -4.715   0.4264   0.6031
 7 A   2.2306  -2.8093   0.5393  -0.4876   -0.936  -0.3963  -1.1257  -1.1989  -0.0552  -0.2369  -1.3924  -1.4672   0.2317  -0.4962  -0.2663   1.4353   2.2008  -0.2766   0.5442  -1.2591
 8 A  -0.4417  -1.1936  -0.6565  -0.8676    -2.03   0.6332   0.0378  -0.2909   -2.533  -0.9864   0.5039  -0.6786   0.0485   0.6202   0.3964     0.58   2.3788   2.0872   1.1681  -1.8901
 9 A   0.0147  -9.2352  -9.6201  -9.9314  -7.9684  -8.8922  -9.3266  -9.7465  -9.7461   3.3993   2.6604  -5.7233  -0.2377  -5.3585  -9.3421  -4.8942  -0.2083  -9.1524  -8.1905   4.4519
