            A        R        N        D        C        Q        E        G        H        I        L        K        M        F        P        S        T        W        Y        V
 1 A  -0.0004   0.0436  -0.0013  -0.1009  -0.0142  -0.0736  -0.0676  -0.0007  -0.0315    0.017   0.0229   0.0348   0.0116   0.0779  -0.0585   0.0519  -0.0284  -0.0293   0.0319  -0.0171
 2 A   0.0249  -0.0382   -0.056   -0.081  -0.0583  -0.0098  -0.0265   -0.093  -0.0607   0.1358     0.25  -0.0778   0.1293  -0.0007  -0.0637  -0.0607     0.05  -0.0641  -0.0431   0.0766
 3 A   0.0407   0.0026   0.0372    -0.03  -0.0604  -0.0429  -0.0726  -0.0282   0.0084   0.0388  -0.0314   0.0047   0.0128   0.0093   -0.005   0.0495  -0.0415  -0.0437   0.0461   0.0333
 4 A  -0.0035   0.0063  -0.0237    0.042  -0.0554  -0.0298   0.0224   0.0014  -0.0229  -0.0008  -0.0081   0.0012  -0.0339   0.0019   0.0084   0.0251   0.0056  -0.0327   0.0012   -0.053
 5 A   -0.002   0.0087  -0.0321  -0.0138  -0.0205  -0.0171  -0.0122  -0.0073  -0.0495   0.0466  -0.0001   0.0183  -0.0206   0.0128  -0.0348   0.0068   0.0214  -0.0458   0.0294   0.0028
 6 A  -0.0049  -0.0273  -0.0134  -0.0147  -0.0431  -0.0381  -0.0359  -0.0309  -0.0313   0.0903   0.0829  -0.0418   0.0312   0.0354   -0.022   0.0055   0.0134  -0.0473   0.0112   0.0351
 7 A   0.0596  -0.0254  -0.0009  -0.0197  -0.0337  -0.0127  -0.0039   0.0186  -0.0337   0.0094   0.0099  -0.0256   0.0042   0.0061   0.0008   0.0613   0.0635  -0.0277  -0.0199   0.0124
 8 A  -0.0114  -0.0007  -0.0174  -0.0321  -0.0672  -0.0346   0.0047    0.048  -0.0719  -0.0195   0.0405  -0.0092   0.0082    0.018   0.0337   0.0366   0.0499  -0.0164   0.0046   -0.045
 9 A   0.0922  -0.0747  -0.0553  -0.0556  -0.0631  -0.0664  -0.0606  -0.1145  -0.0357   0.1753    0.163  -0.0208   0.0094   -0.061  -0.0691  -0.0526   0.0501  -0.0451  -0.0655   0.2777
