TESTRUNID EPOCH: 6 L_PCC: 0.7943064460792542 L_ERR: 0.01573305061623606 T_PCC: 0.789049901562896 T_ERR: 0.016315185698696187
180 LAYER: 1
3 LAYER: 2
1 LAYER: 3
6 :ILEARN
0.384417019529855	0.8984845518064685	0.6320103980554443	0.08445261578524321	0.5264506784936638	
0.23786067613743414	-0.48698080219745526	-0.8700157957610575	-0.44732053869500527	-0.21524138766134548	
-0.625948697349239	-0.6779460009354397	-0.26397902420086317	-0.3352189705333	-0.3763839952019721	
-0.24791971317156214	0.06249366567332886	-0.3130936888225137	-0.4820094925288105	-0.9744363158987206	
-1.1998325698933685	0.23796464105255571	0.06821435159799064	0.2642108866102274	-0.32294080945647297	
-0.07482232318200217	-0.9425941538395106	0.0033137577218713098	-0.18909494858133666	0.2938127673184283	
-0.004844346137087686	-0.32315709065223575	0.22429377413198265	0.2114822471664797	1.2201792755695453	
0.5759173383377143	-0.37170697231710537	-0.983102190031781	-0.8002474674729921	0.039498899492651264	
-0.5329398323065323	-0.7482060547431593	0.2818971561076268	1.0865433388026065	0.2499710851905845	
-0.2411374575046937	-0.26910793913047604	-0.2635554718375652	-0.4947914669587707	-0.9974428012191892	
-0.6043825435228797	0.10245958631956804	-0.1709364567718857	-0.2329151900250637	0.09477055181056848	
-0.051393139131753564	-0.21337562893295006	0.052951331209397275	-0.1099707771945293	0.36003184641251346	
-0.4157961628975324	-0.5068106102622534	-0.6438002317898527	0.16575979102846986	0.1038740743591525	
0.07775449776350414	-0.08316220695499216	-0.1756142566684375	-0.23865782595763718	-0.059322309347464394	
-0.05603576293038667	-0.345369369982647	0.18602166436445866	0.840722562039568	0.28898634216044944	
0.06340830165839666	0.7583232625799222	0.41149997719629683	0.05435478530545125	-0.0555893001098744	
-0.18474337906387225	0.02086640748669726	0.22033503921919212	0.02535170716723379	0.09879169105124493	
0.27985748416122996	0.24336006477866007	-0.09585791064253195	-0.44714753267598045	-0.388504654786043	
-0.1863977986582749	-0.13451439404294277	0.05516005609850243	0.1406973193040267	0.41841680980604407	
0.17798520230210169	0.008421968715134358	0.015938369891910793	0.11111846501013771	0.2388487472782965	
-0.5476164630137681	0.07010461139039308	-0.006638956297988794	-0.4023791840017675	-0.46451673037330954	
-0.21683955401983657	-0.669227859469587	-0.3557403185435011	-0.5810602303391108	-1.6537197053540897	
-1.7547569713252449	0.002096423303643507	-0.13374646917662286	-0.18916162017659777	0.07545097760326365	
-0.137533206443136	0.22275716196919762	-0.221297741863253	-0.8240882429151627	-0.9526958554735713	
-0.7293750743024922	-0.7834573402083606	-0.5773081953187892	0.264318792997841	0.2486521139963736	
0.2911396730086769	-0.4840649435283102	-0.6101650258930671	-0.6952368202975997	-0.05759996728248114	
0.46106143090217666	0.5009097884835145	0.03054156986975322	-0.4010120856319657	-0.25257661028702205	
0.13576571426690096	0.18388762256619248	0.2867420082680842	0.037093267057097055	-0.049097977815407895	
-0.15544495341104833	-0.1814680600773555	0.06457284485233289	0.11109845092846325	-0.03971223472941109	
-0.5473829852359132	-0.3761082853096126	-0.27350244720933653	-0.49879373233749486	-0.6693305040752224	
0.4579371201068044	0.8168798206816748	0.5711385704681958	-0.07750752112447966	-0.5719319412683257	
-0.23151376094704024	0.04369329856391285	0.0010167440041925903	0.12564639147444154	-0.25988949829279284	
-1.1794414728413258	-1.0635687228752704	0.02136508105063424	0.10724083665197058	-0.15287105343805105	
-0.48153202608276874	-0.5520255241758855	-0.19663275252949333	-0.21099740434208286	-0.31818478931136923	
-0.26095650863025244	0.2363706758330867	-0.26065141081319193	-0.19182832578925296	-0.22323346781388761	
-0.7593940849125415	-0.21565013018777995	-0.3850906820000565	-0.4276558948187113	-0.39796599998449683	
-0.1947586611079902	-0.4338520327720799	-0.24913062668530883	0.07716362179525724	0.39870072494666575	
0.07383843662773441	-0.034453374262519126	0.21612751895244112	-0.3505683903540377	0.09292663311525576	
-0.414144755718024	-0.2648040704726102	-0.03580577305016973	-0.2966019410613654	0.12411456422888531	
-0.0332348272275864	0.05234598669888164	-0.16802205847020146	-0.04042486190630151	0.10047888705602759	
-0.15055603139040724	-0.27316764306839014	0.1942445786700755	-0.3007571018923189	-0.15582255355782132	
-0.10404027264278028	-0.020300357319751168	0.1893931957973035	-0.045587578686176494	0.12094949437816721	
0.2609706011663488	0.2948294665351509	0.022366192303494282	0.04463836396178118	0.3269933317503973	
-0.0035173694406350695	-0.0975912316400839	-0.18991803099758858	-0.3748866364456382	-0.01538153970100872	
-0.3439419522247847	-0.3549221593300252	0.01729299805906765	0.011548620142460308	-0.0561775516035075	
0.058563080262097875	-0.040876132992813785	-0.11389769927276124	0.13260721138322648	0.27897034251750086	
0.16198861274055537	-0.13761778587010556	-0.021712793199966916	-0.3401927557772238	-0.05832375473930659	
-0.15304947028958638	-0.2983084406550599	0.1867684889736818	0.0003464105301433125	0.22533805159645923	
-0.08718300667295123	0.27641841796391053	-0.11849431001755262	-0.14445034472367357	0.10703089051533227	
-0.13214049043031545	-0.6876902137836813	-0.24305425215907658	-0.15296916254231963	0.04495924987743971	
-0.04395291201170023	0.14151225710398804	0.16685718405478261	0.1481214118577892	0.04124244902862804	
-0.08239024712276562	0.07738194495935549	-0.025319478586870035	0.05356573909891322	0.162556148652152	
-0.17268143679562717	-0.007770291010469014	0.11040606476576889	0.29826131158541924	0.14604111735095193	
0.17508927858325027	0.20735737311909058	-0.15767272002611665	-0.3443828256828366	-0.6285297066260201	
0.2896279400765529	0.7371373292884632	0.5654589516175678	0.17100126018490996	0.9442447257812271	
0.34365508288875235	-0.08048765160836105	0.2013810330933839	-0.01710729585657369	0.38051105800811363	
-0.29912052954161295	-0.2578595217609168	0.2740231752587316	0.20164614714717674	-0.06081886094254125	
-0.06401963252907682	-0.13310499875779475	-0.18318246786814346	0.04698629755406142	0.2401088295859551	
-0.1082105540470854	0.21207604993224727	-0.38037385055366324	0.05264019954291963	0.12907589715514645	
-0.6147596161182788	-0.24825017261816906	-0.25145502412367776	-0.44029553374013575	-0.834332116658465	
-0.19439038883208656	-0.30571999755581375	-0.5100759711809663	-0.030250354492861127	-0.5055191823952531	
-0.17552077018191897	-0.2965313862773997	-0.14753533149816977	-0.10411180979152501	0.008127513634085468	
-0.09574437739018961	0.1906314696749893	0.13301012504626414	0.12533267109228802	-0.48204978835394113	
0.1373630447247573	0.08573448621256331	0.055584688902822844	0.07165094634634799	-0.3010122217669537	
-0.1900886166067411	0.11446922829987104	0.2465880366868369	-0.1467011716267916	-0.0011408379380013088	
0.19180987210700512	-0.18503860614017134	0.0008343242335123589	-0.09556305543239198	0.11296224765181898	
0.06878577445173911	0.10002321598392595	-0.13359201270995646	0.1548787824759212	0.06928535650181339	
0.06659971166368425	-0.06126219540686499	0.15775468870414136	-0.10498158340784686	-0.19400724322532734	
-0.2206911773727798	-0.38278788928391233	0.12878917495601327	0.2717335923257008	-0.044950510386983486	
-0.1294161855825401	0.304842740530146	0.04555842839489961	-0.14926790378316537	-0.35996340927642645	
-0.09591559244447383	-0.01565626626126447	0.023503202383717923	0.09582964625923424	-0.1051776746248526	
0.08234244238676702	0.27882250169357264	-0.07433751929682128	-0.12267967043426482	0.1947547739739531	
0.11343677068904173	-0.5248826326722378	-0.21123579183148763	0.1259491469032657	0.4447650100647015	
0.2024025894446099	0.25638486004507866	-0.21402569181433548	0.1325683812378339	-0.022380786641456252	
-0.07363618356524126	-0.13833758612874092	-0.15134874838565757	-0.01987525480359656	-0.5552531205723091	
-0.016634786462388078	-0.06274291975236815	0.08147546998921343	-0.04829503313638154	-0.4490736180392112	
-0.2756897938143828	0.3958366645477568	0.09581133795610479	-0.48050625272898967	-0.2994133693437256	
-0.2757375608528293	-0.12774821762660624	0.0029350643283650372	-0.18403140052294442	0.2583452918025232	
-0.04391646182969902	0.5873558422994903	0.2209682853008791	0.2451564607187408	0.10850527262568804	
0.41444608294952545	-0.23569565219901797	-0.06495149285907574	-0.18426231711393054	-0.24905914460878362	
-0.08501926659865731	-0.3675901261150822	0.02136256536346909	-0.11508706624362347	0.22239884400655105	
0.08654152817710176	-0.48293207841572416	-0.42329518964508106	0.06760926234096505	0.16334453867946955	
0.17438743732256606	0.08025786974826134	-0.10275287216521939	-0.2667077581881914	-0.08707573339949619	
-0.10858339522565587	-0.16599159707206812	-0.013696545323131326	-0.11608222377436447	0.127863542728518	
0.1642939269389051	0.23464645042433271	0.055487754617020046	0.14747168065907	-0.2169734471871951	
-0.11041846017195663	-0.03426973901254006	-0.10491899388211318	-0.2493451244432168	0.26064116717777364	
0.43432054123382563	-0.04777007879105452	-0.01938995864765148	-0.08006870198262686	0.4071076717448838	
0.0024665844045775025	0.21128377281734567	-0.20213401630865555	0.15777313229756407	-0.07467036752249002	
-0.3483468773199671	0.07764802641579335	-0.09241833574807491	-0.5118574199145781	0.24338898726620034	
0.11763778202941737	0.17517737941877032	-0.09297567909138285	-0.09904893794778385	0.4279872201491786	
-0.3891174541461245	-0.2838968651887803	-0.4697032876906414	0.228663725992447	-0.0689902472822909	
0.1322519551884623	-0.209323436501894	-0.2219096750780946	-0.1931859967971409	-0.10279675672941993	
-0.5954994662757063	-0.30162919370411717	-0.18931482942661532	0.3962188452099426	-0.16422877921020268	
0.07615772700543191	0.13040173246302952	-0.016349313694147435	-0.0026727313987047387	-0.15939423215804893	
0.0534658400635998	0.10976385648748119	-0.22306555498397518	-0.23872905835845257	0.10021100793379868	
-0.4531564894402244	0.22844600323076913	-0.019599393144924492	-0.13301323395034087	0.5848138421685534	
0.1986546963425088	0.439131371136396	0.20471537506520052	-1.0110351174847425	-1.5490885726698278	
-1.790438645277792	-0.02690516675095971	0.080099433331987	0.13058121413136053	-0.05296377725199193	
0.10229292501743256	0.06171277790183493	0.43935086230085024	0.5147327082741594	0.3550154862910164	
-0.2594092081168888	-0.14448581316482936	-0.16061368014222221	-0.1576941865553302	-0.181267364657612	
-0.3119719053594357	0.025901994468280013	0.1095694056119355	-0.018518384609161383	0.25117194208607263	
0.30349839204518086	0.900694660745474	0.44980413185355306	0.5723348245950872	0.42097649839370344	
0.4516302117384361	0.3975125543370246	0.30034138792778275	-0.9260538841000254	-0.5308540868360592	
-0.7306339341969413	0.34299236305106434	0.26158457666502866	0.3997620339855149	0.19268958623533095	
-0.16630849273808831	0.1740471343395928	0.14864642744998008	0.3312396947296759	0.14320126628117824	
-0.06267241164434914	0.15629956748369422	-0.056293046187942404	0.2499650739089876	0.42572588842377534	
0.21849599951053467	-0.2726154938598927	-0.3877095174372562	-0.0612678169074725	-0.22911779077857564	
-0.6640628784099358	0.08197680583428715	0.48071798251114906	0.32734708595759876	0.2505309108964169	
-0.1270102676763622	0.0997550628221568	0.22148925318434518	-1.3384963141506172	-1.603772703181448	
-1.513842532370094	1.2548847148421138	
