            A        R        N        D        C        Q        E        G        H        I        L        K        M        F        P        S        T        W        Y        V
 1 A   0.0285   0.1376   -0.214  -0.2113  -0.0706   0.0069  -0.0627   0.1169  -0.0318   0.0078  -0.0162   0.0799  -0.0591  -0.0413  -0.2134   0.0801  -0.0165   0.1208   0.0601  -0.0604
 2 A   0.0601   0.0833   0.0153   0.0188   0.0158   0.0191   0.2649   0.0183   0.0153    0.017  -0.0803   0.0184    0.015   0.0066   0.0143   0.0176  -0.0092   0.0144  -0.1622   0.0147
 3 A   0.0017   0.0496   0.0098   -0.155  -0.0794  -0.0104   0.0817  -0.0454  -0.0424   0.0603   0.0276   0.0688  -0.0577   0.0504  -0.1226  -0.0081   0.1063  -0.0707   0.0075   0.0415
 4 A   0.1164  -0.0172   0.0285   0.0234    -0.09  -0.0626   0.0023    0.003   0.0889  -0.0524   0.0257   0.0397  -0.0721   0.0615   0.1295  -0.0669  -0.0637   0.0254   0.0502   0.0475
 5 A   0.1223   0.0694  -0.0942   -0.193   -0.046   0.0792  -0.0256   0.0826  -0.0218  -0.0454  -0.0415  -0.0086    -0.01   0.0866   0.0399   0.0287   0.0149   0.0313   0.4187  -0.0583
 6 A  -0.0384   0.0054  -0.0247     -0.1   0.0817   0.1934   0.0244   0.0554   0.0382   0.0565  -0.0186   0.0512  -0.0241   0.0034  -0.0127   0.0511   0.0257   0.0846   0.0157   0.0112
 7 A  -0.1454  -0.0755   0.0015  -0.1387   0.1989   0.0078   0.0106   0.0643  -0.0752   0.0794   0.0202  -0.0683   0.0122   0.0686   0.1497   -0.046   0.0289    0.066  -0.0289  -0.0596
 8 A  -0.0494  -0.0727    -0.01  -0.0199  -0.0911   -0.166   0.0264  -0.0123   0.0016  -0.0309   0.0241   0.0276  -0.0562   0.0138   0.0639   0.0488   0.0474   0.0163   0.0635  -0.0654
 9 A  -0.0064  -0.1764  -0.1773   0.0658   -0.174  -0.0179  -0.1819   0.0309   0.0213  -0.0167   0.1689  -0.1746   0.2219   0.1406  -0.1452   0.0491   0.1992  -0.0616   0.0735   0.1373
