            A        R        N        D        C        Q        E        G        H        I        L        K        M        F        P        S        T        W        Y        V
 1 A   0.0806   2.7325   0.3239   0.1351  -0.8155   0.1232  -2.0678  -0.1274   4.7319   0.5097   7.9678   2.2375  -1.8043   2.8335  -0.0263   1.4019   0.5335  -0.7945  -6.2157   3.8981
 2 A   2.2574   1.1628   2.0653   0.9413   0.7723   0.9557   1.0041   1.1819   3.6423   0.5253   1.0329   0.8354   1.1531   1.1436   1.0019   0.9008   2.0531   1.1016   1.3583   1.0923
 3 A   1.2806   4.2791  -0.3782  -0.1165   3.5861  -0.8731  -3.7522  -7.6753   0.6958   0.0454   0.8828  -0.7995   2.3709    0.616  -0.0444   0.8531  -0.1971   2.6452   0.4157   0.6675
 4 A   0.1611    0.994  -0.7963   0.0238  -1.7307   0.0526    0.251  -5.3184  -2.2963  -1.3282  -0.7544  -0.5411   5.4838  -0.5224  -0.1164   1.1598  -0.5626  -1.8231  -2.3034    -0.66
 5 A  -1.5953  -0.3063  -0.0531   -0.254   1.8578   1.1374  -1.4742   2.1454   -1.127   0.2026  -0.7844  -0.2148  -1.4406   0.3078  -0.2209   0.4272  -0.2149  -0.2352  -6.5736   1.6747
 6 A   0.8887   5.9758   1.3104     1.33  -5.4725  -3.4525  -1.4866   1.3492   0.4761  -0.8887  -2.5503   1.3776  -1.1213   1.1134   1.1871  -2.7151   1.6407  -5.1536  -2.3517   0.9253
 7 A  -1.7254   1.4536   0.5063  -0.0071  -0.3417 -10.2894   -6.045   7.3569    0.835  -1.5825   1.1514   0.1705  -5.7592  -0.0492   0.0733   0.1508  -0.1513   3.1166   0.0826   2.4644
 8 A  -3.3089   -0.608  -0.2324   0.0037  -2.4521  -1.9864   1.7204  -0.0633  -1.5405  -2.7835  -0.0475  -0.0959   -2.623   -0.108  -1.4036  -3.1716   2.3265    2.284  -3.2269  -0.3055
 9 A   0.5172  -0.0772   0.1407  -0.0983   -0.046   0.1423   0.0983   0.0369   0.0959   0.2567   -0.073  -1.6905   0.7103   0.3764  -0.2442   0.4154   3.6826    0.225  -0.0388  -0.2572
