            A        R        N        D        C        Q        E        G        H        I        L        K        M        F        P        S        T        W        Y        V
 1 A    -0.64  -1.7381   0.1973   1.3177  -1.1094  -0.2868   0.4678  -1.6553   1.2505     0.88  -0.6006  -0.8101    1.321  -0.1086  -1.7102   0.6278   1.2655  -3.1891   1.2549  -0.6019
 2 A   0.5996  -3.3451  -3.1121  -3.7158  -2.7918  -2.1831   -3.232  -3.5545  -3.2486   1.3697   1.1276  -3.0652   2.5387   2.0204  -3.5131   0.8964   2.7309  -0.9087   0.3799   0.6675
 3 A  -1.2959    0.514  -0.0072  -1.2237   0.6348  -0.3806  -1.0478   -2.145  -2.6604   1.0855   0.5013   0.8402  -1.0472   1.5413   -2.577   0.6292   0.1136   1.0832   1.1343  -0.1988
 4 A  -0.3776  -0.7142   1.4269   0.6524   -2.142  -1.1258  -0.2006   -0.579  -0.2841  -0.0356  -0.5337  -0.1689   1.2823   0.6064   0.9354  -0.4933  -0.8804   1.7025   1.3014   -0.154
 5 A  -1.4509   0.4329  -1.6062    -0.92   0.6313   -0.077  -0.7682  -0.6773  -0.3692   0.2083  -0.1089  -0.3317   -0.233   1.0348   0.3777   0.5175   0.7996   1.0839    1.555   0.2142
 6 A  -1.8705   0.0792   1.2904   -0.657  -3.6471   0.3211   0.3988  -1.7351   1.0107   0.0731   0.2662  -0.6992  -0.6928    1.406  -0.3049   0.2575   0.9391  -0.8515   1.9867  -1.1776
 7 A  -0.4548  -0.3193  -0.0029  -0.9021   0.6582  -1.3313  -1.1587  -1.3806  -1.7131   0.0654  -0.1289  -1.4656    1.363   2.3246  -0.3277   1.0684   0.5033   1.7529    0.997  -0.3338
 8 A  -0.1683  -0.6509   0.2571  -1.4776   0.6255   0.5132  -0.2328  -2.0215  -0.8039  -1.1389    0.159   0.0405    -0.71   2.1059   0.0705   0.4249   0.4666   0.3382   2.0278  -0.6759
 9 A  -2.7976   6.0389  -1.9887  -2.9261   -4.793  -0.5301  -1.4162  -3.6717  -1.1692  -4.2849  -3.3501   3.9498  -2.8864  -4.1071  -3.2557  -2.1458  -2.5631  -3.7722  -1.0312   -3.401
