TESTRUNID EPOCH: 11 L_PCC: 0.8688275293304158 L_ERR: 0.003945822491739097 T_PCC: 0.780938569642295 T_ERR: 0.007834700228037467
180 LAYER: 1
5 LAYER: 2
1 LAYER: 3
11 :ILEARN
-0.1326106292323448	0.11551195344581107	-0.23311549605580775	-0.1995312414137418	-0.17461888799132846	
-0.009992859130621841	-0.10920620564360059	0.0631869978432494	0.05182150299464158	0.04279233132946548	
-0.06263467142036046	0.07309166497989361	-0.12069098149035684	0.01780027267958982	-0.13902257091718093	
0.013697959564423719	-0.016758170626237724	-0.012637494709363496	-0.06111909214878561	-0.07860282260554947	
0.008924747266769235	0.1531663836170586	-0.12115074719462228	-0.07014404494644319	0.020927232183196275	
0.04893341520722587	-0.027983546894463876	-0.14625826081998317	-0.1281814024400105	0.030578030846752667	
-0.09481051161378941	0.006996674072526799	0.062262079390070856	-0.024662555221395814	0.015581658388332434	
-0.051596887237873125	-0.0031854449398829522	0.048501907342952996	-0.09053823749715688	0.04003679304079665	
0.21245656835334037	-0.027853621029576458	0.1085765101838856	0.20034028740783202	0.05552873730611153	
-0.027261347151876524	0.11078430878425083	-0.08715466309333544	-0.10943757461873521	-0.09316231186351473	
-0.0942036546145543	0.05863362856742229	-0.08363902140818229	-0.092577002698486	-0.006651689583617181	
-0.07930343864613272	0.02018205201281142	-0.05895829327312578	0.015421603219108232	0.02886914662773011	
-0.09142177262052316	0.017809797495991368	0.0008810315306061685	-0.0770931476736661	-0.10576374907469498	
0.06252245441171288	0.027799539703490375	0.04426085131055	0.10731628882077504	0.07536279729974298	
0.16117979909976934	-0.13161622111383808	0.03374613608671961	0.17422272805911754	0.0580153261516647	
-0.17994945549107888	0.19362897129005477	-0.16004282707568185	-0.09443490369215003	-0.07060432081828032	
0.018962225427502248	0.08441982827055647	-0.022062804388913507	-0.1148831539737357	-0.11098491439598156	
-0.015649594531048125	0.13757446456613578	-0.10176825212310277	-0.1597485543581384	-0.07835119656568729	
-0.025017304266764254	0.08177947737101392	0.038748181888559496	0.04997413274618762	0.03961536712611893	
-0.09424275083754931	0.12812775042414817	-0.05576396748245363	-0.1960820050982331	-0.02253561321015379	
-0.029283786900145766	0.009076058040939375	0.07326735080174568	-0.0319853659880365	0.09060213956663656	
0.014775839674907728	-0.10262778861400569	0.08414115822799377	0.04011870102270939	0.09317966842728971	
-0.09416622345974061	-0.07100839716303349	0.05355974394834011	0.01473973830216213	-0.12349549055693827	
-0.14239359034850227	0.1489988777252649	-0.1551777606814197	-0.1800105779037175	-0.31036464795723273	
-0.039519648148425235	-0.10279492614763333	-0.05252924363533844	-0.01718416844637434	0.12787008406899653	
-0.13270927841019203	0.08775200545604132	-0.09377215953719577	-0.22624712302614855	-0.19938216837379463	
-0.5612022411759469	0.4955607738765248	-0.7340066733331949	-0.8204926993779467	-0.5832227395981141	
0.06848550045975549	-0.027774078021650793	0.1258957390484938	0.21652094475323302	0.180013220008607	
-0.05152430701752798	-0.03857943667392176	-0.1654260370306774	-0.15189862140114865	-0.16247710473326768	
0.08862315834951894	-0.13711980170313695	0.22170224549583797	0.17213644110182358	0.07958219704067207	
-0.01570120750981716	0.08081543483297841	0.06702799156719356	-0.021510561555292917	0.021051901068084238	
-0.022548622166689725	-0.028510181368039296	-0.060110715015552346	0.027916073781701762	-0.005545176301823837	
0.0010392588442550295	-0.0106518225450899	0.06935235134316005	0.09801725593961982	-0.010534544113478546	
-0.033440842977815764	-0.09528218831479936	0.04604999311462926	0.0508496428762615	0.08029338136825521	
-0.04748177321100278	0.10232633250078416	-0.004752578652179369	-0.03579878126413962	-0.005224530410982888	
0.16028935401600883	-0.060639403420056096	0.10338219105790292	0.07234434822122345	0.10611350121918114	
0.09929000758118904	-0.10769414015481653	0.13213519118746242	0.0034198058472565728	0.03877999200722648	
0.11146906450563376	-0.07308720156437169	0.07228666005086133	0.03457237400089983	0.13582153318020052	
0.06251948715588032	-0.1600609136603479	0.18503185849594203	0.17752082896673652	0.20341542062479215	
0.18904047631181745	-0.13554469181525325	0.04527813074038293	0.10780813730605024	0.2000762185772703	
0.054402304933529606	0.06826576495054691	0.04154612633116699	-0.024513656696136723	-0.06407052362564943	
0.050343194585588454	-0.024172055525770106	0.06880523050374342	0.12892810398326723	0.13933881433608064	
0.016172297885388782	0.04019186229684208	0.008595432567093352	-0.05494607151424324	-0.01318528339953678	
0.0790897194841809	-0.1565477740228658	0.18057907020382546	0.1285211599683016	-0.0032167273044345548	
-0.0634512483194423	-0.027058208804282707	-0.08392980660069355	0.04631908323254019	-0.044678847191887285	
0.13634941647500898	-0.018846472679151398	0.13561248265812484	0.10695415533266872	0.13652047015348384	
0.04522225771517846	-0.03419125606884178	0.11512453134149286	-0.0006590368811843069	0.05649215215936318	
-0.0575787393783485	-0.010332142905502207	-0.07795380758874923	-0.13148780202325	-0.005972396710491181	
0.002466395675327869	0.036730020872344483	0.05552405869433613	-0.03735197264629267	0.10565888263026807	
0.0049164495804446635	-0.0509214751935307	-0.05154466835288803	0.008339267417732	0.045037233056223834	
-0.11573412314285912	0.1114067951442134	-0.06274530032785017	0.08330217058336555	-0.017001297382853067	
0.11377753508648736	-0.016540414914442997	0.08600957930199496	-0.010003191029040058	0.07724371369319125	
0.03701217927589294	0.0881784262860549	0.027299613570433215	0.024067713812187103	0.0467040150414677	
-0.052398425184008474	0.03520587315783474	-0.07294893159736415	-0.038336902282427095	-0.05773537951202948	
0.00932237052312073	-0.04144542440753029	0.04864850202966377	-0.007108573940370846	0.1165953484248529	
0.08153396355955887	-0.10533768945969209	0.06348295415030406	0.02244142693968316	0.10453123756555865	
0.1395105077008573	0.005851126606233859	0.14068567458951498	0.05034673259536761	-0.006722173570480585	
0.07262153526085965	0.010559503283650734	0.026779195480366055	-0.0030220783406565556	0.033811441842958694	
0.03694871807596397	0.018045508687995995	0.02998673374381943	0.03191707720548216	-0.0042125750682702945	
-0.09053001152073104	-0.0006013339766394823	-0.09669134656838559	0.09036905033080873	-0.09083252202363122	
0.09504948421039135	0.04805220945747875	0.05002406995214074	0.04572124253990896	-0.036499868176052254	
0.035691869598850144	-0.05938631802829342	-0.023759607806316033	0.037067435662180195	0.007556721156271236	
0.09873040096298195	0.09073382304951558	-0.07065877290571256	-0.11764942855155179	-0.043930587592381	
0.01702308310869395	0.04715918102396252	-0.07949749259391134	-0.08689080099924526	0.0941935769014523	
0.021318782680585416	-0.007419722595240715	-0.025200776000280572	-0.04231137057197556	0.031211988177293717	
0.004840159815005799	-0.05663418119626787	0.01009099491714952	-0.022385299408165523	0.047240210946209095	
-0.05960895725633246	0.0444995987503633	-0.06933506353305403	-0.017324746237038696	0.07435793556311389	
-0.06094928020227901	-0.02927496265080564	0.06819430260317502	0.044050042140104946	0.03805674532063352	
0.08637128368063945	0.09775064480056506	0.04366013990834056	0.029594078963121558	-0.06810999075174201	
0.045471261303414647	0.009249127790026202	0.0793065059440167	0.15103343915184314	-0.08474699807241588	
0.041212950079267105	0.06220336651235015	-0.04323056007545521	-0.03777046186236939	0.009459845053692958	
0.004405806578446006	0.03245493581177719	0.013167606470872242	0.06908658713123703	0.1457147641008967	
-0.051558862396898025	-0.05335777398696589	0.0803954960870303	0.014079497910975404	0.08028305707211802	
0.00954080195227322	0.1282019089075602	-0.007002788407732933	-0.021109509088136903	-0.10646311899283196	
-0.06789627049656838	-0.1005079986344067	-0.16532959374526904	-0.030818462099070312	-0.1377440439474604	
0.005978433003682773	0.04786821053247642	0.04366857677297281	0.04352912954619094	-0.029793443256931174	
0.00013558510219762875	-0.001899649418607552	0.10057209896774306	-0.04643369000257679	-0.04252398168402606	
-0.1315151940977221	0.20659986301759778	-0.11599183666161683	-0.2514605062485673	-0.10699438166581492	
-0.058498523092278196	0.07677110591051127	-0.041632325205726066	-0.10789329215450817	0.006153091315704032	
0.10963969745154455	-0.09033939958647311	0.14121336996865147	0.13654484359143407	0.03902089583919452	
0.08351149833993432	0.09869472975679343	-0.1168833081829773	-0.008390228943474621	-0.01937181539376614	
0.03603542974572989	0.030522443289973587	-0.10958433093677618	-0.17098673989194413	-0.06402800919765522	
-0.019890798580958532	-0.042544934683518124	0.11082629151389206	0.13127893827435327	0.12117321500839279	
0.042885962440003915	-0.01625250388901331	0.053615963310639135	0.20289921708735695	0.10489820194603727	
-0.05412516598320136	-0.071025892217455	-0.10104938979773394	-0.10622653552121272	-0.00239218066827092	
-0.09971337274852687	-0.04999503195152783	0.007819997974545308	-0.05588213438364714	0.033621190905680345	
0.019949336152907046	-0.02013481307112399	0.018521983090208506	0.038483396273562315	0.09871621952317011	
0.04383801620218678	0.03420641326727537	-0.03531300378447609	0.10725538274816604	-0.010522572721407789	
-0.0657478175931499	0.03040466075570249	-0.1323707320970597	-0.22775071286933737	-0.003665085382627172	
0.08367463754281237	0.07907842186170345	0.0710913237309778	-0.10144172287788371	-0.08151354877626628	
-0.03442821897057453	0.013898877510275676	0.11397109198257192	0.11466983493713528	0.04774097381292663	
0.047414155710343846	0.10420640655512017	-0.018178941682241337	-0.06025406606913817	-0.05226621711785591	
-0.07662963695207584	0.08224067740228501	-0.07756440267169323	-0.07053706785659604	0.04963251339905107	
-0.06420673377835504	0.1256956903694519	-0.09335503195746134	-0.05991453806713631	-0.08066024739373374	
0.019206627674594953	0.06043889122893498	-0.1375252406390063	-0.12329533799630446	0.00738561944217327	
-0.07383097617154204	0.03566938372810187	0.09259457102837497	-0.08087135924916661	0.02623070284565346	
-0.01727300791709008	0.05942520969688446	0.03307669865021971	0.051237255875184406	0.004783628480193628	
0.03803161473808594	-0.1262568675406403	-0.06285662367304047	0.02445598646220965	-0.012608261187915094	
-0.052233086633253004	0.14178441007399104	-0.09515629214159421	-0.14126092373254545	-0.0865634200796362	
0.07673129562973376	0.12401008545241785	0.04751066571556748	0.03674656478332825	-0.0751765987602002	
-0.09780660458472355	-0.0340549965135989	-0.05795676762026328	-0.10205991780362254	0.0010075218869719507	
0.02949199482212777	0.004793402937885799	-0.020799288474857108	0.10407112278573925	-0.025987114046620668	
-0.03899624664590318	0.035694891154703846	-0.15439020408037504	-0.1255811871060355	-0.03973725441382847	
-0.06944520705489017	0.10381953466193006	-0.13368945790946868	-0.07997052548674455	-0.006160501397504618	
0.1072857400231535	-0.00872007716687227	0.15005469138042876	0.11634523359945267	0.08526159824377705	
-0.06057895524355126	-0.11094798320904367	-0.0618543711735562	0.03347708507996377	-0.01654650279351432	
0.15620521358811706	-0.13295845394977293	0.1946758296977894	0.15880934955667117	0.0904733190810103	
-0.06301355777149516	0.1419941613614383	-0.13846168608901335	-0.23305321060399115	-0.12857863561632324	
0.019950928045932764	0.03607467552266434	0.0026814187326039216	0.01845512797027166	-0.06210920904811264	
-0.01557129082278902	-0.02152795531243922	0.051793843927690944	0.15066220496550856	0.039999707805986405	
0.03392833406070959	-0.030847118853722554	0.10182243231757503	0.014157601559300906	-0.0031316038119091586	
0.02080605590446235	-0.09150771805075673	0.0965826713771601	0.1582808516568547	-0.041779340559515106	
-0.0011651981793848964	-0.06506431397843439	0.14912428953146015	-0.022879909862328397	0.13766053563752614	
0.04121674038323895	0.017614536272105685	0.05134371206634659	-0.02149954903970916	-0.07775642510138289	
-0.1155027345807679	0.1630472337017784	-0.1003419075712001	-0.0660022992219384	-0.08537077893846513	
-0.07149794009407046	0.05063910069630847	-0.10338089921242168	-0.08017697414311253	-0.12552707659198062	
-0.03139795336897831	0.05079590615437823	-0.08057357951641073	-0.17708948251069917	-0.048937248441393945	
0.00465030695566737	0.07259500676090487	-0.04772808505819503	-0.0829607774133399	0.07206210372991771	
0.0040796422966260775	0.029983063624180777	0.08336074452042141	-0.03466619225077858	0.0006343447695767376	
0.030656972436832675	-0.1627468165899698	0.09204717613530836	-0.01588205980056019	0.027596107061650568	
0.07222080001488212	0.026662163322170713	-0.04539521433575194	-0.012514104710041246	-0.012604101863637177	
0.16710484269249343	-0.04462512193665094	0.10154509769734613	0.04317604940128159	0.14238975505965892	
0.09106116694277189	-0.06334835988773467	0.16416455740908414	0.15259712832691577	0.04742078454394277	
0.14128694150456492	-0.13991208768579588	-0.018262599453171147	0.04933451313108167	0.04790607320951415	
-0.04504374479284736	0.051815279973178446	-0.03366076904159927	0.006907089984783912	0.0752297306662457	
-0.023466919776640182	-0.018905811303092632	0.07416741033055402	0.05521747686788069	0.05114436865977492	
0.0016088249468765967	-0.0035349460019659536	0.12248575028349108	0.019619003544298026	0.10029540878150077	
-0.15221325420468726	0.12015649215030903	-0.1578369778360494	-0.10933574860862186	-0.09582370431182677	
-0.04325077410078054	0.011727563339285665	0.0328499595818515	0.06378639582338813	0.01964046556687766	
-0.027241294178595662	-0.07105768951088179	-0.02783729433766961	0.07265708082931767	0.0007134139194933805	
-0.01616231252398641	-0.048824495137525646	0.057633445823131055	-0.0827495133048384	0.10360248013153678	
-0.03613358086525412	-0.01739022466293038	-0.08134942322568123	0.07043252980024702	-0.03501865760671749	
0.03208875555351754	0.04585369074377066	-0.04358559168960586	0.04056896082034989	-0.03720002245449057	
0.03137017067143331	0.0737198902962517	-0.0676732237733343	0.04532584925286969	-0.16137380067843413	
0.005755006646549003	0.07451289903561847	-0.13408111209699547	-0.05764299536341141	-0.0208238369183258	
0.18208795295533775	-0.15002774883308326	0.003839003128073922	0.1953028041702149	0.17381699973956904	
0.21545851912474512	-0.17917908718430886	0.2610502589158219	0.2837033126042896	0.17484536427860434	
0.021249910651080575	0.11236509776415748	-0.041344848074395396	-0.10538520013089892	-0.044686119102444015	
-0.06257131823568873	-0.007632710901762182	0.17572736857339816	0.028950551905624754	-0.08734915579635068	
0.03273209285501279	-0.09770515462582811	0.19215944454223352	0.13146228252889364	0.052851825510599144	
-0.006638214648649058	-0.09800106328881923	0.09664369885260009	0.04618246564624686	0.06616192434940471	
0.03503553690157291	0.050913052125263356	0.04864577896777353	0.02858952987770003	0.09223664211016895	
0.005296098984925154	-0.06754378751288333	0.046509271361251596	0.15408301786717274	0.16015431246851516	
-0.07922488286653247	0.16841223083438905	-0.1018062025430845	-0.07037015499372995	-0.13101952179909426	
0.01380865206955342	0.0560517804885507	0.03355060197116901	0.06598036165621297	0.01774581406149524	
-0.07941001643816807	0.18470840426610105	-0.1758769471873443	-0.07398808964544024	0.023337821268548605	
-0.011356038157219406	-0.010380958392336957	0.06412087756089276	-0.0688538380623683	0.04528211037976213	
0.09664759498106786	0.046589001462873154	0.1014839404354748	0.16471468772648468	0.004048669648407225	
0.14830372590085691	-0.09420432156375373	0.03452408048952059	0.15223263076609592	-0.030319018986888734	
0.044927331121570616	0.036147685806397274	-0.05372884875510649	-0.08564788943395259	0.010408497596415076	
-0.06537594982657977	-0.038376597372993926	-0.007428278012867397	-0.02806736435671833	-0.10384843930213086	
0.15539775266842495	-0.07242166441388403	0.15861946217415462	0.10952196485651475	0.1054835549919408	
-0.08676230133094137	0.09597566733231555	-0.08044479637901841	-0.11785420635517992	-0.1174404028692576	
-0.12369925232457961	0.07038179558795798	-0.03705147083034312	-0.026784388478962463	-0.053440418724405546	
0.05623711749900294	0.06605625833978732	0.034662906351688595	-0.042657404102185034	0.03396390345411793	
-0.031805621118809954	-0.04631014616429129	-0.030861451503090578	0.02570017933644588	-0.008066394492489078	
-0.013883234105063553	0.08505618285382391	-0.036066542239088374	0.10159294189540051	0.029305364733529207	
-0.0558585970783816	0.13072781105296244	-0.03773618184348212	-0.13108711619288776	0.014870748471250056	
-0.03140294327359377	0.0029693558750053636	-0.05925675266311304	-0.008588375009188456	-0.06953718633037483	
0.0528723780432319	-0.08593994186857942	-0.016616926237664982	-0.025334860658351013	0.03910265312246946	
0.006288780539815455	0.014837493320224136	-0.09650214389289381	-0.059803003985816776	-0.09847134098464984	
0.13145638198506046	-0.07015203355630806	0.06773671415772003	0.07285310031598483	-0.009139801028226093	
-0.13838167450541988	0.03958154888283789	0.002941456150877828	-0.13111960405739315	0.006045821544070929	
-0.0003515013482595161	-0.06419606859738614	-0.014025849628805565	0.09088170470875283	0.09772405972949547	
0.11073242433555938	-0.09870836578584877	0.12666251062427264	0.009489201579799898	0.02389444428102864	
-0.06888100532935101	0.02335520623917305	-0.17368310408475515	-0.06250875447767752	0.0030621431212192515	
0.10055306721482148	-0.015288893788881578	0.022102082231957466	0.0033127629895176175	0.07440091044049833	
-0.002184016036705522	0.0335661948809154	-0.15277117427583137	-0.17851740277199182	-0.08499638218537688	
-0.15289688075835692	0.05140675038371836	-0.17286401845014326	-0.05042346218980056	-0.017107522723669624	
-0.09108234709217876	0.06636342911086217	-0.17119757900154953	-0.0827729485205914	-0.12180210991429774	
0.014968081687936525	0.06662442908891845	-0.05824947491468991	-0.1301627070471674	-0.045331068855125285	
0.11316938432111792	0.09500889657364442	0.025120178599385763	-0.08752319111616498	0.039546890954661525	
-0.1405182672467416	0.12689783819342812	-0.2330948050670791	-0.17766073161829984	-0.06266866932169811	
-0.02532310434095081	0.07620388601817346	0.010438698401532153	-0.13736143747816065	0.04124071566775504	
-0.025842138613123764	-0.08128051996529734	0.05162626976811196	-0.03215060562176538	0.07638091593520893	
-0.17255010573245802	0.04766379247783515	-0.22712213750986981	-0.1174033767940259	-0.06027169204690874	
-0.04767824506686242	-0.036875626272997425	0.0017067528307202868	-0.08818355600876612	0.024311836043252988	
-0.04480085580048576	0.047789318273786074	-0.1636773824078262	-0.024376775973455115	-0.06118046433150478	
-0.17642625276417118	0.06570136408293542	-0.151592451738147	-0.09135736647669208	-0.005011027881857366	
-0.06582954734374348	0.06268090691638352	-0.03475561322222058	0.04019152110615229	-0.08615847351162546	
-0.06565512220815865	0.0631481142238689	-0.06307344647201138	0.13034787683498067	0.0137500875894353	
-0.6933846884819046	0.7902076079344319	-1.0103085269156946	-1.1029986946237358	-0.7712137279063904	
0.12976055402567838	
