TESTRUNID EPOCH: 68 L_PCC: 0.8993895999114677 L_ERR: 0.007986130885770123 T_PCC: 0.8419612990910982 T_ERR: 0.012516173498354747
180 LAYER: 1
3 LAYER: 2
1 LAYER: 3
68 :ILEARN
-0.4414649039794452	-0.1878206708019248	-0.2497227468701259	-0.17345820084181374	-0.20991268809449412	
-0.20090968037292511	0.17321392783419787	0.18741429053994005	0.32533557080980974	0.5071218010423425	
0.6198508442590722	0.8129691207069137	-0.061990411634552656	0.09034824441736057	-0.04598608087992889	
-0.04751168138257139	0.030764170700033153	0.07439680947766697	0.24444687200849982	0.363892454864475	
0.6818557451082791	0.0022811948520116286	-0.10317039863355171	-0.1725566497954725	0.08542074042137751	
0.1414713494872034	-0.044440747924224075	-0.07577325346306636	-0.17713078083227987	0.08881180995017669	
-0.013398362383203893	-0.034800679225617706	0.18556874780061766	-0.36825769906428146	-0.24561267669540154	
-0.19726731361119829	-0.22549396227434168	-0.2365470431428053	-0.4426131124957022	0.14118392156292656	
0.2999180780909459	0.2824785126518136	0.41644624357643456	0.6620265565574316	0.6346286370201157	
-0.38775896765777573	-0.3280042936337984	-0.4899908061441657	-0.1996032477872015	-0.32165582814881977	
-0.44528781830150166	0.2709671924589834	0.2596511913348994	0.31613036242254017	0.14493019181536643	
0.111906400830183	0.18861714756022005	-0.03253944328902775	-0.23435654326244734	-0.2158014972453984	
-0.3024680318987121	-0.2787527545757378	-0.34724622783440007	0.5946950958299108	0.8106525105277281	
1.1262684691964913	0.33981445051902137	0.4107789509556809	0.6058935204623179	0.1953001286424696	
0.3391863338907255	0.23049937766938636	0.40663683112507426	0.9085610646377386	0.9610317977856421	
-0.14078409500271735	-0.16621533889328843	-0.4355423776804864	0.20499151286073256	0.2736964305581706	
0.3534276022268434	0.21340601938750245	0.31841222762005217	0.2856023405982938	0.34301704400170474	
0.7168586714224415	0.7156542425544925	-0.4195951771706445	-0.5018800537864269	-0.5886892347172151	
-0.27258681803148294	-0.2911053736935311	-0.3205510678073413	0.22445387823685853	0.33422986056958204	
0.3527905205719632	-0.11428132576078873	-0.40596443765607765	-0.6949813629337276	-0.04408774735220857	
-0.17244747622200754	0.29413452719303124	0.2570897363762907	0.298214326959945	0.5203858554096643	
-0.36251506039162223	-0.461857885848384	-0.6496817406860701	-0.3778790146576113	-0.7127044875748016	
-0.7944939764645568	-0.034282665848408264	0.12013300675487967	0.09375163342003448	0.10636364762181705	
0.396899287108251	0.5015250044078741	-0.5633435423252149	-0.7365580161700953	-0.737625750278577	
-0.06945105259592815	-0.08381210857591527	-0.1268248743698697	0.22852641334463594	0.5311732305257466	
0.5749675028946251	-0.08304984454990336	-0.0986717158404156	-0.21112555253953846	0.17904242212086088	
0.20491181421546836	0.23637118730193654	-0.08441643938897923	-0.1913540642126535	0.11680688149754688	
-0.06114773948424067	0.020449505726888955	-0.18126793828466087	0.1872144434334886	0.2759850223292451	
0.3115571307008384	0.1545548136219525	0.23397593100177635	0.3674024768680277	0.06997937233539778	
0.2112791430118264	0.3310527463598592	-0.04617081385504307	0.0021617073225200156	-0.23630391307415402	
-0.01312901852577199	0.045778949948444496	-0.15067268542844084	-0.030949364920656197	0.15377247096673677	
0.7462003194008419	-0.34875006339404496	-0.35674141750997934	-0.34322086065415486	-0.1928510555333935	
-0.4392215612099753	-0.32536229632861907	0.2299340179273566	0.427403523743601	0.4395282102708046	
-0.10456970341930132	-0.18886651158248408	-0.010367443466711136	0.12301182372568448	0.07166035136645323	
0.01475919617161918	0.0700714935511856	-0.013467476383613317	-0.08458000845134879	-0.4350224936286139	
-0.3543714967108024	-0.35291020118292216	0.04026657782715802	0.11463028797534357	0.11193854092271434	
-0.2817929886365917	-0.2215483299935759	0.15780636310019888	-0.04337247012795499	0.06524255091156854	
0.16302857521960004	-0.11387202303835366	0.0950418503386093	0.005240314144716295	0.10996385636107782	
0.04351056493795801	0.10676607808918022	0.02627847496776516	-0.011225160202224216	-0.011504951481109959	
0.15679544658718172	0.08299546976049377	0.10817879317941247	0.08092766601319791	0.0860455320356938	
0.23402364089802805	-0.02906010587767252	0.20051743967374222	0.15215991561741593	0.03109607866627166	
0.030914691238093733	0.07051033039012577	-0.0336369548106702	0.13119065888382153	0.24943293016925133	
0.03244073996769428	0.1687759084627169	-0.04949402176698037	0.22035928724946002	0.2246346446095581	
0.18349345666987166	-0.3202086218207433	-0.14617749104533276	-0.10249089162712001	-0.19670715211155007	
-0.12167781975131599	-0.0501345511917253	0.002324838033765211	0.1520794136787848	0.11368630503641769	
0.046914707201187726	-0.17843882573039488	-0.02544671857973322	0.0563569549744105	0.12532211093848925	
0.02995329385234332	0.08433361527128222	0.11279310572477969	-0.010948415312541994	0.1410715938092757	
0.05801494396613497	0.08343825742872281	0.17921694406167665	0.12323572062630257	0.2432581148414087	
0.0033944457218804186	0.207825866314767	0.12462061148579469	0.007993607840821149	0.2161630255720527	
0.1798927352288096	-0.08147081057076351	0.05728273805065806	0.20380207581340687	0.22758135947332084	
0.17148944034215224	0.4225472623802692	0.03442503997541003	0.11352556595181106	0.1320022946636181	
0.2619783532931949	0.20500972163318262	0.20474389606011076	0.11553250275306193	0.22938259401928843	
0.21746389037590177	0.052300334546600546	0.04513657982355682	0.2933461504528479	0.0638271386717591	
-0.012247542306138965	0.011502618149866816	-0.09980156769668143	-0.029025037499150287	0.09338387820507033	
-0.06917987161561441	0.04123657930914621	0.06812523983286345	0.0005482691492315102	0.3491706107848572	
0.22475709067193045	0.0018209136336982245	-0.02258746525585887	-0.1551856260618229	-0.12894851999673249	
-0.3070290762493242	-0.048931949229733644	0.04027104332993792	-0.17333541574369	-0.007248898723563928	
-0.0006595183219665822	-0.08178920125638887	0.0683484735960349	0.1466632161385051	0.21593481425830766	
0.05656351232913555	-0.07484979711669258	-0.11157507104308777	-0.15578529158869703	-0.0688184791840048	
-0.1893923204173244	-0.021746878398544153	-0.17328067634345468	0.02776586439310337	-0.11766057304420902	
-0.07036702969355231	0.014745348782681345	0.02092988638297476	-0.010916668460878734	-0.012736478483957044	
0.03532460326424429	0.01003680337873674	0.06590653923798892	0.24874965324489334	0.08944284094248207	
0.24635948232183164	0.524843717239127	0.01623949309757778	0.04634782862330813	0.177293520243065	
0.10293053316170532	0.18145967372884844	0.08416319708914655	0.12043648781841026	0.2740285765706325	
0.458939963114658	0.0803529879027908	0.09653501758307477	0.18816848181760368	0.09753537090020553	
0.07241871219160127	-0.05476324610930165	0.019387540098329385	0.017593793666277346	0.05847583701367508	
-0.07060088970248694	0.021464360541071547	-0.06177474183076517	0.27609747481500946	0.3957139245795115	
0.22355304718131982	-0.15888709881396357	-0.038751124502050614	-0.17485499522456882	-0.265630170545853	
-0.25004582917593504	-0.17591281589234867	0.07175392065944391	0.05307782535826444	-0.06745529588562307	
-0.10772131534986426	0.13736052209743604	-0.10424967417994176	0.06354030268714592	-0.14774627175686864	
0.07224633519420474	0.014522063185998867	-0.13145625903246175	-0.10165736427193219	0.16073618123756073	
-0.06440888695586042	-0.037758137962555	-0.1466802197314926	-0.03810350015479705	0.11859615717677366	
-0.08004623643482316	-0.04673140602615316	0.16978828261613688	0.15739070211603648	0.36689479923814	
0.38531706271732136	0.17010457252412103	0.052359502148024324	0.21640134632566058	0.2050076113268055	
0.29309906888531373	0.3369792511214499	0.1415789488393951	0.4004543128430251	0.32004808290621706	
0.11930733310205892	0.23592662369188372	0.24343066711117103	0.2628025645468431	0.22730766885321022	
0.3280395205976893	0.05288828466442048	0.1935052865808341	0.06653467420978305	-0.1434664508556413	
-0.10693770902168702	-0.09266886668058417	-0.03592360285887933	-0.15131606298418163	-0.06925938560505564	
-0.44257826844339077	-0.11905284031420967	-0.1668978040876792	0.14544447129465018	0.37585118726642974	
0.5729847666067103	-0.19214928815126553	-0.08641995361848401	-0.2496305175341682	-0.2297745770768468	
-0.28774273449715876	-0.3223573518123923	-0.12000739899573538	-0.10176926043254278	-0.06252700775813184	
0.20186818806185125	0.021787562070445056	-0.02679487441709998	-0.01745076664652022	0.08434976769413875	
0.2538320158634545	-0.1598863512198666	-0.1827984227808058	-0.1898321423695769	-0.05172797928625112	
-0.16793434343176708	-0.1859460511559975	-0.06819770892664628	-0.025941007107937366	-0.04674798027467413	
-0.06068529853635085	0.047047468998832644	0.18018586779084583	-0.0615169758136137	-0.02163765704849456	
0.04163490478974571	-0.12367228137114414	0.06440351622082804	-0.12921749105860614	0.21630396548343214	
0.41107971310541014	0.42572240687662505	-0.06298131222031604	-0.01742728686415861	0.009659896097706535	
0.005525748611651049	0.12731706653730013	0.04172549721827685	0.09273079168381519	-0.006355229400957835	
0.08516751857279345	0.01594540450774151	0.2642498985207815	0.16293086857350397	0.12271135751207023	
0.16382237509486253	0.17504747347189517	0.3732018654894355	0.16073742921054165	0.4071228825158051	
-0.21175017210404457	-0.17627122061460998	-0.1689984169130318	0.14426800236190448	0.11715641657815165	
0.21589199560052413	0.14936088334621878	0.019531223742187555	-0.02731916373419315	-0.14473626538931308	
-0.27332281100018485	-0.27296179486744665	-0.18565096154627084	-0.11873400735966684	-0.07861143751174111	
-0.0756534450842657	0.03303028506865856	-0.004002013637252411	0.07358702880191906	0.013396098908481202	
0.19459181822469881	-0.008952644134974512	0.028930711976738122	0.06195971627953318	-0.10402851803065663	
-0.3139195816734469	-0.2821542493705431	0.048553914494951105	-0.11015763839074154	0.3733595532475697	
0.0756575002834478	0.16065822669062307	0.09733858739147251	-0.559656150229955	-0.6948949092119068	
-0.9531088561026445	-0.023416787152208685	-0.07321296189299419	0.04099254903521321	-0.024350405789598812	
0.02286008455386705	0.10991736760804173	0.30304840974781366	0.41624198523730194	0.5201029979796935	
0.20679506393094108	0.25726093348090096	0.26351168753636467	0.1047864633560281	-0.021493132813157574	
-0.03419841600250275	0.23283619966630043	0.3602126065548275	0.3951587169622376	-0.09207338514535406	
-0.23848720666269627	-0.26258992034765477	0.29817426386205015	0.5335892351349147	0.5338124649501709	
0.18492944121860638	0.2453121611232838	0.26385030642937174	-1.5853810500560317	-1.5939177536565978	
-1.2539104383248494	0.21382194344635264	0.21915203708065628	0.3363717228260786	0.20799809720562226	
0.2507230945907126	0.3120917150197114	0.11716503901491956	0.11110770499734572	0.05882593544094862	
0.17606408267911236	0.3013047998741689	0.35841749375015547	0.34198347076582764	0.4485327334073554	
0.63011700604943	0.1754435413862906	0.45295926173405154	0.5964222384854826	-0.2797227639709153	
-0.7231834802456129	-0.8316037273320268	0.16846666192231158	0.16407280674629318	0.3341270963277009	
0.2082060685427301	0.7098718775846522	1.4374896592989967	-2.0415408730086892	-2.819515549476608	
-3.406655997675304	3.2819842449093666	
