            A        R        N        D        C        Q        E        G        H        I        L        K        M        F        P        S        T        W        Y        V
 1 A   0.0105   0.0658  -0.0729  -0.1282  -0.0281  -0.0507  -0.0748  -0.0043    0.045     0.05  -0.0107   0.0573    0.051  -0.0576  -0.1178   0.0107  -0.0161  -0.0735  -0.0435   0.0238
 2 A   -0.001   -0.099  -0.1082  -0.2147  -0.1371  -0.0039  -0.0568  -0.1548  -0.0574   0.0691   0.1352  -0.2174   0.0785  -0.0272   0.0181   0.0382   0.0597  -0.1613  -0.0581   0.0836
 3 A   0.0378   0.0161   0.0061  -0.0097  -0.0431  -0.0503  -0.0807  -0.0196   0.0389  -0.0218   0.0271  -0.0269   0.0669   0.1203  -0.0757   0.0321  -0.0311  -0.0132   0.0657   0.0025
 4 A   0.0132   0.0133  -0.0027  -0.0157  -0.0963  -0.0537  -0.0239   -0.045   0.0328  -0.0426  -0.0222  -0.0079  -0.0457    0.026   0.0187   0.0271  -0.0079   0.0648   0.0074  -0.0202
 5 A  -0.0303   0.0971  -0.0426  -0.0534   -0.024   0.0433   0.0101  -0.0045   0.0241   0.0052   0.0153   0.0172   0.0226   0.0575    0.004   0.0341  -0.0143  -0.0041   0.0161   0.0181
 6 A   0.0423   0.0476  -0.0076  -0.0499  -0.0431  -0.0113  -0.0252   0.0579   0.0094   0.0592   0.0105   0.0039   0.0503    0.075   0.0038   0.0585   0.0952   0.0772   -0.036   0.0176
 7 A   0.0228  -0.0221  -0.0506  -0.1067  -0.0457   0.0287  -0.0758   0.0298  -0.0339   0.0721   0.0713  -0.0466   0.1042   0.0461   0.0251   0.0552   0.0249   0.0102  -0.0278   0.0271
 8 A  -0.0474  -0.0084  -0.0397  -0.0784  -0.0572   -0.039  -0.0578   -0.004  -0.1213  -0.0506   0.0512   0.0004  -0.0728   0.0352  -0.0522  -0.0231  -0.0319   0.0157   0.0078  -0.0316
 9 A  -0.0121    0.181  -0.1039   0.0194  -0.1264  -0.0568  -0.0072  -0.0662   0.1253  -0.0168   0.0467   0.3779  -0.0238   0.0744     0.01  -0.0817   -0.074   0.0119   0.1842   0.0413
