TESTRUNID EPOCH: 53 L_PCC: 0.8492560218244539 L_ERR: 0.01188044882496756 T_PCC: 0.8049036875729619 T_ERR: 0.015391364152639057
180 LAYER: 1
2 LAYER: 2
1 LAYER: 3
53 :ILEARN
0.4586533633837497	0.5929790303056056	0.3774944271226789	0.5180778708545619	-0.1961316921488386	
-0.18939221910919016	-0.2084943775038723	-0.1814243279758043	-0.13810525156318615	-0.1361887990531255	
-0.07609390748940863	-0.03900419946765809	-0.6067231844007305	-0.5497567735281172	0.3693125684966362	
0.5928287969151123	-0.3002074569883455	-0.33101465463014157	-0.036222189798940284	0.0008598133682010027	
0.22404221090771864	0.09628854393996873	0.5064678663560804	0.7968424907226261	-0.6136074095343886	
-0.7559939502186511	-0.1894592253496724	-0.259720965407223	0.8241241627666359	1.1613626226552358	
-0.029042242262758415	-0.023330274585497537	-0.2012135480219085	-0.4052714555986615	0.0011380943812364873	
-0.07762958303174397	-0.24640241022245016	-0.23781964143808315	0.08039645688734694	0.47835488543982313	
-0.33414410045781107	-0.44091461444788765	0.4168938503872784	0.6483697812206343	0.07005945842761406	
0.15190097927168675	0.08171910061861912	-0.0412771703252641	0.6336401532908829	0.747406149656903	
0.4393865544012144	0.7196745522259611	-0.05767437679998819	-0.04689066812555476	0.29335826050222236	
0.25932417914122285	0.01210581629970534	-0.0738589293709088	-0.2236730177668949	-0.24482940792843857	
-0.07310619978834944	0.03415080728722384	0.26440018109639024	0.25434842049365863	-0.13943466387112405	
-0.0942496953621884	0.1312892448644516	0.06330422885782473	0.17418998312078882	0.11813980663143875	
-0.2614581228889451	-0.35513287344981664	-0.7111857293304169	-0.7573207052520483	0.06608162409706715	
0.05085126838553326	0.23811511690805326	0.13152465326681367	-0.42570382463774403	-0.5563021126237893	
-0.16310985511678983	-0.2703960555636452	0.520321883198651	0.5808980701543953	-0.22313354656143888	
0.004114955170925787	0.47664882101509404	0.692141846429937	-0.042985255065587764	-0.08704005706994837	
0.31544281578672345	0.472950588591791	0.24828826629215286	0.33801017780876697	0.39024993260324053	
0.40664366217659814	-0.0361261228636114	-0.11666896475613033	-0.36118401063558353	-0.24358858871207956	
0.270726026987692	0.39451457303822274	0.2168371851849516	0.09289483623561093	-0.1901335284167895	
-0.3288734630105756	-0.5710284256992321	-0.5737764657596703	0.3870259222296214	0.4761518157789771	
-0.13812463531551208	-0.022617750175919042	-0.08405906894243755	-0.18781514505922534	-0.00043458638247890905	
0.13201145385669666	-0.31629243266893375	-0.28837181430525144	-0.04201313105796401	-0.18714291348483292	
-0.0986227987042727	-0.04318806485515544	0.21610739322722342	0.3228467404950919	0.10605081316417155	
0.06662338908808434	-0.011217275332909959	0.014067819730459504	-0.0416320809188427	0.02085807672914959	
0.05206329131018142	0.1079969882263038	0.16309135506993336	0.07251533484316562	0.07543004797793978	
0.02132738380854178	0.06465343818758458	-0.08827464499637633	0.13141817859681765	0.14242595432701588	
0.12559727365077858	0.10734174784176312	0.19221870155486992	0.26334928207502484	-0.27870062768535575	
-0.3068429390366748	-0.3074909893282642	-0.24287376551334866	0.12521730767553826	0.01527153380492962	
-0.11056390594101081	0.07374770080087299	0.17391799160687177	0.1021433266214043	-0.19316625138659058	
-0.15454829653665422	-0.16526173016898846	-0.10853306580154705	0.11147290041057067	0.14582723876716036	
-0.06119362189349772	0.060012274951317446	-0.0235454856287696	0.04407672768107379	-0.09287911120046513	
-0.0448758059137595	0.03730826159998732	0.10159997983919664	0.09914487715283724	0.051702235043079865	
-0.004214202917450701	0.14121839309579048	0.1892646222078945	0.23564862909987636	0.15839127156828106	
0.3593236294897279	0.12966977234611662	0.056872977568077646	-0.3689966248842608	-0.3633378055765878	
0.18364349659941268	0.11972688916339753	0.4891497629423161	0.35180348651061344	-0.11411433913081323	
-0.03592246554968353	-0.23867886022966817	-0.16785836472234655	0.17697742310028394	0.26712169893046406	
-0.010846380563154845	-0.0803644114120746	0.03524867007345025	0.05200743331086962	0.07824317022004156	
0.11315274878300029	-0.06494373693437783	-0.0267757648672143	-0.25362469877214444	-0.29849991040823404	
-0.16915457337037243	-0.229463455935982	-0.07437974662232034	-0.07101529745562914	0.0002691691689190017	
-0.0027481307806484752	0.07178526591789874	0.14538417765924444	-0.09947374334460199	-0.12107687632467987	
0.003781531125017859	0.05616752429126036	0.028072698636221916	0.04598402880253537	0.19853078021633558	
0.3858103631635929	-0.03396102667234063	0.09605197352642969	0.05230666214040201	-0.043997610264130745	
0.2063804634281323	0.15390144915709147	0.10396287309833369	0.2774967869957253	-0.15722213120613268	
-0.003153820124981607	-0.008263226999315866	0.006324922959302149	0.2749280605390139	0.25170835617934184	
0.09536381187296564	0.06289750906823557	-0.06818277506217797	-0.2135782111187866	0.0748321809413191	
0.11440743497441849	0.03589894165526482	0.19818765789083595	-0.023253576015199416	0.16010307460596906	
-0.1269719961557301	-0.06830271206776214	0.3697526372965942	0.33650428312221514	0.18789412812103773	
0.10172574972891761	0.10000791206805963	0.18702499764594005	-0.12400474898028382	-0.14878663549550136	
0.05621400087620891	0.3449337777067959	-0.06408443904827663	0.07669252045251636	0.08785640677553119	
0.14761710225513766	-0.09657480116890528	-0.09972861691205262	-0.03899048524661173	0.26661987380745594	
0.2057528415717063	0.14944639226517026	0.4007160549690687	0.3955448490135386	-0.07317582031468528	
-0.22351067011134382	-0.1791688804857432	-0.24716329244095006	0.14495288473071125	0.15551016896130274	
-0.11471983896889935	-0.09039263534705622	0.1295324186359936	0.10734008421198613	0.015985736973726607	
-0.05580772587154954	-0.07008451194488093	-0.08394135216218333	-0.17824196405567927	0.01884451405697086	
0.2493504025494626	0.25002674439628775	0.0627112513431998	-0.01635668760846225	-0.06444520051825181	
0.026737734952202535	0.1525503211651473	0.324268646712153	0.15253769059079356	0.23515113793486023	
-0.08740342653860891	-0.04840017983288577	-0.04237855630952833	0.0015107904904283459	0.013732788792789467	
-0.01937074472436666	0.05601055274846113	0.030055789648817475	0.2907584437217733	0.12575943933067713	
-0.15636901408253542	-0.19950953998740878	0.059328385495351556	0.05518203767366752	-0.013165028704537113	
0.03458965170318302	-0.32307517930101354	-0.4593820457957557	0.28721053412237435	0.22295641046760875	
0.14094497890272353	0.13607111121913124	0.08010145388891038	0.07837498573292069	-0.024661353150650385	
0.05433232839117707	-0.1379387844414971	-0.1557981821522938	0.019033920807893363	0.1432480748689331	
0.18420229759117718	0.24769220006175874	-1.2748725647466523	-1.5464429751522881	0.00317140339370596	
-0.004571802590043528	-0.06946567118136736	0.024361246348083093	0.1574991231459351	0.2121545005640127	
-0.07109089197506804	0.05030556342704878	-0.05559017204001546	0.0038703648732066054	0.05705920564432379	
-0.09553391440163878	0.2608488675138054	0.4400211750400736	0.6816818213040134	0.721084208130804	
0.7005130651074232	0.8362195524970323	-0.9369002659389873	-1.1199084853994856	0.0012949906654101321	
0.1254180715591872	0.10949333400625026	0.09549517033247536	0.0599230523472056	-0.09308575602567315	
0.05404774691099598	0.04634572014790539	0.37759386234640513	0.44716761577071706	0.03176120576233272	
-0.023225004560145337	-0.29222912351369407	-0.2659194484543059	0.7540858901086298	0.8956283183668976	
0.5491796694712727	0.7162652646554036	-3.07781597125226	-3.8001962566214926	2.781129134739005	
