TESTRUNID EPOCH: 61 L_PCC: 0.9673846571967217 L_ERR: 0.0010702806717925793 T_PCC: 0.756548302104616 T_ERR: 0.007769424618781713
180 LAYER: 1
2 LAYER: 2
1 LAYER: 3
61 :ILEARN
-0.24860205526793872	-0.2555628272079783	0.1374789743730814	0.23676073276014403	-0.1678571520346489	
-0.20008984836196245	0.17286313670735454	0.28422448945862555	-0.020646505153866013	0.007763346800671395	
-0.0736053449969707	-0.03346235882601266	-0.13294071022663492	-0.01638599059784562	0.011787660158898474	
0.16697027355586896	0.1969110321898121	0.27089228663317627	-0.07192261228095326	-0.06037970218302424	
0.060148913735107334	0.0936523151438795	-0.03731516436815144	0.03846452313386281	0.07527783045920766	
0.07892133270076948	0.03813590119300809	0.05181409431002233	0.27286529566476486	0.4973146541125219	
-0.34529344875025714	-0.29150469502084186	-0.0009587556244755725	-0.11079650334379375	-0.14042656286442992	
-0.2561014227367793	0.02294344905700152	0.05131931873459419	-0.09634234453116164	0.050028862988993505	
0.09777221778129894	0.04963313087596788	0.11633504186285924	0.24765327364234127	-0.0793547986844716	
-0.01042129476481897	0.1255485247381152	0.012353607964998585	0.010184253903805226	-0.010796489052726364	
-0.04445735810763909	0.09503253530268702	-1.2850328068653623	-1.4616055815810314	0.05289602833679194	
-0.023418289861114563	0.014823521098402612	-0.07065428501883797	0.24407124298460356	0.3188116207958754	
-0.09380388505329065	-0.0397459166816077	0.08444325104902937	0.037704985874115755	-0.03317040075381309	
0.0726904551939973	0.07879020442964606	0.05834532778382216	0.1304228458039123	0.06792794199581836	
0.32387949755846773	0.2239222382040246	0.08672286116645572	0.2434484896874069	0.0336718881402896	
-0.002202458818911658	0.29028334056015553	0.21502785993847706	0.09340912094492623	0.09730716997017011	
-0.12789002814440262	-0.175526809888092	0.05018848680546745	-0.030220331604431494	0.04579287780503998	
0.17035463947173832	0.19724390922313878	0.33789634661111034	0.03268829956368963	0.024339144041824357	
-0.07705080540932496	0.08989785174141426	-0.0100175733040119	0.01567792287742635	-0.15634631766058768	
-0.20185674962612202	0.08067590411245076	0.014735897334457168	-0.16693934619202092	-0.07309017173313077	
-0.01671488089475903	0.05703721021511018	0.20618360414724757	0.13553163416710126	0.08170703018395983	
0.024672023158360548	-0.18377724029495737	-0.019034936038277703	0.03817938350338479	0.0994645700902961	
0.08514751286942172	0.11829150397778619	0.12462857562598222	0.08349221960141481	-0.0867999654555875	
0.05109261052049327	0.13620812277440977	0.17954522711686738	0.05638398773439003	-0.06546336879304555	
-0.039580777530345425	-0.047618772827188724	-0.09433870239584108	-0.050757786479390825	0.007684732387087518	
-0.07836545875223064	0.015477236161509814	0.06976804406067598	-0.07516533697601778	-0.044163264197772105	
0.09962076302266902	0.19422313041918043	-0.0446256472816382	-0.16041999195606074	0.1730778619006893	
0.0878316740526837	0.06142103912375582	-0.022427871187165646	-0.09906417813799281	-0.10355800334995692	
0.1256749611824218	0.061231000348596555	0.15628811566163492	0.23888098407966937	-0.09108962429104767	
-0.07850117417878143	-0.05713825536575102	0.04065429306259296	-0.1915861829679063	-0.34503804587611403	
-0.08560514406210265	0.09345526600005441	-0.0546395861186309	-0.14400057741925715	-0.23042397325202618	
-0.18078618697383428	-0.06091410377813625	0.01627178545465155	0.46808511810507875	0.5381983680365092	
-0.17887328346870993	-0.14209129260781148	-0.09245779390856156	-0.07248056036662946	0.16763348042568119	
0.17181196342332267	0.039496141251309805	0.16218024872734732	0.021265892330666072	0.013770287417296273	
-0.2346427709281214	-0.14163079880001653	0.13066405094415454	0.10975752804723074	0.1313167027426319	
0.19307002384474628	-0.11466729924139286	-0.18446556821262491	-0.07809528455623868	-0.017688657537967913	
0.15132750308728976	0.08581555581818431	0.25091706881339376	0.15976256574682024	-0.04793698028429181	
0.060950912748669095	-0.15202024471482406	-0.08749469275119223	-0.0879078706589449	-0.03101958901348121	
-0.00961256206678783	-0.037180247095664205	0.11907301326332612	0.14587921977922938	0.09433288637874689	
0.08743680842009807	-0.0972096854048806	-0.0531275827757159	-0.01602341592726153	0.06617212210239494	
-0.03680761144881112	-0.12951459782252622	0.08312126995325492	0.0283132417892675	-0.09359303177895109	
-0.0893442690480737	-0.13795351288169816	-0.18621287285771138	0.18397134996268236	0.20917171454822645	
-0.09612537793499315	-0.010578556195825985	0.12496187229060712	0.14977372157932106	-0.129815859523434	
-0.06301701669527005	-0.1313892127820525	0.040531224587661153	0.17117044207189064	0.0343407063019746	
0.12019393787046752	0.1953336609742858	0.1537861424261625	0.34605005537202166	0.1421716587322779	
0.28559754405705573	-0.12135685299026916	-0.09100326646687051	-0.1557844680605895	-0.16758771817820378	
-0.00802394683663861	0.009269363204074649	-0.2074535707764369	-0.3094183743285709	-0.0019492954760144537	
0.019822061529175677	-0.011641360980736731	0.12728846071976155	0.31731435003181	0.4233724460970211	
-0.03695103938092541	0.07857774170503026	0.24979464613550667	0.2334629269528098	0.1463921925845323	
0.1271533051108814	-0.057649417142526964	0.02361068806336268	-0.05330098414935119	-0.00749734509852127	
-0.09991959502172852	0.09535182980621193	-0.02468393705084511	0.09475670767166453	-0.11703045801803327	
-0.08349298407858893	0.014942300941620454	0.025615239661470085	-0.1178260993153582	-0.07211809623139132	
-0.16274894263064885	-0.19174792816707906	0.006638951632551389	-0.014927402291653317	0.07289588601091998	
-0.03546380063265071	0.005643553860410372	-0.0038144865640409907	-0.15127004842292197	-0.1786065790653616	
0.042054889660327104	0.03863743445387423	0.352183585520173	0.35350634433958666	0.0373161677078208	
-0.03494608061850232	0.07207847099197309	0.1506188459875567	0.10666269415661235	0.22428998371253855	
0.19071466480768143	0.2144976846877951	0.03254396247505245	-0.045958347594048446	0.13340930068601295	
0.306397073984786	-0.27155818041191526	-0.28592273316978367	0.014497703438321269	0.04662850505750221	
-0.2594067915453298	-0.20150191392123218	0.15023474659812477	0.16819453790743252	0.14176210978627557	
0.11121791727372331	0.09671189478467246	0.05992835320309632	0.16514548042961236	0.019571807018810183	
-0.2030533850047968	-0.23530575725950087	0.38076204695056587	0.4261299077337765	0.014663196094133198	
0.09367998530790676	-0.11786156424195776	-0.1486226007926577	0.03781564089118844	-0.017396551715102394	
0.08326111069367015	0.08192710499031142	-0.048576341243560764	-0.07782173985119417	-0.061407453596177435	
-8.316586422278671e-05	0.1018367698267051	0.018726257135588575	-0.21408544791485218	-0.16204314881445878	
-0.12646306382087774	-0.09554388569405013	0.2872696751423891	0.33865638720809343	0.03200610059424222	
0.03154704897309852	0.24496609732995558	0.4236621159200243	0.2971341040864262	0.3921772927004044	
-0.16923064970036752	-0.07638658245241879	0.2726460394119371	0.41789574960873016	0.02286687034235178	
-0.1371561078041692	-0.09553372192168955	-0.002742650653394644	-0.2036720257857717	-0.32160992278155404	
0.11791675397601271	0.14271437029315243	0.06528139952586828	0.07082308876730775	-0.5151382119813758	
-0.5178100841639894	-0.09252310488082266	-0.156969112323123	0.39994928596105805	0.3201404073863979	
-0.30767567108561084	-0.4032407886579534	-0.048060321340329386	-0.04858614023557067	0.07536066508272997	
0.027993484625936618	-0.12494963746054746	-0.18797834404009475	0.25345187539741504	0.3322856657564491	
0.20175495189244064	0.2690609365530587	-2.180440322100468	-2.649508005280446	1.1779503849534356	
