            A        R        N        D        C        Q        E        G        H        I        L        K        M        F        P        S        T        W        Y        V
 1 A   0.0324   0.0809   0.0968   0.2993   0.0597   0.1033   0.1552   -0.019   0.2035   0.0932   0.0641   0.0116   0.1469   0.1381  -0.0266   0.0951   0.1529  -0.1164   0.1096   0.0506
 2 A   0.3271   0.2012   0.1709  -0.9284   0.2873   0.1907   0.7074  -0.1559   0.4923   0.2971   0.2772  -0.1697   0.3317   0.3501   0.3259   0.3015   0.3659  -0.0811   0.7069   0.3411
 3 A   0.1476   0.1671   0.1107   0.1327   0.1402   0.1481   0.0864   0.1765    0.288    0.165   0.1067   0.1591   0.1495   0.2431   0.0657   0.1782    0.151   0.3206   0.1718   0.1484
 4 A  -0.3044  -0.3126  -0.3757  -0.3049  -0.4186  -0.4581  -0.3394  -0.3692  -0.2089  -0.3311  -0.2943  -0.3828  -0.2567  -0.2246  -0.1824  -0.3425  -0.4158  -0.0886  -0.2657  -0.2887
 5 A  -0.0571   0.2143  -0.0451  -0.0215   0.0961   0.0676   0.0301   0.0307   0.0701   0.0568   0.0349   0.0122  -0.0075   0.1007   0.0442  -0.0127   0.0468   0.1684   0.0469   0.0609
 6 A  -0.1615   0.0178  -0.0818  -0.0717   -0.146  -0.1219  -0.0336  -0.0942   0.0525    0.001   -0.041  -0.0476   0.0146   0.0522  -0.1857  -0.1056  -0.0594  -0.1432  -0.0011  -0.1038
 7 A    0.161   0.1273   0.1635   0.1155   0.1748   0.1544   0.0606    0.178   0.1113    0.131   0.0982   0.0726   0.2369   0.2505    0.086   0.1369   0.1334   0.2956   0.1573   0.1845
 8 A  -0.0357  -0.1184   -0.006  -0.1001  -0.1784  -0.0197   0.0017  -0.1062  -0.0392  -0.1076  -0.0158  -0.0658  -0.0447   0.0818  -0.0181  -0.0744   0.0094   0.1446   0.0408   -0.052
 9 A  -0.1874   0.1049   0.4357  -0.2136  -2.0401  -1.0708   0.2264   0.4208  -0.3164  -0.2042  -0.3344  -0.1218   -0.658   -0.376   0.3527  -0.2584  -0.1663  -0.9814   -0.212  -0.2489
