TESTRUNID EPOCH: 17 L_PCC: 0.8385661340735187 L_ERR: 0.01264342545857381 T_PCC: 0.804306844071048 T_ERR: 0.015328499020183767
180 LAYER: 1
3 LAYER: 2
1 LAYER: 3
17 :ILEARN
0.05237565741934542	0.8563295335279031	0.4740734328281367	0.037666966100599976	0.6691478466768385	
0.4004823624311824	-0.08267552800186048	-0.334839031177682	-0.1300468673883926	-0.06459823469464367	
-0.3093162865037516	-0.2374134524928338	-0.0733583962447232	-0.14434536884685084	-0.18020228685959713	
0.02407695106165617	-0.11394927821571274	0.013265826381555254	-0.2098837946539915	-0.9062332131088187	
-0.5072396534309802	0.18094729226732253	0.6324963083376057	0.5991116880648577	-0.017908062564505493	
-0.42182573458394795	-0.39149422827618874	-0.15597725407514754	0.04390836158926211	0.011298166583127899	
-0.057770051766635175	0.15616475271535252	0.26923140254631056	0.0996267461412065	1.2027298226897305	
0.35328428503118015	-0.09591730484642626	-0.9943576394754347	-0.7597896780145776	-0.030770950563672857	
-0.2745906225039405	-0.3389865432936694	0.10743157470719862	1.6293845591730631	0.8865490665619353	
-0.08310944028362645	0.0898527723154922	-0.11101104333165412	-0.12046661080542315	-0.271354016647189	
-0.4935190813278238	0.03100440775698101	-0.1490915171266473	-0.1054126786192077	-0.07529464949786106	
-0.45918399397449744	-0.012088269174081775	-0.03788096297212302	0.5831989027495035	0.1410085480170383	
-0.21806142382284624	-0.6036246026859771	-0.36480142937093535	0.07226644405607882	0.9048483891199379	
0.6216965837112212	0.027233742667094437	0.09695455379823663	0.21434370871759437	0.01731100810039858	
0.08068038305757672	-0.0725050591707525	0.030393165535368045	1.2022680275675297	0.5994168590918508	
0.011800964763036598	1.0550105008479005	0.4681047540818084	0.050162420627231114	0.0451995970700903	
0.07666121824116198	0.054039118729841296	0.4863593637903376	0.23583261939466574	-0.04802949886958494	
0.04346220090673816	-0.029022815399003195	0.01370867977815297	-0.23035749558073626	-0.42568128041575587	
-0.1239764725608915	0.09389570554825667	-0.2716296612555942	0.060793181755641926	0.49707456952668955	
0.24947308060955234	0.07121869185187228	-0.11808286434218468	-0.2545758075279808	0.06933322886900406	
0.13582225956640484	0.016564617419315898	0.09660960481722988	0.08651941458226449	0.1341958533646891	
-0.07410836920280131	-0.5855285949739159	-0.16759073743199304	-0.18040346466923252	-1.1838736203703972	
-0.5785583214258087	-0.061995900886739536	0.3105796225332205	0.17959362397714063	-0.06630370279954999	
0.43339659604944397	0.12370802913756382	-0.07929014990852226	-0.7545729804267025	-0.4881876962862901	
-0.14746185829482353	-0.37640698959446817	-0.19578453804574086	0.04264445232224323	0.8902053253500467	
0.35544926658062265	-0.08582291110928236	-0.01052134070632043	-0.3872611062681825	0.0561124015376322	
0.7744463557723255	0.600166371675102	0.000749138503757616	-0.2301145726120478	0.09646419506641565	
0.0006428574631785538	0.6588463306323628	0.2265815978516644	0.10739684140268937	0.45502427990319627	
0.264734994259449	0.00014714862335357855	0.47743075327706813	0.37524624834993836	-0.08480416832991036	
-0.27217517903235083	-0.03380810119594071	-0.07371679732278465	-0.334940444574441	-0.5245556183052507	
-0.06875468837260741	0.6572811731833517	0.26472610153457543	-0.04477136384585847	0.17546837424035533	
0.17663879267651403	-0.09715375258067233	-0.46198112331539193	-0.23371011355639368	-0.1288018576140547	
-0.887668048070358	-0.600979950527976	0.09279788571924481	0.6632363262427268	0.3289910668064302	
-0.1550960036713062	-0.09578702084604089	-0.04837550885056322	-0.029201298890488895	-0.29986206080734407	
-0.12092090055599043	0.1141054195903512	0.08720251869131898	0.051279794063728415	-0.08135471955620552	
-0.4286934679923602	-0.29579240309628846	-0.1358065343138043	-0.07842142463354963	-0.2762567834849019	
-0.0110194911185522	-0.0822701417908417	-0.029005449856167376	-0.04293125844748258	0.44903633208999777	
0.3849644881989038	-0.11313959233406176	0.29889809808850304	-0.10481768404225211	0.07455227452640903	
0.01889163683902156	0.05905490311518324	0.03700365753878307	-0.028161787426182333	0.017115203707304245	
0.10363485222227649	0.22242444600512842	0.018598317078659346	0.004990479520865293	0.13959997869593022	
0.27134145730370973	-0.01888701427235428	0.21394116291268023	-0.13086496627714447	-0.021211035191704926	
-0.03331899651163809	0.013772700003371973	-0.019245474324786717	0.24324139653772264	0.1289488026778594	
-0.0025022396620181485	0.24104784811135999	0.08934618105145664	-0.07047242146199507	0.43702496122123013	
0.22333286792779197	-0.16711149291638505	-0.351172218340353	-0.19651975682131154	-0.160610012517278	
-0.29452831525281187	-0.27370285327143157	-0.05277437474006243	0.16827741208197766	0.03898976618048908	
0.014648297931660219	-0.0710544404521672	0.15122238623130846	0.07425393262567695	0.3087486214256936	
0.04047830148134689	-0.02977718773302502	-0.20561269078283506	-0.1631365267806957	-0.029771346319644114	
-0.07121715880803349	-0.28358926174071597	0.04855573608319235	0.2133450134193896	0.19031292887862652	
-0.08252937294975043	0.119255614658135	-0.10474222142416961	-0.07068787570777908	0.10733846001679687	
0.04132337870152149	-0.13790572058555733	-0.09780668027930042	-0.03048590028432773	0.07488595339960007	
-0.015360810574581385	0.2909631472535563	-0.017304694563312482	0.11458567460956569	0.04359693774663213	
0.061479368991299806	0.13013416486048796	0.042373332697436664	-0.04730540799041977	0.4279867662266871	
0.13632262099028805	0.09659498824993636	0.41661054041927137	0.30747717484570775	0.07521076552465585	
0.10771976410761566	0.17437498397991275	-0.1469502623378737	-0.28219798196460844	-0.7424928921314768	
7.788458660215743e-05	0.2642262484441756	0.10921368185566428	0.06622621543843464	0.81109659222861	
0.30601572074798106	-0.07614947870334211	-0.04877853610299794	-0.03493461477511671	0.013657762719677596	
-0.3361781341298576	-0.09308084873768896	0.07903867871831899	0.3264976419864041	0.22951040780145182	
0.02426779384093176	-0.08111215464789276	0.04696905458142832	-0.027497994117990948	0.14815022220454446	
-0.040972802161138765	0.06517841149003628	0.10700262256810184	0.14732303185538384	-0.021230531017701528	
-0.0740255044081092	0.07986743285607568	-0.200973098635453	-0.3963080605412579	-0.31919612783122214	
-0.002762294485382967	-0.3358385341909714	-0.18897727943472475	-0.023901248065109425	-0.018306961150756074	
-0.10940913912503819	-0.07735732802890001	-0.0087879925631959	0.04075986644368771	-0.07880010751739085	
0.1686210323104724	0.10050078604479185	-0.04915151449318547	-0.27105813956412395	-0.13820844287310508	
0.021338728316478154	0.0036014452384848755	0.10873611913936689	-0.06175023070898955	0.005905261003852965	
0.022059583159497936	0.10002217210662454	0.5193729667508326	0.23500749449331806	-0.024583083247352363	
0.022599548996179743	0.06747281943365727	-0.022703544306171566	0.1358804956540729	-0.18040749279581023	
-0.0932186686526288	0.27490242317289304	0.06888089791176623	0.01765781229136979	0.5180013228156265	
-0.10746722919253265	-0.07880632296028899	0.12106678133240566	-0.2691108195200428	-0.007495043941727355	
-0.05086474995708896	0.0245421157250586	0.0812717817714709	0.446026415995014	0.1702521141691711	
-0.009096620498869562	0.14489441355627167	0.06925085421021944	0.030141360749276834	-0.3099726961528509	
-0.06062771331321093	0.06096264011781533	0.12726046850641182	0.08131742201503754	0.006798961790143658	
0.22594192936672833	0.05377894976827792	-0.027602439981070138	0.016412003100200585	0.23939220771407396	
-0.08837695456349644	-0.19520117194804	-0.008728906337419802	0.07142678161406121	0.5152926508713802	
0.35663647120678404	0.12391339473083648	0.222285723702229	0.1041136635533553	-0.03152885891995828	
0.1997638253901911	0.1785765268007073	-0.12786367101518156	-0.07943731222508395	-0.36043393354890435	
-0.018338836350563437	0.3475955550123661	0.18934808068024123	0.015399381639834757	0.0020851173594663985	
-0.06595982238336213	0.02568168956114303	0.2108016483143711	0.041441907671768766	-0.06395651660796287	
-0.22773018207896886	-0.08740465924525312	-0.06131626103917166	0.19946624089707615	0.038874329550633024	
-0.061634833445620894	0.5453303642533889	-0.08648234756036807	-0.04655604009988428	0.481816650287222	
0.49444380602250065	-0.10222937285605693	-0.13776668443312165	-0.2338742165873824	-0.0845309063396526	
-0.3342873294814125	-0.18842226720053154	-0.09127904952086045	0.2972360730796118	0.042183627570753765	
0.046177296301668815	-0.13522372971816018	-0.09903032456612912	-0.06656482671492796	0.15405710981609813	
0.1463252056748991	0.011134556307836585	-0.05913891693731043	-0.031372742202926934	0.0036631253782478633	
-0.17388387428176838	-0.05687590247551812	-0.06927964781117224	-0.062275539823152704	-0.09777982187480494	
-0.009371886856385386	0.19304471367673673	0.3034381966353702	-0.08336749202907218	-0.0017444572260103192	
0.05602178362673913	-0.10904885663228316	-0.07158666167203102	0.03494167587935852	0.07255023742593664	
0.37851598933003755	0.20266308479112435	0.020024319449271903	0.3869418622155534	0.18546018788674684	
-0.03241001879426671	-0.077739828537664	-0.16708152865003637	0.02072864601919354	-0.09272678703088903	
0.00665165966298349	-0.0954995936326819	0.04270976020830608	-0.20481691133959518	0.0985120872927559	
0.029001398871231345	0.05868674147898232	0.10697734793542145	0.44454485084600315	-0.008406743604958876	
-0.21795859997531966	-0.27759055732018983	-0.17807141625638745	0.05218851163572902	0.14238161882328557	
-0.0006036920460192868	0.058822795574747594	-0.006723977089955886	-0.03680424861837282	-0.19163809984453858	
-0.794700221874192	-0.23009359258880693	-0.049184036511941406	0.5377909992480928	-0.015047551557027094	
-0.0460623458655388	0.3497142837468214	-0.06956307650770926	-0.01727329591795543	0.09933983560823899	
0.17180953389410858	-0.026166946092142613	0.10832813855743857	0.06691059051194521	0.049347360125986506	
-0.29022304992350606	-0.0016428628301724969	0.0701473574240756	0.10949304015307548	0.03216898816725108	
0.002664275103218276	0.3256101808358885	0.21876689303343408	-0.4264072834012639	-2.0534375275248107	
-1.5281000214276246	-0.04198062966251484	-0.09813028440669685	0.01535118699741815	-0.03771115717350744	
0.0034535197002259627	0.08328117061077955	0.020377865584183905	0.3365954626994207	0.2324973544986415	
0.08637222332730812	0.08737367626181874	0.06886598971314264	0.0840413028611321	-0.05441994200973661	
-0.08250355808928184	-0.054538052743062254	-0.03712467677718992	-0.06504682472873768	0.0689380131615315	
0.47575799806281255	0.3393221173392928	0.06112218120563468	0.9492241866172202	0.6384101872455833	
0.15577306254488205	1.1281844704736859	0.6597483186905023	-0.4600572097960032	-1.4605308959804029	
-1.2877890691273242	0.018796278861156267	0.028461520088405523	0.09136448187829946	0.10144104139994511	
0.1690994112200599	0.08830277365871762	0.09519781366618099	0.08031251693386426	0.019121586720529105	
-0.09351473493710859	-0.08128458083650386	-0.08692565699155473	0.058653903648585186	0.5700318713249197	
0.5155696515711864	-0.061555758422732906	0.1527093322495583	0.09686151310338265	-0.02666068773877186	
-0.24499955885150151	-0.5604116827165951	0.16037359132157336	1.1178057256421814	0.853845102071432	
-0.3230375287884639	1.5057660565845195	0.23237464566780067	-0.3899614507302039	-3.4647209403664285	
-2.432514057534811	2.463877320184606	
