            A        R        N        D        C        Q        E        G        H        I        L        K        M        F        P        S        T        W        Y        V
 1 A   1.3046   0.3803  -0.2246  -3.1423  -3.2635  -0.4315  -2.5825  -1.4426  -2.7729   0.0867  -0.5949   1.8454   1.6011  -1.6754  -2.3407   2.1448   1.2756  -5.0418  -0.3045  -0.0278
 2 A  -0.4816  -8.7908  -5.2041  -9.1026  -8.3466   0.4972  -8.5557  -7.0058  -5.0399   2.4589    1.039  -8.4674    1.848  -0.3209  -9.0399    2.619   3.3616  -5.0358  -3.2541   2.2009
 3 A  -1.0364  -2.3404     0.39   0.1593   0.0195  -0.3086  -2.4145  -1.9624  -1.5674   0.7159   0.4368  -0.6055    2.464    2.676  -1.4081   0.9399   -0.931  -1.5527   1.9678  -1.2488
 4 A   0.5314   0.1061   0.6771   0.4278  -0.6448   0.6533   0.1856  -1.6831  -1.2569  -0.6351  -1.1447    0.071   0.0068   1.0277  -0.0847   1.0789   0.3333   0.2852   0.0406  -0.4856
 5 A  -0.5823  -0.6186   1.2193  -0.5978  -1.8591  -0.9903  -0.0014  -0.9491  -1.5641   0.0077  -0.4866  -0.1952   0.0132   0.5612   0.9943   1.9264  -0.3247  -0.5027   1.0428  -0.1806
 6 A  -1.4209  -0.0936   1.3571  -0.9617  -0.9027  -0.8045  -0.7197  -1.4635   0.4512   0.0837  -0.2033  -1.1436  -0.3905   1.3165    0.038   1.6992   0.8021   0.2922   0.8345  -0.1761
 7 A    -0.85   -2.354  -0.3664  -0.5204  -0.3999  -1.0267  -2.0396  -1.8361   0.4437   1.3659   0.7221  -1.5822   2.2102   1.8158  -0.6787   1.0002  -0.2331  -0.0638   1.5479  -0.6763
 8 A  -0.4336  -0.0859   0.9934   -1.848   0.7154  -0.2841  -0.1918  -1.8177  -1.2509  -1.1064   0.1852  -0.0205  -0.3925   1.2531   0.6078   1.0157   1.0732  -0.9827   1.7941  -1.1876
 9 A   -6.543   3.1359  -7.7172  -8.3974 -10.2313  -6.2914  -6.9077  -9.0942  -1.1618  -9.4696  -6.8818   6.7697   -8.421  -5.7767  -8.5981  -7.6946  -8.1374  -4.7809   4.5969  -6.3925
