            A        R        N        D        C        Q        E        G        H        I        L        K        M        F        P        S        T        W        Y        V
 1 A   0.0519   0.0493   0.0089  -0.1481   0.0277   0.0367  -0.1614   0.0049   0.0018   0.0558   0.0437   0.0707   0.0158   0.1822  -0.1116   0.0181  -0.0178   0.0205   0.0695   0.0146
 2 A    0.023  -0.0208  -0.1039  -0.0084  -0.0877   0.1322     -0.0    0.009     -0.0    0.055   0.1625     -0.0   0.0559   0.0042  -0.0994  -0.0043   0.0201  -0.0016   0.0067   0.0904
 3 A  -0.0038  -0.0642    0.031   0.0391  -0.0102   0.0089  -0.1026  -0.0617    -0.08    0.121   0.0443   -0.079    0.118   0.0375  -0.0117   0.0384   0.0012   0.0681   0.0273   0.1113
 4 A   0.0346   0.0099   0.0291   0.0595   0.0128  -0.0348   0.0192   0.0224  -0.0142  -0.0444  -0.0365   0.0194   0.0564   0.0185   0.0722    0.036  -0.0447   0.0012   0.0096   0.0066
 5 A   0.0262   0.0004   0.0264   0.0173   0.0001  -0.0358  -0.0058  -0.0065   0.0327   0.0653  -0.0152   0.0042    0.028  -0.0149  -0.0606  -0.0133   0.0104   0.0577   0.0494   0.0669
 6 A  -0.0028  -0.0316  -0.0124  -0.0303  -0.0148  -0.0238  -0.0346  -0.0587  -0.0025   0.0887    0.127  -0.0339   0.0925   0.1261   -0.038   0.0458   0.0303   0.0003   0.0005   0.0053
 7 A   0.0008  -0.0388  -0.0151  -0.0084  -0.0163   0.0087   0.0246  -0.0109  -0.0035   0.0038   0.0185  -0.1147   0.0265   0.1054   0.0491  -0.0142   0.0839   0.0745    0.017   0.0421
 8 A   0.0446  -0.0362  -0.0131  -0.1102  -0.0209   -0.009   0.0415    0.013   0.0063  -0.0279    0.054  -0.0424  -0.0069   0.0658   0.0854   0.0651   0.0493   0.0258   0.0669  -0.0183
 9 A   0.1248  -0.0876      0.0      0.0   -0.022     -0.0     -0.0     -0.0      0.0   0.1488   0.1265  -0.1157  -0.0294  -0.0485      0.0    0.006  -0.0262  -0.0079  -0.0862   0.2506
