            A        R        N        D        C        Q        E        G        H        I        L        K        M        F        P        S        T        W        Y        V
 1 A   4.2752  -1.9929  -0.5495   0.0512  -1.7718  -0.2407  -1.3161  -0.2372  -2.1706  -2.5086  -2.6255  -0.6612  -2.0559  -2.9296  -1.8903   1.2393  -0.1683   3.1853  -2.2171    -1.54
 2 A  -1.6902   -0.975  -1.1485   0.6359  -4.3571   1.0031   6.2738  -3.0048  -0.8667  -4.0874  -3.6999  -0.0836  -2.7536  -3.8474  -2.0367  -0.9371   -1.786  -3.3265  -2.7382  -3.2879
 3 A  -1.3679  -1.6491   6.0652  -0.2057   -3.307   -1.272   -1.486  -1.5858  -0.7521  -0.8809  -1.8511  -1.4327   -2.156   0.7615  -2.8699  -0.0356  -1.0628  -3.1775  -1.8381  -1.4994
 4 A  -2.2277  -2.4689  -3.4587  -1.7375  -2.2981  -2.3755  -1.5136  -4.0934  -3.2097   0.7506     4.29  -0.6958   0.7596  -0.6914  -3.5213  -2.9091  -1.9934   1.6018  -1.8291   0.1694
 5 A  -1.6025  -0.0742   0.0004  -1.3069  -3.7102  -0.5767  -2.0954  -2.8937   0.2057   -2.901   -1.837  -1.0637  -2.0806   0.1254    0.413  -1.1901  -1.1234   9.4154   1.2517  -2.9105
 6 A  -0.6318  -2.7237  -1.1266  -1.4296  -2.0454  -2.3776  -2.5482  -1.7428  -2.8154   1.0031  -0.2903  -1.4145  -0.6879  -0.3031   0.6222  -1.7203   0.8205  -2.6543   0.8444   3.8612
 7 A  -1.2585   -2.357  -0.4418   -2.325   1.7705   -1.905  -2.1783  -2.7138  -2.3131  -0.1712  -1.0941  -1.9983  -1.3582   0.4023   0.8097   0.2308   4.7246   1.6702   0.9485  -0.4229
 8 A  -1.3293  -2.7802  -3.0158  -1.5155  -2.0245   0.2238  -1.1984  -3.7344  -3.0116     0.98   0.5921  -2.5225  -0.3502   0.5501  -0.7403  -2.1535  -0.3859   -2.701  -0.0485   4.2001
 9 A   -1.554  -2.7904  -3.1634   -3.938  -3.1902  -2.3534  -2.9331  -3.8347   0.0364  -0.1425   0.1592  -2.7823   1.1762   2.7006  -3.5627  -2.5712  -2.3673   2.7504   6.7625  -1.3224
