TESTRUNID EPOCH: 16 L_PCC: 0.8383651107417641 L_ERR: 0.008003468350373999 T_PCC: 0.7183989548473635 T_ERR: 0.01348921658847889
180 LAYER: 1
3 LAYER: 2
1 LAYER: 3
16 :ILEARN
0.4242700404244216	0.7760711111434127	0.224098105483077	0.21864304004473284	0.9349777244133722	
0.08299948388643785	0.03720337840803568	0.02332330416992137	-0.3009068776307198	-0.930075386576519	
-1.944242693185016	-1.0320609953112443	0.03008357939750716	-0.2565327159712202	0.0731221667999833	
0.14379250795218113	0.450080735366225	-0.30446264383125	-0.833616238326523	-0.8830484552599442	
-0.5715803802020378	0.12018571148970066	0.17087603535924553	0.13729378407110052	-0.23495905058422054	
-0.23737109349721092	-0.7693815525383825	-0.030312992253805036	-0.14955295318901846	-0.31726246424270543	
-0.33439142295934277	-0.20230377858563472	-0.017832461137000398	0.465564333320176	1.5780869865359572	
0.3022359598048265	-0.3796008469663901	-0.11994343382476938	-0.8235680845400364	-0.13667193934010824	
-0.8851839162955362	0.20214577037679582	0.062195911577402535	0.33359327410832307	0.2873133456833023	
0.16304199421846455	0.22142040470653726	-0.2312607296096426	-0.1339912352530818	-0.3899355260357647	
-0.6064810169992554	0.32900914998271136	0.0999644931047829	0.20441315282327013	-0.11409282929775177	
-0.4988470649034103	-0.31979113895504985	0.10052346677395511	0.15254695425007817	-0.28681861128823055	
-0.568985543471437	-1.04519446904666	-0.2770951918272464	-0.14142218449882316	-0.5205115397506538	
0.12027777346369001	-0.23332757857738412	0.25086334454495196	0.5749664229142573	-0.1691802146659085	
0.26758788885461926	0.11355566382916532	-0.3779433632115338	-0.1896104549874381	0.21653641477675659	
0.10373573784415657	0.22520685391317471	0.22558972900780844	-0.15752723201218258	-0.3359158738199169	
0.18825667697030601	-0.03011742095196734	0.5823400441056629	0.08649273284591501	-0.13087586462287307	
-0.1248168834988399	0.0985944389616153	0.23042368525529267	-0.5467159344709523	-0.28346820712509396	
0.34832694490988353	-0.016373505227762625	-0.33890254551729576	-0.01466476596027495	-0.05474785526761462	
0.08519237909059531	0.2486062040274467	-0.7288326806819251	-0.5471210910585158	-0.2100608977410941	
-0.6510133425663894	-0.6289107782633974	-0.4245465981605552	-0.649526502710437	-0.4271884277811618	
-0.45486554239408095	-0.4932743355632927	-0.21993468069954406	-1.1708194506240321	-1.0641873451805426	
-0.5369568912539504	-0.5767147219406797	-0.640077078031652	-0.3444471473712265	-0.5376802037662988	
-1.0378794282427237	-0.5135239903665701	-0.0024678606638891916	-0.9939008756721607	-0.34759470785061997	
0.24821464844894997	-0.007955014568112163	-0.21340915253798312	-0.06992359110848975	-0.6346083977381007	
-0.582392791839591	-0.8379744340986321	-0.35253383845682457	-0.12843817771029423	-0.4799553460040604	
-0.012619761483553898	1.140113894277129	-0.037447144053179726	-0.4303568933922214	-0.026320958067107575	
-0.006324314149366905	0.19712926830385538	-0.06915739669411519	0.4620347948748005	0.3544048473172342	
0.8160363476617007	0.007514953794630831	0.31499242036832087	0.2715555056542913	0.034658943232179676	
0.3481172617577046	0.028140297054328342	0.18028057691140756	-0.14828611071260556	-0.46470817093928624	
0.12040243130326048	-0.3447539210096463	-0.4731114581493314	-0.37328533691652627	-1.0154231305507813	
-0.4007091263111011	0.6585661705105609	0.45061048847953594	-0.2863721413707577	-0.29963207359172706	
-0.21768722316235506	-0.5755573782271662	0.21329438375212498	0.1863353586570848	0.30509275884839937	
-0.22821078753552576	-0.15357003389366705	-0.19820416649528727	-0.029834633237733058	-0.25043477299598293	
-0.2717508814482252	-0.4047991162648804	-0.08525289477787523	-1.0160452637109396	-0.154006019759089	
0.39320672726010947	-0.496372808950106	0.5009445690347182	0.1050030811732381	-0.16366452654692268	
0.11840655348368416	-0.28398607748314275	-0.41701425563328703	-0.31649311431341565	0.0875371223172549	
0.04573491356985542	0.21796206843119734	0.011841850436174537	-0.14059821893009702	0.11863028933926553	
-0.3559968501806194	-0.0831374583779812	0.041434242452799225	0.5174097295345222	-0.011660176816190268	
0.32461249438592193	0.025361006206473358	0.223949369282895	0.19127963707966766	-0.20493939699161232	
0.09738969019860465	0.49234467508091045	-0.5392355672957745	-0.19290926519240273	-0.3428741001755564	
-0.5750947680319528	0.2718740758962376	0.024802513238319508	0.32587732406142933	0.12069186701004311	
-0.049117400325425886	-0.2519266997245987	-0.1562277349905236	-0.04645949900582351	0.3571781287857305	
0.5225825262534611	-0.18466168305998448	-0.565531804166159	-0.32665696379354825	-0.1781677488536443	
0.19080990439067988	0.016943147650746043	-0.4824608844308571	-0.6201879188363363	0.1570796498398293	
-0.03835714462019177	0.03990310971155236	0.3128326004333854	0.2627561050296507	0.4334384977837339	
0.39063043372585754	-0.14250690226103385	0.004955151490863529	-0.5364063393555183	-0.35337135674987036	
0.29380503451165224	-0.1657716497882502	-0.008081184318501383	0.28515604426928765	0.010678418190278847	
0.7050162831087914	0.660817650573476	0.4185370112532215	-1.0352472119151732	-0.6996083811459568	
-0.4024715729136865	0.8108696414128247	0.5345221954863275	0.2585814156272581	0.666358282925047	
0.08773439567537807	0.41096847760929445	-0.29360257490993624	0.40388034651011284	0.08378802067435857	
0.5297664895590579	0.291494691333183	-0.12746437754607523	0.515741705377957	0.31994855677104067	
-0.0012489291903474166	0.1334399958010549	-0.4939666295255726	0.11440310598268776	0.38557591171362915	
-0.24629585129866266	-0.0845660818163569	-0.10062425685545963	-0.0610094180717051	0.12463708687282443	
0.4249802493435489	0.20336133976647772	0.5557870304845883	0.05442127860257978	0.4347352529933621	
0.2046604866152153	0.620055779471957	0.21399089364881885	0.11473314733422271	-0.15659858647833297	
0.5549710123983359	0.014521206574950329	0.66710706157331	0.16424341066443393	0.048966326522185834	
0.3534230401826143	0.274631189374982	-0.2302426126762561	-0.005802127245971213	0.0174556923562583	
-0.3210835142848566	-0.13341266452199332	-0.24974187008732301	-0.7571895363077523	-0.053582997819486104	
0.36006294494642443	0.26030348574576867	-0.4867216007458424	-0.2183832407441708	-0.16305345520526554	
0.5810101123485288	0.6800095994973574	0.5521251355931905	-0.5757577092872705	-0.5688557084752908	
0.1869617345394126	-0.07127031695356638	-0.2737416579419107	-0.22591427096600397	0.41926956914428326	
-0.018397961894651003	0.42469843779689725	0.04698135698384574	0.034896042111791314	-0.09540508176784446	
-0.1515931734481156	-0.1931318199878998	0.14968495716361846	0.4843259156782586	-0.3899150348899894	
0.29584997218559145	-0.107280782312628	0.056300362428965633	-0.18447674903308334	-0.20323746960236957	
-0.3100851832156795	-0.9356362915371649	-0.32802052959334704	-0.11779753246218644	-0.12831865633250544	
-0.19723391209463714	0.1411257486983389	0.13278766457704927	-0.33523189510050044	-0.22686509961754703	
0.36110734614001166	0.15971400395498844	0.3144290695122071	0.22026950656203695	0.03168783767708684	
-0.3559713067530197	-0.941010686778192	0.3397422910869892	-0.2560022956025387	0.04985726055560298	
0.3105943238463311	0.6189164697986452	0.3265357370326761	-0.26361332282510164	-0.2942440207062418	
-0.05600821405329483	0.23952005686508748	0.18147177702794834	-0.3161270652946102	0.3387989804877385	
0.44613195772649883	-0.5382721282020957	-0.13505122785114246	0.3099576354166228	0.2224282861074948	
-0.5367219839974782	-0.941571445280572	0.27595605603934215	-0.4367874035022148	-0.10789035977834545	
-0.06587343237003665	0.3026286236300344	-0.521530034386063	-0.10311429954148298	0.5749301168301056	
-0.19457739107737618	0.20780287273771678	-0.36312626082247473	-0.1313610821475686	-0.28991755636422983	
0.5473005833976343	0.04024137525253827	0.005647514895803934	0.5648578829617111	-0.2994962137205479	
0.2644396220410104	0.08849186589634908	-0.35341382339702665	-0.18776495291470616	-0.11149668680990683	
-0.33842433831839064	-0.12129055956862722	0.056115712142954854	-0.017493390876100877	0.101641532681817	
0.3600990198977892	0.744319323544489	0.27395551310963195	0.2279073456221696	0.417148562952837	
0.807935872093759	-0.038915887817577856	-0.3415768860840411	-0.6131262526604239	-0.5972431811872414	
-0.12318282056427332	-0.16731197448640311	-0.1472628840740406	0.002363574154064207	-0.2486705521685052	
0.15684071294436175	-0.5253176416878426	-0.11126432278098583	0.048161144474758756	-0.07862692097302264	
0.055514363723208206	-0.5405904881944743	-0.7841271104105512	-0.5783499748340052	-0.1119626651174031	
-0.20836596365807702	-0.07117452046230036	-0.12970980337302004	-0.15631665998506805	0.05802294519065566	
0.3094662466507176	-0.6774390809477074	-0.6435369013228102	-0.20553251209487422	0.23199024892019993	
-0.05211198644968454	-0.38010130123561287	-0.270054809084562	-0.26250708123114874	0.23842268160763022	
0.04960138916370719	0.24791864779219863	0.30410186370171394	-0.20667349267946442	-0.23421422921028495	
-0.5689562743392558	0.039379044656227345	-0.2870417306436898	-0.44047274012023674	-0.19077132823693824	
0.10825220135236262	0.35685990250641075	-0.32095365913406165	-0.015645954093902376	-0.09158660943287919	
-0.05824275807440428	-0.09189822255323264	0.22419819885065279	0.11489951708457576	0.4839606462313294	
-0.7646878994027935	-0.7131542169376631	-0.42578524265327	0.055615496608124315	0.11223334771154388	
0.569538817112782	-0.33332753721678776	0.14223869556386615	0.02517939674325726	-0.7236755137896972	
-0.7898501313721569	-0.9843374034488082	-0.39759348176654585	-0.21901418115549343	-0.3716394558953331	
0.12970792665538372	-0.32234497010737356	-0.6138883496340587	0.04072620840595518	-0.26180825895648246	
-0.40292786625480287	-0.2836979738560306	0.015011229104657506	-0.4768688520252633	0.011887794235431196	
0.11531407395674688	-0.7500812776404121	0.4432268455776795	0.23497230074446643	0.5010176272961055	
0.32662032681392866	0.41970169474322677	0.3328528902949088	-2.366246301269955	-2.2183582242257414	
-1.6547032309427467	0.29133534426997826	0.20791610746778308	0.35408882426880744	0.16830160513996528	
0.13029701133053492	0.3007051952244192	0.49258271765852335	0.22217587738319566	0.31983409375553684	
0.10082350541308584	0.17790935433709593	0.15097285603458088	0.18599086739714324	0.047998454785550905	
0.07653413469965062	0.20742229634117784	0.14762214923885597	0.1830893333186574	0.7565208465246	
0.5786868453917999	0.719243444004231	0.5040522127328061	0.40377938131964186	0.21888166184558633	
0.1553281188655791	-0.24863115430335353	-0.2032724124353954	0.09145587203493477	0.4659985595345422	
0.2938919258331924	0.19821163428105062	-0.09001786725480725	0.005621316593205733	0.35201819240611365	
0.44374925270019655	0.20657948655877023	0.7048421140990182	0.6497956382116453	0.5405847454710693	
0.22352658235640072	0.26553954415762143	0.24304679466003776	0.10469366455728152	0.011740982712890194	
0.17976968798035162	0.07364060418479357	0.4625766800060652	0.11957608611765128	0.4014368592038223	
0.9287388485662557	0.43157197737222913	0.2393178802255526	-0.03816345101852977	0.01971504450501483	
0.18729024373359612	0.5385126836157966	0.18282200543349345	-1.653436538762382	-1.8229082790275954	
-1.710865064111551	1.3128947531482322	
