            A        R        N        D        C        Q        E        G        H        I        L        K        M        F        P        S        T        W        Y        V
 1 A   -0.027  -0.0129   0.0076    0.065     -0.0   0.0101     -0.0  -0.0068  -0.0056      0.0     -0.0  -0.0065     -0.0    0.001  -0.0125   0.0494   0.0274   0.0692   0.0132   0.0006
 2 A  -0.0033  -0.0034  -0.0018  -0.0005  -0.0096  -0.0064   0.2203  -0.0043  -0.0016  -0.0055     -0.0  -0.0023   0.0069      0.0  -0.0068  -0.0034  -0.0045   0.0019  -0.0005   -0.003
 3 A   0.0312      0.0    0.009  -0.0111     -0.0     -0.0      0.0     -0.0     -0.0   0.0208  -0.0043      0.0     -0.0   0.0796   0.0028  -0.0055   0.0015     -0.0   0.0134   0.0348
 4 A  -0.0126     -0.0   0.0027    0.037     -0.0      0.0   0.0147  -0.0055      0.0   0.0252   0.0161   0.0085     -0.0   0.0091   0.0179     -0.0   0.0015   0.0101      0.0   0.0474
 5 A  -0.0043   0.0131   0.0301   0.0172     -0.0   0.0188  -0.0056  -0.0004   0.0308      0.0   0.0148      0.0     -0.0      0.0   0.0327     -0.0  -0.0001  -0.0075   0.0298   0.0027
 6 A  -0.0043      0.0   0.0079   0.0034      0.0   0.0025  -0.0205   0.0147   0.0138   0.0227  -0.0024  -0.0096    -0.01   0.0048   0.0187      0.0   0.0813      0.0   0.0294     0.02
 7 A     -0.0  -0.0172  -0.0054  -0.0005  -0.0043      0.0      0.0      0.0     -0.0   0.0423   0.0477      0.0      0.0   0.0361   0.0516   0.0033   -0.008   0.0101   0.0047   0.0116
 8 A  -0.0056     -0.0   0.0111   0.0038     -0.0    0.048     -0.0  -0.0045  -0.0004  -0.0068   0.0265  -0.0049      0.0  -0.0117   0.0681      0.0     -0.0      0.0   0.0091   0.0393
 9 A  -0.0117  -0.0004  -0.0109      0.0  -0.0119  -0.0036  -0.0057  -0.0092  -0.0067   0.0068   0.0476      0.0   0.0433    0.035  -0.0033  -0.0094  -0.0063  -0.0069   0.1438  -0.0184
