            A        R        N        D        C        Q        E        G        H        I        L        K        M        F        P        S        T        W        Y        V
 1 A  -0.0199   0.0273  -0.0222  -0.0193  -0.0375  -0.0282   -0.023  -0.0203  -0.0211   0.0396  -0.0072   0.0237  -0.0255   -0.015  -0.0583   -0.015    -0.01  -0.0135   0.0276  -0.0187
 2 A   0.0189   0.0036  -0.0359  -0.0354  -0.0409  -0.0105  -0.0146  -0.0697  -0.0233  -0.0181   0.0305  -0.0436   0.0252    0.006   0.0105   0.0666   0.0764  -0.0481  -0.0325    0.016
 3 A   0.0489  -0.0035  -0.0322   0.0189  -0.0296   -0.006  -0.0292    0.035   0.0124   0.0243   0.0186  -0.0157  -0.0091   0.0278  -0.0117   0.0407  -0.0094  -0.0209  -0.0304   0.0436
 4 A  -0.0094   0.0051  -0.0184   0.0015  -0.0762   0.0126   0.0061   0.0067  -0.0158  -0.0107   0.0055  -0.0415  -0.0385  -0.0006    0.018  -0.0364  -0.0087   0.0101  -0.0028   0.0306
 5 A   0.0151  -0.0069  -0.0173  -0.0047  -0.0124  -0.0018  -0.0001   0.0062   0.0102   0.0083  -0.0145   0.0124  -0.0279  -0.0053   0.0102   0.0078  -0.0028  -0.0173  -0.0048    0.042
 6 A  -0.0071  -0.0059  -0.0312   0.0114  -0.0519  -0.0085  -0.0219   0.0161  -0.0162  -0.0004  -0.0097  -0.0135  -0.0233   0.0018   0.0334   0.0181    0.023  -0.0092   0.0039  -0.0152
 7 A   0.0002  -0.0071  -0.0005   0.0013   -0.042   0.0118   0.0096  -0.0252  -0.0092  -0.0066   0.0416   -0.016   0.0078   0.0214  -0.0084  -0.0125    0.008  -0.0158  -0.0314   0.0124
 8 A   0.0104   0.0054  -0.0202  -0.0166  -0.0306  -0.0157   0.0271   0.0211  -0.0505  -0.0234    0.001   0.0059  -0.0216  -0.0193   0.0182   0.0125   0.0218  -0.0067  -0.0074   0.0578
 9 A  -0.0259  -0.0428  -0.0337  -0.0224  -0.0287  -0.0422  -0.0209  -0.0664  -0.0221  -0.0065    0.034   0.0328   0.0057   0.0595  -0.0336  -0.0266  -0.0013   0.1122    0.073    0.018
