            A        R        N        D        C        Q        E        G        H        I        L        K        M        F        P        S        T        W        Y        V
 1 A   0.0712   0.0297   0.0196  -0.0053     -0.0   0.0182     -0.0   0.0221  -0.0208      0.0     -0.0   0.0476     -0.0  -0.0496  -0.0644   0.0527   0.0278   0.0407   0.0177  -0.0374
 2 A      0.0   0.0125  -0.0015  -0.0032  -0.0037      0.0   0.2274  -0.0063  -0.0009   0.0105  -0.0021     -0.0   0.0006  -0.0006  -0.0232  -0.0075  -0.0062      0.0  -0.0253  -0.0007
 3 A   0.0038      0.0   0.0728  -0.0298     -0.0     -0.0      0.0     -0.0     -0.0   -0.003    0.003  -0.0203     -0.0   0.0239  -0.0045   0.0661     0.01     -0.0   0.0153   0.0323
 4 A  -0.0142     -0.0   0.0267   0.0016     -0.0  -0.0066   0.0155   0.0196      0.0   0.0204   0.0801   0.0427     -0.0   0.0213  -0.0244     -0.0   0.0003   0.0097      0.0  -0.0229
 5 A    0.003   0.0251   0.0002   0.0184     -0.0   0.0079  -0.0071   0.0152   0.0276  -0.0066  -0.0275  -0.0059     -0.0   0.0029   0.0258   0.0465  -0.0093  -0.0329   0.0901  -0.0033
 6 A  -0.0207      0.0   0.0324   0.0293  -0.0136   0.0311  -0.0528   0.0155   0.0002   0.0404  -0.0136   -0.003  -0.0141   0.0034   0.0356      0.0   0.0934      0.0   0.0479  -0.0417
 7 A  -0.0237   0.0196   -0.033  -0.0136   0.0494      0.0      0.0      0.0     -0.0   0.0328    0.071   -0.025      0.0   0.0184   0.0798  -0.0008  -0.0347   0.0182  -0.0083   0.0196
 8 A  -0.0308     -0.0   0.0002   0.0097     -0.0   0.0745   0.0328  -0.0141   0.0152  -0.0244   0.0032  -0.0335  -0.0066   0.0241   0.0328      0.0   0.0743      0.0   0.0351  -0.0227
 9 A   0.0016  -0.0252   -0.018  -0.0255  -0.0391    0.008  -0.0381  -0.0074      0.0   0.0639   0.0344   -0.041    0.095    0.096      0.0  -0.0322      0.0   0.0486   0.0969  -0.0483
