            A        R        N        D        C        Q        E        G        H        I        L        K        M        F        P        S        T        W        Y        V
 1 A   0.1757   0.1722   0.0857  -0.0757   0.0862   0.1394  -0.0313     0.11   0.1314   0.1552   0.1775   0.1616   0.2849   0.3848  -0.0957   0.1852   0.1205   0.0585   0.2139   0.0436
 2 A   -0.062  -0.1042  -0.2502  -0.7408   -0.157  -0.0135   1.1834  -0.5772   0.5435   0.0018   0.1804  -0.7996    0.141    -0.56  -0.4008  -0.1883  -0.0567   0.6675   0.3205  -0.0328
 3 A   0.0519  -0.0802  -0.0516  -0.0743   -0.109  -0.1866  -0.1478  -0.0335  -0.0839  -0.0454  -0.1489  -0.1538   0.0734   0.0069  -0.0854   0.0432  -0.1043   -0.235   -0.007  -0.0478
 4 A  -0.0864  -0.2205  -0.1977  -0.0144   -0.153  -0.1334  -0.0791  -0.1282  -0.2458  -0.1637  -0.1691  -0.1658  -0.1436  -0.1059  -0.0153  -0.1146  -0.1798  -0.4571  -0.1629  -0.1506
 5 A   0.0917   0.0728   0.0346   0.0582    0.008   0.0417   0.0833   0.0846   0.0943   0.1762   0.0809   0.0058   0.1483   0.1017  -0.0507   0.0514   0.0326   0.0471   0.0759   0.0819
 6 A   0.1374   0.0785   0.1668    0.141   0.1102   0.2013   0.1279   0.0755   0.1821   0.2408    0.234   0.0177   0.1853   0.1866   0.0511   0.1752   0.2414  -0.1184   0.1683   0.1728
 7 A   0.1135   0.0121    0.115   0.1131   0.0433   0.0973   0.0493    0.017   0.0708   0.0406   0.0275  -0.0731   0.0809   0.1591  -0.0736   0.1111   0.1318   0.1694     0.17   0.1326
 8 A   0.0108  -0.0552  -0.0061  -0.1444  -0.0609   0.0084   0.0209   0.0554  -0.2045  -0.0672   0.0348  -0.0765  -0.0775   0.0601   0.0179   0.0401  -0.0379   0.0443   0.1267  -0.0967
 9 A   0.0995  -0.1935  -0.2286  -0.9438  -0.3717  -1.0867   0.1525  -0.1266  -0.7619   0.1139   0.2068  -0.0606   0.0204  -0.0023   1.2487  -0.1081   0.0118  -0.9993  -0.1467   0.2228
