TESTRUNID EPOCH: 27 L_PCC: 0.9002922432528037 L_ERR: 0.008889523831864159 T_PCC: 0.8655945091445094 T_ERR: 0.011860784455529174
180 LAYER: 1
2 LAYER: 2
1 LAYER: 3
27 :ILEARN
-0.1622455586576355	-0.19606651508132852	-0.13905479969980736	-0.046981310385019306	0.39133795368116786	
0.08701602838056029	1.4119013214874447	1.9730758640565256	0.37630642941250864	0.7908533469741257	
0.12659101937297132	-0.014691135465907855	1.4308581298841017	1.01707643108226	-0.09605479042008186	
0.15996285984750483	0.06659646611652739	0.2702555882235137	-0.7235436330771169	0.4386290327635299	
-0.20885117435505052	-0.1292174926113973	-0.5807486763288583	-0.3233465334518307	-0.6895753336600137	
-0.804982781494015	-0.7704339844643012	-1.2959688250146728	1.5818875230687268	1.717872105283628	
-0.5322561298839696	0.29971580366680267	-0.05144504309280622	0.2766644166417017	0.399368470955603	
0.1845108771200514	-0.3474349612741195	-1.402583122983541	-0.21846778164463448	0.1284251820706625	
-0.09333820870398135	-0.15104137727911718	1.007743284648805	1.1689796770727099	0.8313433256132505	
1.2860856523464008	0.24433682367855009	0.08137405498902746	1.1708542044017944	1.2374588698525038	
-0.9997907509651836	-0.9372533283001608	1.0112722024244511	0.8979057764547801	0.9097905740377229	
0.8906586662597016	1.267850434741645	1.36784027241218	-1.2985250570377638	-0.8334085900180133	
-2.046537236823217	-1.6143095773875433	-0.06635993509535457	-0.36800874792873844	-1.7686377728400426	
-1.718676688553535	0.3792324703579737	0.30179867246524433	1.542033178789122	1.1745829463339996	
0.15137911089510186	-0.26241138108799017	-0.33538960567777026	-0.5542082519936454	-0.01543418816481531	
-0.05853554821815732	0.9872942163340507	0.828844190137728	-1.0194485697382247	-0.09028402853844002	
0.041030360002940136	-0.277470455915091	0.6033668712132201	1.1659946340879188	0.4019484421887991	
0.017014441750772612	0.3428640095681	-0.3546033830354476	0.24234958581886773	0.970247210664679	
0.2973044863487743	0.10830053772989061	0.6805136756995336	0.9652671301101804	0.24767904208637462	
0.6054790700576234	0.5461363700033811	0.3969456110866127	-0.22555156170320603	-0.15829708104406973	
-0.05546257784633804	-0.4074033582383119	1.2832415498144967	0.9115848447894016	-0.578224351185274	
-1.1592496780886055	-0.6099976131125765	-0.37584228405966436	0.19435979022918534	0.6580388216530866	
0.150370351609142	0.006556714813279447	0.45620059083358144	0.15223702434708605	-0.9934800139791116	
-0.13841816055490985	-0.9412479890910619	-0.13341665708818926	-0.16167557152396475	0.41024838774433864	
-0.04721029899411347	0.06306131679013172	0.6695460495687066	0.41539546063025656	0.31230215626278923	
0.01716498273061356	0.2933322810757652	-1.097684408068185	0.1463137999714585	-0.25029451413754167	
0.26727345753457893	0.12107970795208205	-0.9631103075389451	0.15300514687095013	0.10775079664420399	
0.017401715343728398	0.695655037613592	-0.08773482594928059	-0.34755760513888734	0.8751219784578518	
-0.17967790240993517	0.9383663160986709	0.24376947085548842	0.2208471797334742	-0.2349023242913089	
0.6533962954254247	0.7142435674187656	0.063758281119843	-0.04369676170028018	0.25091843258703456	
0.06307740220385603	-0.23514018427774822	0.14795721103333903	-0.07205107131153983	-0.36347075867435535	
-0.19988709606879806	0.13591625785977257	-0.11088831001755059	-0.022119303925149096	0.875417945975724	
0.10654274846948979	0.12932222845306046	0.4660292144353294	0.39900372762787517	0.5787886872300645	
0.15941960286147444	0.28988022152206416	0.03456092280341324	-0.31442848821110747	-0.1324021963203444	
0.06458523667995818	1.0354427337495293	0.590966112390308	-0.10661750049827168	0.3181910526814862	
0.2384043613149552	0.16918270006876487	0.043669636005559065	-0.27130558418027045	-0.10319395925773021	
0.08132260830279127	0.1918364022578963	0.7124820786848715	0.1307553317084505	-0.07944331281117484	
0.21375944246610862	-0.09251527855651824	-0.4620731388106023	0.6367637834766177	0.5612917801564579	
0.13875307763700068	0.11057593368749276	-0.641631528794403	1.0037251335803707	-0.18559341646225003	
-0.49114616834548425	-0.36042667954226865	-0.5794895236954195	-0.5993297749616365	0.6389604347377295	
0.2644716070500226	0.640806894134727	0.6403698352817591	0.8019842249127008	0.18146266818600443	
-0.14810923404447043	0.42474158674055773	0.1702112586147929	-0.02850072930814986	0.06106714120788942	
0.24705793561990227	0.2752369082377582	0.08243782772658548	0.6172856735022053	0.08915053690341536	
0.8890232910173739	0.4208201376534616	0.21951691557288033	-0.3688752141598937	-0.5624203966228052	
-0.5191143422621536	-0.11259672000417875	0.8026884072081915	0.5564182947946352	0.19409938597465343	
-0.32132113824079134	-0.7035294107758286	-0.01574604785275185	0.1617790707836571	0.22881458908359265	
0.21603858563537143	0.22120884214707728	0.1583199006241181	-0.49443770756088057	0.4689198694856901	
0.22852060630796517	-0.1665370730607728	-0.006613937929600227	-0.7887697534561232	0.09971500945695691	
-0.8237031725730786	0.6105885677262765	0.9307885778954561	0.8821627292012875	0.7726980601647807	
0.26907317870365083	0.42929402396807287	0.26226890529803365	0.4189156905713975	0.2570961419905324	
0.21027146789623674	0.28145097704301747	3.8766107978479864e-05	0.13325270158593652	0.6716154843726542	
0.9325941776721596	-0.13470449837919207	0.049482665507998895	-0.7412200060879609	0.4103304510645003	
-0.11766863180858915	-0.22095080976107356	0.987179542924269	1.4137724449629814	0.02835914702185165	
-0.12256380247261284	-0.09097978830565441	-0.8678166731331005	0.07278493244213909	-0.39278512425569684	
0.2811900353928292	0.4353721810483619	0.20442610584748108	-0.05952159762071531	-0.24142163166311628	
-0.8876282824220536	-0.6091626181606817	-0.2465992333900266	-0.35124475957484036	0.20976368353602845	
0.02254342815368662	0.11109543843624484	0.16519718731148958	0.47209953278763656	0.6248232926211913	
-0.11528617206480539	0.4646940833700429	1.045367835106572	0.16139912010005067	-0.08078517143921517	
0.19080423745839792	0.27627767963608174	-0.045472673245001365	-0.16108896386281332	0.250213103772756	
-0.031054776277450458	0.8058947340228161	0.4436505156536732	-0.28791902317953233	0.8543926316610126	
-0.2732781710339314	0.30704656794513824	0.4993486919513095	0.29721737965796874	0.2336403894452056	
0.026123552692173112	-0.33755193680547113	-0.3514862625988426	0.48384040997603295	-0.9967145163797098	
0.14708049420314348	-0.10250864141849751	-0.44174138757472914	0.3803350562330702	-0.382932379989867	
-0.008122506876204293	-0.5095219111744796	-0.3623206554980925	0.2085816841022418	0.8943815894928715	
-1.0324332215065455	-0.6511602161364644	0.875007696105846	1.399921206060373	0.2934436724388346	
0.19589902979348536	-0.011505496747968896	0.08122702606713023	0.9388620786528129	1.3450759126373473	
0.06613722109750866	0.23321300162893227	0.17003911232355332	0.1173329833815808	0.38432959330113337	
0.14733084349338169	0.4057434462454789	0.46793676267588724	-1.3743400390570093	-1.265094074705025	
-1.395431043933462	-1.188979507128343	1.4814660082765592	1.3055717242306806	-0.8795392410904093	
-0.3851268705860762	0.7517096478043943	1.2138475903987735	0.1389750544696834	-0.0022267107728036165	
0.2732185640278286	0.1848183269582691	0.03560199242284623	-0.5969581694523406	1.231530494486045	
0.9099787211893084	1.4060863628908369	1.326419781628836	-1.7610655333530612	-1.762778431361386	
1.8139888618743414	2.7954378741213524	-2.7283773929110358	-3.239002102984448	2.9204205698832952	
