            A        R        N        D        C        Q        E        G        H        I        L        K        M        F        P        S        T        W        Y        V
 1 A  -1.6236   0.1483    0.497  -2.0965  -2.2365  -0.1027  -1.6534  -2.7277  -0.6558   1.0974   0.5821  -1.2496   0.0406   3.3663  -2.8115  -1.5398  -1.2042  -0.3075   2.8128   0.4924
 2 A  -0.2535   0.2438  -0.3657  -2.0007  -1.9874  -1.3717  -1.6552   0.0035  -1.8491  -0.3036   0.8595  -1.0371  -0.2951   0.4177      4.2  -1.0164  -1.0261  -2.4498  -1.1792   0.0897
 3 A  -1.2601   3.8311  -0.6552  -1.4341  -3.1184   1.7136   0.1592  -2.1961  -0.3013  -2.2471  -1.1523   3.0531  -1.0158  -1.4836  -1.7561  -0.7048  -1.0772  -1.6083   1.1361  -2.0449
 4 A   0.1744    1.722  -0.6794   0.2633  -1.9489    1.388   0.4619  -0.3268  -1.1862   -0.817   0.0654    0.617  -0.4797  -1.9547  -1.6997   0.3153   1.0493  -2.4781  -1.7759  -0.2436
 5 A  -0.1077   2.4274   0.9483  -1.4185   1.0385   0.7192  -0.6284  -0.3654  -0.7608  -1.1884  -0.6581   1.3258   0.3744  -1.3572  -2.0397  -0.5826  -0.9067   2.7434   0.3015  -0.6253
 6 A  -0.9975  -0.3335  -1.5926  -2.4418  -1.9327  -1.4031   -1.923   1.1172   1.6872   0.1549   0.9336  -1.4922   0.9817   1.3366  -2.6125  -1.1788   0.0676    3.989   0.0618   0.6639
 7 A   0.2532  -0.6845   1.1445  -0.7906  -2.1441   2.1904   0.6477   0.4927   2.7382  -1.0136  -1.1971  -0.3824   0.6867  -0.1943  -1.8677    0.236  -0.6633    -2.09  -0.5712  -0.1989
 8 A   1.7821  -0.7533  -1.0754  -0.9855  -1.4843   0.6437   1.0318  -1.1962  -1.3917  -0.2364  -1.3321   0.5751  -0.9285  -2.2849   1.9378   1.0048   0.3319  -2.7697   -1.831   0.3415
 9 A  -1.4798  -2.3841  -2.9907  -3.3838  -1.5944  -2.0897  -2.7427  -3.3327  -2.1087    1.696    2.273  -2.4269   3.0371   3.2423  -3.0763  -2.1393   -1.189  -0.9641   0.5585   1.1568
