            A        R        N        D        C        Q        E        G        H        I        L        K        M        F        P        S        T        W        Y        V
 1 A  -2.8619  -0.8445  -0.5995  -1.3091  -2.7938   0.0515   0.5258  -4.2201    1.124   0.6763   0.5954  -1.7015    3.416   2.6855  -5.1047   -0.284  -0.7593   3.0252   2.0389  -0.6482
 2 A  -0.2045  -3.5136  -4.3838  -4.4657  -2.7736   0.2737  -2.5212  -2.2822  -2.7578  -1.6945  -1.5544  -3.7657   1.2493  -1.1813   6.9134   0.0682  -0.6875   -5.626  -1.3587  -0.9985
 3 A   0.0815  -0.5447  -0.8724  -0.0611  -2.7374    0.044  -0.0506  -0.2936  -0.1485   0.2938  -0.4492  -1.6368   -0.089   1.2286  -0.2299   0.4266  -0.6927   2.5812   1.7161   0.4319
 4 A  -1.0653   0.4712   0.3754   0.0431   1.2135  -0.2203   1.2681   -1.554  -0.7536   0.0193  -1.6468  -1.4754  -0.1996  -0.0388   2.6728   0.2956   0.5295   0.7346   -0.624   -0.095
 5 A   0.6836  -0.5397  -0.1815   0.1966   -0.734   0.3726  -0.5223  -0.0548  -1.5345  -0.0892   0.2834  -1.9792   0.7337   -0.261   1.4745   0.8057  -0.3714   1.4716  -0.6185  -0.5764
 6 A  -0.2367   0.5025   0.4108     0.46  -1.6198   2.3379   -0.155   0.2975  -1.4345  -0.5751  -0.5547  -1.7881    0.301   0.7029   0.4715    0.656  -0.1272   0.7566   -1.092  -0.8926
 7 A  -0.0822  -1.4436   0.3898   0.0164  -2.7892   2.6341   0.2935  -0.9533   1.1271  -0.9364  -1.0229  -1.5017    0.309   0.3121   0.1488   0.1024  -0.1359   2.9637   0.6601   0.4913
 8 A   1.5754  -0.2689  -1.7907  -1.2786  -1.4879  -1.8135  -0.3246  -0.9285  -1.5822   0.4364  -0.3178  -1.2598   0.3449  -0.5729   2.5384  -0.2521   1.5238  -1.6736   0.1872  -0.1246
 9 A  -1.0945  -4.9442  -5.2715  -5.7904   -4.636  -3.2597  -3.9847  -4.5846  -0.5893   1.3126   1.7158  -4.9092   3.0224   4.0946  -5.5788  -3.6581  -3.2263   1.1751   4.9264   -0.445
