            A        R        N        D        C        Q        E        G        H        I        L        K        M        F        P        S        T        W        Y        V
 1 A   0.0713   0.0464   0.0666  -0.0732   -0.026   0.0439  -0.0231   0.0197  -0.0191   0.0029  -0.0059   0.1038  -0.0217  -0.1037  -0.1404   0.0269   0.0962   0.0518   0.0362  -0.1313
 2 A   0.0221   0.0123  -0.0007   0.0028    0.002    0.029   0.2297  -0.0015   0.0029  -0.0009   0.0009  -0.0058   0.0036   0.0016  -0.0118  -0.0022   0.0001   0.0246  -0.0192   0.0022
 3 A    0.012   0.0183   0.0776  -0.0492  -0.0292  -0.0038   0.0301  -0.0152  -0.0156   -0.033  -0.0397  -0.0744  -0.0212     0.03  -0.0055   0.0745   0.0656   -0.026   0.0375   0.0885
 4 A  -0.0311  -0.0063   0.0895  -0.0515  -0.0331  -0.0572   -0.008   0.0412   0.0327   0.0284   0.1246   0.0775  -0.0265   0.0924  -0.0437  -0.0246   0.0333   0.0174   0.0185  -0.0406
 5 A   0.0238   0.0177    -0.01    0.052  -0.0169   0.0081    0.011   0.0758   0.0178  -0.0508  -0.0289   0.0314  -0.0037   0.0152   0.0427   0.0479   0.0046   -0.025    0.153  -0.0548
 6 A    -0.08    0.002   0.0793   0.0583   0.0023   0.0702  -0.0638   0.0115   0.0033   0.1433  -0.0759   0.0178    0.002  -0.0087   0.0209   0.0188   0.1184   0.0311   0.0483  -0.0698
 7 A  -0.0982   0.0053   0.0037  -0.0464   0.0893   0.0029   0.0039   0.0252  -0.0277   0.0223   0.1447  -0.0604   0.0045  -0.0028   0.1335  -0.0072  -0.0512   0.0656  -0.0298   0.0019
 8 A  -0.0425  -0.0267  -0.0431   0.0008  -0.0335   0.1434   0.0193  -0.0142    0.046  -0.0721  -0.0084  -0.0769  -0.0548   0.0283   0.0503   0.0179   0.1227    0.006   0.0546  -0.0526
 9 A     0.01  -0.0629  -0.0329  -0.0903  -0.0898   0.0296  -0.0983  -0.0032   0.0078   0.1495   0.0166  -0.0949   0.1842   0.1423   0.0037  -0.0671   0.0125   0.1103   0.1049  -0.0874
