            A        R        N        D        C        Q        E        G        H        I        L        K        M        F        P        S        T        W        Y        V
 1 A  -0.0134  -0.0187    0.067  -0.0968  -0.0382  -0.1022   0.0582  -0.0538   0.0019   0.0414   0.0748   -0.018   0.1536   0.1501  -0.0231   0.0036   0.0401   0.0221  -0.0149  -0.0697
 2 A   0.0478      0.0  -0.0043  -0.0134  -0.0278   -0.009     -0.0     -0.0     -0.0   0.0284   -0.044  -0.0293   -0.015  -0.0169   0.2894  -0.0044  -0.0173      0.0     -0.0  -0.0203
 3 A   0.0174  -0.0673   0.0652  -0.0496   0.0051   0.0164   0.0107   0.0108  -0.0167   0.0344  -0.0595  -0.0544   0.0216  -0.0206  -0.0053   0.0833   0.0008   0.0666   0.0295   0.0756
 4 A  -0.0129  -0.0111   0.0557    0.007  -0.0098  -0.0039   -0.016   0.0451  -0.0266  -0.0095  -0.0347   0.0158   0.0149  -0.0021  -0.0213   0.0326    0.046   0.0441  -0.0075   0.0583
 5 A  -0.1092  -0.0111  -0.0266   0.0816    0.026   0.0795  -0.0291   0.0008  -0.0208   0.0019   0.0512   0.0081   0.0591   0.0387  -0.0122   0.0474   0.0108    0.002  -0.0325  -0.0016
 6 A  -0.0199  -0.0046  -0.0411    0.011  -0.0609  -0.0304   0.0013   0.0442  -0.0187   0.0141   0.1099   0.0288  -0.0118   0.0509    0.025   0.0167   0.0494  -0.0241    0.008   0.0162
 7 A  -0.0079  -0.0532   0.0333  -0.0147   0.0178  -0.0252   0.0345  -0.0351   0.0329   0.0331  -0.0026  -0.0124  -0.0414    0.034  -0.0255   0.0362   0.0535   0.0785   0.0656  -0.0373
 8 A   0.0265   0.0047   0.0195  -0.0544   0.0057  -0.0296  -0.0369  -0.0332  -0.0196   0.0197   0.0503   0.0255   0.0208   0.0117  -0.0212   0.0386     0.06   0.0021   0.0693   0.0043
 9 A  -0.0931  -0.0196      0.0      0.0     -0.0     -0.0     -0.0     -0.0      0.0   0.1105  -0.0158  -0.0365   0.0739   0.0666      0.0      0.0   -0.024    0.096   0.0937  -0.0875
