            A        R        N        D        C        Q        E        G        H        I        L        K        M        F        P        S        T        W        Y        V
 1 A   -999.9   1.3287   2.4073   -999.9   -999.9   1.7205   -999.9   -999.9   -999.9   2.5617  -0.3273   -999.9   -999.9   5.1404   -999.9   -999.9   -999.9   -999.9    4.386   0.0066
 2 A  -0.5234   1.6635   0.5751   -999.9   -999.9   -999.9   -999.9   0.3106   -999.9   -999.9   2.3765   -999.9   -999.9   1.2771   5.9249   -999.9   -999.9   -999.9   -999.9   1.0666
 3 A   -999.9   5.9221   -999.9   -999.9   -999.9   2.7565   -999.9   -999.9   -999.9   -999.9  -1.5126   5.2318   -999.9   -999.9   -999.9   -999.9   -999.9   -999.9   3.0643   -999.9
 4 A   0.3106   3.3357   -999.9   0.5126   -999.9   3.4497  -0.0035  -0.8538   -999.9   -999.9   1.0259  -0.2186   -999.9   -999.9   -999.9  -0.1069   2.9823   -999.9   -999.9   0.0066
 5 A   0.3106   4.3627   2.4889   -999.9    2.038   1.3902   -999.9  -0.9127   -999.9   -999.9  -1.6968   2.3679   2.6078   -999.9   -999.9   -999.9   -999.9   4.0965   1.2128  -0.3572
 6 A   -999.9   0.4352   -999.9   -999.9   -999.9   -999.9   -999.9   2.2674   3.6635   -999.9   1.7547   -999.9   2.7347   2.3371   -999.9   -999.9   1.3847   5.5305   -999.9   2.2966
 7 A   0.7168   -999.9   2.4291   -999.9   -999.9   5.1853   0.5126   0.6454    4.683   -999.9   -999.9   -999.9   3.4418   0.3971   -999.9   0.1703   -999.9   -999.9   -999.9   1.1823
 8 A   3.9154   -999.9   -999.9   -999.9   -999.9    1.387    2.349   -999.9   -999.9  -0.3388   -999.9   1.3484   -999.9   -999.9   2.8771    2.106  -0.2883   -999.9   -999.9    1.249
 9 A   -999.9   -999.9   -999.9   -999.9   -999.9   -999.9   -999.9   -999.9   -999.9   1.8298   3.0161   -999.9   6.4266    5.044   -999.9   -999.9   -999.9   -999.9   -999.9   0.5518
