TESTRUNID EPOCH: 14 L_PCC: 0.893600124156091 L_ERR: 0.009474021802545508 T_PCC: 0.8626079415411726 T_ERR: 0.012071274886844193
180 LAYER: 1
3 LAYER: 2
1 LAYER: 3
14 :ILEARN
-0.14900836729725458	-0.05957038550403369	-0.19010322539699132	-0.12088867414798402	0.0317080640619702	
-0.11205208374395832	0.07228081556763065	0.31003432108871004	0.09151652649915647	0.5124260902706946	
1.0046256945056276	1.8272938853168954	0.1558197747631339	0.41583901703953474	0.514690454138317	
0.11165761933634578	0.004393700419860099	0.00939769218418264	0.542725805355671	0.901988826352805	
1.1419862533258494	-0.12566003110847726	-0.1603235740591829	0.13776190305487268	0.11759197994245633	
0.03970374460958938	0.000973651777206735	-0.5578734930129711	-0.4091445746118812	0.290838654241796	
-0.0752407666337611	-0.25513072239571416	-0.12007608038637997	0.0462721944519309	-0.4569980481484944	
-0.35534182758086297	-0.20707858949914534	-0.5316167644241097	-0.7697907952081483	-0.3348392381090829	
-0.4985454374309804	-1.188322738492474	0.6073462909292243	1.0924551695004212	1.451093934889462	
-0.07005691630135001	-0.4039978376870933	0.2155675555403395	-0.06837065031972117	0.017863749794639124	
0.17769172765799088	0.09891827869303407	0.11974277545215453	0.21568073398411353	-0.4959006861617557	
-0.2555072946001851	-1.107041268633004	-0.10933019347989714	-0.11884481241514955	0.02961346975981475	
-0.08943568539996485	-0.04993664732288037	0.040014192747865274	0.32550406027461054	0.4880010926997949	
0.9548413661932238	0.4594011359959713	0.584230410089573	1.1644591723489082	0.08220663058711261	
0.1762379782447928	0.052632875985903466	0.27674325653621834	0.8291032634159441	1.1911485420538974	
-0.36852779425640214	-0.45328510112412085	-0.8899035437522004	0.38868546854576635	0.5726056355636452	
0.7699663224437255	0.2929194571986419	0.5197627698127489	0.7236154492449732	0.43363873867121067	
0.8470998974530257	1.1041636083410817	-0.38402589499913853	-0.6939651003738622	-0.9307026615056287	
-0.9033787087086063	-1.2385072161729418	-1.4678039405964145	-0.040036243064031064	-0.09467917572639034	
-0.18255678862913555	-0.8272246125140317	-1.165677646776367	-1.57226738184718	0.14267205708681488	
0.21935835274327234	0.36008426831424506	0.6451062768364099	0.8587253006428849	1.1424568665162422	
0.054991656023073834	-0.04012087961482118	0.13287270378367086	-0.12044064447176508	-0.10447670893139317	
-0.5699024183837736	-0.07274854229785799	0.09076796252762342	0.04925349633764706	0.22490261697090053	
0.6153273336455374	0.8195704678239664	-0.2749790714290982	-0.6599910412731343	-0.24462703126671073	
-0.19243862821701835	0.016936921405419605	-0.19690167651698526	0.18909500223159506	0.4346254240348438	
0.8705065764340141	0.23022397921246873	0.1716891973565916	-0.12281989230300398	-0.05838841621088753	
0.17255644232700196	-0.1890337889107888	0.1800386101764677	0.10639225245960368	0.7596744855376563	
0.06952008995508638	0.2814981553515545	0.032012718801226754	0.39577074314314636	0.44382033094197615	
0.7313817656061071	-0.021995064729357562	0.14728410497333713	0.5782986352906136	0.18405386922311429	
0.3340027079750233	0.3823924725890106	-0.2479345881995478	-0.2737859103361675	-0.22466747296994014	
-0.5378199847676696	0.01253669745119656	-0.3007547780077676	0.45802443709642715	0.7066229993439811	
0.8909870053225462	-0.4278567408933435	-0.5119484471248724	-0.9355995380391156	0.0151150762601554	
-0.6266318219228798	-0.3216357709694882	0.1730687286895103	0.23442024629083422	0.3797718339036822	
-0.18620622512923835	0.08803213943925038	0.055788231340153774	0.15067294244967633	0.13891721348304736	
0.226630120123824	-0.2070749239911216	-0.48570544332017107	-0.32304772992891634	-0.2836942102252022	
-0.6062109117999394	-0.24045686627219587	-0.07705161605856016	-0.11793307928333571	0.3505845006384299	
-0.035007493581695866	0.03766674386323894	-0.023969679263970534	0.1245649746305588	0.4793723882848811	
0.5365602183101611	0.060383042274711696	0.1572640922256295	0.07090208021893016	0.08993901713845256	
-0.07323962963759272	-0.7428191662929591	-0.015854228335879624	0.008233041377687232	-0.10550302737078061	
0.25848401297675894	0.06942916792524366	0.21542079154088883	-0.33203261529155664	-0.6069185733421167	
-0.0071498953410707115	-0.2569782388117943	0.26123478166798186	0.0981093975085717	0.22305911243119494	
0.3263741130655227	0.03724413445159862	-0.19705208137878008	-0.21008279992460824	0.7231162889222127	
-0.0494003333565107	-0.010049248294181107	0.7693510388856513	0.048417157789914324	0.11758486816139188	
0.18265492591937343	-0.17411288511101933	0.05730536543685553	0.4188678287645252	0.150271814476818	
0.3367500913982005	0.20032760892662943	-0.0879368485794724	0.09741379365101234	0.20170037969661817	
0.2904106550481429	-0.12815068911317118	-0.1714997662836938	0.041325823017529704	0.21036802649081923	
-0.06475891392325742	-0.08282195717743292	-0.10432204209348732	-0.21878998270656913	0.1596032967723975	
0.07306917384025076	-0.12970388606016783	-0.07380304676777513	0.022387947018430502	0.8360588558354525	
-0.07992201944737137	0.17553462742243597	0.1682696886372124	0.03303854495366362	0.24233065272698387	
0.35806936705119885	0.1346035899758453	0.4148358252749542	0.2651422724431695	0.16537064422968317	
0.09873472571712281	0.059123673114740496	-0.09322120542460745	-0.048224418059121574	-0.1546475090078602	
0.13092140400389832	0.14559980973860007	0.6955167358799195	0.13760923913051148	0.263785107604169	
0.05644603078868509	0.09581146169031321	0.11377635613799958	0.23928029725018987	0.22921194975171255	
-0.0020530914487431906	0.05012712967697771	-0.23927259424555267	-0.08310090728017253	-0.07087426271961408	
0.11535794879482403	-0.22716459988744456	0.268407276219022	0.12494302188118683	0.44874753549796664	
0.21272990584569743	0.05617142865436146	0.0033963724011147234	0.1388506402860095	-0.32510299101323586	
0.07861597761511022	-0.3637273610862616	0.393228207112982	0.448732999213508	0.49525988312079194	
-0.030853130877331755	0.09578457379456491	0.14481235418892946	0.21525586107578762	-0.5723671162983978	
0.8129250674278148	-0.1170378369385184	-0.16662942175485712	-0.42972002516294816	-0.2407941780635229	
-0.1613965060387104	-0.47035763533826974	-0.453963070139267	-0.21555259875707922	0.49406939664434923	
0.17866500199589402	0.06903637696318057	0.5145900545135794	0.26533367392206036	0.435139855539739	
0.7592948259968539	-0.0948918130914235	0.21080813222807504	-0.1110855409958526	0.057098121895424465	
0.31762187855998686	0.24744766198530815	-0.028767401192444773	-0.04513464996567965	0.05117561069324217	
0.09181447631930607	0.19424130511164095	0.2005244475321678	0.025278226550499744	0.21882470440859755	
0.4388181091745021	0.1863873228563644	0.005143416967808978	0.6762194760797597	0.1779536056171161	
0.20248878428300285	0.14066086723820728	-0.09736926495509088	-0.37119766022063855	-0.4443921921154232	
-0.6040073910539226	-0.2435793330587982	-0.11795683961988107	0.40711849374234266	0.5380589517299544	
0.4784307236211532	-0.05633330575560674	0.052749313115453764	-0.0952332336186042	-0.13346158795902283	
-0.460412361451586	-0.1300066576722929	0.04752669773995327	0.1530811998663153	0.10667050643066033	
-0.09365214798634126	0.16422510737532503	0.23841502545206103	0.05241463240649453	0.07869026651094467	
-0.4324398344561075	0.23307602508495953	0.23977033945169107	0.19469068632058742	-0.073107140880025	
-0.11240348701394888	-0.07377223115651263	-0.25683832624537695	-0.6069452522423883	-0.03403092473809206	
0.05454362136784011	-0.7894709889738408	0.5743185951197958	0.27901972871248193	0.5906737884441748	
0.7923200652976039	0.25783593585953607	0.4909426845845221	0.31392693965153345	0.20749044193860083	
0.362851893446082	0.19108113284059958	0.06081212447541718	0.33486830480384666	0.18397509153102845	
-0.005533341908898871	0.20499443888669328	0.23763940582013965	0.13878571295881897	-0.03681415182810091	
0.005825738395292547	0.33863393043803486	0.5044854037706169	0.8015639295493975	-0.08373850226795058	
-0.16332027656509687	0.009813600790014258	-0.3042709811388041	-0.46081679486743715	0.2831827300247334	
-0.13476838613795156	0.08893490863494083	-0.27384181026658616	0.35673053341560507	0.6772764479965813	
1.2367566719636973	-0.13922113307438727	-0.049939886198578906	-0.020151313525464613	-0.3821283476181435	
-0.19512358484092632	-0.670709049835795	-0.1439979256317141	0.08451748829403921	-0.2767448191147818	
0.2855224882881527	0.027461636371316715	0.2592174570235765	0.14313347324919004	-0.00529285778721858	
-0.1317349798986877	-0.2681732868003082	-0.2168845811977987	-0.7359176467722343	-0.3436197845161707	
-0.3869528365334341	-0.25090303730697827	-0.40984296260518127	0.012944635554219505	0.12623740015401275	
0.10003991871914727	-0.1298245484781571	0.11122991510388369	-0.0936324246560922	0.15216593193660852	
0.36002927563058384	0.10693485218490237	0.4059738711118076	0.046044596435375514	0.16354224836781966	
0.4106624679475871	0.8768168302517794	0.007268979696251383	0.04024735069983274	-0.07730448188659828	
-0.044536185259848995	0.23970270432767463	0.20549927514762012	0.13154236349696727	-0.08630824398421087	
-0.16744390167650117	-0.25433099429992406	0.17242042248856299	0.05335447448764168	0.33185473000897264	
0.4662633261283243	0.43815487591527547	0.042780738032681453	-0.3701754931884569	0.6686060576524211	
-0.5479455004197821	-0.06418856903367727	0.22650954521742647	0.3200321591761342	0.22933121071042198	
0.21648246702279444	0.09458511667660381	0.14785560467882583	0.037284235702433534	-0.24086757858127572	
-0.36005472557655893	-0.25972538796179456	0.05597449616345781	0.06686112842209949	-0.5559261187921914	
-0.158250694119962	0.23804074627769653	-0.16374319341926136	0.08469491315769187	-0.4936729343873803	
0.3147356230399547	-0.11328414839218041	-0.17199773625061196	-0.12063878096047993	-0.05378744904624984	
-0.4044526104800692	-0.38435882004752675	0.26197483858072795	0.024470501198277882	0.7612917583645425	
-0.5961844208853693	-0.5001052109024566	-0.8305527884025807	0.4446521224682928	0.6136044876315018	
1.113154878594773	0.06273512321352319	0.05940935339169905	0.19007567427254238	-0.024407854215525195	
0.026894742048650146	0.12024956480803378	0.20646711046697624	0.6105682863147778	1.1224143071011377	
0.11981281055543691	0.1567051815180518	0.1952872240212313	0.1265473262001156	0.019679115031546478	
0.005450921126321982	0.06310457304499172	0.1492615752595852	0.25107501456642084	0.17632791856790245	
0.20703997036245123	0.393952334559604	-0.3990938951288635	-1.040383823156253	-1.0746036733975586	
-0.5199467933218744	-0.8515454690911828	-0.9458775932998345	0.4456496076154109	0.9466624726290988	
1.1689439253989546	-0.22924458431743958	-0.5945342367020288	-0.3914017029342379	0.2169937767640914	
0.5569328507009896	0.939706423843981	0.11827249496349836	0.11938573676854518	0.08807950561737105	
0.016099579466702728	0.11868093747107845	0.1901937962539456	0.1603661842659691	-0.07235090324179488	
-0.4495096919635197	0.29904566806120103	0.6501367253096061	0.7949727804806089	0.43721422742959987	
0.8099143799010372	1.2996415144781235	-0.8898120476492222	-1.2867143115834605	-1.490443474382251	
0.2002353599665837	0.8103155105227242	2.612652072359656	-1.652710768911459	-2.3663135093252765	
-3.3726685368547065	3.26231338375239	
