TESTRUNID EPOCH: 33 L_PCC: 0.8441259789618907 L_ERR: 0.012270510004450744 T_PCC: 0.8021602923985951 T_ERR: 0.015341899945856751
180 LAYER: 1
5 LAYER: 2
1 LAYER: 3
33 :ILEARN
0.09217497934785449	-0.3510536465577019	0.2704177155633462	0.01828637348362223	0.38210004970008643	
-0.019068164716023718	-0.09441012331204973	0.13596203689876193	0.0008838267376444205	0.2610469440517283	
-0.04600042325901735	0.08448394184308225	-0.22783623930534858	0.06715863269346269	-0.37926374019992554	
0.001720109120521882	0.05331428738433483	-0.20540851042460312	-0.09180178938338877	-0.3870048331228662	
0.03976190152139615	0.24666239720745875	-0.16101265887146116	0.02651722509358911	-0.18310953822966333	
0.07822047225827383	0.08880244229314828	-0.15763559169300403	-0.07138482951685386	0.03255252365336794	
-0.1943988713751763	0.6159907894105979	-0.4160075362907979	-0.06814562374892237	-0.6913517573506469	
0.02638186567076558	-0.0028928991790419414	0.12727917596847563	-0.06518822812337412	-0.05493608016228975	
0.06731139739405942	0.07164241701755991	-0.25396438085587536	0.041042953957792665	-0.2710900598676325	
-0.04054884469349603	0.07365530783477105	-0.1175218612941651	-0.03321557552131841	-0.07105377563486695	
-0.07259026632623441	-0.10226780501685279	0.07584236724798428	-0.011895844161084718	0.33509024602258075	
0.003085706324045591	-0.23299897583442386	0.2662572084599117	0.07237830536486184	0.585801869689126	
-0.18384954303118878	0.5025213070582045	-0.39026134197009454	-0.0716965525680364	-0.6020668505375498	
-0.05052994984294639	0.25157128519061384	-0.21117958121949454	0.060660757203881935	-0.33540468457123573	
0.18298681739193856	-0.39191845055351165	0.19890937521631652	0.11160361417486457	0.2114582320453362	
-0.05904218942712104	0.1410665579919669	-0.07294450123931434	0.03928906355872217	-0.10585481472576819	
-0.0005303215517870705	0.3672935868652238	-0.2423816106537528	-0.0799731388227315	-0.4525399447877482	
0.07353695856013706	0.17211986000025875	-0.018824738811475523	0.03118766994687542	-0.1586307562968163	
-0.09498394623333459	0.006425224157119214	-0.05415929059948411	0.004100660079503172	-0.08827233630505561	
-0.07490216724839976	0.039017228775560846	-0.029885627150624934	-0.09367454521904658	0.03034458313379036	
-0.14927924914400773	0.3491213843994956	-0.23537547788258725	-0.08653236138428329	-0.3900310143721533	
0.05877195322579434	-0.15256306490715454	0.09451170700613709	0.05654318190481196	0.12132562674488674	
-0.08175010141056259	-0.09277473802005697	0.01926928901156491	0.03819234279798558	-0.21094320835943123	
0.04950185596000895	0.003560896435179116	0.041827224858184395	0.05026665775702137	-0.1430603493988802	
-0.02557485984933682	-0.3104477400695319	0.14689208948712726	-0.015905578990499637	0.35415259242239544	
0.05588192061881003	-0.2304030217621052	0.21042805146274865	-0.048795620889647576	0.3357705465680135	
0.009509353672392052	0.21104170921854973	-0.10941589727215426	-0.10304305843191244	-0.10826284808882497	
-0.03754628424154214	-0.024032248115876464	-0.021646703707676376	0.0811453090563997	0.06960180087671596	
0.062622465900406	-0.08681115431774004	-0.09304784532907198	-0.057590760775227984	-0.043545358030615273	
-0.13996329927774884	0.05645711029763808	-0.06372051796123689	0.006653214442953951	-0.26713735405771016	
-0.07053300842045675	0.15341337392111812	-0.040547725449520476	-0.061170918209227994	-0.0258393253313898	
0.08668094947053273	-0.2751894333428503	0.12716048329985158	0.12096528017435174	0.28460407847864033	
-0.044096750733832055	0.01993866105014403	-0.035862103868426795	0.06636876831163466	0.028755443457516662	
-0.03508059134309088	0.13166023537307303	-0.06391326104574054	0.037642197957487224	-0.19896828022596386	
-0.07276785451200453	0.22482018093148579	-0.14960685235797566	-0.02923774481943151	-0.2671228481474503	
-0.014580899199114582	0.1606425696384624	-0.20278084297279675	-0.11864528723844585	-0.26645604655644595	
-0.1632281958088561	0.5516150806275566	-0.5228845104728258	-0.17433721335116487	-1.0043282535749425	
0.08910793540459526	0.08824404889781044	-0.0625895040208736	0.015015979847268577	-0.12182109769222565	
0.00011142778106132018	-0.0016035694105056724	0.04850666562655051	0.07523166700837537	0.03710746087960152	
-0.03757921952641635	0.24534184083422372	-0.3264568922870207	-0.015328103031174985	-0.38747417899048214	
-0.024551486693187567	0.24302759257527445	-0.2871656138676733	-0.01838451488334241	-0.5027345969226882	
0.0708755818348455	-0.09568134852833868	0.19516619561046114	0.13713895286915187	0.27482351298913243	
-0.10652107411866865	0.35949882261909233	-0.33210408077851383	-0.12143945709584623	-0.3142175272648842	
0.02652327094991161	-0.30772045106249973	0.24137542885313612	0.08691365272695303	0.08693402786976365	
-0.10068437913001342	-0.14199945082896323	-0.27783819988642783	0.057431426866280826	-0.22317842807830987	
0.11813025463814879	0.07736360941878942	0.167280697285537	0.09990335899878623	0.13042246121175133	
-0.014207297606712174	0.06158071230653357	0.025990041642099615	-0.031095161212009025	-0.09186494173978194	
0.039536967476349494	-0.1361429181578859	0.07782378903129664	0.00038552630789273146	0.007055962423556234	
-0.015866490344362414	0.31037851217727147	-0.009541715437197113	-0.04153461648260787	-0.030563463832741382	
-0.04416633826552913	0.16769944948255436	-0.3482054904990051	-0.014870241267917644	-0.22749546542372273	
0.004226897555513697	-0.17179610803179096	0.27448847609430854	0.14339422137828578	0.49433616290092874	
0.03028162130994928	0.26579293126109677	-0.14490312937832758	-0.046256453541158433	-0.2902389156904316	
0.07042533462693716	0.2476730339975679	-0.01752851919249001	0.033101539981433246	0.06416417029579081	
-0.11443500713290154	0.7038632753095628	-0.39852062209549877	-0.0761416491169596	-0.4692107781328284	
-0.011500398308758066	-0.0783975355698807	0.015878352852533778	0.0007275382301263342	-0.12328209050578123	
-0.0512005731337248	0.03698724125619128	-0.23344559224856	-0.058674359421883975	-0.16153809717609638	
0.017125944154031444	0.09645480028991575	-0.1258051310639721	-0.0669945834187458	-0.14999010117745923	
0.12058130649732349	0.22489948179243216	0.07311032121454095	0.04753934113899694	0.03667439306190902	
-0.0013819352112068156	0.38435077231965925	-0.021188363704634974	-0.0033134233569528868	0.04671135516635004	
-0.138964933995348	-0.00034758344009352526	-0.32534742153549473	0.06596482103336263	-0.2079304289711796	
0.039517264034795205	0.1972894355805429	-0.11437391207135908	0.00547139795328406	-0.1642545971318083	
0.03474261010448732	-0.1266667593497833	0.02288389249175863	0.0307505208645315	-0.02210495041709431	
0.0775301958368997	-0.06558348639807468	-0.07528068478030413	-0.07788811845050064	0.03322138108712706	
-0.03908212174026548	-0.005170880547390736	-0.18141421541181502	-0.06928284012443121	-0.1536675712986912	
-0.03164600355242261	0.055617793738176505	-0.21148600869215578	-0.05869116630063664	0.037188760776748056	
-0.0392418680387444	-0.03946911978000066	-0.03925800262709335	-0.002349507336006164	-0.022854858033471977	
-0.11003566794795383	-0.003607307401171873	-0.10340942538242527	-0.0027425299944928423	-0.07281324694032681	
-0.0858486149023504	-0.014687850299809182	-0.22869316362982112	0.05966736242926903	-0.0718407237888688	
0.09806336913460931	0.01409267467330253	0.0904685622266563	0.07572207217995729	0.013438687090094619	
0.04218863296448545	0.14756882817295022	0.15716571240354166	0.08337803742365953	-0.09804333680289505	
0.08766949411992324	0.07291312686251827	0.11314400842064633	-0.018907703698240092	0.04768657086392787	
-0.0038355385195977506	-0.006421488346839594	0.06692406183601342	0.06691008355809795	0.1315173315519024	
-0.08198847595805936	0.2069170374911875	-0.02785084864315177	-0.004115921482478232	-0.14317059453156786	
0.049438476909472444	0.2818042050695085	-0.006911307042805931	0.008903848746398752	-0.25330491469660665	
-0.012218106646335661	-0.13984986604536503	-0.021257942585426272	0.07338291798212775	-0.17332900501589418	
-0.04512398553982645	-0.012043896370656953	-0.042452655740834115	0.03660807425331561	-0.13065667459152858	
0.0069374202399438605	-0.18372218054526232	0.26115651212264474	-0.03028417933727364	0.09372866831672629	
-0.01791677106216893	0.1789543523035224	-0.04986895585620461	-0.08591835169079423	-0.07096895703240493	
-0.038105142050002094	0.17185680634679693	-0.03872667093882973	-0.09535412184020223	-0.06686923114361161	
0.0861763367691537	-0.02004179100246657	0.21874550256346822	0.033282350301623596	0.08290243791995629	
0.09120864744223611	-0.0546064144938648	-0.0334612489343344	0.05323286473298305	0.06820462764323308	
0.10748639313800366	-0.0663376983223394	-0.14808788970948208	-0.06620938103970662	-0.11152913948120759	
-0.18186188985190235	0.07201758226346075	-0.12399570370159713	0.0022217361721105283	-0.1392315924227384	
-0.04491710144534429	-0.10345273668156552	-0.13616549704335565	0.04812061835992819	0.013559049614140815	
-0.04082887105646841	-0.14357602632834207	0.013288870812583753	-0.05490508128505113	0.15178216934220287	
-0.06367973577934707	-0.0734553183317243	-0.06565159322267933	-0.025867858597883518	-0.04427711974757473	
0.0148803619263757	-0.05258031407115211	-0.08055591764076049	-0.009750330159993551	0.03210875564510615	
-0.001195367859418285	-0.23720358584387205	-0.0003459251143769495	0.0874039248540187	-0.047635251732925356	
0.04931736253185246	-0.09816798738129194	0.06299310817998288	-0.08028123148231152	0.027512943331253273	
0.032892031589599316	0.33050706066144275	-0.05097310765106025	-0.09892262874549008	-0.2939688508312158	
0.03548912276965723	-0.1900529614880138	0.41334935970415426	0.14781609776429566	0.514549740287897	
0.14939474419436513	-0.3743877202745926	0.16812407661558676	0.0033111288379065263	0.28677197225966083	
-0.05668164106659728	0.15209030633468998	0.00777927393160374	-0.041385910000108786	0.06713915959470317	
0.009469338321956712	0.3508004479452129	0.07077625917695106	0.03724676368831044	-0.13256518973887815	
0.13740655705559468	-0.04888364730384333	-0.02865715099858481	0.0211508673282363	0.12018214546867921	
-0.15635016707853186	0.060134980340079816	-0.08948727389130112	-0.10693233942241594	-0.15128283890592784	
-0.059974427708875525	-0.05973446419273421	0.025477704306324594	0.041819651779905744	0.18032874222083545	
0.1029656411941033	-0.06923000192947189	0.03901371130115614	0.06167750488066228	-0.04355539658500744	
0.06582878196572726	0.16827518596318644	0.12249813270954014	-0.015163703620800674	-0.06884044699307126	
0.017037586562295245	0.38162895349912296	-0.1304168341824754	0.0494432064572615	-0.3438482869716065	
-0.14492720752607136	0.1621066948264214	-0.29500455267153874	-0.08258897874889123	-0.3639634081716743	
-0.04723104035821845	0.23850663520071103	-0.16793783713506794	0.008415667933222189	-0.1862107861022469	
0.0013369611537037617	0.008428168730325815	-0.21151569006380544	-0.07419746292386348	-0.11981709354006559	
0.002825463298067588	-0.008814974243083256	-0.16329121248736614	0.012348247561491024	-0.01710828435675346	
0.08527483098866616	0.09105661257954711	0.06881109532200891	0.10561895583734228	-0.19776343869455265	
-0.05575355439205398	-0.11501557808098989	-0.07321493271817364	-0.003388961955236228	-0.012491079275221422	
0.10054988315381279	0.0065587663670774385	0.016540779945738642	0.051977346019391066	-0.06610598830391953	
0.08075734091652194	-0.1487854060044935	0.012871722839970453	-0.0694296732511124	-0.030487970531085963	
0.011272812911975835	-0.005424800441131254	-0.019217487283985906	-0.026800562308319512	-0.06464668610825967	
-0.091809137123725	0.12484274666099279	-0.023723036790557615	0.1222423655200873	0.05976037855181308	
0.005340811051310625	0.06224741671595601	0.16522244202054076	0.030568849260647197	0.03947407910585336	
0.00922837152179486	-0.12789270401772823	0.1607740712705529	0.07013449364620603	0.0983138977697191	
-0.08387436503681094	0.1521336327173175	0.010962805510900252	-0.08817345749666694	0.06421837640191211	
-0.015081711183213876	0.1423661245154549	-0.01981277772625689	0.010942473912805629	-0.2563117841826448	
0.025969880603323222	-0.07712713082062883	0.06948814456521835	0.04702117513498904	-0.09643696106568733	
0.022234507325943655	-0.3556348159437803	0.03446362551143024	0.043078360368125956	0.01880543541968341	
0.014451319734996467	-0.00822339117216355	-0.10746212949515668	-0.06254042845773099	-0.19985780649911217	
-0.003762237866095518	-0.010563666060622992	-0.029619399443862153	-0.048922291129561334	0.12007624152845514	
-0.053344878702159655	-0.11049144114580446	0.12673827051179368	-0.06552328175618972	0.20093493174743424	
-0.06685269880050526	-0.06033800697580249	-0.023008752901812642	-0.07370714684671621	0.02050339605761791	
0.03579363867451942	0.12989553024330622	-0.11766895212783622	-0.04929500669406639	-0.13290948587084117	
0.1499447666405514	-0.1075516859761105	0.09666914090508584	-0.010472929576501406	0.08394534420138272	
0.07239502165443921	0.05538578735334522	0.20947267055101304	0.03856176963802916	0.034326506170790826	
0.15115787467745503	-0.005678349757824454	-0.002077835694682578	0.020999984096760477	-0.10203650517197436	
-0.0744434201377311	-0.004536405549143019	-0.3019991021750092	0.031592342915170143	-0.04882735423233858	
-0.03770804753446271	0.01766856600447978	0.06210594847962377	0.040561172938807837	0.04866234438143426	
-0.04049120234178824	0.28088281341911236	0.010644159421956036	-0.009259111642363734	-0.1582055796354722	
-0.01805095648492458	0.002197592793145812	-0.008465044274799787	0.017504457095657695	-0.08553546174179165	
-0.05317259913429845	0.09789026384851898	-0.07199630326065828	0.017594260880131773	-0.16329590484438336	
-0.12409758073069219	-0.06995129770124972	-0.07882193703540719	-0.01210036251958448	0.07032716696355945	
-0.05224236718949516	-0.19786645420143498	0.15516186707315277	-0.08634175778558369	0.4130028399694131	
0.031361141443392096	-0.26867358831522814	0.1345113393544039	0.10719150758007437	0.1913791268681967	
-0.08356145883299075	0.22952394114283028	-0.24685432545539673	-0.031572984716688644	-0.07966423249789902	
0.008924672492653711	0.07092057093392394	-0.15411494825677055	0.0490601867743209	-0.28357814723893593	
0.09981830299345042	0.1097802950337607	0.00756638159265061	0.07098651759490544	0.049287204699177085	
0.08511771780590101	0.13711460280402027	-0.24886852785115557	0.07486614520514474	-0.16602863700768342	
0.06054939889622369	-0.05764527785933022	0.08730540315354945	0.06239802521538597	0.06409576271789097	
0.06339517765247188	-0.006828594805506357	-0.017547616280989376	-0.011292361801118875	-0.15290390626229164	
-0.08592442035130969	-0.1119742623577652	0.13078195330621567	-0.052392563285479095	-0.2125229770302659	
-0.12117232496493746	0.0691717705177926	-0.020698087731706935	-0.015828344729888297	-0.11027140747238266	
-0.02768712852152348	-0.11496784250692932	0.14324504035364996	-0.005577781651796187	0.10193909968040404	
0.039721629060473274	0.02452272295244005	0.019384688113677426	-0.011929633807655082	-0.12761422067127148	
-0.02308373892615371	0.11434885059406585	-0.11010845167613983	0.024224703547710398	-0.14864805386992727	
0.079921908177539	-0.19405008055415052	0.15516559177747408	0.07237359199846338	0.11638521673750242	
0.012747764055344068	0.08123104311365256	0.04748888101854078	0.06138695374965901	0.020620686415313807	
0.037809966284636995	0.0014358151072240044	-0.058009270423959175	0.029750316009299383	-0.01137675212882122	
0.014874079703642963	0.021728026659245326	-0.050697834026362305	-0.05064246787751617	-0.2692085841420852	
0.038034623077464615	0.13992804680762966	-0.018499594603638068	0.09536657089373106	-0.19180814206774632	
0.1603712308840658	-0.3396929754652329	0.008073862469547811	0.11562350603761876	-0.1536285508510453	
0.042191014767078434	0.04521963063607747	0.0782770248666691	-0.04483282808928216	0.2976003459948602	
-0.1114029488240734	0.01988426507051289	-0.1280980478089446	0.03686553588534756	-0.25552047431875324	
0.13801172644539378	-0.019818146554808024	0.10714675810515376	0.005798743199071639	-0.019501014145952004	
-0.10783251294629884	-0.01971101637028043	-0.0917355003520254	-0.09050382598477583	-0.09121115229174141	
-0.16888303797482612	0.06079259466479697	-0.1554913566312544	0.02727218191990607	-0.3823012723860816	
0.11274724859969439	0.14593688673253413	0.0034367570474033893	0.016095866819686045	0.16593586006118624	
-0.00223373994465642	-0.07062751481027096	0.022565637029205644	0.001926826325554339	-0.005028889609609645	
-0.005326199948059766	0.145587732067447	-0.009030824323332251	0.09651700212047035	-0.019742868028158788	
-0.016580853532904918	-0.005817152011168549	0.009794365122744186	-0.03619728995250717	-0.1638067149497659	
-0.0029267870019286132	-0.29368529660160014	-0.0016225679542060658	0.04538683836666122	-0.2244058379765303	
0.04637446675025322	-0.01887791752487053	0.09244278309668116	0.00043718629950279886	0.24652722039631586	
0.1281432142491206	-0.21110220431886115	0.10166751234673088	0.10847494657287819	0.07482423238632645	
-0.1657002634480678	0.631260497574298	-0.4770047174558059	-0.1325009846616993	-0.9694398516731942	
-0.11378498307960212	-0.13963132988385535	0.12441161303860153	-0.035668070304793936	0.11053613542941974	
-0.0759047114651408	-0.10789503627541777	-0.07627741426248119	0.041762575635277535	0.012069443835662537	
0.13916741659208995	-0.30213852997520996	0.1921586089745703	0.009981667582335055	0.19513554736926647	
-0.11426767600727307	0.057385420210161166	-0.21420465809473094	-0.028775105641023077	-0.146068351093027	
-0.042370106172205727	0.07607102220158879	-0.1639972324196439	-0.11027152917124894	-0.16902009915479219	
0.09212991727815172	-0.14139663135285904	0.0032986301059291867	0.002095640272585876	0.0002536792171060053	
-0.07755552219969618	-0.3716670608965598	0.20001385662817386	0.09365282057341938	0.5739815614735871	
0.12972303045608793	-0.17653910626696045	0.08579645102473994	0.08912003279683807	0.18889025045361585	
0.19606194799046778	-0.15655533401740113	0.19007365567718365	0.0005878599009792225	0.22429815693872673	
-0.1039490049042532	0.37680839792154436	-0.33107815000521446	-0.20803485687274423	-0.551654148252359	
0.09629746170261949	-0.13885389765027367	0.10659504293028363	0.0740139133490972	0.2719735216888886	
0.08416373355411425	0.26075990397325116	-0.0021995087194291787	-0.04318076898332782	0.13688184864831696	
-0.07759012218375798	-0.163854837228834	-0.009396860959583454	-0.06732385225870628	0.029674720298174494	
-0.09643272714653756	-0.12110951734528015	-0.07307185400712429	0.03746260788385617	0.03429509389040392	
0.028710610669285427	-0.23084248347797356	0.17106891908411678	-0.002295286083519102	0.18928117163972896	
-0.010297173392488484	0.3283449356320557	-0.2809959891469385	0.038815899169998155	-0.1694393047185432	
-0.12767957821456538	0.5056270024112488	-0.29907325876581015	-0.01735685699858563	-0.015997072285626145	
0.10402689672417624	-0.09174634497360211	0.14854378372711208	0.15465531352673093	0.13685762395697784	
-0.09629296744741023	0.08801951973523463	-0.05558133237171139	0.05469494916141116	0.12608545114754607	
-0.5221975010074665	2.170347747299521	-1.614487028210045	-0.3127853091865434	-2.406893350746386	
0.565993863103132	
