            A        R        N        D        C        Q        E        G        H        I        L        K        M        F        P        S        T        W        Y        V
 1 A  -0.0174   0.0152   0.0025   0.0046    0.001   0.0113   0.0118  -0.0093   0.0233   0.0715   0.0225    0.019   0.0491   0.0558  -0.0036  -0.0036   0.0026   0.0157   0.0286    0.011
 2 A   0.0361  -0.0131   0.0017   -0.002      0.0   0.0193   0.0058   0.0119  -0.0005   0.0122  -0.0003  -0.0035   0.0154   -0.006   0.1342    0.086  -0.0098  -0.0001   0.0001   0.0243
 3 A   0.0202  -0.0168   0.0019   0.0283   0.0017   0.0231   0.0668  -0.0051    0.021     0.02   0.0107   0.0048    0.039   0.0298  -0.0174   0.0329   0.0179   0.0039   0.0202   0.0088
 4 A   0.0252   0.0188    0.028  -0.0087   0.0166   0.0085   0.0045  -0.0092  -0.0034   0.0455  -0.0052   0.0129   0.0059   0.0153   0.0624   0.0434   0.0168    0.001  -0.0068   0.0401
 5 A   0.0439   0.0325   0.0027   0.0514  -0.0044   0.0116   0.0023   0.0374   0.0011   0.0122   0.0077  -0.0048   0.0176   0.0131  -0.0062   0.0802   0.0024   0.0076    0.015  -0.0119
 6 A   0.0083   0.0011    0.008   0.0488  -0.0031   0.0435   0.0095   0.0249  -0.0011   0.0435  -0.0085  -0.0088  -0.0115   0.0297   0.0269   0.0372  -0.0032   0.0074   0.0084   0.0504
 7 A   0.0219   0.0141   0.0359    0.004   0.0041   0.0166    0.021   0.0254   0.0022   0.0216    0.063   0.0023   0.0174   0.0184   0.0018   0.0009  -0.0034   0.0347  -0.0011   0.0107
 8 A   0.0884  -0.0113  -0.0055   0.0078   0.0025  -0.0047   0.0071   0.0005   0.0015   0.0304   0.0095  -0.0006   0.0469    0.001   0.0642    0.009   0.0376   0.0035   0.0044   0.0192
 9 A   0.0161  -0.0038  -0.0018   0.0005  -0.0001  -0.0001   -0.003  -0.0018   0.0427   0.0075   0.0662  -0.0124   0.0459     0.07  -0.0076  -0.0009  -0.0003   0.0161   0.0806  -0.0021
