TESTRUNID EPOCH: 49 L_PCC: 0.9396059944359524 L_ERR: 0.001641517100344654 T_PCC: 0.8403435303389174 T_ERR: 0.004403215840609625
180 LAYER: 1
5 LAYER: 2
1 LAYER: 3
49 :ILEARN
-0.03283163554446601	0.026589183182607275	-0.0226978927875543	0.045244618626970275	0.09203708727604992	
0.02983272562636191	0.03293825001896792	0.22794948646085358	0.23144458305917784	0.48327531739423035	
0.16719498659984697	0.21289534637366322	0.1736647499773518	0.3102659709088017	0.22048683328697716	
0.1924479983523831	0.13172204259118941	0.15454578675084352	0.09571141936573246	0.030253434053107417	
-0.028237074752770135	0.007431230852408654	-0.08947063569358453	0.0003767937693947682	0.030526483449646133	
0.16282272601629244	0.026026284606331034	0.046847741235504996	0.09627455049135822	0.3040111807769407	
-0.09748653790292396	0.009943112497100656	0.1339431982469218	0.07726937439564362	0.22283039692437834	
0.046085897122555064	0.12114366800985324	0.19117742411614186	0.04578980665193591	0.17955700105165254	
0.04606734585798012	-0.013017737152997722	-0.13478031929750214	-0.06429805456569745	-0.2714130386498992	
0.111070162465156	0.2042734648606018	0.14815923815634477	0.18895071318325074	0.2540023388072682	
-0.05292185367829327	0.038426474468881325	-0.018687777821500478	-0.007881153732410422	0.03558027725500571	
0.1376718390952994	0.2575945299065027	0.24879880863372397	0.35439691361070597	0.5680285954259898	
-0.09541902285020103	-0.023461979881252492	0.040280922087976574	-0.003399764895367836	-0.0013434737526953047	
-0.01865818201472166	0.010567772534664763	-0.012042284073932404	0.06410107909647357	-0.02614003636852311	
0.243314612741607	0.07040414253250321	0.15040958288504838	0.23363874457431635	0.2085267694913857	
-0.13040551803600478	0.012259188091620375	-0.03166489320020254	0.03878280699808564	0.07992576745103608	
0.08027856299516058	0.04571568829734768	0.06583389953432374	0.0012262040585405243	0.00923037112094614	
-0.03736954362485082	-0.1168318667910914	-0.03481409297329743	-0.10659505662310365	-0.14973087742078492	
-0.3166482550766362	-0.1399571245499891	-0.29188135289118783	-0.25344419101948396	-0.342398814797809	
-0.004954460457932739	0.15751571501546127	0.17414651745505666	0.04628290478996847	0.34283242932104824	
-0.31285032988224704	-0.2863937148521927	-0.30563524616751414	-0.4403250475036267	-0.47751024595592484	
-0.016878405078798987	-0.14011551438207212	0.13817749253506173	0.0725114945062448	0.2826189595404478	
0.3099790014730173	0.2953379687519552	0.5615197023943372	0.5767676087469235	0.6264412604699168	
0.37788489995050034	0.37229900336468563	0.5028840008149322	0.5013092228242907	0.568493505775892	
-0.034623397121778324	0.0005847237324927093	0.01056194512137993	0.06098577468552806	0.22210012102626536	
0.01637031079895398	0.014111962883581998	0.06001653582264997	-0.10247159365097125	-0.1028929094436047	
0.29451073027549474	0.3860335973006509	0.4350181603454432	0.3764950538301847	0.8451567086376093	
0.2593562287164692	0.3775939735825714	0.40786665327088223	0.5504364532351639	0.7220865098075107	
0.38210185907921285	0.28586799136962515	0.4502347681539936	0.5284849915879226	0.8442539409231057	
-0.41057633318427683	-0.37790348619733793	-0.36016440764100494	-0.44152466932672324	-0.6969913160959698	
-0.3756262224910149	-0.19014214223092976	-0.27211276090061043	-0.39040777907314866	-0.3250693728384881	
0.39999745565675776	0.28617852317997056	0.4768380048462365	0.6073209077426445	0.7975203230663691	
-0.2817264709871921	-0.23227626635136303	-0.300902188573992	-0.27915840856586477	-0.6241199439180634	
0.22126934298671425	0.23860232347356033	0.46760903312709945	0.5409152690196534	0.7983842969022905	
0.07561652440738462	0.2951152838300534	0.4235829937269834	0.3846378176156628	0.8667717285044028	
-0.269842761171175	-0.3109614722614316	-0.5354201677925942	-0.6334026159707765	-1.1484994061215001	
-0.3728115136974789	-0.4948486525987401	-0.557040071385534	-0.7197791374869382	-1.2661358375321718	
0.05004230596881417	-0.07404644851029697	0.02121043276683093	-0.011047898707925014	0.08816090479655253	
0.16004660987952188	0.11953659606983286	0.38999544098625444	0.41392103725334617	0.6942096242543511	
-0.14438968625137885	-0.3139061260735392	-0.27386782029939605	-0.23118796805240632	-0.1611611227003304	
-0.09777425896332749	-0.2142519544365731	-0.18277386945603433	-0.2429448147396237	-0.5181365964671861	
0.10891020406957418	0.16535119346961275	0.275068726318597	0.36545629108199945	0.6896885839501921	
-0.03565379640292687	0.07553133522081407	-0.06039173203128138	-0.05962900112988554	-0.036794399958115946	
-0.30458993743762525	-0.42822641147635543	-0.4933099933669347	-0.6385276911703242	-1.084662005770091	
-0.0910079685109935	-0.06557092770340901	-0.13405685384847382	0.019281077971901643	-0.15451755573569886	
0.1230587527091097	0.06584653533543212	0.15530805003559406	0.14578661330316575	0.2300787428796962	
-0.07919488080885516	-0.09316203554415746	-0.11554402249719724	-0.21613010028285018	-0.4352362462111444	
0.15052221238461558	0.024007334195061247	0.2503277225980038	0.22864299340449484	0.5016954149574432	
-0.02014042155601041	0.09248988404187575	0.03849747982792779	-0.05841985025446433	0.031121886311022872	
0.09465769233753435	-0.015648363547329614	0.19028681659754312	0.2753006512286219	0.5440976407863478	
-0.024595182921265238	0.255581981520084	0.22412043199629533	0.41641084469108314	0.5865766402169462	
0.41858529061754884	0.38052578254329056	0.5537409098357265	0.5386730013719195	0.9106467610334553	
-0.16255422610294779	-0.15940869778001537	-0.23841955562128947	-0.2850125296278305	-0.4374964161547699	
0.04935947634037444	0.13513148452187057	0.18824310394686514	0.18756461220688844	0.3536701998609563	
0.08792575409435996	0.08281755224127496	0.2446233999527114	0.22328363018732703	0.43404116442178214	
-0.22614933174347726	-0.29808628386372926	-0.28372283655120045	-0.3659278192379649	-0.5607044008832158	
0.2996451712366296	0.29654495447997015	0.32999311725723784	0.28069877378955027	0.420655340903529	
0.2742744236985351	0.21633309374907345	0.377605751713576	0.36908923118085996	0.6959660478038493	
0.06239792546328858	0.1108501197387071	0.15512958490800893	0.1437253840953359	0.2502615439492339	
0.11156797103469596	0.16915978907450419	0.19253409520236112	0.3845237694900306	0.2995088707958697	
0.10142342125334604	0.09072871107118011	0.09412502512684741	0.05830720157399563	0.012645509422889176	
-0.07005514705766074	-0.10042163325544605	-0.13831234762827077	-0.08713619370792763	-0.18163582862802008	
0.15806329024036775	0.1493593513124413	0.08117854945617449	0.060938457920995476	0.20875868194268585	
0.12162447254774598	0.11992427231882774	0.06031798209103602	0.08088862143906612	0.15304172136634103	
0.003226465396803273	0.03918003947433425	-0.032608886957962505	-0.05089459385743977	-0.0037452280638659657	
0.016905548877040304	-0.0316255717039044	0.06774289226079165	0.040466478368442464	0.10636030689918442	
-0.034271549784635556	0.11772161105742776	0.07636895028562166	0.13646182779765634	0.31181155374635744	
-0.12619188666572212	-0.04623971223308911	0.1740455259047536	0.20954942025475168	0.377611025092583	
0.07769502188734025	0.11204481618806382	0.1244985576081183	0.1464857353946819	0.08814247999994203	
0.17789288095975386	0.20572305475980804	0.24292379346486923	0.2909746991111876	0.29636065811759355	
0.097792698081565	0.09926570352724225	0.017602712595990947	0.009505306573728773	0.05489923229428621	
0.004106053294539816	0.09368123387240156	0.08609699086384315	0.09078119070096062	0.1287541629829997	
0.0020380049624654124	-0.05414060883813763	0.10922883759205744	0.04709088844572373	0.2001572758328427	
0.0453105184796155	0.10850280057405402	0.02475786262485767	0.05858878785839327	-0.08767194329584341	
0.06097433777706851	-0.007985741702059443	0.062947915668363	0.1997628943959628	0.14003181044012775	
-0.0016220060813489324	0.0916598560777331	0.12220118452989874	0.14145154318063385	0.11683773615822556	
-0.1704847721730989	-0.08981866868015809	-0.010449341644089236	-0.1673361108496607	-0.13923843330580726	
0.0678352017175752	0.17243467362466325	0.1793365520290763	0.11944464632080704	0.32091855786800155	
-0.1126948698550733	0.008166127741241792	-0.05808875784801259	-0.12258895047829957	0.0003480901366342818	
0.13253693661420873	0.052995522442884524	0.16463198419109956	0.12239083033872677	0.12133971523350377	
-0.029641672753815667	-0.056410950021906686	-0.1659381149074948	-0.028417596683007133	-0.05106434055400357	
0.2570177682306113	0.10025447758226501	0.1953881619683097	0.20022040698394905	0.3209000348636087	
0.022194596750566432	0.13268869161626295	0.23638664246037575	0.19318742361304794	0.27535486788856445	
0.18864903270848338	0.3128614892634047	0.3219993942198633	0.43208571392144124	0.5673791094345276	
0.03438657066407631	0.04996190395679068	0.052357925159971154	0.08414771680479442	0.21352403678578893	
-0.1025157332088319	-0.11380422994861691	0.08717050725967106	0.0004453233256830986	0.05088573464619925	
0.012721589302130383	0.017516013787517118	0.027293916041541754	0.03811251188956376	0.05830480555766606	
0.03445597692764146	0.10992274984641744	-0.014039130711941301	0.11487567395318808	0.1303567023965464	
-0.02225001397142065	-0.13611020196992604	-0.006608364914199459	-0.13307511107502257	0.13547499655071463	
0.048598664800038105	0.035875795593408276	0.05167323576890293	-0.08378643372946093	-0.04487011789968138	
-0.07044329901880586	-0.002167842376749411	0.06843652462183655	0.07324649779290837	-0.04842307736774754	
0.12249513303513426	0.15073925624860904	0.11956361190728296	0.10624430841809256	0.13596473775146534	
0.05720516226683343	0.18876172560816493	0.10189017065609976	0.148553434163597	0.3247743504323052	
-0.1834340480767795	-0.05621219717980384	-0.17596595481704352	-0.13013945168216698	-0.08018558160113833	
0.16394802155846663	0.0653811676700112	0.1302742273573134	0.15717037500539194	0.2613854530661494	
-0.07287820750022275	0.06902132422769285	0.14617900790908367	0.012908421421111788	0.22184079463540177	
0.15087368386957334	0.2404301811849759	0.2470407444392029	0.28876007986253316	0.25074328744999047	
-0.004865833439799604	-0.07311470555179227	-0.15700301160084304	-0.059124278119136106	-0.17895918204127026	
-0.03581789020092169	0.05306824281753896	-0.04027616433821067	-0.09863475593424713	-0.104662391111824	
-0.0422672885820643	-0.004842436827112978	0.0008587940587407106	-0.0010561186586689648	0.06391932267334448	
-0.03205841459213899	0.0013129825258881907	0.09435621098112285	0.05643312123083402	0.228644705687975	
0.119041628845778	0.18473647298424858	0.16510017101608598	0.28300281008498585	0.34187616670261706	
-0.05899928109479388	-0.16502354588259566	-0.2103187504867249	-0.18296310473483202	-0.2784058162097504	
0.05465353809074849	0.0596200109570596	0.023075918642377104	0.09825720149410659	0.1131005428388513	
0.15857144465099307	0.12331317014523512	0.266548680752346	0.2537169248278941	0.2501662900105953	
-0.03750133312189188	-0.015752195530363854	-0.0051106399295725805	0.07267573364997916	0.09820088497663945	
0.2494793038591771	0.07254200472864866	0.31090532984794916	0.277509510372378	0.343762455207257	
-0.05802489635067312	-0.025907322056975962	-0.04469424920198696	-0.14092863382528292	0.13880373026212808	
-0.035636665548746484	-0.006690320251973688	-0.05471386464188073	-0.06453604718895185	-0.17615716593302608	
-0.14126554873162864	0.05010323798784363	0.025747258975962833	0.14339713981023708	0.14209728039367694	
0.18171617410701088	0.21512774179774255	0.3425305887310528	0.3055265088164154	0.35512131608038594	
0.22970388445574383	0.26113175106018355	0.42445681705127725	0.4582256363565428	0.5083174834314119	
-0.161224976457172	-0.05709880691761319	-0.01950381600593036	-0.15642270063382516	-0.10536348749976487	
-0.05286472644000482	-0.06248115511874331	0.007424766775761644	-0.0368206636607374	-0.15556539732082822	
0.06678431443631389	0.14812264443160394	0.1606483769772167	0.1469810487350611	0.14456031040069453	
-0.06325140755226155	-0.11769787652004778	0.029657753892904606	0.030262610176466843	0.15586101920504636	
-0.0595527873533806	-0.17617666576190252	-0.11175948577492353	-0.2141273580999902	-0.17912565365574717	
0.0017752744357067086	0.09248551029173047	-0.01841582068211255	-0.03272319143354824	0.17334195356288426	
0.02181529140998916	0.07988443472284151	0.07253164476824449	-0.01003476955245066	-0.07526761315437716	
-0.04289217747009361	-0.028139166122545575	0.09239732491893182	0.03497634953969471	0.1721714868236218	
0.016878788862100765	0.03057546546600673	-0.05285378019665502	-0.03546394664565029	0.11336437422418995	
0.23326817164171318	0.18340469062123282	0.26529710424789743	0.23994491739333387	0.4860851619534779	
0.08085184680302045	0.1330383512038125	0.10800782247441815	0.07625931187337702	0.02898569559116437	
0.13087564080941952	0.00673775566106688	0.051525744117876984	0.07532337023895364	0.14480974779492797	
0.15011722670968436	0.2640811583932708	0.21420682510391706	0.3463772784001409	0.4760993483588802	
-0.1126088320812867	-0.08680876428095781	-0.04464610726012966	-0.121720360671013	-0.20877227820155791	
-0.11003209988379811	-0.012368060410583734	0.003342719019497349	-0.10036942232500523	-0.09374986303370046	
-0.10810130017979724	0.07524642466368217	-0.003144399931229836	0.053337646520751555	0.14269839873728207	
-0.05762004479952535	0.09015589945797378	-0.015197576462871397	0.029000331450968732	0.04607779439571972	
0.041110953417120205	0.04195359343797267	0.0637194583608077	0.1429116774231192	0.07100676416720356	
-0.1601621734062761	-0.1426815836404962	-0.07673234613874669	-0.14408843574979713	-0.2044128178216055	
0.20878168767862165	0.31536753894408254	0.2979145355394772	0.4908910188275836	0.5494829516903489	
-0.03328662239880617	0.0018581977272665838	-0.104670199882203	-0.0207638516379674	-0.03666788025052886	
-0.02420838952164625	-0.024665995806815215	-0.12182968845535334	0.021978766286667617	0.01549008112824411	
0.2058685489774423	0.13441805981065327	0.2228851519421035	0.30606796814930287	0.46645956596153637	
0.1274539460539628	0.0009027703140113984	-0.022097167627362142	0.14250666901797826	0.11633923643806077	
-0.022265372267711615	-0.0866463143253698	-0.05408806067009849	-0.047735784192202646	-0.22825238379517646	
-0.07609893750546014	-0.063983867379446	-0.08574320093496436	-0.18717427676953816	-0.19660165018247888	
-0.02568531287757919	0.1321372720085281	0.2253280342024727	0.09117993625019706	0.14530402170468873	
-0.011202422754414491	0.03948919444106988	0.27013636057238083	0.2311576666834897	0.4401637923215501	
-0.06224237223825767	-0.005302233875510204	0.18258766316936864	0.10583750519280749	0.2942270269975213	
0.059782061936854175	0.12668352332958233	0.09757914138541006	0.07875348628060476	0.17497330304264044	
0.08684267360070143	0.11987441324287638	0.13506611727793966	0.16197780869406628	0.1776810179465717	
0.18819321477894924	0.25059813281734294	0.19420106697793948	0.2578103265036725	0.1288082387218821	
-0.025694912766047087	0.05164601199661044	0.016598465675943114	0.06133498867432318	0.014474045670959234	
0.19490731787753754	0.2728164069030348	0.19454992282192168	0.29632145046046904	0.48315811520268837	
-0.025860219524569045	-0.09056218417324793	0.06056223270700202	-0.07010290035945448	0.10883567379841164	
0.14708025922414059	0.245851227414089	0.23440423850085357	0.28838491013260725	0.27900014270721707	
0.025264246235386263	-0.14359442202011058	-0.12069218910036127	0.014505678955687865	-0.18309317779713016	
-0.1578525814873509	-0.13229578550359183	-0.26245876322377404	-0.3228533439503923	-0.2805627592565099	
-0.22203756757500173	-0.35165981940340935	-0.20134585567500735	-0.20773827706228942	-0.2880792193383388	
0.12751816411142763	0.0346182334063953	0.08626205496497943	0.05332384981953864	0.043418451776238515	
-0.08056803676030175	0.12673301847736013	0.028544070446712116	0.00718744715562473	0.08121529332448563	
-0.059588422268567504	0.05753663216998972	0.10722475204214542	0.1463203382920794	0.021085287405789657	
0.13981114076817044	0.12740463318746612	0.19834139522375746	0.1342432178838551	0.24695595354713618	
0.038742207818725755	0.0470227053113723	0.0801330659275188	0.1309144445091452	0.09421728406960359	
-0.07318019919180037	0.07382307742495106	-0.0011209277203699831	0.11128739781358374	0.20333738223413386	
0.09886107112780128	0.1964064291729066	0.2027036538364122	0.14387427628898147	0.3306819573924917	
0.005187914657848072	0.01560157093729918	0.04826117642260602	0.12403044923331603	0.19235700693890284	
0.10273916378633972	0.011808155403251594	0.10478214928613429	0.16626955949507227	0.3455939431192029	
0.09619471456461608	-0.03765030483101387	0.0896935919680041	0.1694102395096831	0.1571643076506918	
0.2861253447594431	0.15688391894189022	0.3161025462481635	0.3666996097970259	0.40422940646161865	
-0.09724649748845665	-0.016655207525860777	0.0876963783713468	-0.03139437803391869	0.055948859096520004	
-0.07199206213112008	-0.036828929437852445	-0.07218874168836538	0.046750092240443665	0.057499775045293154	
0.09814489553318868	0.016540773330265882	0.12951333285963473	0.04524178402255093	0.11755587086306062	
0.2518884710928358	0.2395785581615623	0.25559591256995295	0.3934343967016695	0.49890421253892636	
0.4669141880967161	0.4631970307967849	0.49476134114935555	0.5655079063370093	0.8593836304860242	
0.2352712312079504	0.09421331678209567	0.20101190940853741	0.21794690808481906	0.34158276583806674	
-0.09303348449527478	-0.0473321066607173	-0.07333004085032757	0.03911160678931531	0.024304881986249666	
0.12861013075291441	0.16569100178147914	0.15106347595113365	0.27176203778243974	0.41780097786750536	
-0.19402367132266476	-0.16888389661340478	0.0054612903729980514	-0.13233070291494997	0.2769243479129378	
0.05747660692472803	0.06728104057321538	0.12118953679327424	0.027075670398469105	0.3373781347317758	
-0.056358504829921253	-0.06945416898778796	-0.08216535675298293	-0.051687915469016577	0.016144086113746105	
-0.13085673756994093	-0.14909959875086212	-0.0016172054855776205	-0.18745718982035264	0.09855293662448138	
0.028512157621196917	0.052848727642574506	0.1508076407465625	0.1121920733160288	0.31713740923223666	
-0.07403972105394097	-0.012097752686834934	-0.045566133828065625	0.07969065202386877	0.08331431748805082	
0.1018527480158576	0.05892963276008318	0.22755376993862575	0.1585191891865379	0.31801571248260097	
0.05739407000332679	0.09361950253739178	0.09321724536681615	0.22416205870979336	0.3629559777359658	
-0.3196747063186809	-0.39123574637426894	-0.7550952823804155	-0.8814848546021742	-1.8217931463241404	
-0.2083773347321313	-0.09547336313279563	-0.11972917434761482	-0.04835658251561903	-0.07125718362657835	
0.5398239791935874	0.7289404859873211	1.3040386089665108	1.5695499320982902	2.4395015172578405	
-0.7737865555989492	-0.7337726687782007	-1.251319335878366	-1.63671100128884	-3.215559904381245	
3.9806057749318953	
