TESTRUNID EPOCH: 59 L_PCC: 0.8996910260490548 L_ERR: 0.008961117220557573 T_PCC: 0.8628591801001679 T_ERR: 0.012081033754395502
180 LAYER: 1
3 LAYER: 2
1 LAYER: 3
59 :ILEARN
-0.04990873552110472	-0.09136033862869472	-0.18541665222272455	-0.06451844068397584	-0.03190226352777331	
-0.09432141287579536	0.06755190324931251	0.2197698077949244	0.06337760263149123	0.5012647778249721	
0.6852852314350946	1.378440837609428	0.1637593696968054	0.35798387565151796	0.3776104267754078	
0.1178914262849515	-0.024094452483039958	0.002922924620592764	0.49329330045581943	0.6141671664461393	
0.9150149116942049	-0.07350216002630779	-0.16713232949790893	0.11183102497200151	0.12539838318261728	
0.05822737050701852	0.013196621423018867	-0.5614868261705207	-0.28772876235259026	0.2516841841245442	
-0.1333960964686843	-0.13262215339257324	-0.11046793251175029	-0.01142303526967273	-0.32522716094780535	
-0.28867297342534703	-0.19656640769288736	-0.37437686898481476	-0.5768788008393497	-0.32387625554754945	
-0.40678242985218904	-0.9031650242956811	0.591207192744624	0.8320523896522067	1.1326798798867528	
-0.23898047644291398	-0.15412018760986512	0.15140352203565477	-0.05831308091470049	0.04000271107666332	
0.11118474580112257	0.1305467085232235	0.07209552415742825	0.1695234834014856	-0.3510162037168056	
-0.2727664914481787	-0.792706094163843	-0.07799457012480662	-0.08101560477748464	0.028487264416081487	
-0.12556641067081198	-0.11598887712048167	-0.0003329880530284401	0.3330827779088211	0.35471296105179106	
0.8033455995580556	0.4141728857359162	0.4245666354368938	0.8812809498184648	0.07346790998202699	
0.14813107466733358	0.024298523648710303	0.3049755184187767	0.6618818051523139	0.9669070154004884	
-0.3483707505999651	-0.3288681693387877	-0.7500100880334486	0.37475001455636575	0.4435482733370106	
0.6518133034251713	0.2986648430027785	0.4084098189268919	0.5713250581757202	0.43218923942156945	
0.6814679628231783	0.9163191101231951	-0.37422991244940845	-0.4734483792949041	-0.7417632595129244	
-0.8448952060120568	-0.85330727224576	-1.1646179587003764	-0.04368242580319018	-0.08462591886981165	
-0.17532690570931667	-0.7628362736093856	-0.9004093941528989	-1.1682270098092047	0.1469109306212434	
0.14894004159407656	0.2778978180435344	0.5973759586453459	0.6004362113807917	0.9623851261712636	
0.010712414838680562	-0.0686607322030795	0.046680665824964454	-0.04920425225689922	-0.08571826343997002	
-0.4671079784583368	-0.07337956212855071	0.08763605906655396	0.04477727711012698	0.2276750456904893	
0.4726536669966744	0.6831043301446058	-0.24669905756223134	-0.47899760257530116	-0.2210829068842124	
-0.1603905744001398	0.004449486239551265	-0.14333552904270055	0.16855413097597902	0.3400004402210503	
0.6618020596291629	0.2057830015654631	0.1681825956716891	-0.07088842892286068	-0.03369643086984039	
0.058195748737655505	-0.1271395044299966	0.15850720841728377	0.10612146795723339	0.5702946492938976	
0.06868177713937312	0.19290216127223947	0.0429414016527809	0.37813713769202095	0.3446781114463757	
0.5228098313761266	0.03137509925785962	0.09209779679394578	0.3820107447754251	0.165191371351194	
0.2405944544707347	0.321867547183922	-0.14203130956875254	-0.2113069334847456	-0.1380198332010494	
-0.4313435760086967	-0.021648188939230126	-0.18647248014637163	0.40388451183282914	0.4943589592238635	
0.6992390244087406	-0.38684498746464835	-0.4227151898392948	-0.6503728866790555	-0.15026557636047844	
-0.4626691166562486	-0.21670095578013104	0.1818764573066671	0.1482631895335966	0.26431244302424445	
-0.07611583061450512	0.018494077369328166	0.009597092438228264	0.1724910427795934	0.07338791219280262	
0.1704929108905861	-0.19176303466495281	-0.2924176980108551	-0.2767758940820582	-0.4009784191848421	
-0.3551548226995199	-0.15683236011839086	-0.056789389022030214	-0.10691581078428908	0.2186311155276958	
-0.032034539550084756	0.013065694867266222	0.030367316655393245	0.1605644704211409	0.3165092158415341	
0.4412875916182586	0.015290082007400629	0.14731761361758133	0.08882698782025021	0.11858989505240766	
-0.11535628716754256	-0.48487615012711166	-0.0071328685282688814	-0.02556855234135926	-0.08397765935814105	
0.22336528574004258	-0.011159193413870633	0.13262966195768364	-0.3464404656654179	-0.40382220788713963	
0.010749076789155083	-0.13142665310580406	0.2005726899529173	0.06791465083059367	0.19978429122551794	
0.21411475656385487	0.07782610567219092	-0.20127038444866754	-0.09554643342830933	0.5477458511799186	
-0.058787733385628274	0.06664341408861757	0.5483667619858206	0.08400811190842984	0.04353196209449147	
0.15985651764472503	-0.1463264653122322	0.08440449574265547	0.31209618109346715	0.13620828270221233	
0.2417489171181353	0.14436181127129744	-0.07135228241549617	0.059504809243927315	0.1588157392651024	
0.20481629594604003	-0.09878404022811882	-0.13853864690467524	0.10072868113808332	0.14264954964731305	
-0.05906490364554108	-0.0621625485295741	-0.057897209376709016	-0.16328301037577683	0.11290161931523734	
0.1027057640927647	-0.07478013495684614	-0.05872436620710108	0.03883507464356854	0.6041455994515161	
-0.07324135255280315	0.14943574649154123	0.15587514418270956	0.07690699402145697	0.21535396673018672	
0.2842130411884305	0.16206576611315196	0.2773641685240832	0.19319442468467338	0.16075854525260858	
-0.004179580316173549	0.07416923395805539	-0.11423421444506544	-0.026897844612910112	-0.12206957720272296	
0.12974997893290638	0.11478083701149548	0.514312203359159	0.13763546461973325	0.16684182352826243	
0.037226266154977615	0.1557897450923809	0.06995296176389404	0.22836967643454376	0.1956146284078952	
0.0021731641201559737	0.044030270618543296	-0.13274743942817388	-0.07261710705850691	-0.07640741076138483	
0.10938937740100577	-0.18980598885516514	0.22569040050541817	0.15742286361359556	0.34094988038063817	
0.17839057200484137	0.05535707024769707	0.02578743424802737	0.13207342335402464	-0.250442856105985	
0.031710267255591014	-0.219936670475015	0.3830080859059054	0.3088730866416068	0.3931412091672511	
0.01132300815268797	0.03522136936363563	0.11401266781128028	-0.03904274252268057	-0.2725548600831194	
0.6645442328693743	-0.11646046215846005	-0.16392042380924432	-0.3382006768780619	-0.19082551245421653	
-0.17268179778653317	-0.3566310738978341	-0.46753114284460373	-0.04062177824787138	0.33805568431062155	
0.14038686528845837	0.07788188119645922	0.37900244367934877	0.26844991401551543	0.2610670351040841	
0.5477563698564076	-0.0503833712578271	0.1010603730836215	-0.08409626102985322	0.06556474836264348	
0.2003320350386556	0.1858140383766173	0.023028610078954615	-0.030710289683032292	0.035280925234772144	
0.1281111146842504	0.1581794547319049	0.12408078851204084	0.0655411140668662	0.19920225089063484	
0.30198753783549476	0.1443343456425755	-0.004506291205165023	0.4578042150197576	0.17472139899042435	
0.15913646051904556	0.14176611156806743	-0.15749483733991823	-0.2937932608456832	-0.3028971567562003	
-0.5566933943082187	-0.15223559480015986	-0.02752286536885178	0.39197204117926443	0.4216787158918054	
0.3756870321707762	-0.05465707750142877	0.009529669389478666	-0.1104684046773601	-0.18936650307705077	
-0.3274978492994903	-0.09730606177059531	0.0541066070042718	0.11302689532013058	0.10571225989941299	
-0.05709540504634376	0.08836351356982661	0.16107957765115377	0.09302813414044639	0.02776405214492842	
-0.3331811654761726	0.24821379717539366	0.20998973790898845	0.19876513900831055	-0.04622011082586439	
-0.08646272969957984	-0.03118863107075752	-0.30217056211757887	-0.35001974942818914	0.0742947641320763	
-0.23036775788510575	-0.5223191132068206	0.4508843579280632	0.28917304003060906	0.4369010723460845	
0.6335116431519331	0.2663490283423345	0.3581941457214912	0.22416076197753887	0.21808556276329655	
0.2346583268251057	0.13827718559494084	0.08564686313138697	0.2679221567670609	0.12767773733502477	
0.01298671647955954	0.1642353524321072	0.18032930483156198	0.1223780014697572	-0.04526957791174642	
0.0062627617498331786	0.3165589280371092	0.3870455213154144	0.5731355810240629	-0.07531632396201288	
-0.16765668374912057	0.015106967971567953	-0.29220493371877626	-0.33977208205858805	0.19729321413928275	
-0.16018322959028858	0.0648705916781463	-0.15124159277441543	0.34544108631448395	0.5017467207645268	
0.9348597252130126	-0.11007948643166253	-0.03801752763905713	-0.02520278083937389	-0.3135555905512092	
-0.12817224485235287	-0.4734859459076145	-0.11173658451645849	0.03254579826902633	-0.16361429944699077	
0.29340509125600195	0.03704169463007667	0.21587157534461418	0.16837871747584596	-0.0048826236859561565	
-0.07961979568825855	-0.22211328243790818	-0.18684048415166543	-0.5421607778650742	-0.3167170053630072	
-0.22459838471052546	-0.16738763340314267	-0.27977597169611307	-0.01051756511902072	0.055548227233468125	
0.12269247074047962	-0.14945011690845533	0.08477292331917557	-0.03871955369851549	0.11901778473553408	
0.2413182805482372	0.13630785466866055	0.2479440398022932	0.036257932298047385	0.17975106226953336	
0.2743232771471647	0.6221236043175961	0.010590829739079854	0.008399016855248779	-0.028396197275438493	
-0.006489559101000883	0.1865970648252173	0.1457317069220787	0.14788887419422567	-0.1206704020407271	
-0.10083072721062639	-0.16566360356908677	0.07420711012181556	0.06827788339894182	0.30836455754846354	
0.3388194071209144	0.32038314140762236	0.03086260452172238	-0.26117845760643293	0.48214322285036354	
-0.4417411388181004	-0.014701057405549667	0.19026550255831792	0.3032939004700317	0.17003306879791272	
0.16497659870398734	0.10217630323692155	0.11506791475346992	0.03455295889818255	-0.2377971685756303	
-0.2184249804385128	-0.16941985762516332	0.05389512770883326	-0.015074193473041167	-0.3880273104489801	
-0.11841161561876545	0.15446236614200867	-0.09699155112230505	-0.1292419204791699	-0.2742161896991859	
0.27639900543939405	-0.12918285795299064	-0.11094504847466403	-0.09023429007688213	-0.07545157993092301	
-0.2847142041236152	-0.28276408062802866	0.2406053222759443	0.015603426086792518	0.5707096150819945	
-0.48844624968835976	-0.3022809406775023	-0.6277324457929587	0.41432863430548605	0.42649291862485045	
0.8720567226035262	0.0668360537551656	0.03426553490716447	0.18066386572005777	-0.024198483886533024	
0.020351755658898112	0.11382148699637647	0.23015435676307308	0.4983002052291256	0.8851098886262198	
0.12005951566627136	0.13929787374981728	0.16444619563335142	0.13022099329611356	0.005016082549277423	
0.004142805524898759	0.05634357072552579	0.10376280717890696	0.1930516270985405	0.17364210252519863	
0.1584156997967197	0.33831048929835644	-0.4624946118481369	-0.7703021487809288	-0.8156031862316057	
-0.5600662009385738	-0.6298125574112797	-0.82757620001478	0.43237269848139404	0.6802794364021467	
0.9670133092474505	-0.23216459790860455	-0.42179347226962577	-0.3327343314385833	0.244372187418119	
0.35886376744276294	0.6655681620102151	0.11950219585055463	0.11115564114012479	0.07570270408712945	
0.03105060013762943	0.09672608778620123	0.13661990737230953	0.09323739243678927	-0.10980257493090007	
-0.37979984584610027	0.2707209854449671	0.5154345594604428	0.6892536625394926	0.4377692623361959	
0.5573375794442916	1.0248967284022115	-0.7195019471631671	-1.0306869739694762	-1.142052488963902	
0.299374890110262	0.5520949321923034	2.1070021884888046	-2.0970475374086335	-2.466239318039453	
-4.209131599534824	4.076515750400564	
