TESTRUNID EPOCH: 99 L_PCC: 0.8482273100061608 L_ERR: 0.01574298699761424 T_PCC: 0.7524827409875081 T_ERR: 0.024094670177598518
180 LAYER: 1
2 LAYER: 2
1 LAYER: 3
99 :ILEARN
-0.016278792193810822	0.0992492396593262	-0.104206675124688	0.009346823836766428	-0.048631721590458775	
-0.16800717494031953	-0.05020981112844986	-0.11276580170594747	-0.05135364314312091	0.24421602320476288	
-0.0714484116257948	0.5580078286754331	-0.059109550053696516	0.0756234872781891	-0.09452248136041477	
0.034093502035680456	-0.04908395793185475	0.24393193903345725	-0.08018863464274649	-0.02279558409319984	
0.06977125442810723	0.0690044078497474	-0.007296169957932303	-0.15268558074123942	0.10547893595381087	
-0.12400823822696526	-0.07606794613110383	-0.09614075428624576	-0.08071343622921655	0.22834392742113582	
-0.06617341775471747	-0.09200959072852151	0.09869853564180964	-0.10313953110146915	0.038375422790094676	
-0.03689687379878741	0.04001742453558503	0.022871868738505118	-0.0507651207460454	-0.27151348325556635	
0.09777221778129894	0.04963313087596788	-0.06192541404154129	0.1643052077664317	-0.0793547986844716	
-0.01042129476481897	0.08171910061861912	-0.0412771703252641	-0.06003749059189493	0.06643585467614352	
-0.12269549008123364	0.3438970555268542	-0.07242753680825754	0.03109543482344509	-0.000746554605699574	
-0.11117521247371848	0.014823521098402612	-0.07065428501883797	0.01778181729721394	0.026773015134648324	
-0.07953311423443483	-0.017188802436086337	0.03888003154554903	-0.01716414609461947	-0.054477258039269165	
-0.18880218006811872	0.06120312066054053	-0.17432724523210216	0.07087144523707697	0.11906294714674512	
0.06316563055734613	0.07887931870863413	-0.07801605924000928	0.13738913337130548	0.029607918776998112	
-0.3560045741137811	0.14742731464269407	-0.30849908181195707	0.02718645530186192	0.1999407685596322	
0.07666121824116198	0.02473444141112177	0.05393343568143305	-0.0831320917498905	-0.05781083591198624	
0.19504255958217948	-0.030640503114719636	0.21510644350035857	0.02765270819252256	0.07508233826123044	
-0.09851442750262239	0.2434710564881871	0.01218143355814686	-0.16365153838686786	-0.018845089843231994	
-0.056976261574022115	0.08130640558687198	-0.023401502542204588	-0.10451358974113308	0.29979109112374	
-0.07075685123235192	0.38168845651826344	0.09121079134719305	-0.2263228348224418	0.08170703018395983	
0.024672023158360548	-0.025391089373770402	-0.3346196092138827	-0.02471056073520831	0.6287087547513437	
-0.06553189833093429	-0.07257285007422445	0.08987945307853293	-0.004654289049760981	-0.061200973618427176	
-0.15547756471392438	0.08820428584252914	-0.1742732685204106	0.058460860981572306	-0.1554953681050037	
-0.11203829234463959	-0.024800756099288983	-0.10221781386123878	0.003040083941120992	0.12569682167823035	
-0.2919390084996107	-0.005053707688440235	0.28585637554295346	-0.07516533697601778	-0.044163264197772105	
-0.04402912139613091	0.5850190858858557	0.01220604385114199	-0.0962705421254114	0.04122035118780084	
0.11500839067714033	0.06516598799972148	-0.07533963133262467	0.10768639555643757	-0.18958166041517327	
0.026414857614005555	-0.1431517951107253	-0.07385711771669179	-0.24330682446598514	-0.0688807454599205	
-0.22323545158832764	-0.04774746260109438	-0.02115209343408651	0.029932167381303013	-0.2261387690897706	
-0.10087681464447358	0.26886529599709375	0.006564006050771987	0.08187403225694874	-0.04953485108593532	
0.04876517081501858	-0.06091410377813625	0.01627178545465155	0.1023773179173245	0.06014054090470379	
-0.052030448170482774	-0.0012460571462540038	0.020333947959394572	0.12279518129091244	-0.04947813021884617	
-0.06493486720572086	-0.08599557125615553	-0.0027309778125936407	0.0511561931458986	-0.23923646186801872	
-0.07858702638216152	0.5275051756040925	-0.005072393585822117	0.1886335327175417	-0.012377682968515658	
0.2317965876694204	0.0756228591785846	-0.2869005909072464	-0.04462427916680977	-0.40940235678236675	
-0.010916112587206468	0.20103352393149374	0.045989193773698304	-0.08446703185552178	-0.04793698028429181	
0.060950912748669095	0.008097576342020822	-0.4441467464837304	-0.03536802562978008	0.3610713701682292	
-0.07066237988279483	0.09861750783054239	0.08548413491795342	-0.24436467586279254	0.10957833895573993	
-0.09971127660407503	-0.11308370543106398	0.08853613426662	0.00024030566443363995	0.28651291601488377	
0.09003522384941595	0.011330637639031277	0.0897017301762147	0.017600401536778554	0.019035397535834504	
-0.33364826591206437	-0.011612285075679919	0.27724893381781507	0.09918088085194937	-0.018438849255036277	
-0.033635483317259976	0.277925724105685	-0.061463917787941434	-0.12764585625753164	-0.057389763917562724	
-0.06951998399239573	-0.124102869868495	0.27613628758483794	0.0924400190412413	-0.238712697221366	
-0.12018574594834057	0.258522788556916	-0.0789516413172969	0.14501456286893996	-0.031052669463341315	
0.08802149646667343	0.02630682533314247	0.11818482023201142	0.06894688907844437	0.08107846374172986	
0.021608237829149363	-0.08370554855487919	0.05076975751093899	0.0338064738851342	-0.0019492954760144537	
0.019822061529175677	-0.07430788099113364	-0.09037811342084726	-0.004786219878127669	-0.019572255383964066	
-0.03695103938092541	0.07857774170503026	0.015571443056907094	-0.06319795967450699	0.10837621528636208	
-0.28042044295594887	-0.08049295530842301	-0.09448955324294903	0.020454454176875084	0.18532360974658854	
-0.09518475238937839	0.2009533764509315	-0.04928978347103108	0.2793335308156553	-0.0172525252054517	
0.38252030024131584	0.014942300941620454	0.025615239661470085	-0.027226924256289392	-0.1315027690370235	
0.021217839982412372	0.36448549926760926	0.016970148540903385	0.2541704889507251	0.07289588601091998	
-0.03546380063265071	0.08931955099853887	-0.36606612387598136	-0.04458263018395837	0.17263221948330099	
-0.062085778268464877	0.29021340539053714	0.05239904203909546	-0.20005623627918967	0.13196101654228268	
-0.16128512871328127	-0.020697672700161738	-0.3370212605762989	-0.0313307520451154	0.05952776079171332	
0.07599965771268635	0.0807683911652744	0.016915543866885138	0.08806308956300887	-0.013426610392427698	
-0.22967390516095826	0.009319040331106494	0.035640993603523366	0.014497703438321269	0.04662850505750221	
-0.01484620226504901	0.1590433975172084	0.01930106841614867	-0.03795090417957441	-0.03146221840934364	
-0.08635813031665918	0.01631987155872828	-0.3553054191681543	0.04287203723901538	0.34822018175086195	
0.11536261662435972	-0.3347577349315689	0.061215347710301356	0.003641788552985365	-0.038718694927771816	
-0.21559451900857407	-0.029427247354121642	0.041802975949788525	-0.016277829621346444	0.27253122049165535	
0.008414287321822415	0.6754083389417942	-0.04323500557139695	-0.03616834053447858	-0.061407453596177435	
-8.316586422278671e-05	0.03992344696793716	-0.023223139751282075	-0.010139629249644162	-0.2595068955597521	
-0.02968626726296581	0.12161022268489231	-0.0854830968616946	0.15516144255625744	0.00317140339370596	
-0.004571802590043528	-0.06946567118136736	0.024361246348083093	-0.00277002235406953	0.11988366753615852	
-0.07109089197506804	0.05030556342704878	-0.10065686341313737	0.34079851533405064	0.01145685811717594	
0.2271939068371541	-0.07898198987468541	0.408114150380382	0.13761391771620704	-0.3798589852127877	
0.12478329029227996	-0.38483708321098914	0.06528139952586828	0.07082308876730775	-0.048735569708816026	
-0.1935589077340514	0.2241945047587933	-1.1868317397641184	0.03318260055236636	0.0989052078919868	
0.013001397115344688	0.35611804796583796	-0.08326140858169569	0.2110779656697436	0.09695188568059082	
-0.4291441244954398	-0.016662633726064087	0.6471108061168874	0.056549882956834385	0.09809435672476816	
-0.0044547818109518895	0.06994448935290822	0.6386129354882326	-3.2921628807058134	0.8039099250163321	
