            A        R        N        D        C        Q        E        G        H        I        L        K        M        F        P        S        T        W        Y        V
 1 A  -0.8117  -0.5752   0.7523   0.5296    0.043  -0.2605    0.813  -1.5781   0.8587  -0.5485   -0.477   -0.515   0.3494   2.0322  -2.3899   0.4991   0.2134   0.3116   1.4969  -0.9493
 2 A   0.3395  -2.2672  -0.8899  -1.9756   0.0133  -1.1706   -2.101  -1.9644  -2.5869   1.8921   1.2309  -1.9358   1.3807  -1.2966  -1.4489  -0.2766   1.9206   -2.715  -1.8784   1.7061
 3 A   0.5357  -1.4548   0.8109  -0.4577  -0.7287   -0.772  -1.0874  -0.9623  -0.0803   0.1947  -0.2296  -1.0288     0.87   1.6314   0.0958    0.505   -0.193   0.2842   1.2851  -0.0599
 4 A  -0.0703  -0.0364   0.2751   0.3148  -0.0281   -0.351   0.4599   0.2452   0.6307  -0.7674  -0.8573  -0.1557  -0.6664   0.6693  -0.1784   0.3867   0.5409  -0.3498   0.8561  -0.6674
 5 A  -0.2568  -0.7653  -0.1069  -0.4824   0.3025   -0.723  -0.9009  -1.3091  -0.7158   1.1381   0.0757  -0.0872  -0.0508    0.606   0.2174   -0.292  -0.1335   2.0408   0.6606   0.6717
 6 A  -0.6019  -0.5649   0.3646   -0.551  -0.0999   0.5351  -0.7464  -1.2597  -0.6462   0.8548   0.2291  -0.5685   0.3256   1.3262  -0.9976  -0.0465   0.6385   -0.017   0.2184   0.3613
 7 A   0.7278  -1.1784   0.1103  -0.4187  -0.4534  -0.1104  -0.2512  -0.9368   0.5806  -0.1282  -0.6969  -0.8406   0.7007   0.8802   -1.413   0.5617   0.9518   2.1944   1.2502   -0.342
 8 A  -0.0616   -0.456  -0.5345  -0.6929  -0.3545  -0.2492  -0.0686   0.3289  -0.9153  -0.5787   0.5123  -0.6634  -0.1894   1.3129   0.2216   0.4862   0.0185   0.1283   1.0142  -0.6644
 9 A    0.013  -2.0896  -3.0334  -3.3729  -1.4723  -2.3261  -2.7603  -3.1965  -3.0456   2.6023    1.711  -2.4208   1.0321  -0.3759  -2.8218  -1.3216  -0.1597   -2.491  -0.8933    3.006
