TESTRUNID EPOCH: 86 L_PCC: 0.9015158771999467 L_ERR: 0.007812826620820838 T_PCC: 0.8445041936739394 T_ERR: 0.012254036839303515
180 LAYER: 1
2 LAYER: 2
1 LAYER: 3
86 :ILEARN
-0.05352176865740045	-0.5582968317541182	-0.3273670681941782	-0.13526993015677147	0.3326706942557241	
0.31064214129339646	0.7373666647115441	0.9469519703909923	0.019304573207269953	0.010626700433450398	
0.0031574806833816692	0.11762646679280724	0.4750235111707893	0.6807152339853089	-0.20981091911526084	
-0.03211954834865166	0.025204472256005795	0.1255033508451891	-0.04041489223276814	-0.020257869932301234	
0.08180267831746617	0.1029084051748237	-0.14680039914923756	-0.42850744105125294	-0.28252354737624746	
-0.4645522962512181	0.3148208877446727	0.3375282500867282	0.6134813365598453	0.8418490157232753	
-0.45868783450368605	-0.49121215333715085	-0.4164350846815957	-0.4026772298686956	0.3928467869936331	
0.4294816318081719	0.17895201478228911	0.2317982431950231	-0.35310328547513214	-0.07528222907231169	
-0.33530718922166136	-0.4635879859343759	0.885836856753836	1.2391067536702804	0.45185303500226215	
0.6908658448295374	0.3887361307724135	0.33279727885786464	0.9061649816181592	1.0965692857491327	
-0.34835470301665983	-0.3693775335957338	0.2807375614769651	0.39043536216086133	0.32398197389281935	
0.34097522734499774	0.7531343030325192	0.8649003159190268	-0.5686735868347181	-0.7499859843458734	
-0.5022896558704326	-0.2879204601517855	0.43974698874640267	0.4890486223017773	-0.6719590081354339	
-0.523527484605462	0.1553618569797918	-0.0289331697810959	0.4655461347336139	0.5547265217454912	
-0.5657682415516393	-0.7568059998974749	-0.6371994437063129	-1.0466833412468814	0.07673111731449425	
0.056400964221956375	0.49101216500381956	0.41428279568461773	-0.5083919222376876	-1.1986596935744054	
-0.010605586062517602	-0.13825657568113495	0.6378452485631901	0.6377774939870909	-0.18828669697471892	
-0.0825246432871181	0.30594006370873245	0.2797399890751809	0.16116966589488343	-0.1847871128320138	
-0.13431831050490287	-0.0009685083861953749	0.3349447093843658	0.3985872661607966	0.35313926976612076	
0.42511897720018604	0.3693093156415571	0.29638783800253327	-0.14405797472385215	-0.06497502315749071	
-0.14780902828181905	0.080206793392462	0.6843962444759553	0.34036269500701044	-0.3147922705024082	
-0.45712085802865365	-0.5719583433972814	-0.15115981128560338	0.41258378626905184	0.6241559033661077	
-0.006049933556932517	-0.1312573862185611	0.04056261806170825	0.18162414752509898	-0.10454946627953783	
0.10085886090382454	-0.3359759305342795	-0.50941345492624	0.20146891990398383	0.1160928403268292	
0.11754709086201778	-0.24207356614222295	0.09427781387086202	0.11483399046876895	-0.036325261964868114	
0.0416710620819231	0.060463656912839336	0.11516777245260831	-0.012968764399570709	0.0010880024768481996	
0.05077215229926164	0.17364014178558693	0.17145355700062817	0.16262373179476952	0.18906829096616848	
0.1041114704095476	0.04305788908482716	0.062273906887662926	0.19706435768704159	0.16184202703754672	
0.03516948305648363	0.04769854775381166	0.10209866653046722	0.34897913668025066	-0.14873952503932672	
-0.2851436101046262	-0.09755748218326933	-0.19697818111805238	0.13805013435977667	0.07801765182147959	
-0.12366383625003427	-0.054421606930130526	0.09984076635997004	0.023705059874103283	-0.011228229315306178	
0.08743297002149095	0.02488657758902112	0.15511325399170306	0.32335574181878596	0.10890864897559571	
0.12172743293569642	0.14890057098270024	0.15156373533797607	0.21765326302247257	0.2267244229889446	
-0.013150639767938212	0.2311076061151052	0.4555133638915824	0.13996840547907588	0.10521239407117053	
0.12950241744716506	0.34717414847939065	0.23584832956619994	0.25660885464266187	0.2952839716664883	
0.09040068623613588	0.1201206012941146	-0.06251231410900047	0.005385500381707326	0.01964873703384523	
-0.05037545373388538	0.08236991904813379	0.338174879453339	0.1547840766180967	-0.19268059606122678	
-0.022358133123916216	-0.2896398282334536	-0.08597099400817046	-0.06101827008954053	-0.07308231883359105	
-0.06752895908818549	0.08283435946659146	0.23027004681794222	0.10005247565934401	-0.1454009091401557	
-0.16122480150826687	-0.13287806105506952	-0.08862367840493787	-0.05611096014668919	-0.14118872458026957	
0.10758742339313704	-0.07298522980716551	0.165240775450904	-0.11480180695177879	0.22505904280896671	
0.13096271319567793	0.5260918272587534	0.33377241520833817	0.18499652454983154	0.08956472293746998	
0.06869719254011118	0.21577419780430832	0.5358400643626118	0.2803825818086255	0.17079336316096236	
0.16066723983729594	-0.10436688788994603	0.18635725423314792	0.10456602059247416	0.016746138991933057	
-0.04794476264412027	-0.011448248178838563	0.20333800245690142	0.5464287611852223	-0.22692148755192684	
-0.037356830394406224	-0.2211527491680582	-0.25318186820841093	0.028970790215329997	0.03323065766247369	
-0.10002120454326176	0.07565340678545725	0.0042143456850150945	0.026983145451751615	-0.09198849339191718	
-0.06656884614299655	-0.1680482160152432	0.18196698746725218	0.033310114456369014	0.02365313418324118	
0.0504839110266126	0.09707029176610436	0.3792782065651241	0.4598995937489196	0.19936527211959842	
0.205835331933999	0.3292031354148145	0.43826886643528645	0.3471596154629096	0.46007640115097176	
0.1162829877454164	0.45262483514369195	0.2160625090711646	0.5004603067225734	0.10396813319898156	
0.19611733456807223	-0.0963341775970357	-0.1148806730391409	-0.07813232664034556	-0.06738131428403671	
0.043721709934949754	-0.4379990269908646	0.5583799270229376	0.4797789017301397	-0.12429151085996792	
-0.2714152192457558	-0.28750126540635046	-0.3587262757628098	-0.06975862404823395	-0.11696532746706446	
-0.006132285201023209	0.13958233751873939	0.1410332922702094	0.2637638053633685	-0.13305418837685257	
-0.3000037541307044	-0.15607621524711385	-0.1868976672097633	-0.01497052452731422	-0.0926294053327225	
0.059078422583965534	0.19465127064651075	0.12316945468044636	-0.07183128434518286	-0.14752373879266564	
0.018175350152729853	0.3078797295959485	0.6542451658668397	-0.007512888321255711	0.002109013491174938	
0.15937122894743705	0.059200767801569264	0.2590073054338699	-0.055659925226148634	0.20524762338807812	
0.25396048892745743	0.2765887622879585	0.09970468252451793	0.49804414861730034	0.3377137749930535	
-0.1573573007321714	-0.23525142342508906	0.2668893061638959	0.1646772398227388	-0.014922433000393955	
0.13019547079021046	-0.2807139218424273	-0.2708512060260048	-0.10024317471532708	-0.12552606532792002	
0.1310628967728491	-0.06660968394326817	0.13297272364674972	0.18583118108617988	0.027771917677629803	
0.09199187618455643	-0.1924816791201303	-0.38634614871156586	0.05454584409003671	0.31547562793796824	
0.11013527400165768	0.14666710091801147	-0.8578284735015593	-1.0094064757025256	0.030780734112454602	
0.02583087249216974	-0.036126282379524234	0.06528045062542118	0.5316176353700894	0.6729972816715055	
0.19319446012193084	0.3737403399977418	-0.013146093070047375	0.058778395877371034	0.5194069934117632	
0.4844415675885962	-0.29738910480456615	-0.19970050181516508	0.6015549618553467	0.6537780290078042	
0.24441905060308886	0.3579115581664426	-0.9723247940140654	-2.3965646811881927	0.2606846936981474	
0.43910797286483993	0.2694371377995394	0.40679540592070884	0.11961893976791313	-0.018061026522542697	
0.41774865603851136	0.5064268974374898	0.5868489640126857	0.7011724914863009	0.5570510043346736	
0.6212035927253375	-0.8654533281341916	-0.7736480336459431	0.2188367935075192	0.3567337524296997	
1.4352197157508246	1.1926739344548194	-3.068852655722765	-3.758803349092256	3.0337333299857883	
