            A        R        N        D        C        Q        E        G        H        I        L        K        M        F        P        S        T        W        Y        V
 1 A   0.0026   0.0817  -0.0513  -0.1365   0.0197  -0.0764   -0.073  -0.0214   0.0615   0.0447  -0.0294   0.0343   0.0621  -0.0484  -0.1889    0.007   0.0233  -0.0492  -0.0585   0.0241
 2 A   0.1941   0.0715   0.0427   -0.328   0.0383   0.2179   0.1657  -0.0476   0.1769   0.2688   0.3396  -0.0061   0.2895   0.1619   0.1965   0.2526   0.2641  -0.0374   0.1019   0.3192
 3 A   0.0321   0.0086   0.0041  -0.0463  -0.0215   -0.023  -0.0976  -0.0086   0.0746  -0.0283   0.0044  -0.0484   0.0597   0.1259  -0.0896   0.0334  -0.0386   0.0269   0.0988  -0.0275
 4 A  -0.0116  -0.0129  -0.0418  -0.0498   -0.047  -0.0711  -0.0496   -0.066   0.0251  -0.0707  -0.0428  -0.0065  -0.0483  -0.0088  -0.0133  -0.0072  -0.0217    0.035  -0.0216  -0.0616
 5 A  -0.0378   0.0669  -0.0608  -0.0495  -0.0805   0.0267  -0.0356  -0.0281   0.0113  -0.0118  -0.0137   0.0144   0.0172   0.0264  -0.0292    0.007  -0.0498   0.0093  -0.0122  -0.0137
 6 A   -0.001   0.0116  -0.0472  -0.1281  -0.1173  -0.0264  -0.0764  -0.0122   -0.065   0.0122  -0.0162  -0.0489    0.001   0.0384   -0.055   0.0012   0.0512    0.021  -0.0381  -0.0176
 7 A   0.0536   0.0145   -0.024  -0.0737  -0.0174   0.0598  -0.0542   0.0495   0.0323   0.1031   0.1086  -0.0108   0.1528   0.0962   0.0757    0.063   0.0598   0.0354  -0.0429   0.0528
 8 A  -0.0373   0.0423  -0.0399  -0.1047  -0.0341   0.0056   -0.058   0.0345  -0.0903  -0.0449   0.0698    0.028   0.0018   0.0618   0.0029    0.021   0.0014   0.0755   0.0428   0.0088
 9 A  -0.1803   0.0281  -0.3511  -0.2062  -0.2458  -0.2158  -0.0607  -0.1564   0.0227  -0.2032  -0.1104   0.2224  -0.1382  -0.0829  -0.1546   -0.189  -0.2045  -0.0956   0.0334  -0.1185
