            A        R        N        D        C        Q        E        G        H        I        L        K        M        F        P        S        T        W        Y        V
 1 A   0.0021   0.0983  -0.0794  -0.1009  -0.0709  -0.0338  -0.0541  -0.0225   0.0129    0.021   0.0023   0.1228   0.0128  -0.0672   -0.098   0.0057  -0.0048    -0.11  -0.0484   0.0078
 2 A   0.0656  -0.0461   -0.066  -0.2099  -0.0833   0.0875  -0.0229  -0.1529  -0.0492    0.025   0.0875  -0.2915   0.1103   0.1268   0.0209   0.1009   0.1262    -0.18    0.089   0.1015
 3 A  -0.0078    0.078    0.039   -0.023   0.0157   0.0212  -0.0059  -0.0098   0.0833   0.0348   0.0632   0.0806   0.0428   0.0915  -0.0291   0.0394   0.0352   0.0949   0.0538   0.0091
 4 A   -0.018  -0.0063  -0.0144   0.0049  -0.1051  -0.1148  -0.0361  -0.0243  -0.0063   -0.003  -0.0007  -0.0475  -0.0839   0.0432   0.0118    0.006  -0.0482   0.0398  -0.0186   0.0038
 5 A   -0.044   0.0358  -0.0512  -0.0797  -0.0607  -0.0415  -0.1159  -0.0249  -0.0174   0.0245   0.0153  -0.0093  -0.0191  -0.0009  -0.0455  -0.0076  -0.0498  -0.0241   -0.017   0.0005
 6 A  -0.0375   0.0669   0.0325  -0.0167  -0.0714  -0.0071  -0.0545    0.009   0.0354    0.068    0.028   0.0331   0.0079   0.0863  -0.0445   0.0065   0.0464   0.0253   0.0445  -0.0117
 7 A   0.0271   0.0073    0.004  -0.0596  -0.0095   0.0045  -0.0204   0.0121   0.0391   0.0389  -0.0047  -0.0731   0.0072   0.1241   0.0019   0.0475   0.0248   0.0074    0.083   0.0229
 8 A    0.067   0.0085    0.034  -0.0746   -0.054   0.0289   0.0483   0.0175  -0.0443  -0.0126   0.0617   0.0148  -0.0045   0.0994    0.051   0.0162   0.0662   -0.025   0.1145   0.0353
 9 A  -0.0456   0.4079  -0.1233  -0.0862  -0.2116  -0.2027  -0.1154  -0.2043   0.0018  -0.0662  -0.0371   0.2085  -0.0346  -0.0051  -0.1551   -0.116  -0.0365   -0.056   0.0038   0.0167
