            A        R        N        D        C        Q        E        G        H        I        L        K        M        F        P        S        T        W        Y        V
 1 A   0.0509   0.0576  -0.0168  -0.0391     -0.0   -0.003     -0.0   0.0369  -0.0138      0.0     -0.0    0.005     -0.0   0.0246  -0.0157    0.052     -0.0   0.0423   0.0067     -0.0
 2 A      0.0   0.0032  -0.0008  -0.0035  -0.0005  -0.0014   0.2137   0.0026  -0.0019   0.0011     -0.0   0.0001   -0.003      0.0   0.0095  -0.0043   -0.014  -0.0013  -0.0119   0.0002
 3 A   0.0101      0.0   0.0276  -0.0191     -0.0     -0.0      0.0  -0.0102     -0.0   0.0264   0.0068   0.0092     -0.0   0.0638  -0.0043   0.0223   0.0384     -0.0   0.0032   0.0135
 4 A   0.0307     -0.0   0.0032   0.0139     -0.0  -0.0001    0.004      0.0      0.0  -0.0237   0.0296   0.0348     -0.0      0.0   0.0152     -0.0   0.0012   0.0244      0.0   0.0545
 5 A   0.0196   0.0348   0.0582  -0.0273     -0.0      0.0  -0.0138   0.0032   0.0003  -0.0001   0.0492   0.0001     -0.0   0.0114  -0.0046   0.0223  -0.0012   0.0215   0.0284  -0.0145
 6 A   0.0391      0.0   0.0009   0.0191      0.0   0.0279   0.0304    0.004      0.0   0.0044   0.0032   0.0261  -0.0117   0.0041  -0.0147      0.0   0.0311      0.0   0.0102   0.0137
 7 A   0.0194   0.0064   0.0161  -0.0045    0.042      0.0      0.0  -0.0102     -0.0   0.0148   0.0399  -0.0022      0.0   0.0043   0.0698   0.0013  -0.0121   -0.003   0.0325  -0.0267
 8 A   0.0056     -0.0  -0.0128   0.0244     -0.0  -0.0224   0.0223   0.0052   0.0032   0.0146   0.0504  -0.0119  -0.0001   0.0227   0.0525      0.0   0.0143      0.0    0.004   0.0157
 9 A   0.0196  -0.0146   -0.013      0.0  -0.0265  -0.0002  -0.0115   0.0008      0.0    0.004   0.0832  -0.0234   0.0122   0.0551  -0.0167      0.0    0.001  -0.0046   0.0389   0.0834
