TESTRUNID EPOCH: 16 L_PCC: 0.8507663071378859 L_ERR: 0.008748692265496408 T_PCC: 0.8236549708560492 T_ERR: 0.010429543379266366
180 LAYER: 1
2 LAYER: 2
1 LAYER: 3
16 :ILEARN
-0.077136260152388	0.03726137448637671	-0.6824011280406024	-0.47106937833000334	0.2619241284881484	
0.44257939435872196	1.0014263948436817	1.4388970470566402	-0.11658131840548636	-0.031475003402858304	
0.12223950818146777	0.14373447138467987	0.4768607239465408	0.6493507170382079	0.05765349221283114	
0.07319764789643235	-0.453333004928622	-0.5374825119400213	-0.16669522354227204	-0.22725103593436788	
0.1102758231020925	0.09772335725485369	-0.5823058705481143	-0.3512937358445119	-0.605353704361964	
-0.4723153993711462	0.18325278444144064	0.40818410603441213	0.6822045851956806	0.985022874571428	
0.056780313196447364	-0.15242414329624723	0.01777136371935413	-0.23339461972160824	0.2915095079155801	
0.31231567094101914	0.29544704280549233	0.2798722000480961	-0.3282152746272864	-0.027253926831550306	
-0.0967044049250361	-0.15696143427856069	1.147875503481789	1.546173489773815	0.28304955302680224	
0.39426879359335504	0.37291590887836845	0.29237540749305185	0.6959111222670117	0.8697146122053756	
-0.263315763143579	-0.24866260396099846	0.322895701114277	0.4370302181376697	0.41683199105840535	
0.37741659452340764	0.5444557761317804	0.6573274317321393	-0.5227132130649315	-0.8326600162092967	
-1.1564440969144056	-0.994476660908472	0.8771968514224538	0.9920174866268094	-0.8752139859212406	
-1.195300671005848	-0.030505580540190484	0.2934013937763409	0.3840475183267316	0.43917707546111057	
-0.22659117725177544	-0.6371154567872065	-0.8505097857701784	-0.47286127714421705	0.17341513814483295	
0.1654142162350296	0.6599211321738746	0.782782216934835	-0.7162612515975358	-0.8277102704040264	
-0.05717225063152458	-0.3099244042838834	0.2605751233167494	0.06638419124308195	-0.3009842204138884	
-0.1683806037751222	0.30051333750294223	0.5933306255765269	0.3248743449512489	0.41609485677084435	
0.3219492542829427	0.46421025481332173	0.6564433032286361	1.1103803320001095	0.24975023970394641	
0.19528926849893832	0.07091002847080131	0.07679048117997342	0.026348647617586908	0.32199034609881017	
-0.10609623821638968	-0.20825119527027064	0.3255249390770079	0.08257796526041217	-0.19076138985426266	
-0.2942777982872411	-0.5811710300709515	-0.5361881024129199	0.5811044689293599	0.8417340374823914	
-0.1930710892180247	0.10966650409106046	0.1720751376956512	0.24151725859716744	-0.2643363245298079	
-0.06097153324151964	-0.729679527776468	-0.7034788016964741	0.33551712893064894	0.3586789749407499	
-0.07369988958446899	-0.02596414022728787	0.05018524617138087	0.02079005043527012	0.022681806875070525	
0.025437093032086876	0.05635360819303908	0.6233029491451425	-0.11456323296017704	-0.12409849178019317	
0.017787477908417695	0.24698228706717698	0.32575163542177066	0.17621424360695548	0.16586558364165055	
0.1920957948774624	-0.13320845113835603	-0.29536760636368886	0.33342175743722247	0.34680657542530785	
0.046014283972136104	0.08247823309662596	-0.05759660222960643	-0.11942861582306376	0.16957506298203276	
0.26038906601013967	-0.2003911449044969	0.2047635833077882	0.1909337258881081	0.07459304499753971	
-0.3818206068480617	0.004630294647141369	0.3547849937454122	-0.1057300943630653	-0.053276635857326206	
-0.1311550376271582	0.020532448019883492	-0.03742688643351492	0.13664959465705298	0.42590129362985923	
0.2942245087744464	0.4190089218112787	-0.23908844108092142	-0.22811200735201345	0.25757785791286436	
0.22723610299998778	0.26152074112468576	0.5888381640264685	0.09614813167235399	0.12887669192040055	
0.06505403878971036	0.1601905261590754	0.4967094567143862	0.4347712182643192	-0.14300327813749333	
0.32510326837116715	-0.08505432573580402	-0.1785382629698	-0.30965357231246426	0.23428410339458697	
-0.051210877222611535	-0.08717822643231765	0.33723078706470755	-0.165289190646653	-0.05525205917721716	
-0.05095469661483781	0.050462507373035585	0.34104482997679947	-0.057729011039125165	-0.1052722694354995	
-0.020667233957559955	-0.11709779196885431	0.3988590980468424	0.02340525544294795	-0.02665224396063455	
-0.04240913886478686	-0.20340467348066282	0.10115382513305446	-0.17666951728808425	0.24070314804257353	
0.009814743533130752	-0.052646788914062354	0.1055611483574513	-0.018295100545925508	0.16324762947464908	
0.24955930912699137	0.7449866530355099	0.8008910327390854	0.10953215025135343	0.24627287426967526	
-0.11953265755720985	-0.0953737107035621	0.5395546984480728	0.792608789302402	-0.0720987668577361	
0.21555478970208966	-0.03694711270608211	0.4872167145669482	-0.07066179268904468	-0.11806386622520383	
-0.12255681540268581	0.012299608870493738	0.3435108592464856	0.3844669853681503	-0.30900891123568136	
-0.07833620060658433	-0.2791187295349923	-0.14701300597261027	0.14466833010548957	0.0378066728715385	
-0.0008968432920178418	-0.19819955583246604	-0.1132418098622745	-0.29073098235606865	-0.13283610195108017	
-0.12837456945934117	0.11592389018040192	0.19018369196957047	0.03771870632806313	0.29269706533933376	
-0.12301130236385632	0.001221870783167424	0.12329086787314275	0.3356734997809	0.4799415281700279	
0.41933505665474574	0.6096054147362903	0.9751110449427385	0.3201377884993626	0.4490248858342755	
0.154224275591232	0.09099689245567724	0.680800823881948	0.8122630633368796	-0.031080158441239084	
-0.014992598894489725	0.05412706011809646	0.008884283995849136	-0.6503309223860797	0.057335300194183716	
-0.363943254672896	-0.3576600288305337	0.4631280413719083	0.7366509806756729	-0.4289889787283124	
-0.5449499568206361	-0.2808544807557902	-0.22070023628339336	-0.014481140511197692	-0.11488011892138568	
0.021893667047723414	-0.31305988959410314	-0.015660914417168752	0.08196001576064678	0.020141594420913646	
0.003978894756602686	0.15550681515074025	0.3077811738714167	0.0035984394885354705	-0.13067156463735355	
0.06542485052201336	0.223571254309468	-0.016471403183363185	-0.007056693484922549	0.11365794823730249	
0.004475517782824251	0.49141618738486637	0.4274000042566272	0.15835809774428708	0.36086628639739965	
-0.11179038571141324	0.031085935171075496	0.30306783260585074	0.6500969238128493	0.1810035132335357	
0.23648917359047794	0.1278099885558491	0.11227432219420136	0.4031797262459288	0.33432919027596875	
-0.4365467713080488	-0.20736330281271506	0.0974899610204105	0.03284168380034812	0.14788275489459693	
0.24228142280787004	-0.3282144919780747	-0.5197864559176497	0.1735364179724766	0.09305828677317488	
0.07574772807017328	-0.12908804978914332	0.30996202711140336	0.22194018996441706	-0.16410683953561997	
-0.17714534791788353	-0.29657027270351644	-0.16515782264540024	-0.03460505967196046	0.3674668810931991	
0.19816286935339836	0.14733574676982283	-0.7559345528714044	-0.9988705922389498	0.06381253225660587	
0.05500222303683185	0.00495358693901602	0.11263960695256985	0.4828416277790135	0.5850682642718379	
0.26731318528379233	0.50502136958978	-0.018962794996471834	0.06322266185194472	0.44702561117222184	
0.35913572090665064	-0.530799430863488	-0.5602533225610489	0.5984797859384288	0.5936704632022723	
0.4938286570475374	0.6813716169626888	-2.0142164183934264	-1.7802042601103532	0.37416229251199556	
0.5715042550800798	0.40388379325080115	0.5148101349231295	0.14858275515175018	0.01548107628344615	
0.417699437954693	0.46921273623443743	0.7111123242425517	0.8002071815074809	0.4698901678922027	
0.4887123892573045	-0.7848141475862268	-1.0236764276605892	0.30140352281327293	0.7108173725176113	
1.0945772978957173	2.0293971608967185	-2.5702354518093635	-3.0409192293725424	2.201192535287929	
