            A        R        N        D        C        Q        E        G        H        I        L        K        M        F        P        S        T        W        Y        V
 1 A   0.0502   0.0978   0.0467   0.0671   -0.132  -0.0731   0.0274   0.0278   0.0539   0.0233   0.0293   0.0296    0.042   0.0297   0.0913   0.0547   0.0165   0.0336   0.0436   0.0056
 2 A   0.1412    0.135   0.1463  -0.9252   0.1422   0.2392   0.3845    0.059   0.1147   0.0461   0.1224   0.0439   0.0645   0.1168   0.1099   0.1908   0.1661  -0.1403   0.1547   0.1522
 3 A   0.1048   0.0015  -0.1087   0.0759   0.0066   0.0394   0.0354   0.0334   0.0649   0.0721   0.0393  -0.0616   0.0068   0.1009   0.0542    0.061   0.0504   0.0036   0.0466   0.1225
 4 A  -0.0096   0.0221  -0.0294  -0.0149  -0.0946  -0.0552  -0.0117  -0.0379  -0.0549  -0.0999  -0.0338   -0.128  -0.1489   -0.036  -0.0327   -0.081  -0.0105   0.0646  -0.0028  -0.0155
 5 A    0.085   0.0373   0.0905   0.0981   0.1504   0.1885   0.1774   0.1118   0.0937    0.078   0.0928   0.0533   0.0244   0.1335   0.0711   0.0637    0.043   0.0414   0.1053   0.1356
 6 A   0.1605   0.1081   0.1041   0.1109   0.0954   0.0194    0.098   0.1078    0.117   0.1274   0.1504   0.0914   0.1196   0.1914  -0.0072   0.1282   0.1393   0.1186   0.0677   0.1131
 7 A  -0.0045    0.093   0.1005    0.064   0.0713   0.0733   0.0892   0.0723    0.083   0.1268   0.0619   0.0074   0.1085   0.1067   0.1327   0.1301   0.0967    0.053   0.0662   0.1107
 8 A   -0.142  -0.1771  -0.2394  -0.1904  -0.1994  -0.2195  -0.1507  -0.1485  -0.2133  -0.2281  -0.1433  -0.1781  -0.2545   -0.198  -0.1953   -0.128  -0.1225  -0.0449  -0.1693  -0.1711
 9 A  -0.2007  -0.3239   -0.029  -0.2535  -0.2972  -0.4294  -0.2212  -0.2997  -0.1384   -0.206  -0.1528  -0.2354  -0.2574   -0.166  -0.2459  -0.3838  -0.3279  -0.2156  -0.2605  -0.1739
