            A        R        N        D        C        Q        E        G        H        I        L        K        M        F        P        S        T        W        Y        V
 1 A   0.0233  -0.1783  -0.1844  -1.7715   -0.054  -0.5293  -1.0952  -1.3318  -0.3964   0.0355   0.0179   0.6019   0.5525   2.2876  -2.4424   0.1875  -0.1914   0.6946   1.8278  -0.1275
 2 A  -0.2953  -2.2033  -1.7035  -2.8737  -1.6655  -0.0376  -2.1656  -2.3591  -2.5394   1.8794   2.3398   -2.005   1.9921  -0.0847  -2.6966  -0.8744   0.6512  -2.3969  -1.4712   1.5235
 3 A   0.0765  -1.5311     0.41   0.1359  -0.4965  -0.7327    -0.86  -1.5316  -0.4734   0.3387   0.3197   -1.147   0.8053   1.1884   -0.156   0.4553  -0.1437   1.8985   1.1849   0.1259
 4 A   0.0609  -0.6522   0.3173   0.6781   0.3034  -0.3531   0.2023   0.3173   0.3926  -0.7739  -0.8031    0.227  -0.4062  -0.3926   0.5508   0.6504  -0.0264  -0.0259   0.8611   -0.633
 5 A   0.1307  -0.2848  -0.1787  -0.2769  -0.0829  -0.3165  -0.2702  -1.3673  -0.5847   0.5299   0.1571    0.042   0.0334   0.5034  -1.2445   0.2682   0.2108    1.069   1.0619   0.2172
 6 A   -0.556  -1.2194  -0.0093    -0.66    0.045  -0.2801   -1.282  -1.2644  -0.1799   0.8723   0.9338  -1.1657    1.381   1.5252  -1.0472   -0.168  -0.0607   0.1384   0.6613   0.3248
 7 A   0.7244  -0.9432  -0.1607  -0.3558   0.1431  -0.3824  -0.3213  -1.2392   -0.041  -0.2646  -0.2965  -0.4009    0.193   0.9003   0.5455   0.2254   0.7147    1.905   0.6562  -0.2599
 8 A   0.1355  -0.7298  -0.0672  -0.0952  -1.0365  -0.2358   0.1477    0.228  -0.2515  -0.5245   0.0113  -0.4692  -0.4964   0.6953   0.3037   0.4906   0.3765   1.3639   0.9424  -0.7728
 9 A   0.0536  -1.8218  -2.8681   -3.235  -1.4616  -2.1367  -2.5688   -3.099  -3.0998   2.4247   1.7663  -1.5094   0.8216  -0.9872  -2.7177  -1.1207   0.0841  -2.6944   -1.734   2.9795
