TESTRUNID EPOCH: 96 L_PCC: 0.8787018281995349 L_ERR: 0.009492801771626877 T_PCC: 0.7927570568826672 T_ERR: 0.01570060050591997
180 LAYER: 1
3 LAYER: 2
1 LAYER: 3
96 :ILEARN
0.14008525717052134	-0.08351244113481797	-0.4272381530215452	0.09038109181369226	-0.1979331758699994	
-0.1781003814434321	-0.26105039539471303	0.10192340677802271	0.15195422405006975	0.6063932620371104	
0.6675900414904241	1.251999874633527	-0.11313850158465365	0.05601595039348792	-0.11323772969742084	
-0.03220497792905557	-0.04933089712680039	-0.12489024319424002	0.5173936457604106	0.5379022077873468	
0.7678616131056276	0.11387209237900901	-0.00981407093196098	0.09664260179933318	0.10516452808153279	
0.07938321138554068	0.03163965531675657	-0.3217670808362374	-0.14424831368077357	0.10562915031573365	
-0.19936949785171457	-0.1330004615854296	0.06910704244408054	-0.25617415412537947	-0.23114651879510942	
-0.4051359445582982	-0.17381633430481422	-0.2947291129901638	-0.6474058244709742	-0.7272759194951771	
-0.6260995767341734	-0.6018416872484553	0.6949559349472781	0.873969319363409	1.1195433378468804	
-0.25203068203998036	0.14441582238309808	0.035339056586685756	0.12784863203676103	0.059861595836328975	
0.09233969769277786	-0.04037896714287327	-0.16840406994944138	-0.17224327475578996	-0.14710005030596818	
-0.24739950129748783	-0.4667484463340337	-0.09763487749497311	-0.021303039435561326	0.30972965713418865	
-0.07531779090536302	-0.23227041524286146	-0.3762236633079804	0.2926487986752512	0.3219173924869043	
0.7728580725434718	0.5509736945440106	0.4497391954888274	0.8819062452358608	0.22217262998903736	
0.34390941411070136	0.34181469879014137	0.7474098736247262	1.0987869211616315	1.530402253708334	
-0.6005277037952033	-0.39840487832066374	-0.8827499010603533	0.050162420627231114	0.0451995970700903	
0.07666121824116198	-0.029991555748220402	-0.01925899829570653	-0.09947235247944076	-0.04601442164699479	
0.07917724363921338	-0.014381762025741013	-0.633950622090728	-0.338418550692201	-0.29864912604658594	
-0.5053852024403365	-0.6632134983037614	-0.31685279123092375	0.01567792287742635	-0.01837263944774377	
-0.05259460395139446	-0.1412873171505329	-0.17485303522415097	-0.5421625921492934	-6.32258524096628e-05	
-0.05139010241798883	0.013570976696493141	0.7115958355829196	0.6707568015816581	1.043901318530297	
0.034507479520268655	-0.05112391140583927	0.13051338401245202	-0.19012943270832003	-0.0735354091671262	
-0.45044418482487486	-0.0696156217751641	0.09115927776736041	0.04699373137448861	-0.07783527612115942	
0.060506717193908384	0.06351293398751195	-0.18569456513854318	-0.31426587812187373	-0.5877224866160243	
-0.001646896368798412	-0.10394988932392879	-0.08616021044915517	0.22449726886241614	0.40020350172917346	
0.6370403685665739	0.20131140041192458	0.25420448811677127	0.07464372074190287	-0.014478032960004932	
0.039086097337290494	0.08799341049186143	0.1121681068259464	-0.043841331123978866	0.20145750402567367	
0.08713224334770125	0.11274215350891771	0.07985911897208402	0.39675720497533673	0.3696830869747453	
0.29716322299593473	0.2679854690113402	0.1698995711301905	0.4215003999309271	0.279368850289487	
0.31397651175366886	0.4888959518978334	-0.02072102558768804	-0.2677096950243031	-0.43128606293307553	
-0.7154196499864791	-0.003187980575993646	-0.22896401556411564	0.41971613719314926	0.3821376590785076	
0.5164089485777248	-0.3549180554590121	-0.4171517061799061	-0.540553593002406	-0.16381480006365512	
-0.11934029846869963	-0.012343723570650637	-0.0077333625553602965	0.1201216296095589	-0.1941876619732149	
-0.20843931266424576	-0.2915010873388767	0.16065142790246315	-0.024868409520009897	-0.029108402087503486	
0.12135799076428767	-0.11613486330298771	-0.20220133590114628	-0.4067660072255923	-0.511158233989099	
-0.10323300252137155	0.072514175712997	-0.22111919596219823	-0.388245987309381	-0.22254833091970477	
0.11088341074434493	-0.058886883555096727	-0.17677030865218749	0.09078172618125704	0.002249565470566678	
0.21328973089475908	-0.2733339465068674	0.010768572109487305	0.03168897526073815	0.08054465637941531	
-0.042282922972096806	-0.29205553356125646	-0.09333289645185952	-0.054025827781462456	-0.06866503218347932	
0.2721460911922277	0.0659115638292716	0.1518551413471405	0.052900569812294546	0.06143214911904289	
-0.16798845175771	0.08079447511116823	0.20995189325810226	0.1299733464217377	0.009406167201578101	
0.0543183840901436	0.1827899373945947	-0.24603940723418335	-0.04209105051559611	0.5001078271951663	
-0.16802067411539762	0.05727627720149572	0.2689002967938129	0.21389051208797574	0.19518513886601668	
0.024616350876004642	-0.09473131497740428	0.00313640928722327	0.11158358600539997	0.03780684873196044	
0.0435616177088405	0.19576951326744105	-0.2553062918084673	-0.12723353679345578	-0.21453199431079123	
0.19042128959346674	-0.12395182432397242	0.010698744571002918	0.13909486341237337	0.09032344624244627	
0.06654381770890683	0.05583557317771305	0.085642254260461	0.00767107685361466	0.007431049619805107	
0.17472126586393968	0.17105655614471604	-0.2463517615047786	0.04114888497408172	0.31315145474182543	
-0.12768712653626604	-0.05370675469676796	0.03191599098768997	0.007005257105384528	0.12182067113072495	
0.13670522039907268	0.09534262641849418	0.07873461226609596	0.20433160670738257	0.06629485197697846	
-0.1483392255734401	0.058144198077399525	-0.012767744786038846	0.03284865708395981	-0.16881988405928366	
0.18385198445875767	0.10219324380601731	0.07804773344135461	0.1334386390998602	0.07984939796890732	
0.13091438031630395	0.2563015574295023	0.13546220835965692	0.11738704366433202	0.2371349040834479	
0.08689651150627029	0.12901072200553249	-0.49243886247899465	-0.01723693455464297	0.11127008661113356	
0.02630061469022038	-0.11486440064238768	0.10279830787972012	-0.10513757998536682	0.18755357377468593	
0.22155512595562646	-0.015518329105715366	-0.026265392264040115	-0.046452130347060486	0.013710893341906675	
-0.08336777850646578	-0.01144991092611343	0.4097459404380284	0.22958222017227414	0.5568052823352275	
0.0841985039412483	-0.03995749724598268	-0.04183291049848248	-0.33696898590872043	0.13358066729432042	
0.31867072752531367	-0.13375162257749243	-0.16469508708524214	-0.17103783706824066	-0.12191404672952551	
-0.07097178907387845	-0.15269088415681029	-0.09242343728828926	0.1097337642373847	-0.0020041403170552533	
-0.10015086141388434	-0.0064607451093877935	0.0017271810457968394	0.3141329490570299	0.16958213770205552	
0.4026364925746678	0.0815794841966937	-0.05092271811722251	0.07201739347390644	-0.16630845353359835	
0.07323133499960363	0.33674933496823845	0.06310764410392995	0.14423686976952554	0.20279539221373738	
0.22198891715169836	0.1893990790609694	0.1288030403178414	0.1936902212590217	0.39334810516951	
0.5494946289088336	0.355447611148895	0.2771734460159399	0.41974346889399194	0.137561588967111	
0.13283746670346744	0.04058985706652055	-0.4561829523089124	-0.33270494279655916	-0.11341938646448216	
-0.26650750934492246	-0.21683827151805893	-0.4995486051043861	0.38832515664325956	0.3591218790528285	
0.29435811376252896	-0.41875370078934904	-0.2948155250279817	-0.37630987026127166	-0.3759637987266389	
-0.38359841584114834	-0.7102789559140352	0.32624371781265155	0.25669667885518865	0.32474970171519696	
-0.16342793871590797	-0.1565576926173566	0.1647546417817779	0.05738620086536964	-0.15200013579773217	
-0.11385804728560993	0.013091188286519971	-0.06984348461212217	-0.12272591115683579	0.08189262855843936	
0.03275142385123565	0.13387205936597663	-0.17955243172417984	0.20103516275336472	0.10543581403620852	
-0.41264639456508295	0.07545766256479244	0.2843358252215035	0.3656897298800656	0.4485342903273157	
0.46784835325013585	0.11405858302853528	-0.06784038944911841	0.18505765005927208	0.0904655755634629	
0.16765584862399546	0.17023495802024022	-0.016358746305364148	0.16150401191076952	0.02290780474495067	
0.08675380364875475	0.04335599419130881	-0.0007935562967776796	-0.03870661569080143	-0.07231958591808399	
-0.0018985407147107812	0.09824102360560034	0.24768495123420295	0.18076955817063559	0.10690305987192883	
0.05948775689393884	0.27469820129951905	-0.2753947679111413	-0.20942158034040037	0.307967614108411	
-0.049849870081282575	-0.03692989052054128	-0.02617695426053037	0.20585617589835165	0.40344151434008546	
0.7683882503766664	-0.1046241483281919	-0.10331034082087295	-0.12528644467081804	-0.2387558549482008	
-0.2642726774315429	-0.33181804672996723	0.06465748074244161	0.06085458183485346	-0.2368081431079934	
0.27086813510530827	0.14751721285699498	-0.029612873991372312	-0.06340013153530188	-0.23476001951870717	
-0.2627585601401927	-0.14397593099635597	-0.1666022998706263	-0.3501057339232734	-0.14837343759840374	
-0.10873312850306824	-0.10837074118125119	-0.18083256789809263	0.049496523926751586	0.10084328447974111	
-0.04448237588205887	-0.33888306103930743	-0.037896338329396546	0.06744784845694679	0.1947844514703531	
0.24035752016965925	0.06028148473430105	0.200576650476886	0.12913173673538056	0.2836615109113939	
0.17840960839547831	0.3899248273629177	0.04455753766492747	0.2713289626353266	0.532435729572009	
0.11693285075878669	0.2598558562585064	0.18397050210553634	0.07880785018657009	-0.19170610089139523	
-0.12051131426797858	-0.0348006829148846	0.02850135429332379	-0.3063911363150618	0.10104052853628398	
0.05261992683508407	-0.029680300907650087	0.13968659700632172	-0.017115220945006962	0.3154945630667448	
-0.19501272476429732	-0.07585397621785599	0.11987220036991293	0.28650704916961484	0.17501933036110742	
0.1240564580547801	0.25770992562450495	0.1554906530420867	0.2598071048623281	-0.17212265977164054	
-0.26446056493933595	-0.17388231854074646	-0.3325047728282603	0.0015050224535155298	-0.1941360598603544	
-0.26174156295763185	-0.12072413118138432	-0.16799701564757574	-0.20628440393064781	0.06843709671962236	
0.06623463371092633	-0.18997253123242025	-0.2309521408577859	-0.33365083146086083	-0.18501564572054865	
-0.3158877046554584	-0.029759996577236766	0.203256318920837	0.007839156672286981	0.25308408439733554	
-0.5819889071313049	-0.4903486497685913	-0.540857610129802	0.4455336063707659	0.4126828611344086	
0.5632656050520799	-0.04198062966251484	-0.09813028440669685	0.01535118699741815	-0.03771115717350744	
0.0034535197002259627	0.08328117061077955	0.2648588647714279	0.3574976698106659	0.597380660111476	
0.08637222332730812	0.08737367626181874	0.06886598971314264	0.0840413028611321	-0.05441994200973661	
-0.08250355808928184	-0.054538052743062254	-0.03712467677718992	-0.06504682472873768	0.02141883239449209	
-0.01728271699976773	0.06327030236544282	-0.9373637715270331	-0.5219762624158684	-0.648717584393057	
-0.21628269620476584	-0.5919548857189884	-0.8400791849836645	0.6279554582113273	0.7993923159812055	
1.0514618061210337	-0.16205377972385082	-0.17703519730277673	0.39786400377170167	0.5674181005299165	
0.5951818103757757	0.7938511261013448	0.09519781366618099	0.08031251693386426	0.019121586720529105	
0.11997062832784958	0.18821297529910094	0.21874080118773168	-0.10466340892211852	-0.18042260243061572	
-0.23692191461962175	-0.06798987305349881	0.09082184962708416	0.05673648300733603	0.6142772076911341	
0.642202587186247	1.0020384377298512	-0.6645110719623958	-0.8637299404812673	-1.1927277385293478	
0.023597122448641254	0.3357802748601693	1.2462178756329498	-2.6706833020725504	-2.6571382713112017	
-4.059718460710359	3.4872934273989378	
