TESTRUNID EPOCH: 8 L_PCC: 0.8082052057524745 L_ERR: 0.015483117809347385 T_PCC: 0.8111824898491821 T_ERR: 0.01533903173825173
180 LAYER: 1
2 LAYER: 2
1 LAYER: 3
8 :ILEARN
-0.8834482019450399	-0.43922355381570816	-0.5812760493416851	0.2264086666689235	-0.0024364855426188964	
-0.3867467837925587	1.394132098935153	0.7618748133711019	-0.28553989087590487	-0.8370383017282079	
-0.41719823997434846	-0.039500254582634765	0.416480684607409	0.42525019989590424	-0.6635905613356745	
-0.7688218926776282	-0.06174615246672613	-0.4175553392429209	-0.2832022220681405	0.04155605516298121	
-0.2480159472889358	-0.4705958059621549	-1.3653676677284805	-0.9546261455728733	-0.685643362638632	
-0.6376569176273116	-1.9300155505929208	-1.2908962599877802	0.0481914778082386	0.6964655063386165	
-0.865882868807913	-0.7208354899933592	0.11660727562718486	0.1851168751940772	-0.3916248726229128	
0.08125293980579228	-0.48759776505136887	0.3000843687649392	0.31187018565339264	0.869725931578653	
-0.18216994298115946	0.1747127132336195	-0.3411135114160786	0.04236371616963471	0.8829031759977751	
0.09878792661400973	0.2679878500762557	0.025507583532989604	0.5734947114908425	-0.21459979021658124	
-0.5631779520114834	0.0414862660721037	-0.21882720837249006	0.05307399312699879	-0.27945402334169933	
-0.3290504104413879	-0.11970645563516723	-0.24561452084452468	0.22424527303521014	0.14600477928037112	
-1.5916823055392222	-1.4475271688199345	-0.052285822663282175	0.11315091298121584	-1.0763280695631583	
-0.8433070172188858	-0.6660505478656273	-0.5603419856145635	0.49139380214537154	1.2610142711257595	
-0.23667243736222898	-0.05470971478421441	-0.43894133989114376	0.24096066231542418	-0.6551266700115631	
-0.2556904904259196	-0.09453068611784646	-0.05930052692603939	0.48733154952741903	0.4801489363399249	
-1.2828275370160798	-1.0731792324511704	0.22097492263662039	0.09398961605481777	-1.1365111172154923	
0.012125651503823937	-0.34843611511241473	-0.021159081546706888	0.09320446247929388	-0.018141609406729056	
0.09170510183619215	0.4766979688733973	0.14671999992757137	0.010973025705309676	-0.19214391890815452	
-0.09096088595934647	-0.20688763610923022	0.09195945718418043	-0.6700010168229672	-0.16898944967810986	
0.8190401097295017	0.5703776136071548	0.24523410419242106	0.2238951278720514	-1.1003477365802306	
-0.4906514170928246	-0.9707221488488575	-0.9953722483994758	-0.12177854011704836	-0.02661489321682153	
-1.435286654424241	-0.7820345960057491	0.2321713699775556	0.45174407630906543	-0.13689123236720985	
-0.15723667228299149	-0.2602528603756203	-0.47641772657924863	-0.38365639733437135	-0.16664447608703675	
-0.1588211891063328	-0.5217489495696427	0.2806300661366126	0.19221413245168556	0.8097877000299656	
0.2505255244875445	-0.5896236446091511	-0.532950008049406	-0.5554114679166383	0.3653114135747586	
0.12890664183931724	0.15824909347072327	-0.7768986556793162	-0.26053165598890315	0.16660783767066573	
-0.10313317992014633	0.4684896120321801	0.16914346799695765	0.33350675843379185	0.07185888452662414	
0.17095525590779592	-0.10936469486324527	0.19127922538752942	0.28828370552391647	0.1134013858887419	
-0.13686716164022109	-0.5000612420345963	0.17335357533958562	-0.01297953291880059	-0.5076980924758491	
-0.15375270781237566	-0.09310140098204958	0.4672000734452228	0.1934427713793022	-0.4094837441657892	
-0.08435147437378383	-0.25793521472461745	0.11172496852827576	0.23075745122759952	0.02961951072352389	
-0.5743055956161129	-0.24112907145128146	0.013572695013682329	0.4978846220501316	0.04052205330252642	
-0.11385013312197813	-0.24700179289736984	-0.24669331391375848	-0.13141043409779646	-0.3647717244275952	
-0.5620297483489696	0.12475362433734398	-0.25457661470637066	-0.21533639458003298	-0.10690283233869814	
-0.04742099584532974	-0.027678537695275385	0.18722527621673687	-0.864947451403798	-0.6236195481218497	
0.33437442867681777	0.08951552592698389	-0.5472238501069664	0.20214289744664796	-0.178502596046827	
0.23927763809935243	0.08822344417054956	-0.5294426256375461	0.6051501793336473	0.70742606602304	
0.10987163585068623	-0.18310079380916142	1.158201686370058	0.06990652870869153	0.08141124154251712	
0.12248111285427903	-0.6497462780680852	-0.4722169448994392	-0.43147668069680545	-0.3986246442838588	
0.28822121887982044	-0.09475530860497902	0.5301734454189959	0.09100350609351514	-0.77928491730457	
-0.12810750063829038	0.13191517968165953	0.0888051571656337	-0.1610090527502297	0.2807007719384263	
-0.9101192555525179	-0.18683692535810004	-0.125058488039755	-0.057197393202305456	-0.10240421404405643	
-0.1359620023830626	-0.48038172064010576	0.18773524463046584	-0.11330912009435483	-0.3361688272758144	
-0.7300064009056733	-0.4970392708238762	0.5006131585499409	1.1192188033196933	-0.25810302587158834	
0.3024961632804124	-0.6012217931484687	-0.5233087434108994	-0.17862405894948583	0.12662808725972152	
-0.14321429206964228	0.13162486514838068	-0.7525785637942406	-0.49674312114178387	-0.05504240536122567	
0.3528357680466591	-0.0008253622597036714	-0.07637340933231662	0.1933157392872121	-0.2706967717244274	
-0.39066584538346477	-0.6393395917341462	0.6088873307350889	0.19213153551782433	-0.30089342518348744	
-0.5687226630299315	-0.7491629821565239	-0.6208171219933599	0.004901144367147878	-0.21840086997640568	
-0.18896234007824875	-0.15622123610410488	-0.3611228158041283	-0.6567113864156898	-0.08652979135355968	
0.3201222110129467	-0.45300428768418954	-0.2634384223122788	-0.09530146810151582	-0.16278610022437026	
0.20808556797063993	0.1969614719329993	1.3200639297334753	0.9660808410657719	-0.1033497721736039	
-0.0947812280605924	-0.4524306338148939	-0.4364149094222296	-0.5780019090830943	0.5043508505632126	
-0.43899027282479053	0.359931047942927	-1.1866065665387286	-0.11680885308031339	-0.4558106714420247	
-0.45600248184527026	-0.6924264641896821	-0.750198708971139	-0.523383408054487	-0.3743591538569783	
0.01762796722667791	-0.6057997082630856	0.30744868176329615	-0.11662623368746221	0.319972078635598	
0.19625987310022333	1.0006429046054237	0.443056675623421	-0.29372616511136873	-0.10502274124074952	
-0.3594708918330312	-0.2165800982277784	-0.3073561724474537	-0.5006550616679379	-0.46992351291110174	
-0.5412796339244612	-0.06415182306003095	0.29696212204136596	0.6388266565288959	0.009791502116788727	
-0.6794921268551267	-0.4340080057441466	0.13370635604545528	0.18241724198201295	0.22979383621511873	
0.11885499511032209	-1.0226541936527191	-0.3960534522152627	-1.0525975333926405	0.10898530483070733	
0.16688259076565892	-0.3795574409637822	0.48350450599358513	-0.3950291175970189	0.19820264763076745	
0.11191055479571643	-0.49428404223231026	-0.4638756027402082	0.7131656740703963	-0.032516951729134345	
-1.1048163932884856	-0.9344775898861323	-0.1600032359236091	-0.018578127621977313	1.078310149158074	
1.0697862944460688	0.349874030635483	0.6115722616847096	-0.8578193384381433	-0.7436639539761954	
0.41508056065547844	0.33677304414282655	-0.5375959990740862	-0.3687175308540775	0.040205449055377485	
-0.09814870116373091	0.788362543626469	0.6636882029488829	0.6131390564293915	0.4338385535789545	
-1.1228954266582898	-1.4213459271805475	0.9331427845832979	1.0001016582173352	0.3007652542815017	
-0.37674501938404453	0.46309265201254346	0.2847347079495287	0.6752395214645157	0.6433352443535828	
-0.045473546444838975	0.28084069022416086	0.0958112675766732	0.5046625012081936	0.22280024088713907	
-0.0719394932852704	1.165987186855344	0.8444551583187333	-0.7210272557061992	-0.4491967530477938	
0.253008884109481	0.12805867630280146	-1.7204636909861308	-1.8016686986832775	1.5880798260097464	
