            A        R        N        D        C        Q        E        G        H        I        L        K        M        F        P        S        T        W        Y        V
 1 A   0.5261   0.2724   0.0056  -0.3038  -0.1307  -0.1261   0.8265  -0.4593    0.732   0.1436  -0.0489   0.2673   0.4594   0.2076   0.6564   0.2253   0.4771  -0.5742  -0.5782   0.4158
 2 A   0.5173   1.4032  -0.0573   -0.208   0.4187  -0.2844   1.6478  -1.7877   1.0365  -0.5559   0.1658  -0.5065  -0.0652  -0.0664   0.5549   0.3824  -0.5103  -0.0808   0.8949   0.0596
 3 A   0.0568  -0.2653  -0.3096  -0.0166   0.7225    0.024  -0.4663  -0.2122   0.0581  -0.1294  -0.2443   0.2319  -0.2381   -0.075  -0.2132   0.3871   0.1028   0.4821  -0.3904  -0.0079
 4 A  -0.9502   0.0892   0.1416  -0.5567  -0.7273   0.1611  -0.2636  -0.5503  -0.2108  -0.5286  -0.1028  -0.7539  -0.7439   0.2054   0.1505  -0.4493  -0.5817  -0.8917  -0.8289  -0.0405
 5 A  -0.2549   -0.075  -0.3455  -0.0139   0.3358   0.5339   -0.055  -0.1713  -0.1852     0.07   0.0396  -0.2159  -0.5382   0.2517  -0.3946   0.0644  -0.2314  -0.1895  -0.7662   -0.368
 6 A   0.0191  -0.3897   0.0591   0.2513  -0.0255   0.1644  -0.0413   0.3796  -0.1161   0.3043   0.0933    0.511  -0.0093  -0.1055   0.2307  -0.8477   0.6109   0.2789   0.6249   0.5825
 7 A   0.1443  -0.2116    0.269  -0.3619  -0.3308  -0.5932  -0.0802   0.9018   0.1749   0.4087   0.1945   0.5494  -0.1944   0.2621  -0.2572   0.4245   0.5603   0.7356   0.3089   0.2933
 8 A   0.2724   0.3258  -0.3646   0.0335  -0.2067   0.1153   0.5023    0.212  -0.2607   0.5107   0.2465   0.0791   -0.729   0.0184   0.1621   0.6125   0.6792  -0.1546   0.4965   0.4503
 9 A  -0.1473  -0.3062  -0.2177  -0.4449   0.1753  -0.5544   0.1272   0.1447  -0.8138  -0.1918   -0.354  -0.2591  -0.7983   0.0367  -0.1303  -0.1458   -0.309  -0.5858   0.0475    -0.24
