            A        R        N        D        C        Q        E        G        H        I        L        K        M        F        P        S        T        W        Y        V
 1 A  -1.7267   0.1991   0.5906  -2.1997  -2.3396  -0.0148  -1.7566  -2.8309   -0.759   1.1636   0.5546  -1.3527  -0.0626   3.4511  -2.9147   -1.643  -1.3073  -0.4106   2.8854   0.4766
 2 A  -0.2625   0.3075  -0.3269  -2.1039  -2.0905  -1.4749  -1.7584   0.0148  -1.9523  -0.4068   0.9288  -1.1402  -0.3983   0.4526   4.2818  -1.1195  -1.1293  -2.5529  -1.2823   0.1303
 3 A  -1.3632   3.9369  -0.7584  -1.5372  -3.2216   1.7574   0.0561  -2.2992  -0.4045  -2.3503  -1.1643   3.1652  -1.1189  -1.5868  -1.8593   -0.808  -1.1804  -1.7115   1.2309   -2.148
 4 A   0.1793    1.797  -0.7826   0.2724   -2.052   1.4919   0.4468  -0.3437  -1.2893  -0.9201   0.1051   0.5914  -0.5829  -2.0579  -1.8029   0.3015   1.1444  -2.5813  -1.8791  -0.2344
 5 A  -0.0919   2.5226    1.019  -1.5216   1.0802   0.7456  -0.7316  -0.3829  -0.8639  -1.2915  -0.6889   1.3696   0.4905  -1.4604  -2.1429  -0.6858  -1.0099   2.8034   0.3389  -0.6155
 6 A  -1.1007  -0.3027  -1.6957   -2.545  -2.0358  -1.5062  -2.0261   1.1664   1.7852   0.0518   0.9668  -1.5954   1.0652   1.3783  -2.7156   -1.282   0.1257   4.0597  -0.0413     0.74
 7 A   0.2708  -0.7877   1.2007  -0.8938  -2.2473   2.3695    0.643   0.4982    2.834  -1.1167  -1.3002  -0.4856   0.8443  -0.1713  -1.9709   0.2337  -0.7665  -2.1932  -0.6744  -0.1373
 8 A    1.891  -0.8564  -1.1785  -1.0887  -1.5875   0.6733   1.0898  -1.2994  -1.4949  -0.2399  -1.4352   0.6061  -1.0316  -2.3881   1.9766   1.0515   0.3122  -2.8729  -1.9341   0.3787
 9 A   -1.583  -2.4872  -3.0939   -3.487  -1.6976  -2.1929  -2.8458  -3.4359  -2.2119   1.7008   2.3027  -2.5301   3.2554   3.3289  -3.1795  -2.2425  -1.2922  -1.0673   0.4553   1.1376
