            A        R        N        D        C        Q        E        G        H        I        L        K        M        F        P        S        T        W        Y        V
 1 A    -0.06  -0.0225  -0.0173   0.0768   0.0743  -0.1771   0.1173  -0.1355  -0.1043  -0.0949  -0.1292  -0.1224  -0.1358  -0.1054  -0.1525  -0.0256  -0.1356  -0.1547  -0.0266  -0.1007
 2 A   0.0137    0.019   0.1526  -0.3764   0.0106   0.0191   0.0151   -0.202   0.0435  -0.0473   0.0361  -0.2945  -0.0411  -0.0395  -0.0047   0.1372   0.1682  -0.2237   -0.005   0.1714
 3 A   0.2416   0.2134   0.1471   0.1443   0.1893   0.2673   0.1018   0.2267   0.2308   0.3352   0.1189   0.2068   0.1391   0.2537   0.2347    0.121   0.2794   0.2639   0.1445   0.1231
 4 A  -0.0833  -0.0511  -0.0463  -0.0423   -0.373  -0.1945  -0.0628   -0.056  -0.1008  -0.2107  -0.1255  -0.1187  -0.3195  -0.0107  -0.1672  -0.1941  -0.1981    0.046  -0.1633  -0.1393
 5 A   0.1345   0.0903   0.1476   0.0583  -0.0663     0.15   0.1789   0.1519  -0.0441   0.0425   0.0964   0.0619  -0.1637   0.2543   0.1153   0.0987   0.1487   0.1315   0.0124   0.1772
 6 A  -0.1087  -0.0193   0.0114   0.0098  -0.1337  -0.0506  -0.1673  -0.0225  -0.0799   0.0535   0.0314   -0.047   0.1981  -0.0172   -0.222    0.009   0.0131  -0.1075   0.0127   0.0095
 7 A   0.1626   0.2553    0.125   0.2166   0.1978   0.2155   0.2342   0.2737   0.2342   0.2146   0.2354   0.2068   0.2903   0.2351   0.3274   0.3175   0.2601    0.152   0.1612   0.1746
 8 A   0.0986   0.1438   0.0646  -0.0298  -0.0696   -0.021    0.094   0.0495   -0.135  -0.1536   0.1565   0.1163   0.0352   0.0759   0.1411   0.0618   0.0257   0.1485   0.1297   0.0344
 9 A   -0.357  -0.6297   0.2992  -0.4856  -0.3481  -0.3971  -0.4059  -0.4294   -0.207  -0.3561  -0.3075  -0.3893  -0.3313  -0.2831  -0.4941  -0.5005  -0.3028  -0.3602  -0.2152  -0.2826
