            A        R        N        D        C        Q        E        G        H        I        L        K        M        F        P        S        T        W        Y        V
 1 A  -0.0481  -0.0419    0.036   0.1175   0.0281   0.0259   0.0777  -0.0447   0.0258   0.0013   0.0396   -0.045   0.0338    0.031  -0.0469   -0.004   0.0266  -0.0055   0.0242  -0.0114
 2 A   0.0227  -0.0149  -0.0188      0.0   0.0188  -0.0467     -0.0  -0.0464  -0.0202     0.02   0.0659     -0.0   0.0341   0.0489  -0.0138   0.0146   0.0625   0.0047   0.0677   0.0207
 3 A    0.001   0.0184   0.0983  -0.0073  -0.0113  -0.0282  -0.0232  -0.0179  -0.0221   0.0402   0.0081   0.0277   0.0001   0.0082  -0.0353   0.0168   0.0476   0.0363   0.0667  -0.0042
 4 A   0.0076  -0.0109  -0.0239  -0.0169   0.0063  -0.0072   0.0065   0.0299  -0.0002   0.0435   0.0222   0.0378   0.0295   0.0057   0.0014    0.002  -0.0311   0.0472   0.0321   0.0385
 5 A  -0.0146   0.0304  -0.0506  -0.0005   -0.002  -0.0196  -0.0161   0.0346   0.0015   0.0517   0.0247   0.0344  -0.0381   0.0507  -0.0085  -0.0008  -0.0042   0.0585   0.0545    0.034
 6 A  -0.0331   0.0561   0.0174  -0.0035   0.0457   0.0241  -0.0427  -0.0209   0.0447   0.0267   0.0244  -0.0035   0.0089    0.064  -0.0018  -0.0077   0.0312   0.0023   0.0322  -0.0447
 7 A   0.0053   0.0241  -0.0093  -0.0402   0.0579  -0.0026  -0.0339   0.0171   0.0024   0.0124  -0.0168  -0.0447   0.0836   0.0607   0.0201   0.0109  -0.0309    0.056   0.0386    0.009
 8 A   0.0229  -0.0276   0.0237   0.0072   0.0026   0.0015  -0.0292  -0.0291   0.0395  -0.0457   0.0401   0.0006  -0.0325   0.0951   0.0411   0.0429   0.0002   0.0097   0.0594  -0.0025
 9 A  -0.0101   0.2711      0.0      0.0     -0.0     -0.0     -0.0     -0.0   -0.032   -0.029   0.0003   0.0686  -0.0004    -0.01      0.0      0.0  -0.0167  -0.0058   -0.001  -0.0152
