            A        R        N        D        C        Q        E        G        H        I        L        K        M        F        P        S        T        W        Y        V
 1 A   0.0686   0.1248  -0.0428  -0.0457  -0.0338   0.0268  -0.0517   0.0077   0.1199  -0.0271  -0.0496   0.0173   0.1423   0.0624  -0.0296  -0.1115  -0.1314  -0.0263   0.1099   0.0119
 2 A   0.0417  -0.1638  -0.1631  -0.2234  -0.0487   0.2892  -0.0687  -0.0223   0.3228   0.0954  -0.1267   0.1079  -0.0205    0.239  -0.0237   0.0204   0.0864   0.3013   0.2383  -0.0037
 3 A  -0.0801  -0.0799   0.0235  -0.1364  -0.0851    0.163  -0.0311  -0.0123   0.1925   0.0534    0.061   0.0535    0.135  -0.0176   0.1799  -0.0617  -0.0107   0.0927  -0.0328   0.0077
 4 A   -0.042   0.0984   0.1708   0.0204   0.0826  -0.1483    0.107   0.0175   0.0889   0.1387   0.0812   0.0711   0.0213   -0.052   0.1071   0.0159  -0.0129  -0.0609   -0.085   0.0978
 5 A   0.0309  -0.2034   0.1087   0.0807   0.0996   0.0133   0.1972   0.0458   0.0338   0.1748   0.0349  -0.0086  -0.0553   0.0967   0.1041  -0.0807   0.1865   0.0713   0.0182  -0.0184
 6 A   -0.084  -0.0428   0.0488  -0.1802   0.1174  -0.1086   0.1011  -0.0397   0.1436   0.0053   0.2443  -0.0468   0.1294   0.1817   0.0864   0.1196   0.1164   0.0083   0.0273   0.1525
 7 A  -0.0236  -0.0946   0.0043   0.0541   -0.119   0.0561   0.2639    -0.01   0.0228  -0.1059  -0.0596  -0.0123  -0.0599  -0.0428   0.1334  -0.0401   -0.034   0.2073   0.2898   0.1414
 8 A   0.1118   0.0123    0.042  -0.0992   0.0042   0.1183   0.0481  -0.0607   0.1886   -0.308  -0.1466   0.1463  -0.0086  -0.0013  -0.0348    0.075   0.2252  -0.1538   0.0459   0.0556
 9 A   0.0689   -0.084    0.024   0.2078  -0.1034  -0.0484   0.0453   0.0127   0.0191  -0.0257   0.0355  -0.1468  -0.0346   0.1912  -0.1417  -0.0509   0.1371   0.5675  -0.0403  -0.1559
