TESTRUNID EPOCH: 15 L_PCC: 0.8526737970859757 L_ERR: 0.005667358666389163 T_PCC: 0.689464880355259 T_ERR: 0.013406783184047038
180 LAYER: 1
2 LAYER: 2
1 LAYER: 3
15 :ILEARN
-0.10728228178410446	-0.05501301206847053	-0.21246798003569306	-0.19289673762888662	0.07243360448465938	
0.1346102670048051	0.334374333134732	0.5533922131172964	-0.020646505153866013	0.007763346800671395	
0.04066434026609045	0.12452356398824488	-0.059109550053696516	0.0756234872781891	-0.3093087765395825	
-0.24684401267662087	0.15213222713176835	0.23648103807550883	-0.07192261228095326	-0.06037970218302424	
0.060148913735107334	0.0936523151438795	-0.12194454152902244	-0.08938030633489324	0.07527783045920766	
0.07892133270076948	-0.027947203845235104	-0.019702116672652724	0.04969135796214066	0.25348151903995486	
-0.23834416377987644	-0.24250335425687405	0.09157790603010038	0.006633056994603412	-0.10614999549441141	
-0.20153274484190165	-0.003185427419589446	-0.006544996520575971	-0.09634234453116164	0.050028862988993505	
0.09777221778129894	0.04963313087596788	0.0423710685871452	0.17716772766557706	-0.05296221214662007	
0.02688926691136849	0.1104149059633074	8.483410399829814e-05	-0.011477036133532093	-0.030319190508544914	
-0.059859303096106015	0.08563425818868152	-1.0184169868668755	-1.2796214540122048	0.030251098194456472	
-0.043889304519510335	0.041661807213861035	-0.030729366206996653	0.13951093703415618	0.21257256106551692	
-0.07953311423443483	-0.017188802436086337	0.061538849231603826	0.014611199684021109	-0.055706463920718305	
0.054951569272642505	0.032758929043957774	0.0029778224116617097	0.16650951189568364	0.11896328303587313	
0.18648001952935808	0.07429670559842909	0.13141692488389697	0.3362965958148781	0.01253914424355676	
-0.01860249484888927	0.24376747500430562	0.20101103705469112	0.07754441200374555	0.08274608019370089	
0.11616799023165292	0.08139864664058656	0.05018848680546745	-0.030220331604431494	-0.00315411761737285	
0.132264372797048	0.1608997508115627	0.33993585521681596	0.03268829956368963	0.024339144041824357	
-0.07705080540932496	0.08989785174141426	-0.0100175733040119	0.01567792287742635	0.07493082938464514	
0.08541534418909896	0.08067590411245076	0.014735897334457168	-0.03470099706445346	0.12916857956326425	
0.004589888967875265	0.07535270963470635	0.06891633296584229	-0.04465501255249141	0.08170703018395983	
0.024672023158360548	-0.21326323487256585	-0.021285510492606265	0.07895978093217403	0.16130965747803339	
-0.20315848835461198	-0.2539530443152359	-0.12371325393655253	-0.2426050286486225	-0.0867999654555875	
0.05109261052049327	0.13705750786651344	0.20391676908457604	0.02371576449944381	-0.10315088552829206	
-0.14208531611770892	-0.17170564823019666	-0.09433870239584108	-0.050757786479390825	0.15828785991084177	
0.12707807484360994	0.04409323068671535	0.12339929416327537	-0.07516533697601778	-0.044163264197772105	
0.11546916846506328	0.23387458396359065	0.0038739833282460294	-0.10976644492306797	0.060126534536123266	
-0.05340514523179592	0.06142103912375582	-0.022427871187165646	0.37826954705592053	0.47311394084871916	
0.0231433199454405	0.0009209431343808372	-0.17694163213796868	-0.18713389606562325	-0.09108962429104767	
-0.07850117417878143	-0.05485813227842906	0.04259779607653533	-0.1777976623200451	-0.3662828191113083	
-0.08560514406210265	0.09345526600005441	0.034513056738898325	-0.02726850677670381	-0.1194510395777074	
-0.055196853186698015	-0.06091410377813625	0.01627178545465155	0.03135486284927612	0.03724627529467274	
-0.13673703615736915	-0.11093481852764273	-0.09715875723406987	-0.11262938294863245	-0.14034754630558385	
-0.14396259176902024	0.21623030304170843	0.4536456042517628	0.021265892330666072	0.013770287417296273	
-0.03652751813556786	0.09772323088248977	0.1846203105075023	0.20077130691106856	0.09647191399784356	
0.16837874815657977	0.07743301934393973	0.01392050330699232	0.011584281059094018	0.11397227388247701	
-0.03891115581222138	-0.11883314228584207	0.05201744402130017	-0.08426053522800442	-0.04793698028429181	
0.060950912748669095	-0.1303037102698044	-0.07854976210806847	0.07134730627037682	0.18174364410255195	
-0.18496723592625552	-0.2681879761042068	0.07641396121273782	0.1013652521269342	0.08614427021198845	
0.11701611444441025	-0.4050802272205278	-0.5149810110018862	0.17016860674358533	0.2949807265504312	
-0.021462626585509507	-0.1384686225315754	0.08312126995325492	0.0283132417892675	-0.039862674248141494	
-0.0291929547027153	-0.006457756191065183	-0.030361405102904894	0.08523628534129074	0.08374668712672123	
-0.13189232803166953	-0.0800125593473357	-0.058407492496527845	-0.048457188584751024	-0.0813162289135497	
-0.012363469662277238	-0.0956950389451604	0.0895940422435362	0.2153392405642669	0.13085405533669694	
0.01834666242883371	0.08657806719788586	-0.1983959734754584	-0.11025497562575572	0.09568261220214763	
0.2615512593360156	-0.01766699359480918	0.02539729191629396	0.19171320412024154	0.2463708501299205	
-0.00802394683663861	0.009269363204074649	0.020955601291210706	-0.053955453256569204	-0.0019492954760144537	
0.019822061529175677	-0.025524152090027896	0.1420783183984373	-0.009795853830278707	0.09815005766677813	
-0.06374230182896445	0.038467242915812355	-0.027330208838770697	-0.12416559573380204	0.15463543463562784	
0.1861863999600111	-0.011183179442399905	0.10739720680594883	-0.1865194106974782	-0.20734860002689506	
-0.09991959502172852	0.09535182980621193	-0.02468393705084511	0.09475670767166453	0.11424668902719949	
0.203779109736632	0.014942300941620454	0.025615239661470085	0.09744883462197333	0.21234635666935256	
-0.03273363899494352	-0.06339368313414588	0.06584406017151591	0.06470976382664904	0.07289588601091998	
-0.03546380063265071	-5.1272120803442546e-05	-0.06545617103818126	-0.2741977600514482	-0.3456138265995461	
-0.010359429258971247	-0.02131277178882313	0.07213371288434325	0.06372181490249328	0.15158585297088195	
0.1230398421957552	-0.13915803283865705	-0.10187967612919738	0.26051640626890454	0.46870009354256265	
0.21787966192299024	0.2654009647624148	0.03254396247505245	-0.045958347594048446	0.0744408369012604	
0.25060943910405364	-0.06437325923002275	-0.04352980720079697	0.014497703438321269	0.04662850505750221	
0.2727411374246609	0.45025405507756494	-0.12385499188273462	-0.18823821852261527	0.014822992966701847	
-0.022064275620963757	0.06186710603988416	0.03523707751492984	0.01940371759059895	-0.16323475020513709	
-0.09166978094414961	-0.11113710603262082	0.1959484094022875	0.24535674765466495	0.03051160153652745	
0.133331438852317	-0.18437009134064425	-0.2647614659615893	-0.21349911539469815	-0.3282038169764365	
0.08326111069367015	0.08192710499031142	-0.1454177413497023	-0.2204579982194765	-0.061407453596177435	
-8.316586422278671e-05	0.03738507307202328	-0.07185701511589827	0.04584617709544199	0.2194949475126983	
-0.10153684433338096	-0.08635174795034149	0.1788621207349687	0.26593726536825085	0.15026561231401508	
0.2230788017695774	-0.06946567118136736	0.024361246348083093	0.14211741711912876	0.23688174329008307	
-0.028588643785545296	0.11881821727009707	0.08502981471339266	0.22582156360884292	0.061662156917176913	
-0.08874983715442183	-0.03512750805476271	0.07458447528002221	0.06060986099751797	-0.00580778427874783	
-0.22600282177151224	-0.2919568866925288	0.2022129006171187	0.2815758817868028	-0.16570295319862527	
-0.11481307406405716	-0.21210641065428004	-0.36226312642176706	0.18324249933987843	0.09012044230900265	
0.05404774691099598	0.04634572014790539	-0.1524457143054704	-0.20937472354295783	0.1712074432386867	
0.17954344199303343	0.1794128768267047	0.1521319049008939	-0.2429438302537797	-0.3135403936403721	
0.05090254521030638	0.16553207444718324	-1.5780235702706054	-2.3206013699356296	0.9134797766035121	
