TESTRUNID EPOCH: 22 L_PCC: 0.9293043719493727 L_ERR: 0.006733463600285138 T_PCC: 0.7955208906029262 T_ERR: 0.018359933137843704
180 LAYER: 1
5 LAYER: 2
1 LAYER: 3
22 :ILEARN
-0.05444823142415262	-0.12899984271742262	-0.07814283297063901	0.05907701386937341	0.1080204124510592	
-0.07941082192837252	-0.12173664018447382	-0.013151889041612252	0.0016189900206157169	0.0445949817857388	
-0.05889171787356813	0.16079739572231305	-0.13049610313556564	-0.04480371470474167	-0.22654144231099138	
0.007666051282521345	0.1297734178914194	-0.05540338345328011	-0.16680179170280926	-0.2604904188932396	
0.11251089603164921	-0.18187641585198985	0.0896212295990091	0.225910031585568	0.46077390706969684	
0.15222972230668	-0.4124645616521576	0.08941499551111093	0.16529586255972537	0.5441369962914687	
-0.08033063323338999	-0.015778474998989572	0.09157790603010038	0.006633056994603412	0.038375422790094676	
-0.03689687379878741	0.03730018553631673	0.06692513437947459	-0.09634234453116164	0.050028862988993505	
0.16373567381293305	-0.42601134654756345	0.13126291407265858	0.3277676321994671	0.5217597805260762	
-0.0007630402648768581	-0.04803321290516459	0.007181203265994294	0.02766049782436017	0.07603063624858517	
-0.11358769117548703	-0.020516265726704598	-0.06118864059217916	-0.05075289078072203	0.1003689367975665	
-0.1318644633892561	0.20089530970033173	-0.1512042963084397	-0.11757305910704671	-0.17333389983347014	
-0.12903613485732818	0.21500014219221042	-0.06950309861663412	-0.1694559352687459	-0.34479874911828934	
-0.025497412243786786	0.20618154242410835	-0.07682899081859483	-0.03523831354214623	-0.2297396195703157	
0.07575041974711356	0.03990693243914112	-0.09712895422688546	0.006237719415460052	-0.16169243773573475	
-0.11213390435910359	0.30557671410656523	-0.12431508809585474	-0.10607073122942776	-0.25886212371626965	
0.0770150094535336	-0.08235687047802741	0.06542543525387699	0.00011624456487724453	0.021985316296354633	
0.07917724363921338	-0.014381762025741013	0.09296800942967712	0.03268829956368963	0.024339144041824357	
-0.07573271280479386	0.05072319065624794	-0.0016159819960681445	0.031616518286779166	0.017976873334036136	
-0.11776015810461861	0.1873929821480678	-0.0928359164044139	-0.20890572570937682	-0.16100572426104007	
-0.03467101964558077	0.0054116204515218536	0.07718841986215491	-0.028546047999500043	0.08170703018395983	
0.06579992639951547	-0.40749062379153345	0.1924079911787739	0.19152719005741303	0.43544119705087025	
-0.06553189833093429	-0.07257285007422445	0.08651909260743271	0.03936363229798004	-0.0867999654555875	
0.05109261052049327	0.050775237692249287	0.08460490710929666	0.042304951725694345	-0.07514580760556706	
-0.07901794787191395	-0.18790413165449535	-0.05085111364880516	0.0064394222041919014	0.18580898644557964	
0.0394070317955823	-0.09549290164440094	0.16489674972970617	0.03731911084447222	0.0694018207477717	
0.054356406252129195	-0.18094113942557102	0.10632258408315451	0.03647727620295228	0.3659202326619422	
-0.04685549414167285	0.006383068987512338	-0.005115546010716183	0.09995387526725637	0.09660634102356673	
0.011248046798083777	-0.072708954867863	-0.08801646209755767	-0.07573130885185253	-0.09108962429104767	
-0.06339807248437997	-0.18103679859516897	0.08326726236158308	0.07192121241611477	0.017523249605699273	
-0.08560514406210265	0.09345526600005441	0.013620092383988425	-0.05934135306780191	-0.04953485108593532	
0.04876517081501858	-0.06091410377813625	0.01627178545465155	0.09400399781766247	0.06936576029800706	
-0.12847015182105653	0.39878753128829836	-0.14551392900787546	-0.17446408136945676	-0.5325796652523889	
-0.1886509997833102	0.1238406616102046	-0.17080881386224067	-0.19147148406326336	-0.24222753319418033	
0.014849914222679306	-0.2700728721253886	0.1454729888621406	0.16185457053955773	0.41360965367028785	
0.07735299439234403	-0.11292606281039813	0.02321936323535926	0.002071037621118067	0.16852112637401415	
0.0324935549075823	-0.08212792381004995	0.06550719290799271	-0.06864862979885417	-0.002909234151783822	
-0.03940831957471617	0.2816755810061496	-0.16484377223667343	-0.22980806678155738	-0.33036078203678465	
-0.21534368510294286	0.37202032354639725	-0.178110557898401	-0.2597461058458785	-0.39207625501516136	
0.12931367392496154	-0.3482777696599682	0.04717781121787583	0.16354041105698444	0.37448486221160193	
0.09003522384941595	0.011330637639031277	0.08312126995325492	0.0283132417892675	-0.02199845717175075	
-0.009337079094080656	0.05132500567125392	-0.0063373549588831525	0.06516356078203439	0.03874727334597545	
0.008488241856249855	-0.06559329370099694	0.015403774443583174	0.04162678678409957	0.16016745116306041	
0.021021626055152523	-0.18034684248836053	0.13909144172968854	0.12871209026055908	0.02524359695713355	
-0.05466426325493796	-0.05418691218666692	-0.0558826202236031	0.08038037295493586	-0.010498944917067453	
0.1376776957936018	-0.29532890602402445	0.20208258482074784	0.24543768732979113	0.4521394103147913	
-0.02640260182275102	0.09949179096572877	0.021895550806439873	-0.07445736497156913	-0.1066607919502958	
0.018954429487314777	-0.1445180849247801	0.027917874420968165	0.00414041239797816	0.11252614282412843	
-0.03508780498105514	0.05623042812736139	0.021466518459648788	-0.05211244905552325	0.07320328252080681	
-0.0883680683169003	-0.07251851757548257	-0.1210159384500134	-0.056742999386289183	0.06652745442940039	
-0.10259347781734657	0.030747077364572727	-7.780723485197537e-05	0.12299780209608567	0.12588494065055028	
0.07915560152984456	-0.1893282432283991	0.06758053354476694	0.020300202269931556	0.12776896752660946	
0.050004352740532	0.07166276728580848	0.05101643769353603	0.03961144968946059	0.07289588601091998	
-0.13297910041623845	0.3167856792919975	-0.20015682179357874	-0.27748037560563504	-0.31454655287310657	
0.06888063842101298	-0.357401952189421	0.22468914970247575	0.2378036410978032	0.5400685652878728	
0.035560178286862226	-0.06028602231457783	-0.014659798130393448	-0.0313307520451154	0.05952776079171332	
0.06968347281601818	0.015612670445336383	0.04426002858025971	-0.02531401738653722	-0.0038237410216275117	
0.04402835982397128	0.1260938388003643	-0.0037817570990832257	-0.07287162157935964	-0.1360473041566311	
-0.052451119871439945	0.22532348318770332	-0.08079193094878695	-0.16105831453675765	-0.286979658712013	
-0.13248498766410716	0.2199367958976648	-0.1857172634177368	-0.056735187760883904	-0.3318352512441736	
0.09669917160087053	-0.11987342462149896	0.1284137566531975	0.14863640423538924	0.16291791066865052	
0.012744693164682238	-0.174241151742714	0.0006434223770847469	0.09447803849835433	0.12351731244635072	
0.006142056337963838	0.21611945529002538	-0.16827702685612947	-0.2417066095780403	-0.24806318065476596	
-0.04352354949389479	-0.10867274173027595	-0.04477002573424865	0.02957336241376429	0.20931402149744183	
-0.01683025634649453	0.023337013431047243	-0.05326677215214999	-0.07960654811484053	0.00317140339370596	
0.07219128915471903	-0.34098778613028236	0.2018002056520545	0.22215558557105228	0.3925164508026531	
-0.07109089197506804	0.05030556342704878	-0.05559017204001546	0.0038703648732066054	0.05705920564432379	
-0.06327090429508495	-0.196263380948766	0.1563389815920502	0.17878259408484537	0.22304105954818135	
0.06678644231984	0.1204241073579846	0.04903446026527261	0.050750364208051416	-0.12525073341667603	
-0.025811569576663227	0.13820655509549437	-0.06168494662085731	-0.047162067816589145	-0.17450638577845323	
0.020469099550405073	0.10178871960491824	-0.09986514943805347	-0.12854535877913142	-0.07133091231805261	
-0.03991487890702255	0.08428210427214748	-0.04034387818834163	0.010121176184975255	-0.03574809493570399	
-0.08183815792102993	0.11878333214786092	-0.011284210032572519	-0.12943843768211805	-0.138918115271284	
0.012535785276813148	0.17722097498826403	-0.02875954923318625	-0.04625778513881181	-0.181828489303099	
-0.06422914820463939	-0.027327140745723892	-0.1311612470194081	-0.01951268981648916	-0.11638173990019586	
-0.007192949192706777	-0.07914343267884225	0.1000421396709066	0.11380896087061039	0.07985124773223536	
-0.013682990693685988	0.013130567167649428	0.10419868756787304	-0.05325656488748343	0.024193489005978015	
-0.04756538324541762	0.05003448265959856	-0.008604934512861442	-0.088614112317781	0.0017032481220479179	
-0.05760796707126481	0.05972084895204205	-0.040533723698545555	-0.09447879760909927	0.018686489892924207	
0.04697117787185533	0.03352620609764393	0.015059509043396455	-0.04392610085343171	-0.05636828984940229	
0.09188686421235048	0.060792178299729355	-0.09353538667528521	0.041877450246259024	-0.006999703687298783	
0.09095581076499437	-0.06659489464405391	-0.0419491828686508	-0.081703464787706	0.01026575584123078	
-0.17251681624371945	-0.11503371307796416	0.006550940059966627	0.06611096450984624	0.19073066081325976	
-0.031509176031296035	0.06917029660553553	-0.014246245000111485	0.06480197408246377	0.02529923172485876	
-0.10336543246179095	0.09970662502243094	-0.1806627037470108	-0.20304088632089604	-0.25652235265683576	
-0.0336096745723477	-0.2998953519375272	0.16283646006654026	0.10788186848846973	0.2997090078353332	
-0.0018002667113283493	-0.03860968583148106	0.021740026820043248	0.020148190181317537	0.1207787333465234	
0.015532626773126059	-0.07057855228377846	-0.009298471493270736	0.16601949874225275	0.13905548450172486	
-0.04336404296183225	0.16726771334526663	-0.1312619002180647	-0.3080952242685084	-0.21375845093508056	
0.023216444557116533	0.2374817083291694	-0.03244050457945032	-0.2323649037925472	-0.4032112956958008	
-0.02606886060255186	-0.20413227336709136	0.18570430072837885	0.24854350078954437	0.2998798919679152	
0.054309359572871266	0.007274237517824361	0.009744640438793662	-0.013714087285131515	0.014648686880804911	
-0.0761085899332542	0.06252211760656576	-0.07064152531655138	-0.04714050345461987	0.06381783572670616	
-0.1320623518988657	0.31567675170867715	-0.21114957833941803	-0.2191843753267556	-0.2756114628138119	
0.14642902831074342	-0.37152087881596274	0.1426555260194072	0.2193912553184758	0.5125456418832761	
-0.05613801869314653	-0.12456818596613242	0.16849748227065012	0.018767335497680806	0.22908833136196696	
-0.08659257128778493	0.26816275633461023	-0.1001548826928602	-0.11218802180564906	-0.2810082100449231	
-0.020055090162314784	0.13451522681361966	-0.19500709862878815	-0.10686082203846059	-0.24710096448895305	
0.02334931381896528	-0.00711831082085128	0.03281628576912404	0.012308284093407212	0.10000951663888821	
0.11582010479324024	-0.031482275047322594	0.13932748500542447	0.16870520596819621	0.10287601844302015	
-0.08250355808928184	-0.054538052743062254	-0.03712467677718992	-0.06504682472873768	0.02141883239449209	
-0.031316748936849506	0.09867863649731547	-0.08327996371605445	0.0001689251022498439	-0.08125730344104136	
-0.034794174563056335	0.11978570850787196	-0.18178003205376855	-0.1870015006306733	-0.20291849499727585	
0.0465254872533035	-0.27117199976519224	0.06133743737404589	0.18592996471076761	0.4515720562953161	
0.04753633259142696	0.08003784490194579	0.0589856886611682	0.03405357843201244	-0.068814283762963	
-0.07453056139794585	-0.05946018182520094	-0.04764845556799438	0.00365582489512358	-0.07108734512777455	
0.0885347943405947	-0.03594043227281777	0.07831057912593539	0.03342224921334629	0.019848154144153786	
0.004189974006831659	0.10658543346374755	-0.04630261278349857	-0.14527241948086633	-0.09623175316615137	
0.04433245503300426	-0.21184451382188893	0.11080244028993563	0.16394899134330476	0.26303799569696157	
-0.14530273645951788	0.22304194188857557	-0.11668233458258208	-0.03859267009658901	-0.23239106304384513	
0.04808343937533707	-0.5172755813666617	0.25521470844514194	0.2735283676223931	0.4572047835612496	
-0.04340473212572094	-0.022514718418660002	0.038115008163024544	0.04122756013950569	-0.1008633562511636	
-0.09541697373552366	0.0038164644423978877	0.06199774213248327	-0.09747924659402474	0.0344939689307468	
0.007661743599156258	0.10265342933151628	0.03542585737267663	-0.059781240791028346	-0.145371277263152	
-0.0031143108971248834	0.07186356121952	0.0660799140074679	0.029830839422495592	0.03473968477972633	
-0.04901640704281023	0.0585909864589224	-0.09045166384052422	-0.06588999581221923	-0.1257515254589723	
0.08562873879499967	-0.15626938371173796	0.0892874797118754	0.011900687120769827	0.17348914849000618	
-0.014452534132784758	0.061539681822441905	-0.02929302746640193	-0.057261352474083774	0.053456901684353325	
-0.13295402745242055	0.06889330869364262	-0.05410112178485287	-0.11314509551973893	-0.12109463838101626	
-0.07554111270066172	-0.023844191568298832	-0.05518520502238318	-0.13124941834498355	-0.14549118018716142	
0.0349128047526821	0.05995530737947727	-0.08389409457432283	-0.05365953790284159	-0.05847486763923713	
0.08346671261632613	0.042262903627297344	0.010776922210282855	-0.039096402415875954	0.0669708095263597	
-0.12755739900008023	0.15144991882379366	-0.08811002527979928	-0.13188592783402536	-0.2653194778509809	
0.05330750721564671	0.11765013061147706	-0.14302951322384683	-0.13491330994193249	-0.26554035567748746	
-0.0387329952961526	-0.16445856947696452	0.01384343376048529	0.15075481185423753	0.31516700912685425	
-0.07895227634062664	0.07378160163511738	0.03660890604627463	-0.015580415767804499	-0.013846503840777218	
0.00625400569434128	-0.20168794141017768	0.20957301681271923	0.1422865615752595	0.3556700224655142	
-0.025863875375309892	-0.23923529621887818	0.09297917621291835	0.18780793658674413	0.3784811784906798	
-0.08397927123879015	0.08092620058724859	-0.02596916448925235	0.006139487695227902	-0.0011767468207349863	
-0.07500700623873442	-0.09176436383405343	-0.0844236073283676	-0.0030848288558631824	-0.06819435502732038	
-0.004363841982658047	-0.24901265021490163	0.11060931356151542	-0.0014012049462462529	0.30354961195080515	
0.0014434276024222598	-0.33088826879921673	0.0777262627453471	0.29939509455402774	0.3873924915048743	
0.005580795681625325	0.04801550863181431	-0.07001370301654881	0.010217434837394346	-0.05667655833424412	
-0.04523491802994136	0.2099673616442057	-0.22343831011757206	-0.1470969890392321	-0.23627379085310604	
0.07658815617463104	0.03344673222870522	-0.011608412882095418	0.04475845622944542	0.0025675594595178613	
0.1570837382931146	-0.3016701015017934	0.0479195874389747	0.27023833000231595	0.4050599328534158	
5.327783726496131e-05	0.17983361306044215	-0.05548556517233914	-0.06610609766053016	-0.23441461860807375	
-0.021455422331112924	0.3173996056936412	-0.12244948712644854	-0.19150467339221888	-0.2869576714426892	
-0.15778846643433073	0.3450357818458204	-0.06401566418905305	-0.2517424335369613	-0.48956712493623167	
-0.05594320244125448	-0.039580653741980346	0.07660570171276684	0.008633286047618899	-0.042657670078713884	
-0.07232906204141071	-0.04197110737909167	0.02277421794825052	-0.03517229402051068	-0.008527963661800309	
0.016677215294051057	-0.08914676021806595	0.05650948477981287	0.06668369684568094	0.23953208199325243	
-0.1052512848214128	0.17558274698366458	-0.14809009546542853	-0.12717363342153112	-0.21580551614050836	
-0.009701658036650697	0.021958817099713205	-0.0009323770375788566	0.040767260188798435	-0.04831154319313077	
-0.013403698606470366	0.08186239773098733	0.021095800206186927	0.053354917447420436	0.0009401216191788631	
0.014850170448225916	0.01655953923160342	-0.04000343925414055	0.060788622170260875	0.137656577046682	
-0.00978886943674002	-0.05076594074520556	0.05972862385796279	-0.06317171041289933	0.0647207278175656	
0.008052188079379977	0.08976725765604393	0.024867340480535183	0.06759559240954588	-0.09841342476109538	
0.032705825331826116	0.1874703229679945	-0.17321661291537416	-0.1099503042537069	-0.4537102145804845	
0.1210136568466096	-0.2745313536338848	0.1326280801396625	0.15178982647626704	0.5058014734857176	
-0.08732772456376102	0.29666686563027794	-0.10234074423961367	-0.1760723546751241	-0.5407651563119545	
-0.041650939930542925	0.05070008152183957	-0.08155217175842253	-0.08654631067790956	-0.11708186840316091	
-0.10290093383199388	0.2214949602380397	-0.12222156340446332	-0.1795245709507979	-0.23819267340483838	
-0.09723065581332979	0.03935415543822135	0.02637984941084301	0.052373205225512726	0.07489600790808615	
0.11052301212612393	-0.21238251147126624	0.18484552975270788	0.15396632313277886	0.37065783204984637	
0.0474914595486563	-0.5795087620372529	0.21732299432567173	0.35759041428074684	0.6838382434036768	
-0.034127843406576465	0.0697839575041711	-0.04882537211777712	0.06889868931707799	0.09124427677819372	
-0.024981796321217803	0.07149689981671933	0.02391734787371476	-0.04959338397383213	0.05857113559537752	
-0.005355700308830397	-0.1706587178788895	-0.00481106446128789	0.07801480212833696	0.0866078215588263	
0.010518211438329829	0.14049191202715233	-0.09904885209372677	-0.14839707565876867	-0.20352415820933137	
0.09355123473429583	-0.12960466229587872	0.05620141713779836	0.12754696971565738	0.07648773975600795	
0.12860221916257022	-0.37389947542016394	0.14477155307590475	0.22341174723897755	0.34640219495462554	
-0.09724649748845665	-0.016655207525860777	0.0876963783713468	-0.03139437803391869	0.055948859096520004	
-0.06505273743451852	-0.031609432739509516	-0.07108045583238065	0.043354162829275206	0.03986152473936283	
0.04522284884948521	-0.10464858071901602	0.05841395592412374	-0.027282081993117463	0.04397743774043929	
-0.025615575666462553	-0.02893841767597556	-0.08846903855174873	0.02632932537318794	0.04146332053633989	
0.10616563684308286	-0.5033724360463964	0.14345433997948734	0.2482006390754505	0.6983961448835182	
0.14435044112501116	-0.5075645111908654	0.16941744690821692	0.253284154109389	0.5692428265107499	
0.0004405938044517426	-0.5166494631296428	0.13809163524859752	0.36020987368512947	0.6766936855911224	
-0.12325502663296997	0.39172397472057463	-0.26369118728235486	-0.3506011901387924	-0.6263095443699789	
-0.046940110050063696	0.33727344103550916	-0.18390766512968404	-0.3333354718809136	-0.4462544167670562	
0.09731455591737631	0.08965983481453302	0.029017128052088725	-0.06965502579360527	0.027825369743981004	
-0.05982865138729739	0.4664083409450329	-0.1951290677586202	-0.2606553363351176	-0.5453918224841908	
-0.19211671172203643	0.9408334232035711	-0.41698287793592936	-0.6986159672502363	-1.1429647972737573	
-0.05602667093916295	-0.3234951031379966	0.08001049683565707	0.06450171983452738	0.34585933077150255	
-0.021606140367809182	-0.4711788477524799	0.08587755036292402	0.3153194340670153	0.611849452464916	
0.027086333560548636	-0.34605465658272494	0.17653411855752996	0.15289931194669124	0.4521876401938594	
-0.1434975930905037	0.7685484578094164	-0.39295021692773224	-0.4588968420130886	-0.9301115912209328	
0.028234523221737487	-0.30237124240927443	0.16899055114625747	0.21688443684966252	0.5074421681942877	
-0.02712438592635391	0.0548820266672079	0.010553519309978499	0.07782621782149657	-0.02900942977008561	
-0.21029957292413065	-0.26184447974856373	-0.13311784595308912	0.06408902966232113	0.36135033034401415	
-0.45985966487852104	2.4894594057815227	-1.0667130834042093	-1.5147152825455215	-3.126926241912116	
0.5564116476092218	
