TESTRUNID EPOCH: 14 L_PCC: 0.8739145498932377 L_ERR: 0.009877604845136771 T_PCC: 0.7903050922103539 T_ERR: 0.016029211537724776
180 LAYER: 1
3 LAYER: 2
1 LAYER: 3
14 :ILEARN
0.04405703050298986	-0.15856730927897464	-0.5978856976856846	-0.1477160938805692	-0.5995987562049869	
0.22521325546774337	0.07792366796923711	0.5819644156335376	-0.25040592696686353	0.7397506588600754	
0.9883382688303065	1.823403039571452	-0.12124506196631128	0.04652750238736244	-0.38082188361971026	
-0.10734767543977788	-0.11281261172033943	-0.00628881433384279	0.6786381538245049	0.8485417062626063	
1.0606243881263397	0.006243681533089077	-0.0220481170921272	0.46709088396070536	0.2061300186617017	
0.2001156455710531	-0.0421474405480686	-0.3037252415857773	-0.28389154729833704	-0.005867219772704643	
0.049641541204713056	0.12113742912599137	-0.22079583832001118	-0.3405536230382799	-0.4904245509511127	
-0.6610039926117913	-0.13768025986446927	-0.5067559670771279	-0.8985911264891486	-1.0830674666519706	
-1.0967066225476034	-0.720954290700862	0.8564705513240497	1.2544875742781412	1.605196005164871	
-0.4288985315470187	-0.3057428778549726	0.3233459518855637	0.01729440960750688	0.2253874639369159	
0.1869214430006133	-0.14878978966262213	-0.3419111746523786	-0.21229272964751666	-0.05254082433815228	
-0.1066974069744428	-1.0816976906203335	-0.003919433604962118	0.2570265948321262	0.07784089705482938	
-0.32645415645833	-0.6085434406185777	-0.1546190854163718	0.2709486166242203	0.3203802668455745	
1.127791905074894	0.8238919334287461	0.7793912544171697	1.5885066585394851	0.2992737550454677	
0.509521125837738	0.6093878302108515	1.0485498405795597	1.6015021197115769	1.6792814791635324	
-0.5654055574558814	-0.4710869600509214	-1.4714946624688823	0.050162420627231114	0.0451995970700903	
0.07666121824116198	-0.03954281565142201	-0.04918539563666504	-0.12499297072560847	-0.04601442164699479	
0.07917724363921338	-0.014381762025741013	-0.45457336756870964	0.34823010573234425	-1.5138441981919344	
-1.1751180992271462	-2.0075703672847487	0.15236601780615663	0.01567792287742635	-0.01837263944774377	
-0.05259460395139446	-0.13997004898748758	-0.40718356857545696	-0.6509945117504327	-0.023046517322182502	
-0.07899033454034887	0.012915007162745231	0.8763337009518892	0.9861766163314042	1.4497101828877628	
-0.025676347312124502	-0.03500777337810666	0.2560058848578848	-0.0643716747432877	0.0811070072786158	
-0.9538884550680747	-0.07205276701454913	0.09088196948811744	0.04459876546572267	-0.0768261181530483	
0.0628127268788278	0.06730252500578623	-0.2799376723383068	-0.2181650265180349	-1.0508968686758253	
0.11086521553735212	0.22692184521115924	-0.40154485015125857	0.17844723354051445	0.44046918526238366	
1.0753081286274866	0.3413355669367524	0.5398631592182691	0.020606101578827068	0.10977752488531817	
0.43036694833448175	-0.11872167214855725	0.12031168412796822	-0.07682673028912973	0.3841418684526249	
0.09841830079347606	0.1683177215548841	0.3029201673941732	0.46657491902051634	0.5798385112112101	
0.4721207378080772	0.3854918355462223	0.31974346478299576	0.7762501116182366	0.297842048583454	
0.3229352410298275	0.7938330491070489	-0.28751478411839604	-0.6860816423851663	-0.4510035908649197	
-0.28035983936613607	0.3981720131900055	-1.3752891940536998	0.4706447877340816	0.5641192234642323	
1.0646913246168934	-0.676490310604826	-0.9011265828928897	-0.5411700635191852	-0.09549002973382278	
-0.4952743662540745	-0.14514333330691953	0.04774455959486469	0.19356286805893355	-0.5129737149801138	
-0.24032839643444542	-0.15139802558246712	0.1102275440757091	-0.03598500305444674	-0.017839857055194044	
0.18874761336383972	-0.21635861757986913	-0.34584017072098433	-0.8502494248597208	-0.8105292807176865	
-0.6716846438885063	0.44245767107114425	-0.32939986600595766	-0.46142489554653043	-0.4025928521732137	
0.2010888401458443	0.086752793176147	-0.3325025479600715	0.05078357085890158	0.017265575292063552	
0.42993159874022646	-0.33468175347495155	-0.1484136876683089	-0.06975065661379468	0.2980388154267807	
0.14067832577578562	-0.705051163992673	-0.15565806525910766	-0.11741359594439366	0.022394195727426937	
0.26080847785362377	0.11232341145159677	0.2413752496784803	-0.05792247822006097	-0.05761814484335778	
-0.042666618833965726	0.10083853560753561	0.2760431397957598	0.04045749006980707	0.018726727823043153	
0.12306387601738333	0.1260122992379569	-0.2362018010817484	-0.05594359590317455	0.5510133051727842	
0.10426017323778007	0.17808948801460014	0.16841811526677608	0.4303178101250989	0.7369585658025595	
-0.16647158134713824	-0.04151400215311077	0.09566302003423761	-0.11429688179148723	-0.13330766711590156	
-0.1544160448413416	0.4933845663331963	-0.434368037090371	-0.274486740154244	-0.34894784415830177	
-0.05858419492114854	-0.49114506045703177	0.42701135876399904	0.25913659035676756	-0.00018862615142851296	
0.10673745177654251	0.00831133340471343	0.04937400635344886	0.022425336468345686	-0.19746480382979378	
-0.16785208220779416	0.4923863928995558	-0.09127442486009907	0.4826500361166256	-0.08623604371210994	
-0.23712602882166245	-0.19972893647425397	-0.017803070727603832	0.021331591569584765	0.1518095960594397	
0.2385307049756803	0.07017336734674162	-0.08692017640920914	0.48660058387962296	0.09147913246194915	
-0.038771767507788456	-0.1454978761861646	-0.0246566517336837	0.07261445244199867	-0.2614564780148806	
0.19422394066781923	0.05805615341699345	0.12850515927603093	0.1469070104318676	0.12490646795045374	
0.004910358381830046	0.4116421136831248	0.4235814204243351	0.12195662710552779	0.28043569685897396	
0.15931426984724392	0.33207073944985427	-0.3674376200247915	0.21009496027768676	-0.35449600640152884	
-0.07154602331169317	-0.34732091184614977	0.2358410194490649	-0.21110747866352383	0.35725379406391816	
0.37674167225583416	-0.15653668095052098	-0.17896740932083058	0.050739943686943914	0.1868826127062856	
0.04847545069099797	-0.21948342133332566	0.3868973530029338	0.3051540356564052	1.0633156208431025	
0.2604845932885613	0.19966504889839953	-0.2746169460660477	-0.4107790713163231	-0.5745718119106416	
0.4794479473584008	-0.2531504339132141	-0.3460401124410013	-0.20821178487444353	-0.3144152291778873	
-0.11164987993396511	-0.03469292079470687	0.09752854967005399	0.5361253073931158	-0.6031941570160272	
-0.24278085411416242	-0.21888504993136054	0.127443397123213	0.4262129986625345	0.4049905022940162	
0.6325753844474696	0.026386454453659156	-0.027416935877266457	0.17923795343530638	-0.13951819164928386	
0.21161735200881018	0.31850652376905736	0.15338623930900222	0.44625750226385846	-0.021205128594475896	
0.30696963418188133	0.2943811896845426	0.09786795827803717	0.13355457186390948	0.4562223565974243	
0.8260689048418737	0.2619924205081913	0.16590648360082227	0.9204831454534843	0.12247149609689145	
0.1760069895636045	0.07215952082661942	-0.45570352772990885	-0.7043095193681448	-0.0920301346839227	
-0.12051236227439413	-0.15272449738483265	-1.2052752113050518	0.2983183775375869	0.2934321688454712	
0.7204263829775283	-0.5027875037814938	-0.4546535239283489	-0.7445086373592358	-0.055994002129154334	
-0.2912611044814229	-1.6630735035932733	0.35506661639100773	0.43528501204964454	0.621346310704838	
-0.35198366386925345	-0.38596753507054693	0.306239073958985	-0.049341440556177785	-0.24509394856427738	
-0.10673465830848464	0.10267027863159969	0.03879034509357941	-0.13560884681747457	0.009801113400274338	
-0.046507064104409655	0.32332557283822805	-0.14409628725231374	0.3538302125246529	-0.13971867734000018	
-0.538272163900841	-0.6521532635940159	0.5971219544699802	0.5844337587532104	0.8750701223483336	
0.29713929101677783	-0.01794423922682491	-0.20116055598416233	0.3602493571379954	0.15090611479138613	
0.3311293124702305	0.17059744283087463	0.009265124550026841	0.175205688620857	-0.09413027118203725	
-0.0854010811197927	-0.21551176456104423	0.2973614531282418	-0.02865960073867199	-0.12046055689390332	
0.05707228574471378	0.031576184113496844	0.3083720756018279	0.5357879726692306	0.08023011472435938	
0.06250571333158489	0.4476584722423534	-0.05788339469564289	0.01035450925148789	0.030578906517200022	
0.23960022800614883	0.24438357438191463	-0.2940164848676168	0.2310480143044627	0.5560178436774043	
1.24424503579007	-0.11071324336548667	-0.17099400735701503	-0.16935232939381348	-0.3515094820402506	
-0.6807443761047945	-0.6492356449220681	0.09422333279103581	0.2027812472052196	-0.4795300714400328	
0.3355712129527018	0.3381188782939328	0.015186946569951563	-0.3010941829340437	-0.2989044786632941	
-0.17899194782241568	-0.10482804111311789	-0.03632682530376557	-0.7728066275340181	-0.16553825106458137	
-0.02450206976073921	-0.2779298306895472	-0.237922597114172	0.08184865269168722	-0.05164501883753546	
-0.21938716622247934	-0.5892580370783275	0.16272074532260217	-0.019286565550623923	0.07973863097293796	
0.48129409650302823	0.060488972470121555	0.47862578316418836	0.1990547092959707	0.453584781665486	
0.4012094808569249	0.6228778315931829	0.23031993269587267	0.4989296999347982	0.2101687877809738	
0.21324882244026377	0.47449707907632394	0.06446925480428792	0.1394978178015366	-0.22609858691257056	
-0.3031749466372891	-0.02412257921626317	0.0431092274893373	-0.6037802335160944	0.1954527002412737	
0.15933301481824655	-0.04373314125222967	0.026921756872572353	-0.15180434072810764	0.6328195019962083	
-0.3557636878163573	-0.05835042425011196	0.15450889745213842	0.32625913829092346	0.39539933318727666	
0.22966347734839804	0.36141031569131316	0.3741131785105561	0.249709525171273	0.02153539846495561	
-0.10804420237083208	-0.5537618930235962	-0.09745466737646818	0.3001001115446015	-1.1743391267565764	
-0.4662356594210082	-0.1811875095014251	-0.011167699775956282	-0.49185843767361836	-0.8088205427646018	
0.4630698556471249	-0.14754538483768062	-0.25727738205219064	-0.38459003615600107	-0.35841350580736037	
-0.6398529600734318	0.11012933835815063	0.1958128654428154	0.03865289838214878	0.5104640910591903	
-0.7345963863176425	-0.6624375277026093	-0.9741127434444965	0.593527593059631	0.6960651577338722	
0.8888747428557346	-0.04198062966251484	-0.09813028440669685	0.01535118699741815	-0.03771115717350744	
0.0034535197002259627	0.08328117061077955	0.3161367994392366	0.5868329688533241	0.9882813413871876	
0.08637222332730812	0.08737367626181874	0.06886598971314264	0.0840413028611321	-0.05441994200973661	
-0.08250355808928184	-0.054538052743062254	-0.03712467677718992	-0.06504682472873768	0.02141883239449209	
-0.01728271699976773	0.06327030236544282	-0.9202700685616265	-0.8065687418419899	-1.2372569796047252	
-0.314079191329864	-0.9177380056660219	-1.2347551407669968	0.7762382123748808	1.1142679012189072	
1.4170541021977299	-0.2816807109929688	-0.3532822423343244	0.5337860341429264	0.7204493031057314	
0.8887807474100967	1.1410006922330254	0.09519781366618099	0.08031251693386426	0.019121586720529105	
0.293429170100827	0.5187268495080378	0.16095785946189384	-0.17323353406717673	-0.2679817906271422	
-0.2351624169562327	-0.054404411704145804	0.11084813350396411	0.0903539991972068	0.7334701256435323	
0.8377476101980842	1.5030567279808487	-1.023313837185791	-1.3005072456381432	-2.024104341542906	
0.05010982863581794	0.5200095581798764	1.0421568623470672	-2.061943569732667	-2.606072371417451	
-3.274601037105665	2.0358778267877646	
