TESTRUNID EPOCH: 21 L_PCC: 0.8663049936090109 L_ERR: 0.011293175919095184 T_PCC: 0.8215267449380321 T_ERR: 0.014812639765807788
180 LAYER: 1
3 LAYER: 2
1 LAYER: 3
21 :ILEARN
0.03938328070601384	0.42759380269505076	-0.26949807748786814	-0.19576063289688106	-0.31924548063147773	
-0.12526001540986384	-0.08437462220851484	0.28696039971749404	-0.005203205814139113	0.4363038189242533	
0.7022460463574389	2.0904503828259906	-0.20779917766779205	-0.1814006747723767	-0.15636457490287303	
0.1377793753160205	0.3092815785460187	0.3716382515495821	0.37018097165263153	0.6066303122614365	
1.2330596109380925	0.018606716334008004	-0.1679753135691368	-0.06419589381734038	0.1050030291650188	
0.1224091787969642	0.18131635449205696	-0.17216591166847198	-0.395383320293718	0.1623194019274804	
-0.304647280486509	-0.3229419899821199	0.035029883390593715	-0.08228034377226276	-0.29521311461745753	
-0.06720590263609637	-0.27517779040194057	-0.3259532730117579	-1.1256963538089289	-0.29461593992636703	
-0.5931825453678228	-0.921588797643332	0.32520268343619624	0.6682746676832816	1.1686601364601394	
0.06276335161841659	-0.2231330152232925	-0.09849193965497306	-0.057876023295620305	-0.01447527529680601	
0.20385429430479146	0.003680178278508383	-0.05068265396341945	-0.08967635638823268	-0.10674989205324781	
-0.2944923175801137	-0.8911507104669828	-0.16268346811839085	0.057547304107120244	0.023116967344535284	
-0.18036243283483583	-0.13680442686182243	0.4177670620315805	0.11524974615157457	0.05269416410130608	
0.44468484485150367	0.579647725383536	0.5937416571438104	1.3950222391426754	0.1301439409947272	
0.17890949075490095	0.32647112472797096	0.3002042076686629	0.7784070100650888	1.160374171461301	
-0.37033597526657025	-0.34456903135653466	-1.0553656610992954	0.050162420627231114	0.0451995970700903	
0.07666121824116198	0.1016969328653454	0.1848840571446934	0.19001143260126832	-0.04601442164699479	
0.07917724363921338	-0.014381762025741013	-0.5708217572675226	-0.4062714779374132	-0.6612181827982985	
-0.5198355177163563	-0.8456454007486333	-1.4983466656867364	0.01567792287742635	-0.01837263944774377	
-0.05259460395139446	-0.5004239833502758	-1.0401054884961987	-1.3764155547592574	0.18073921451918218	
0.15689706417350094	0.3554168229187593	0.7853853157289016	1.176294758373462	1.699020407038289	
0.16660876553930956	0.1514361872879834	1.2617897334665182	-0.10857065981318235	0.014265015047218887	
-0.21523577736397134	-0.07146169532417743	0.0889390187341289	0.048973447320641315	-0.0867999654555875	
0.05109261052049327	0.050775237692249287	-0.12093454639820787	-0.2514002253778009	-0.5123589353804455	
-0.21774796360296278	-0.22183741271119234	-0.41646394455775526	-0.03781800722804021	0.12468317922302513	
-0.24638310775946984	-0.1358298812420256	0.014037012464072787	-0.5537306204829012	0.01656581639062495	
0.17868087478388472	0.999646424520409	0.18181486929960763	0.14512498411814326	0.4985466748147473	
0.142508760828785	0.3426305341927192	0.3117993810371872	0.3438871744996145	0.5426560945096436	
0.9651819538370423	0.17700113484311494	0.5465472749251422	0.46888391012284847	-0.06300875145166994	
0.07684770482598767	0.1812239336976554	-0.07383236451486412	-0.14998587585212889	-0.3866087106729985	
-0.44599065092379614	-0.11942647596719598	1.0640846536169417	-0.08187222029252536	-0.02626462661932986	
-0.6565979923408033	-0.3644523089263001	-0.5147613234232242	-0.4824258393082527	0.1639196919268431	
-0.6360788585219055	0.10337333053545868	0.040874047254022716	0.15245951303897584	-0.023944133793514608	
-0.20243537973868597	-0.14699886081244962	-0.2080706895677714	0.010711732159636571	0.12727716095967598	
0.31309562176564987	0.08813363096843456	0.025004155678002765	-0.12352075183614812	-0.071696700363968	
-0.24626384681571684	-0.3325758727612268	-0.06162847017379551	-0.33902328464302184	0.321331643076435	
-0.09388831837395355	-0.32276133624255116	0.317921183336258	-0.029657452136097943	-0.08136853652402838	
0.45177084246676313	-0.022215911397162672	0.16776633574124236	0.2385831856042478	0.04002814385924179	
0.09664826616426635	-0.36900648678574133	-0.04719808441137863	-0.06085597120323295	-0.19247101359440977	
0.21504384451481617	0.2306885436647587	0.1769323952139759	-0.0033606010735194787	0.26968505510314056	
-0.42407594656135356	0.04916552122601459	0.17116286839010805	0.1531476727272877	0.027688871147446392	
0.0013747515237539872	0.1699148409068067	-0.21267698994939999	-0.30989877703101054	0.8112060583115253	
0.09941773345313915	0.402039269102176	0.17164209336978098	-0.11696323723455693	0.15282016458257094	
0.2823647127353397	-0.19686427529217965	-0.1421882113964555	-0.1287106837190772	-0.10711837482461194	
-0.022789655239982855	0.17470468324773647	-0.19451483755916443	-0.17959081160611648	-0.28138683764830275	
0.2662332399696916	0.1743126127246212	-0.07215905358924427	0.07443512934469532	0.012015985974581835	
-0.033113420327423634	-0.07503923402135737	-0.08841729635088028	-0.28965351259859584	-0.03107529329051608	
0.014040011506433095	0.3093977719562563	0.10400038390976604	-0.15480395257459006	0.7528457789607904	
-0.042189809394168484	0.11231804393306109	0.10901870896793855	-0.15682773997130303	-0.10836313982772909	
0.06265591650014003	0.07978675863105578	0.36982430413186207	0.4286611276608621	0.2831189360485685	
0.2887365722037209	0.33832805511357933	0.0794741214490012	0.2746115965004645	0.22019076406857319	
0.12392428507220463	0.14089651992388338	0.15850503180043532	4.212585720704846e-05	0.178996454410685	
0.29737047370921166	-0.038703250197730986	0.0008759041033322415	-0.18211627885759593	-0.004221486602894407	
-0.0764187534147328	-0.23916193145612177	-0.3133397088278863	-0.15192716954889962	-0.10366750878973204	
-0.0035770564807122824	-0.20524587883222695	0.36350694608745693	-0.12594816124409675	-0.12476922863180481	
0.04687565751720087	-0.11659275754983336	-0.29603999397022224	0.07361750536316365	0.024081083247406217	
0.14230497142158358	-0.036621002099541416	0.20397202610418652	0.2838565977627138	0.707019796030871	
-0.014875420888201419	0.05318632455009965	0.020364763328790808	0.34708731930690057	-0.08905438417943487	
0.2303302126183367	-0.09501165701977592	-0.22618106544056824	-0.5377348286615956	-0.1780714080445123	
-0.18886425131967327	-0.04693602357248839	-0.196790844693703	-0.1171688158492963	0.45323057220473684	
0.18633130943818524	-0.15577382741090498	0.15309061191842246	0.03965695910741606	0.04774992353605742	
0.6609176854547025	0.04097983874865973	0.33330818659014416	-0.025211100514095995	0.018897969699261028	
0.30175818115798053	0.9268770503362447	0.013052070790723526	-0.09870193921993066	0.45492746084600094	
0.08534911365653197	0.059046215348277704	0.3763503018089271	0.18262650498297536	0.3216271433037216	
0.8042632395663438	0.14561740243364305	0.058587918957347315	0.38706181917932486	0.1875373162564617	
0.5033444328572155	0.08301584231243025	-0.17986195922855527	-0.3772659597758292	-0.6009273764929911	
-0.4418658283394257	-0.2047309012933121	-0.6347511893346821	0.17680635143317497	0.4104897304240903	
0.7830514255996159	-0.30132673995209347	-0.32005609945125135	-0.48804784427271175	-0.1561795215954227	
-0.02622300536767556	-0.30523802069221456	-0.011388662034785668	0.09820081170789643	-0.20304522728739768	
-0.01186025185247322	-0.2242863377767945	0.1497026679674625	-0.18327857134490305	-0.41963378058803996	
-0.3587329911535575	0.22000733170576978	0.3158219930032087	0.4450144769547093	-0.06167940432097664	
-0.21695166582061895	0.027802806533036864	-0.06120225087665568	-0.15791542771609013	-0.6343660657897797	
0.1436060468482199	-0.6574833935573854	0.006115770506907906	-0.010878609286215986	0.0696346882958172	
0.3864207262532818	-0.005198367284379662	-0.17881580318468926	-0.10933271296281757	0.10541523814106679	
0.4335535611483712	0.3154939497923797	-0.007192732285762467	0.026139761111754138	0.5423901624357097	
-0.06259460828417442	-0.01545312391349854	-0.07113681874490659	0.04299230969698064	-0.00879294418324399	
0.26731028849572563	-0.18369238073708577	-0.19983215008104616	-0.0024874269911901482	-0.08681535017303539	
-0.061130367519660354	0.20775417741323934	-0.05715925017472371	-0.10347567320209443	0.2188843346450539	
-0.09103629605019808	0.0732192182982184	0.17574448387420258	0.12747878480662325	0.47027042559731785	
0.33681716059413425	-0.21525320770456882	-0.19939671612922702	-0.23986084149820133	-0.18525187232752555	
0.03989502173634696	0.22093888263183503	0.07016052814173314	0.29269653844077426	0.07453784524882538	
-0.047421573316535855	0.14415877107689987	-0.39601585967068265	-0.074517676526647	0.11925113190190932	
-0.610006100540529	0.023683722693223924	0.006933726727983352	0.3054739700747302	0.06362309594983316	
-0.10081025496971247	0.24917894170097812	-0.038753383426309074	0.13296195870658095	0.17137020045669182	
-0.03863776686956456	-0.3388110598670793	0.3880495907832674	-0.21121291417301163	0.015436149052163445	
0.07156334843812395	-0.1433542275013775	-0.2104302799290146	0.0242673061355812	0.2509344676931061	
0.5480020287888577	0.39426335489906417	0.11823753473024166	0.2685747885695617	0.25632437104934097	
0.13124827633830358	0.36361304588628235	0.3106460697830307	0.104520735049625	0.05275637856890508	
0.19547898686176626	-0.173947638211978	-0.22599776280055536	-0.3582151025111005	0.33278564674318306	
0.49323033756084567	0.5069828304216404	0.1757181486630328	-0.05287879560325814	0.10990961049031563	
-0.32685376454753473	-0.01008787569987822	0.15691721206202042	0.1799707654762293	0.34658450424843756	
-0.05601965486791447	-0.013725832356863091	0.028064388624851666	-0.20889165574740534	-0.20752654419374034	
-0.27888183919553255	0.3072321457331394	-0.18664725157696987	-0.12675804613595504	-0.4144306462948187	
-0.22508094310232968	-0.08245084529748942	-0.2815780811296228	0.13114612769229264	-0.6177889383939473	
0.2704629074141886	-0.16547723755982172	-0.3198385740940225	-0.24654436735794957	-0.09068833735541393	
-0.3439476119416426	0.1210689747412697	0.15716221424498192	0.21311911651388443	0.43314607659791104	
-0.4793213818006618	-0.5930378911152355	-0.801603368312227	0.6066203931275068	0.9595639393724116	
1.3721626486743856	-0.04198062966251484	-0.09813028440669685	0.01535118699741815	-0.03771115717350744	
0.0034535197002259627	0.08328117061077955	0.15870138846694273	0.2915958382036045	0.47592616659976256	
0.08637222332730812	0.08737367626181874	0.06886598971314264	0.0840413028611321	-0.05441994200973661	
-0.08250355808928184	-0.054538052743062254	-0.03712467677718992	-0.06504682472873768	0.02141883239449209	
-0.01728271699976773	0.06327030236544282	-0.5550700212349998	-0.7816837974425376	-0.6874211969007082	
-0.3873126088224037	-0.29515718917418854	-1.0802012360229987	0.4711500230106519	0.8848965562352189	
0.9384403728304291	-0.20010244148367196	-0.5039769631018673	0.13930599441935165	0.2707755948473832	
0.34607652626254126	0.5060373942344057	0.09519781366618099	0.08031251693386426	0.019121586720529105	
0.01160400813200193	0.2206761618644172	0.6152834247484349	-0.09736737016028128	-0.13672286291999547	
-0.14172000475427582	-0.0021691659954258167	0.20495575475037717	0.22364164338778908	0.6387378790688735	
1.017169513052656	1.5643905816587127	-0.7504666225641824	-1.6711071147216774	-1.1420383011348034	
-0.19578356033706465	0.018504214829545715	2.0063871046341304	-1.5162839155120194	-2.685291996160616	
-3.4156517262373214	3.077770341531488	
