TESTRUNID EPOCH: 14 L_PCC: 0.8463575978472669 L_ERR: 0.005856605365401528 T_PCC: 0.7652041779356147 T_ERR: 0.011078301133879283
180 LAYER: 1
5 LAYER: 2
1 LAYER: 3
14 :ILEARN
-0.07883443139680352	0.03087369298595579	-0.1313014219630938	-0.09697402400597728	-0.12537832969867882	
-0.1724198187126195	0.016491047393462865	-0.12939123007964912	-0.13357728316485312	-0.07745894018173453	
0.08477681090295466	-0.040572155712472274	0.017753611021640275	0.18578995376341498	-0.03185314519021044	
0.3637466319006602	-0.2578099200166738	0.28120913333755193	0.2951135131363817	0.1588518506955184	
0.060148913735107334	0.0936523151438795	-0.03731516436815144	0.03846452313386281	0.07527783045920766	
0.1151948689071098	-0.10683251694814323	-0.06371050336421152	-0.027012908593408637	0.09913588875977632	
-0.08033063323338999	-0.015778474998989572	0.09157790603010038	0.006633056994603412	0.038375422790094676	
-0.21748848600624754	0.1647567986354978	-0.10954753412074641	-0.28031932903056767	-0.10698049107502496	
0.24469695457494436	-0.04196655151049492	0.08084275153728838	0.21515665352836336	0.027009667621834245	
-0.01042129476481897	0.08171910061861912	-0.0412771703252641	-0.042444932282730254	-0.07399428557634447	
-0.09612660842594059	0.03576710658797819	-0.05767437679998819	-0.04689066812555476	-0.0016853681439323448	
-0.14909750636222535	0.060678363308872295	-0.11603444376972691	-0.04748517349587498	0.00212548025526961	
-0.07953311423443483	-0.017188802436086337	0.03888003154554903	-0.01716414609461947	-0.09000930821078257	
0.03125459833243485	0.020875345013598324	0.02489733646041333	0.11053037686294641	0.035315456198130306	
0.1812733116198448	-0.1494900223535828	0.0028221943556405458	0.16945492351688451	0.04164342342462043	
-0.22301642743480743	0.16444902401840086	-0.1657878949127833	-0.12324627124811044	-0.08400437721669816	
0.07666121824116198	0.02473444141112177	0.05018848680546745	-0.030220331604431494	-0.04601442164699479	
-0.059842773947272644	0.08134255656128975	-0.026066712018124084	-0.09916470788183163	-0.07720804044717489	
-0.08509272766690183	0.1025803992022785	-0.014912507296644001	0.005917483087563934	-0.02052815520232322	
-0.05259460395139446	0.08067590411245076	0.014735897334457168	-0.09942593459376821	0.023428982724144773	
-0.03467101964558077	0.0054116204515218536	0.07718841986215491	-0.028546047999500043	0.08170703018395983	
0.08711696305305176	-0.1320484097441828	0.13912148440801286	0.10230211325646797	0.1435343343626505	
-0.04093444457660476	-0.08278464406815665	0.10736764523474837	0.06526147532058778	-0.068977591428818	
0.07170797575154904	0.040515143187809924	0.1029576392724146	0.06401137806334956	-0.059256744068199495	
-0.06834541470569866	-0.1081375587910869	-0.07117131630252836	-0.02209562995908297	0.09195701985849264	
0.03770135762599906	-0.005834755489448154	0.09340900197131033	-0.04257885837955012	-0.023642420729947437	
-0.8577337640876669	0.5311973463710516	-0.7651152468174963	-0.9993882414866557	-0.6558831038948518	
-0.029202053052599403	0.05105985155194631	-0.0020244159149033535	0.09793133155943752	0.06700292000042984	
0.0408120985905111	-0.08694534830531504	-0.06302287391721959	-0.04391806067072553	-0.06973823284228758	
0.03642272717247996	-0.1262862586229389	0.13643421028497363	0.13282576590332817	-0.020602229413788236	
-0.08560514406210265	0.09345526600005441	0.013620092383988425	-0.05934135306780191	-0.04953485108593532	
0.07551141935288988	-0.07458890389227044	0.03888171190921507	0.12263374933077105	0.08808141129316709	
-0.030158048878834814	-0.011962075323385451	0.042663625150276385	0.08824907673105867	-0.05210766001869437	
-0.0962847595645181	-0.08599557125615553	-0.0027309778125936407	0.021265892330666072	0.013770287417296273	
0.04973725600867615	0.04526538078034537	0.08740269806261886	0.0659543020883813	0.07068646460868705	
0.14009020716377094	-0.020673290780841864	0.03179295720260248	0.011668906865918663	0.041367914963469817	
0.20803434174739258	-0.1702188608973248	0.19660004365378242	0.10480879372027098	0.07592971096001454	
0.08989750845733006	-0.07644350485562801	0.05247537326995641	0.035808818643205474	0.10571166491450427	
0.07969058628666818	-0.17159508676189159	0.15101731840744664	0.1937323173229913	0.16506672973507064	
0.10516246583430638	-0.10594194992043932	-0.03632460654893011	0.04289129429406662	0.10471617252619647	
0.11318765158744191	-0.006619517419274664	0.09472835802072158	0.049868342049684086	-0.0073008518857598835	
-0.0028018665806180537	0.020862096583994655	0.009909584301712515	0.08523628534129074	0.08374668712672123	
0.03195042855105907	-0.016370127651501767	-0.019754252794364904	-0.0017577296331566686	-0.06488681845958404	
0.12815464146933098	-0.17916313341490614	0.18977054963534046	0.19822062691208583	-0.013309219427820696	
-0.06476074888498895	-0.0335872851266326	-0.07380063103781663	0.06189813842531641	-0.031052669463341315	
0.08802149646667343	0.016402835989416012	0.07576639688236883	0.06894688907844437	0.08107846374172986	
-0.00802394683663861	0.009269363204074649	0.05972071823040789	-0.042856229653170486	-0.0019492954760144537	
0.11271887764306844	-0.16669504991254347	0.0913491179384723	0.08817807919444577	0.12013849585140621	
-0.03695103938092541	0.07857774170503026	0.015571443056907094	-0.06319795967450699	0.05758584676510087	
0.04200148866747674	-0.09698785831889623	-0.005770882185995111	0.04705661675301235	0.07783237960232382	
-0.05848940218468708	0.07083503321570352	0.01125648343411158	0.13339994995705226	0.040939609497210226	
0.07948431313660693	0.010231361371332855	0.040243495629891685	-0.028632196825108796	0.02807062750759782	
0.050004352740532	0.07166276728580848	0.05101643769353603	0.03961144968946059	0.07289588601091998	
-0.14537022423919316	0.09371330178107182	-0.11417428093848692	-0.11991318755330689	-0.11046933497519601	
0.018675600748466147	-0.06796943797120233	0.0535316933802164	0.027359451446744783	0.11877976307256129	
-0.08545806384487131	0.0383447870959127	-0.1353665310025202	-0.1525720757757186	-0.0493280016738671	
-0.09563481799774497	0.20436465631195355	-0.11526548550939517	-0.23291108842153588	-0.16807509467592527	
0.07097958853948047	0.0055429292617493325	0.06043221680091962	0.014497703438321269	0.04662850505750221	
0.06624726538750238	0.01896412378688351	0.06700563580020376	0.057264705471479355	0.012607545863010713	
-0.11359061630561337	-0.01878195644538503	-0.09873945790980132	0.07114380849739459	-0.07750020912572592	
-0.003666751598334318	0.13182237390766513	-0.03437841192263471	-0.07157739607860816	-0.1281693622015861	
-0.006623995447338743	-0.03096558976895701	-0.05499200843718308	0.018502373753159357	-0.03754603245961661	
0.1457060505883613	0.04671444667681736	0.004657696415699867	-0.013699010098110993	-0.01733768932382307	
0.025517051036859445	0.0070650301030812275	-0.03908775923999275	-0.02379227733475573	0.07560232823759344	
-0.01683025634649453	0.023337013431047243	-0.05326677215214999	-0.07960654811484053	0.00317140339370596	
0.08551587283196134	-0.1295604464508997	0.0972987253033726	0.10369027669215078	0.08977907252336131	
-0.07357338149437037	0.035241015182529596	-0.0585520180445262	0.0027582860392059948	0.05267811484111835	
-0.09553391440163878	-0.03512750805476271	0.07458447528002221	0.06894192152041392	0.007688118518908743	
0.07332165483330261	0.08996119827072532	0.06528139952586828	0.07082308876730775	-0.08025131963593034	
0.2974472212211775	-0.14247715878611428	0.23999732187681877	0.3486062623650151	0.08854532920776836	
0.04539149008732609	-0.002988460710002319	-0.042114300548017465	-0.04425699584574214	0.00224232446184781	
-0.10714089183962561	0.12324179422308035	-0.09485954934257439	-0.01494715473113627	0.017656414614779646	
-0.03995033209321999	-0.07139883434838012	0.08026168726985478	0.00831187577747465	0.09494807417101644	
0.02732088000037944	0.09878260492209578	0.00921416082859032	0.005285186781104262	-0.07291441938556603	
-0.18041883863182448	-0.003948856935872349	-0.19353680498194226	-0.11421253443044006	-0.200440713324781	
-0.02669138055125113	0.07246925056760883	0.03853554350147087	0.03818842841323372	-0.062272639808937824	
0.004214584339469906	0.0018526854877567948	0.11018198208892448	-0.04207660287027843	-0.04123864166281359	
-0.11227676511437643	0.09367398873747872	-0.06003889024574668	-0.15611362626441966	-0.04894140263755675	
-0.05760796707126481	0.05972084895204205	-0.040533723698545555	-0.09447879760909927	0.018686489892924207	
0.019084399266316877	0.020520707775157	-0.009936488653852653	-0.03621756479124935	-0.04018726693900076	
0.024040199974692547	0.10937505043488992	-0.14695459047023796	-0.04059569315468842	-0.060259396183018635	
-0.01494414715647753	-0.012206421497904942	-0.13161070465669109	-0.18747815616162436	-0.09782616486489275	
-0.17631146448456658	0.08230176749688006	-0.04382014851787929	-0.049597147665305485	-0.04752491961611348	
0.21200803787524605	-0.09991526492684986	0.17995709184142414	0.33160529409313644	0.18477063584043035	
-0.07131539026595102	-0.08432262002901042	-0.09633347141739855	-0.08665500047212871	-0.008283237258313633	
-0.07733161544648191	-0.09444333023026602	0.05097229627809349	-0.021029903907872113	0.049387699121505035	
0.13740570214293577	-0.10158233298631061	0.12036845446797353	0.1521015731505045	0.1669971347291397	
0.04292344386623837	0.04572457375523055	-0.039353752749932205	0.11889759829716691	-0.030801959500097884	
0.05106751522785823	-0.11970631674042506	0.028267826439210057	-0.06945679589289108	0.1068389859507387	
0.1711680821625605	-0.0009013868810785184	0.155992342938247	0.02399989916104255	-0.009502382896680869	
-0.1445085415677637	0.06970771450068058	-0.010188432715742117	-0.012034616086672754	-0.02943760870469125	
0.04537718265623351	0.08016887530151194	-0.020646499254011002	-0.051122867048322536	-0.06617312299741888	
-0.0761085899332542	0.06252211760656576	-0.07064152531655138	-0.04714050345461987	0.06381783572670616	
-0.10635456195158113	0.14190580952027895	-0.09998318958831957	-0.06669677833455924	-0.08172383886181842	
0.1495553568919148	-0.07548477381222474	0.042376130043257354	0.07973997131936815	0.13237066449919854	
-0.21482844087750336	0.14200654213682837	-0.04250294201365893	-0.21578387902710947	-0.10444551301507829	
-0.002327384965022463	0.038167216161561296	0.03810143244584156	0.07359538043367828	0.010924514297264027	
0.08050376507285659	-0.12935095328725982	-0.04291524012975419	0.052163969845774115	-0.010675247822514125	
-0.2795881459124693	0.2990727898420281	-0.2362461186269887	-0.31842952179390843	-0.2093004019921197	
0.22910131919494756	-0.01243833528538588	0.1820134461499751	0.23863782913062234	0.03946096534713278	
-0.1728319209902738	0.00706475618836525	-0.10946533961423939	-0.17268839140676195	-0.04777088404521368	
-0.01728271699976773	0.06327030236544282	-0.06297392034619387	0.0403753059512621	-0.05192887503017223	
-0.0021782556393100585	-0.01958234835416473	-0.10105982153523481	-0.0723524196265136	0.021935450280824074	
-0.032430824249549225	0.02051054618180273	-0.09302606125909559	-0.01792525898898105	0.06907091247595067	
0.0633670217583244	0.018874524766195555	0.09519781366618099	0.08031251693386426	0.019121586720529105	
-0.19617238786637806	0.0011877368420184628	-0.18108272906795111	-0.12720996168995347	-0.10873775367061098	
0.10108777523019287	-0.062143917480849235	0.08604167855135042	0.0495956087551806	0.06869759629018549	
0.024040673836297124	0.01868200579682722	-0.007585379300272099	-0.09848480744938619	-0.033779873694840486	
-0.001585639701288305	0.046018242218020866	-0.006274331450778159	-0.00851901678211367	-0.07246745181087938	
0.02443595163356734	-0.029234193313298847	0.055442766275399596	0.21561294097840136	0.013743370890997562	
0.005037020159336491	-0.025671133693641345	0.08329347305977731	0.03473367062133984	-0.051865958060134096	
-0.14863655989868332	0.06288191997096478	-0.060497986876447946	-0.0642609508339228	-0.15555504046941537	
0.003791596309698885	-0.06082345187639082	0.1400797624014925	0.00553877954992641	0.10012030780380554	
-0.0024971055463077043	0.015781217645679014	0.05239843801474251	-0.013877173372141225	-0.12392023342222203	
0.1145162934646734	-0.0011622603837684012	0.16418585737199184	0.1592400576891658	0.1166558976326935	
0.015699915957840108	-0.045176044966629574	0.01210599810721176	0.03434595696348405	-0.029514073956718234	
0.02655890709014535	-0.03843222874800869	0.004158578774525884	-0.06961654861161222	0.011901083361923932	
-0.014452534132784758	0.061539681822441905	-0.02929302746640193	-0.057261352474083774	0.053456901684353325	
0.006403035075817007	0.017262416841605916	0.06688779245856971	0.010066558339882415	-0.05504950471514198	
-0.005501496769355374	-0.16065459879976074	0.032500937451867586	-0.016220877424061933	-0.052001868212873094	
0.012431106089348089	0.07297524417574423	-0.10281555361641957	-0.07882796117991844	-0.07440489158322304	
0.04620664856908973	0.05719497743133379	-0.01985238464588538	-0.07425775877231347	0.03844662049151977	
0.07726642477256242	0.006399222901839714	0.1022908614645564	0.09136115376748435	-0.02666927473641429	
0.1545204737376392	-0.11341154922513645	-0.017056982255267424	0.04723494088283516	0.017290916250105853	
-0.25951461021653255	0.19307746541787577	-0.23637692329164225	-0.1749353382692181	-0.11125426484604052	
-0.05785352158333586	0.020190849621527993	0.04978567504916728	0.027643742124066673	0.019425460589329813	
-0.04090354286890059	0.04632129424830175	0.08906168799998995	-0.014887721947690613	0.05643636336628108	
0.004125024046275803	-0.0027473845247174633	0.0111028396635744	0.08046218317454876	0.018682599259509176	
-0.08397927123879015	0.08092620058724859	-0.02596916448925235	0.006139487695227902	-0.0011767468207349863	
0.03344264348901943	-0.1233820091833963	0.006397468012749024	0.1193239414818371	0.018991105677466584	
-0.11320477477769399	-0.017093902095822292	-0.02575853463675652	-0.1855301402968264	0.018805687615438958	
-0.03575831944060331	-0.00916399588552562	-0.07012915226305412	0.0886563538535003	-0.04394790036801984	
0.005580795681625325	0.04801550863181431	-0.07001370301654881	0.010217434837394346	-0.05667655833424412	
0.01096500766675188	0.06828404855075343	-0.0938304224022971	0.03001476684324305	-0.12235682847179508	
-0.15993052577083486	0.17543025408286614	-0.20558512318119287	-0.17697020896356214	-0.11779112286442381	
0.09693386833920939	-0.047898814305685225	-0.10018286705913437	0.08638502141917279	0.07049764997594198	
0.06968396127771628	-0.044479013567201464	0.0730310128733554	0.09579093435460641	-0.014111447280028815	
0.09033804127233185	0.026283504612936253	0.05112078229806398	0.01939419228724506	0.06296899192676186	
-0.14770282543240593	0.06304559579778325	0.02543581438104489	-0.1079615700574727	-0.12022300944183889	
0.20238880880782958	-0.21097544541299076	0.29087617974457913	0.2893635384485307	0.1369478090193852	
0.052113976088900706	-0.12055085296928753	0.12860671203056112	0.09696007054047812	0.08190647870051958	
-0.011176578596677117	0.06562707214630242	-0.014730369152753872	-0.030860235764899532	0.034994320961821035	
0.05357326822140514	-0.07965050394035822	0.05231276174471269	0.14648750611890202	0.14872817673708205	
-0.07517358183983311	0.10053098983626478	-0.06004081562057515	-0.03625364760321237	-0.12427645575410425	
-0.013403698606470366	0.08186239773098733	0.021095800206186927	0.053354917447420436	0.0009401216191788631	
0.23104140564393963	-0.10101542144004597	0.09612964098811172	0.2694602300214713	0.23681832908551556	
-0.11744623249726914	0.03752397131606742	-0.051118854383431486	-0.17091349525943264	-0.06871055516907285	
0.028262624856464993	0.08234678664652342	0.03209103255728335	0.07103826303204255	-0.09504135842987282	
0.1603129511280188	-0.11966974424701676	0.01765994038221455	0.15335320884443623	-0.054142415253396636	
0.004972631008660452	0.10106813136204941	-0.06779977278637976	-0.11158662200761656	0.012384312328221691	
-0.14393297608612768	-0.00557119941460748	-0.04363353228531672	-0.069435685336092	-0.10524932582052986	
0.1983717314928044	-0.10107169974587663	0.14069710578297293	0.11889483929592644	0.0846519627245279	
0.027998015988790335	0.03290300955265042	0.03178061660414045	0.015580164152643395	-0.012185316824977921	
-0.21774733330433324	0.12553799382137584	-0.08243728541258992	-0.08134420903688112	-0.08800192407147596	
-0.15305299791244045	0.18567684705949614	-0.11876148067777055	-0.22607930753575145	-0.11856097381721871	
-0.06404114046140513	-0.035636007322419214	-0.0654790759760415	-0.01827255499734752	-0.05171625040688024	
-0.10246875792265962	0.15846366374845733	-0.0989005223325337	0.0044162653841080535	-0.026255550685625288	
-0.024981796321217803	0.07149689981671933	0.02391734787371476	-0.04959338397383213	0.05857113559537752	
-0.01589478777246973	-0.0435623147784309	-0.03690645869949458	0.03836169628862729	-0.05065106602196013	
0.1416785101474232	-0.14452002740760397	0.07187092271251436	0.0971111055603076	0.10005242024952182	
0.009830622641419248	-0.014540239391286108	-0.03634951200730252	-0.002832134197520014	-0.06403624868883391	
0.2538622118286497	-0.15629797637512288	0.153606599397598	0.2120631708133248	0.052857275503496774	
0.0246466676024847	-0.11349844507878544	0.1824394189525472	0.09816751573532376	0.13222974263161774	
-0.06505273743451852	-0.031609432739509516	-0.07108045583238065	0.043354162829275206	0.03986152473936283	
0.15515847353092208	-0.13634310119529636	0.1254753376211957	0.06613409812168089	0.05483634730892109	
0.0016357385475999383	-0.05275917320286203	-0.0684876879960487	0.055017234817838975	0.05852770504097644	
0.1578754412356827	-0.07873052093434166	0.030898473060438667	0.0676205151181388	0.08357673862902058	
0.07008895984612888	-0.06399278558774305	-0.011736177640193345	-0.019388906558261594	-0.004589028104670442	
-0.06769784590279762	-0.031511871773037894	-0.04762391917929596	0.0689053886458958	0.06006644915528034	
-0.017154657865673616	0.006338543913288592	-0.07386872395126674	0.0008105800095111154	-0.044991673645824536	
-0.18257695150875597	0.2063405754977304	-0.20833098199345332	-0.31242671142077133	-0.2158637744078174	
0.22421252604939212	-0.00675135532098081	0.1213159912405378	0.05769397554551191	0.10291862101794488	
-0.0631691316067729	0.0355946406873858	-0.06399046562059427	-0.05206295965500806	0.026352744350321568	
-0.20273569889276719	0.21077021997172513	-0.10889154972170759	-0.31501960850996147	-0.07376553368792109	
0.026129206270550036	-0.15417764489662353	0.07012602847268737	0.041534652324417644	0.09505930221100556	
-0.09040148719022655	-0.043075223798611575	-0.08779266377606579	0.04070386622101624	0.03369123351789641	
-0.1169058589176799	0.0026174792123144375	-0.021320927334926326	-0.12749208764282954	-8.39487629240767e-06	
0.1416611986319161	-0.09864636222334482	0.016937773636859697	0.1809103080354833	0.06097732635682155	
0.04409004893346404	-0.0793352424208773	0.09460393315225715	0.09075766926187671	0.17850846374426263	
-0.2896147780248545	0.24046060951451417	-0.23178417146143399	-0.22066161679332078	-0.2284904423477846	
-0.009075911662892525	-0.014279248460088507	-0.10579110842509802	0.15854644325627237	-0.06452738449943264	
-1.3801036937734148	1.2034989344045925	-1.103009369497143	-1.5329094351218646	-0.8316241430797555	
0.5030063056942388	
