TESTRUNID EPOCH: 99 L_PCC: 0.9434653777238133 L_ERR: 0.005940429747056014 T_PCC: 0.8041366799225015 T_ERR: 0.01784356730353242
180 LAYER: 1
3 LAYER: 2
1 LAYER: 3
99 :ILEARN
-0.12771994382792073	-0.11433893171871581	-0.17349434380305628	-0.10771329563197254	-0.16298508893423835	
-0.14302754730661146	-0.12354790685621934	-0.13517530372666978	-0.08115929056826046	-0.09512888951328638	
-0.1977747233994052	-0.0566119591908926	0.08474411650834782	0.3036017288416657	-0.008627536290596113	
0.07635215394157449	0.07799042292598142	0.12312239233603096	-0.1203045498244706	-0.136308796457571	
0.024079672895823002	-0.009196703250617066	-0.22074443923162412	-0.06198337712709961	0.25266959997022415	
0.24059028316334746	-0.04186354195373529	-0.19002524959123915	-0.1871556259844703	0.026040725307514265	
-0.1418454001226052	-0.09687820809457547	0.07129228232593313	-0.08283082457815465	-0.056979946349003475	
-0.07466664270783144	-0.023736372953773673	0.001815830798189933	-0.10815682871980167	0.041551760849284726	
-0.003402332102593218	-0.07095502854645452	-0.06756438703389099	0.005340925186043944	-0.07834926894569386	
-0.1066593677675754	-0.058899144890053684	-0.10730921842936568	-0.15924845971197213	-0.241876816890343	
-0.18166564602839172	-0.04934069802457185	-0.22531616260109025	-0.15338795233068617	0.017375687865553765	
-0.12996877613692	-0.0567396591444885	-0.1765968505361948	-0.10381393198906406	-0.01918643648441961	
-0.07903181859792167	-0.022029325951683547	0.072657073849283	0.005542072506586418	-0.07525233911484375	
0.13709734364739717	-0.00797971775820191	-0.05252103932745759	0.1188353684697203	-0.005635902882882621	
0.02995897341530219	-0.009386593736543799	-0.04279166375173284	0.0986788843650488	-0.005846742965852814	
-0.15124062742659905	-0.021376448876647296	-0.0059607151667427785	0.06105160472844541	0.044279402528171585	
0.1643420891685853	-0.07603724695111788	-0.11365822098789134	-0.11494709397485789	-0.19053914651441436	
-0.0872522481932785	-0.10306549637732267	0.10406900996988498	0.03316348776334827	-0.029867076243346856	
-0.11881094392657142	0.022618315259167937	-0.1363209263643223	0.023728330525615585	-0.023357367670516018	
0.05734392498287488	-0.03205722583584636	-0.12180790628316501	-0.25390511901688	-0.08528523432344998	
-0.16724415627849307	-0.2935212962327879	0.11710126764140781	-0.011440339083586092	0.19003121414512075	
0.03494320598782298	-0.0671518221424959	0.15223052336376283	0.10082518490901135	0.19250461089094958	
0.027706564876017938	-0.440794197515156	-0.4344228855163806	-0.4572509813859645	-0.3502088344430216	
-0.23122926761676166	-0.23535246308457283	0.12990223696358602	0.09494757210304053	-0.05594408376400432	
-0.13599766164159843	-0.17891496607717985	-0.11267051546013467	-0.09941164680648225	-0.05899778839644869	
-0.05280265031091003	0.04340171360206713	0.10266396561006239	0.015813394678244917	0.0014989890536136051	
0.06804490482962816	0.19245498409847975	-0.011753084868014827	-0.1822686703028323	0.03395935886585428	
0.026591112201473928	0.14305686551268995	0.13227943188311514	0.021244024933490733	-0.06204859054558742	
-0.05061027672785416	-0.10489166397398611	-0.17166539385137933	-0.05559842601188387	-0.08952536955161634	
-0.12487827112793391	-0.08469617519458654	-0.031801703581755235	-0.05904356893965967	-0.19276380244353508	
-0.02131321793238716	0.21428709067829013	0.021093390003145616	-0.08492140173309182	-0.14836608479554403	
0.046181598086478	-0.031107654207400057	0.08105429684396048	0.1046682359151315	-0.09264558137315325	
-0.2669827074678655	-0.32675770079435723	0.1408891170355321	0.18897402538562358	0.11340615923250355	
-0.06677852511372398	-0.08344521502884268	0.05769965118324901	0.05656496334535812	0.04190372591256094	
0.0026441316140561385	-0.14160002901269858	-0.32971778976947724	-0.3102389082353591	-0.14903842830707534	
-0.18098154254331864	-0.2100382623884397	-0.15454586539470794	-0.22450193099284257	-0.15095017300678162	
-0.006684994227737292	-0.06666479063720082	0.07028711604724898	-0.09510040555995669	-0.04894266518066191	
0.12655333499534518	-0.1975498382450546	-0.07900272227359134	-0.005206938081980215	-0.004792801308760145	
-0.14085023616512524	-0.08866769254656418	-0.01287506095323686	-0.04621830883462704	0.0066450911006231995	
0.19005772585902306	0.08452945544216313	0.16143317684012756	0.006769478334987539	0.08195208378356066	
0.14679541784022743	-0.0201814291893338	0.06395277675553798	0.0692890388894238	-0.028502968745591967	
-0.01087588250044265	0.05368104887743132	-0.0432457674459802	-0.03875389405021956	-0.06940764267780258	
0.0029259336088466124	0.012516060286181834	-0.22033265299159407	-0.15163619751301383	-0.17037780852604198	
0.0024095018164012453	-0.09570919765609247	0.04803933715030763	-0.01779456752145388	-0.023069281142821228	
-0.08639135642187992	-0.1407018202179229	-0.21059062382758548	-0.06870646586523686	-0.07212756650188636	
0.052391288564895194	0.03741784208836953	0.1327421674798671	0.03237581146130269	0.10879553724849968	
0.029746714901473827	0.057041837758996954	0.06237006945385434	-0.04100954403817667	0.056006097663139555	
0.044981484470814674	-0.10157312529432383	-0.033961804612918	-0.1027780774823096	-0.043429484283628854	
-0.040473842448054534	0.056877674063918436	0.07028570254197386	-0.11686936254766685	-0.01676186770457522	
-0.003305675182526243	-0.24922299047740443	-0.2170985640113747	-0.039781102979601045	0.060140605622591006	
-0.11635505784066366	0.1674374403692311	-0.20232413675772373	-0.26530224165298966	-0.21937144047928148	
0.10105058290334706	0.12252931916598661	0.16750678363511398	-0.02654420951157101	0.059237981242130824	
0.11800344495643726	0.060634144801474235	0.03832966272803458	0.12482018136252186	-0.0670519813318632	
-0.19583362138868227	-0.1102108933370049	-0.016012280089364006	-0.12793132833314905	-0.1346060873977918	
0.08308654717979841	0.03728905177292437	-0.023067995053319884	-0.04676115638789394	0.051349427963197046	
0.08276137867636173	-0.01410830544139818	0.01658115894903023	-0.06276343779625768	-0.01743121811074617	
-0.11416676894221595	-0.2829857853478234	0.1788679513175048	0.2069031143854305	0.24530168384771847	
0.04191764724197417	-0.031617502201946014	0.12292573743331364	-0.032293006732483406	-0.0325547473643778	
-0.014310338532719232	-0.1555528084931037	-0.19358094101917442	-0.21277118990407112	-0.12454741628253999	
-0.22442558113330419	-0.24509580049087806	-0.10092668969192373	-0.010375101921801116	-0.14670104965136613	
-0.037331713948093426	-0.06380062744816033	-0.028806136905965837	-0.00676367854069498	-0.08850470776087217	
0.03959037416102368	-0.18849792278247834	-0.25022911630228495	-0.06265581506829761	-0.030131839814133823	
0.0999921912618986	0.18559397448008114	-0.1570253929597238	-0.2812880668572628	-0.2184649073936181	
0.06670227496298432	0.09278075714913347	0.07533395952931224	-0.0036189964452899267	0.11346742309170244	
0.08361030083351566	-0.16576560544810487	-0.23676211694381502	-0.15372720999776263	0.014933026915505842	
0.03240354437480167	-0.07726798569909529	-0.010169433511440628	-0.1267610566991877	-0.11935743549602802	
0.1500257496767027	0.21730419919931845	-0.041341593028285974	0.007408952060992847	0.05827083764182161	
-0.016842689966942357	0.06196433077332021	0.10895243920862432	0.030406766527304056	-0.030564968199689267	
0.020692781042316047	-0.050288601555710424	-0.009359108784678211	-0.03880446140624164	-0.09862465487642574	
-0.052756151248110714	-0.030751130191659648	0.03484026173914425	0.052904323994545	-0.1082659047009352	
0.0688639154968762	-0.07395192567184881	-0.2524979438480438	-0.19844179976680937	-0.16979057065358116	
-0.2995297391804434	-0.18837248680341176	-0.09561188396477813	-0.13645631534703156	-0.07286284103559085	
-0.01892351956326926	-0.03997650319993647	0.14777321606955593	0.001618663360615972	0.09872171939671319	
0.08044296677978892	-0.1646601220230703	-0.30604882373859826	-0.14989521302196865	-0.21016732611122108	
-0.2442541071257056	-0.1481177054355276	-0.06367028226774879	0.108602881148983	-0.04413860239871544	
0.009395046637195044	0.13852560458498978	0.14609518821231698	0.0029361139306707668	-0.12023086877738619	
0.02123125592146126	0.044207115110075	0.1513272601561465	0.08414080196682139	-0.1387649109931289	
-0.1601629207881956	-0.00047605993888177563	-0.03691315972530916	-0.19911229059215924	-0.16621805113479665	
0.003942116071217917	0.04283129478489377	-0.17662699548167315	-0.038307619204647855	0.13058894562829018	
0.22934243851466513	-0.000901337475753925	0.01695275004763345	-0.10682422376445885	-0.0814786290714406	
-0.06537441170052903	-0.17199188958378975	-0.07987649048379206	0.06584605824254833	0.10483541489044942	
0.08602114270481735	-0.013574108144516013	0.06943795185816806	-0.15405835184616662	-0.07937814728242536	
-0.09612848004413455	-0.1494587351691839	-0.23520913567142962	-0.2628362545192264	-0.030800947719378916	
-0.17885680327961784	-0.1070990212953861	-0.03921648672544208	-0.026306982601120167	-0.10280221378757257	
-0.036684032616435276	-0.041062376430404376	-0.014646998377031708	-0.1407530576485223	-0.11907185120682524	
-0.13508980160237494	-0.22090108806821748	-0.1846747432010876	-0.13453264800900838	-0.028427530071584075	
-0.17887164391564017	-0.07513392312818194	-0.05896488296485047	-0.09274354108888826	0.0257280173674643	
-0.024744178071340675	0.014681214388423541	-0.06456380591831655	-0.017860832637324818	-0.20357843597577543	
-0.03445890772395533	-0.12897785185637678	-0.08002303421755663	-0.10932905535655037	-0.06836035478354002	
-0.18819435027166054	-0.18482871137148224	0.05862393637798355	-0.0929661804389827	-0.1101353444852209	
-0.19276432291038142	-0.1541314878976155	-0.07920022941343109	0.04787054499311185	-0.07147955443848271	
0.0038702049445550053	-0.033518096040698865	-0.15712412697497927	-0.15766810231927134	-0.027335642195515205	
0.01651140746662517	-0.013627333849303171	0.040069293504941254	0.11141639959148349	0.24624767044877488	
0.0826543741923145	0.2655448640568823	0.1686071206090224	0.03913818604397225	0.04281543040188816	
0.19812205802471394	-0.04445349744533181	-0.06822414486231736	-0.10479404537908756	0.14407306831445618	
-0.041006568374159086	-0.07740290393254348	0.0710485294058651	-0.08929901283693821	-0.0012790775157265383	
0.06214836445271456	0.20403533620766634	0.13904904382875624	0.14781054701898697	0.15005678919371898	
0.18727198832908362	0.13304824219695885	0.15567067185006905	0.27059439674168434	0.1401172381311308	
0.25075496264203034	0.32568643618267623	0.02816386625713719	0.018511905531252718	0.053702712375599954	
0.24331266254449205	0.31106958347962316	0.2644734062178348	0.20595072908787465	0.12087020117714922	
0.0913545940707634	0.08664276269193655	0.16316285198174105	0.14634930075512304	0.19178313274864006	
0.24772317167670455	0.32079789194919	-0.2907856233077124	-0.35054203486597374	-0.4075718690911047	
-0.19056629242193784	-0.3756505292002208	-0.46032292514625445	0.08511420439098834	0.22932051157918784	
0.18864785233229397	-0.1336934725783961	-0.3020257276866078	-0.2374671658973571	-0.30707202549094254	
-0.5333508997153804	-0.4589020939439912	0.14358937091917134	0.14269633353395797	0.10752771697636195	
0.08969804474085083	0.19679475621838674	0.17652760994845776	0.08586614179750074	0.1192190337638703	
0.21986374144794812	-0.378774945889366	-0.37667604515744685	-0.2960865476560904	-0.003923309085909265	
-0.05513808962272531	0.007076758167756566	-0.13546715166590426	-0.3337470548534877	-0.24345559480486875	
0.11678339243202461	0.2731594310328186	0.1350366866164531	-1.263900905925085	-2.02392178742993	
-1.787440133816129	1.614890423823883	
