TESTRUNID EPOCH: 21 L_PCC: 0.8769788917258011 L_ERR: 0.00584340493987793 T_PCC: 0.8038112804262392 T_ERR: 0.009129262178977042
180 LAYER: 1
3 LAYER: 2
1 LAYER: 3
21 :ILEARN
-0.030173094712130682	0.013123528686607822	-0.09823320810906955	-0.1926918745137771	-0.3089533203013382	
-0.29216636690300224	0.008646434488573782	0.12262522692287232	0.08242721914828896	0.23814927580176087	
0.4325585152447181	0.38765290395295143	-0.05763960694372579	0.08315637555823582	-0.09128634782506626	
0.15347622474951286	0.23287049397022305	0.20471042084691699	0.05912954324030606	0.20148065851551278	
0.2653429666300758	0.14930540100790532	0.0821398869790221	0.13042126706448218	0.0067103380043181705	
-0.022286645717160228	-0.1567775634252282	-0.2327592258672961	-0.31079297135356776	-0.12812518528598763	
-0.2461510179083608	-0.21431072877687543	-0.1178849472957006	-0.03143289697089895	-0.03272660203381041	
-0.08297626855962778	-0.039853494162206266	-0.06790332041443552	-0.18642682751391154	-0.04360210048645432	
-0.02571274688481935	-0.07434983856201549	0.0451668938470846	0.23719247487412198	0.053002497239167036	
-0.04961639929063499	0.03053335000025721	-0.07818573409559701	0.051745655298985865	0.11940624097216503	
0.05433614777392369	0.02863264748271265	-0.06404793983024287	-0.05192777529991407	-0.006873341971326172	
-0.10457411414055534	0.0020410203138022174	0.004592200083086994	0.17670537501580033	0.1640481993728278	
-0.13398232334260995	-0.1506833359780238	-0.05512645436524061	0.1359427472931776	0.19730382521470155	
0.23692157478916345	0.053789796606707234	0.0427437810874552	0.12111882456527634	0.03357643904955325	
0.11317157500752614	-0.05100388288078401	-0.04758443726810036	0.1093512862385776	0.017304492052713	
0.009917359996268992	0.22332169567580729	0.08323526056948313	0.1169144809493299	0.16380918672740052	
0.1763109066733581	0.018368233690523456	0.04000616468388329	-0.03637250173995637	0.053096416914005726	
0.26067864540629315	0.13411778526199994	0.11390099036638399	0.06584560300289946	0.053217995168478034	
0.09100536622966454	0.3717544409630104	0.227746460685119	0.06090881437348551	0.06470787697244282	
0.015547862990775733	0.16895635358918878	0.16977491778435425	0.02949604236683031	0.12178941500529138	
0.1419037615841697	0.14938701620801423	-1.00599871886503	-1.4688980276888848	-1.2597590882115155	
0.14540034982574634	0.12047410256550076	0.26267827826682194	0.17647845749364635	0.33304995986711816	
0.13604425441952137	-0.06994405898130733	0.0909737905091989	0.0431776232283063	0.025608561162200706	
0.26658263516199976	0.22413067359474137	0.04180023143641737	-0.06348327952425849	-0.13659340094965922	
-0.2642463499367076	-0.34952656296382323	-0.30263685443123445	-0.4167386626076769	-0.5477923581810973	
-0.5022919788388539	0.06492533348585415	0.1664230346944486	0.01135611792674586	0.08975084200248473	
0.26360769324808386	0.29953047625547574	-0.022186411511999026	-0.14054956209050795	0.010925865003016151	
0.02404509658552113	0.2104551115235499	0.09566546875488617	0.11758130307281282	0.17292891582997458	
0.1022199657916704	-0.042015413631063765	-0.02067845262040802	-0.01727485007657176	-0.05835766357214232	
0.0035145218313529	0.00441600425702078	0.035725913815324764	0.04334657604347979	-0.08234793989112123	
0.03645388457833019	0.32624603911203126	0.21083973495127756	-0.04053220098599472	0.04304035708551236	
0.08105340830683329	-0.0816576599773185	-0.013397606693744063	0.06003958434394374	0.18672629219910983	
0.19621554272527555	0.18332422901063192	0.06583583197473428	0.14402925164274877	0.0021202598805230097	
-0.07130601287180956	-0.02390569149657458	0.056987396031074354	0.08629502340277771	0.14601866975119868	
0.07082431769376771	0.100123333518724	0.017104108667043823	-0.026427861467873574	-0.021727318886934608	
-0.0035414270195284784	-0.013070128297735772	-0.11960176269960965	-0.17461081630448175	-0.11787822699526895	
0.0034209977994500034	-0.0923883324004178	0.0166442699662498	-0.0891487175953033	-0.019335680778602645	
0.05716150331751447	-0.028231504348915193	0.07338702193274012	0.05473675891054181	0.1501608731824957	
0.08750383769554208	0.002363323517779776	0.03933119773966142	0.066335735807752	0.08270397867759753	
0.10733038579320764	-0.0393285949125962	-0.01469773015273932	0.03619052125707706	0.12200331985886005	
0.1216451110415114	0.10630672328747133	0.29682673700020323	0.18645142663139416	-0.07807049181873467	
-0.06711532508039994	-0.031983905154891884	0.10041817814984037	0.315693491511532	0.24321059955586752	
-0.08749084723171781	-0.0161593728900253	-0.15886651924127587	-0.11421118231306955	-0.13710578355352498	
-0.0509844566800564	-0.1334652227814132	0.029390904065723603	0.024228882749959855	-0.017291665183891684	
0.1274042942592192	0.10773400560364403	0.0024454598839580453	0.23177852873609286	0.09890351788292502	
0.028590245230660616	-0.020579186749357693	0.022379506903752427	-0.01017278279759894	-0.07454255234133077	
-0.10465159406358264	0.01012631655871098	0.06697341090104193	-0.03394369829463879	-0.030756615230694652	
-0.01785750377897535	-0.12318822202640381	0.009947626522083895	-0.019386211543245904	0.050536629132143025	
-0.06469828637472033	0.039516589581561117	-0.005463232554289945	-0.23134081902674833	-0.209714143310088	
-0.19764770728276163	-0.13467182828362548	-0.09470272460752041	-0.02466874674487096	0.14671537025340756	
0.043108312332366686	0.19427468606581122	-0.012411946766828493	0.11574894000708508	0.040809902210719	
0.19030613583504444	0.27361552414820284	0.22977732169071222	-0.011863262435888035	0.10280260975116537	
0.09819215329576919	0.12844408754056044	0.1725424703494568	0.11912424229888714	0.048663895315692894	
-0.058200836064702645	0.011862246991333255	0.09638397614204959	0.19127303138901092	0.15673818150304714	
0.03752820289371568	0.09939740086009982	0.12346849998112237	-0.042471940943981115	0.04127303862195544	
0.006596781270098122	-0.11604784623384921	-0.11963801896006902	-0.10964597543563022	0.028501698520595146	
0.053684318458683745	0.06761843495284267	0.035279199735475934	0.008937458804832266	-0.02905939725265952	
-0.009475488394272237	-0.09934633254169074	-0.04412297159090945	0.05534613327356871	0.1371956932970636	
0.06395989354091677	0.0995755488444428	0.10078819346597236	0.060292859690479046	-0.06017736525798908	
-0.09487408879554689	-0.03742404856735283	-0.06825887159257163	0.14178659257040788	-0.030716042264364092	
0.11252176495088209	0.21113492206746412	0.1420831856225967	-0.1852775522030415	-0.4001900257598096	
-0.2802231041845369	-0.06629437243436566	-0.08807353816987742	-0.019571822754080093	-0.01218514697536513	
0.1693180742357934	0.1430421202912112	0.04726419986973182	0.10891065901058544	0.08793061059587218	
0.04958228574790256	0.16441011658752464	0.026848758251104776	0.035715156025845955	0.2388951704598854	
0.11099434545302715	-0.011103692317825126	-0.0918893881839246	-0.1092867995005537	0.009870847206314821	
0.01676063836844749	-0.04869313779238923	0.08915414097702937	0.1494823268785034	0.1471266630294968	
-0.023276827139804637	0.1702630739447326	0.042825870944178404	0.020231587393238295	0.09086603475705125	
-0.06443591036199575	-0.10645605742986616	-0.05120753379720033	-0.037480303610193645	-0.03562395268267785	
0.019109209685148166	0.03554073576577128	0.047110549048994976	0.045672190403572815	-0.09647944446894023	
0.09633205783612106	0.1746992850628715	0.13814009089549725	-0.11240626207632684	-0.3576200088686118	
-0.19120522343081534	0.05319243525115199	-0.024094704268192973	-0.03761013589339355	0.15500776562085475	
0.20788561228707983	0.2528061627752602	-0.015150709718918399	0.07768289919587366	0.0899320355773418	
-0.07325389763591687	-0.08841786913756974	0.04699282031616645	-0.0858105818384233	-0.07086021819347947	
-0.11777537353675402	0.08956456125210252	0.019432509501052728	0.018682136266548195	0.12193684976073257	
0.3451974194550617	0.20506769877761932	-0.0719936331642279	0.03906230145658606	-0.10041865233176217	
0.021073054563953898	0.165221668729005	0.10691491846245664	0.05838587534199505	-0.020828613764896326	
0.019816611783952782	0.010679261839855443	0.08912164449486581	-0.06044009666588741	-0.02470862996913249	
0.021260168048560624	0.09148170529633944	-0.0037339827630209496	-0.044636620815876896	0.025977394427252484	
-0.148475987525525	-0.07902811454017218	-0.13115726845111095	-0.030721563856356906	0.1403534556720916	
0.16920542383479886	-0.028198187313380182	0.049083751404144366	-0.0006049819671494921	-0.011659571964321012	
0.06700144847564601	0.046051168781015485	-0.019376673875913682	0.18826659364021156	0.10600583378188395	
0.09095391640854744	-0.015029856296349309	-0.021995562660265	-0.1531837542889226	-0.054825843380680556	
-0.13391194755030497	0.04100563999686416	0.08842253766332199	0.0647597459526815	0.04481045209974377	
-0.0021205918071808003	0.0658888071857733	-0.05610949012577012	0.03046802712849897	-0.020420123723210656	
-0.260087616886287	-0.36330446167183367	-0.34277598157134787	-0.016529260627674926	0.12730650966905777	
0.03376946133641803	0.005172872799190005	0.2664565820102239	0.15151011081976337	0.09481061574962694	
0.08513174954836995	0.0726456476878128	0.03308951924517966	0.07026057746739439	0.12232349622868346	
-0.019225947535556835	0.09626602737728132	-0.08834483457517694	0.10981817530553417	0.021959803664558766	
0.10636055947980735	0.016152020105859533	0.21322793452031819	0.07042195611013807	0.11450780223800848	
0.13646944948496417	0.09999266057113769	0.03160699188742921	-0.08582957483994813	-0.10269387949339494	
-0.04440943857127794	0.05805679975245805	0.12304477632817114	0.17512045582485705	0.1935657645185413	
0.17203314390776728	0.06140785924780959	-0.038351956360613455	-0.0712582625229836	-0.012409570815361213	
0.025520258740408686	0.13129052328985868	-0.20724545420689044	-0.24986695822534413	-0.12621002079020277	
-0.2556477599831996	-0.2921113215028128	-0.3590811616094241	-0.014351492541111777	-0.05401524113497074	
0.0640072555670762	-0.022382639769012922	0.00933501173055703	0.01575131843270569	0.20151256448172913	
0.13377833469347267	0.2212378656643607	0.06765100147590704	-0.048726759155243354	0.017137766905351952	
-0.04870231429837042	0.11703226591490663	0.028973224185995905	0.1278572224667888	0.15782217672521456	
0.15891116503641872	-0.03420252905875984	-0.08413113179673808	0.02677589748559133	-0.030096042387033495	
0.01694750617312365	0.09441376008388461	-0.0023766559227783005	-0.027067745765744788	-0.006898052989275202	
0.08471216575572069	0.08510333766856717	0.06415772994885972	0.10313743240019914	-0.019265844897355323	
-0.05477950568388541	-0.017736770840143856	0.0313028271114154	-0.010253902193778388	0.03206081705635401	
0.003402912363477355	0.0796855351324864	-0.116592214064286	-0.017695971619407676	-0.09470171013191298	
-0.3157337366495005	-0.45559464893454943	-0.49340135633962307	0.1685503849756326	0.42183319879325293	
0.3257292792522417	-0.31046044051953864	-0.5649417853075092	-0.40722592430631466	-0.039312826599566066	
-0.17728180612584654	-0.17930918691459727	0.12042839604644094	0.1244162661855775	0.05657681784118383	
-0.046444148045401264	0.003060166747185564	-0.02118794988366702	0.014623508656883395	0.017895574951831614	
0.13296386386428533	-0.00659336533976824	0.22039379893356173	0.1398832509234016	0.4258600449005954	
0.7104714223218236	0.5731893797553531	-0.010409683029335268	-0.07265253404311924	0.0015707822155766897	
0.06420567790530159	0.602123636260972	0.3369162288988049	-1.2872060208754448	-2.581774557483277	
-2.0187765292972006	1.5279312557609583	
