            A        R        N        D        C        Q        E        G        H        I        L        K        M        F        P        S        T        W        Y        V
 1 A  -0.6068   2.5355  -0.2284  -0.4973  -0.9569  -0.8262   0.8651   1.5039   2.4934   1.4623   6.7976  -0.2752  -1.6772  -0.3333  -0.5562   1.5475   0.0465  -2.2935  -0.5102  -0.5304
 2 A    3.252   1.2005   0.7939    0.889   0.8134   -7.566   0.7962   0.9729   0.8924   0.5924    0.938  -3.6051   0.7664    1.323   0.7365   0.8832   0.8913   1.9943    0.741   1.0489
 3 A   0.4209    1.583   -0.033   0.2105   1.9014  -1.8238  -5.5175  -2.8782   4.4426  -2.6899   3.2812  -3.8968   4.2094   0.3675   0.3066  -1.3451  -0.0373   1.4961   1.9153   1.0268
 4 A  -0.1993  -1.5858  -0.4167   2.1782   0.1669   1.7252   -2.457  -2.3499  -0.9142  -1.8198  -0.4939   0.0949   2.2679   0.0015  -0.0009  -0.1017  -0.2389  -6.4187  -0.2417  -0.6388
 5 A  -5.2127  -0.1885   0.4581   0.1765   2.8328   4.2455  -1.4365   0.2039   0.0809  -0.2774  -2.1079   0.0677  -4.7321   0.4088   0.1164  -1.1208   1.6258  -0.2686  -0.8136   -0.062
 6 A   0.5869   3.8262   0.3946   4.6686  -1.6997  -3.7309   0.0571   4.7395  -0.2831   0.3811   0.4126   0.7008   -2.216   0.3884  -0.2333  -1.3402   0.4282  -1.7469  -2.3199  -0.0415
 7 A  -0.2477   -0.319    1.325  -0.0203   0.9811 -12.0428  -1.5779  11.0575   1.0076  -2.3485   0.4995   0.9072  -6.6461   1.1286   1.5335   1.1806   0.7924   3.1824  -0.7303   1.3096
 8 A  -1.2652   -1.474  -2.3752   4.4204  -0.2021  -1.8641   1.8652   3.2171  -0.7071  -5.1357   0.2672   0.2771   -2.307   0.4999  -0.2436   2.2032   0.4054  -0.5257  -3.3996  -0.0248
 9 A   0.5668   0.1175   0.1736   0.0686   0.1224   0.1708   0.0124  -0.2856  -7.0573    0.269   0.2007   0.0674   0.6324   0.7488   3.7391   0.4425  -0.1568   0.0846  -0.0247   0.0392
