TESTRUNID EPOCH: 31 L_PCC: 0.7980943991768515 L_ERR: 0.009890859979582488 T_PCC: 0.7186948732180201 T_ERR: 0.01334245115959305
180 LAYER: 1
3 LAYER: 2
1 LAYER: 3
31 :ILEARN
0.27975661205348734	0.4374286081306466	0.2661747368548119	0.20874904387211174	0.27235774999814444	
0.23474185053887034	-0.12945699281519954	-0.1269723740298828	-0.11069606230283902	-0.5632872325946541	
-0.74883255242001	-0.6396941437734573	-0.05348693823787082	0.07743683469464765	-0.09025856491425607	
0.10564946394107703	0.0765515221573094	0.09679132869148646	-0.3774223228180194	-0.4795521703584672	
-0.3206464971741907	0.25039044566438434	0.17547532301575727	0.23642327546501102	-0.07988501367298098	
-0.14289989271343206	-0.26451495119533963	-0.1372998349500449	-0.0961683988276305	0.011155323870239462	
-0.04613188578082256	0.020953562860201884	0.12645118028112734	0.40822553995182426	0.6159287808176471	
0.46216661380992613	-0.16175813059695526	-0.19489129477037917	-0.322199078894189	-0.10324417398442566	
-0.07974642210341663	-0.12994303766796134	0.14638668182198838	0.3237720324000755	0.16647114471291027	
0.125744822718929	0.2239009677983691	0.12696097303330717	-0.0929602382449426	-0.11126598401001252	
-0.14504519418450743	0.10610646576641218	0.040199013604510066	0.04175848983934117	-0.1578249781859028	
-0.2996813801394067	-0.17193355941300523	0.08990180350362581	0.21961813151086648	0.2304982292207383	
-0.1181157426462583	-0.04326776600344614	-0.012470435367842984	0.05373247432479482	0.007793623918001549	
0.09555269657678511	0.13109193604783684	0.12204372218957674	0.20890802835719516	0.01731100810039858	
0.08068038305757672	-0.0725050591707525	0.0879527631891117	0.2962761055744248	0.18646529797523956	
0.13363725714779923	0.37519505329321967	0.2242322851817411	0.050162420627231114	0.0451995970700903	
0.07666121824116198	0.20336240788563326	0.29603880614085615	0.18273647434954715	0.0035398014572646823	
0.15471315567994193	0.04883757057345805	0.05266077656015882	-0.024070192663696813	-0.018787266652545598	
0.00042685582305943134	0.1815587220341195	0.10315833104431325	0.01567792287742635	-0.01837263944774377	
-0.05259460395139446	-0.06612950504616	-0.18992064179733356	-0.2824216675124289	-0.1974569483201051	
-0.3094513625059827	-0.2617971697511842	0.1592781357588187	0.08008140252921689	0.18055318906688592	
0.14043628754031018	0.10254970653143365	0.2459097234332069	-0.14409236599777211	-0.12229811147069215	
-0.2607595977823424	-0.12641105124595492	0.013614392364262064	-0.030203871183956784	-0.29379851303860943	
-0.2669378007652981	-0.22577256844531288	0.01007013071415025	-0.06590923013855114	-0.14510337495761638	
0.056974233683010356	0.11195521682348122	0.10330518720353236	-0.28645445171371275	-0.21561250845925284	
-0.25207782250897576	-0.05552467243997274	-0.02904153033305416	-0.14920745838622168	0.11485515096484669	
0.21805308462111106	0.28841217246533907	-0.059069503812945096	-0.18966532585138132	-0.03772302655230262	
0.09198066447635951	0.24491398999189157	0.13022310862978043	0.22948211352442768	0.26143911338471465	
0.19485161816147983	0.06240984490562482	0.08951841246894189	0.08628134946999327	0.0718779324407907	
0.13650711936808343	0.14393007621687667	-0.01763203822798299	-0.06601909616468817	-0.14648285939963243	
-0.16468247228968944	-0.020319149250030866	-0.08271701958420566	-0.22161615882711766	-0.22645493988515078	
-0.14804788205054992	0.024492771719067878	0.1425079711032442	0.19845594941774305	-0.18185143243653035	
-0.3597950859050078	-0.2840116728437481	0.2615814888044336	0.38156703092722816	0.220654341653805	
-0.02848929201538282	-0.0027654691638680324	0.06778253605842266	-0.05096879308520142	-0.07581175492819162	
-0.10103624290343396	-0.06688446208413383	-0.20568241009603078	-0.21734251523771866	-0.15615571312431675	
-0.1737535139942471	-0.1715529739320491	0.04815976372742649	0.060514510455548856	0.10269759966078094	
-0.049387896493484386	-0.12618332279771727	-0.03870526323654703	-0.06460203196476487	-0.016062121168967654	
0.0892839489765678	-0.0001085624318755757	0.09023643670588537	0.08597281687188205	0.15764137148145133	
0.09762154746083526	0.03273549876792641	0.11648434247214902	0.1523700527750941	0.16934110401486405	
0.2528559173631812	0.1324942725749314	0.15908547805945145	0.0625255176195548	0.13375113682793366	
0.14355589209242398	-0.024723097732517928	0.04132754080393438	-0.019954526292001975	-0.036226973056986175	
-0.023177323821018402	-0.004947306876326733	0.021753776936478897	0.08255289103873191	0.10890162229816154	
-0.14178245191521777	-0.07391130733708429	-0.20823380233034297	0.06271389885650998	0.14135506152870947	
0.17142196257821432	-0.24160182145896075	-0.094992414324362	-0.11971871393539944	-0.1680991261672182	
-0.15147841418112065	-0.12177160087128401	-0.15233713434448043	-0.05070089092346661	-0.13793776738549626	
0.1314089394486581	0.059321993190292424	0.1290356751542477	0.2781979517240199	0.3434710554724156	
0.2483231869099764	-0.09844709685825849	-0.07798645614388923	-0.17569738367068552	-0.1294922749217802	
-0.14125180481893126	-0.2355039641372612	0.03204782378140568	0.01786912520683227	0.09421600861962674	
0.13918522201972094	0.3158432984481686	0.23487072386076324	-0.3837999953084271	-0.3721528422053331	
-0.36098761318208133	0.23984925063034593	0.4026803779667241	0.43417812772054437	0.2916235783326332	
0.19945402091034936	0.3580537997269662	-0.018039570334339977	0.10902613070319261	0.037016918152376094	
0.13881761603318613	0.12112506020400518	0.1285803196509665	0.16164429006088885	0.28243397522944713	
0.2899506555179098	-0.030649864268791287	-0.08728246424077402	-0.08358352968906116	0.09168526269575032	
0.037463442899133066	0.07365141415979326	-0.10170642975219236	-0.11360203497995253	-0.14690669479527688	
-0.012793720527015908	-0.022082614945043256	0.026319897724290883	0.023429447867520593	0.12577192923883618	
0.09437856480608688	-0.06418575864179414	-0.002183316340718084	-0.046126303715463335	-0.1014871551516309	
-0.16604746892770636	-0.11928482163635408	0.08059518312906237	0.025419917432036067	0.027794966458646653	
0.1628870076668225	0.14670813721567463	0.1635507162064803	0.02435559986702533	0.09431578894054227	
0.04821627049766722	-0.14215511037188147	-0.2607183562948356	-0.24825162857064104	-0.1187698036454426	
-0.18728443789738958	-0.1077969174419039	-0.2617668810227757	-0.1805661936693046	-0.29063830632210436	
0.24450969911254725	0.31963580251274	0.2620158782008747	-0.1438293030106956	-0.24713152949524794	
-0.18558246641362616	-0.008393528538397244	0.021422704540612996	0.04945605488012305	0.09811397862753868	
0.26637940218984807	0.24556278496434944	0.01928775297873699	0.017896753304697966	0.02566685661710515	
-0.044972100248021445	0.002557625547636743	-0.08727682348563429	-0.005444338573817057	0.10436881511629229	
0.036307846232464115	0.15990180762350653	0.12468245880589317	0.08712947065766935	-0.1446672083814552	
-0.21598826097209767	-0.24768801335095494	-0.06477546626160417	-0.1268280771543387	-0.07005773143124674	
-0.09274599009680903	0.012821809825612427	-0.08856463617413489	0.04406946173731867	0.12196312592937938	
-0.04675819104188924	-0.07325297773162352	0.029274575438936256	0.017194967619425704	-0.24672153543346143	
-0.27955173669256883	-0.21209216878439013	0.0677465661212871	0.06388641840464923	-0.07116395091687638	
0.14752992170261697	0.25509997613704694	0.19809996021581794	0.028606337778258335	-0.11423730633759294	
0.021954586207117387	0.025644576968480493	-0.07691276181089708	-0.07410133832591669	-0.03397134291435343	
-0.11651434855066713	-0.02390041917117695	0.1749634817244097	0.29231788748578497	0.31510150803606596	
-0.13221113281308694	-0.19622075685411497	-0.043582204005854004	0.07148785621106642	0.197689853165581	
0.12283001571989317	0.10089235968458303	0.014066664378677358	-0.02360300349949217	0.20292510723253096	
0.3232022315353069	0.23640406209910142	-0.1265205427114572	-0.019057123791842427	-0.16305990796566752	
0.08467098282742888	0.19872476362305785	0.15910444598956097	0.22262917543847924	0.17875097102695842	
0.21794424001216686	0.038306962979288206	0.132474928905469	-0.02039554515306806	-0.027375709903197827	
-0.016794956622973093	0.08103297243509887	0.013725464292294336	-0.040507034288729094	0.02735687017212332	
0.07528238321502384	0.24796993423026514	0.1313295005055592	0.17734873127293493	0.37485928294035115	
0.407196510332332	-0.23196548802268385	-0.21157522962350891	-0.22922930283418272	-0.26819353112658145	
-0.26550654452869793	-0.28723469832369325	0.00019275618144947077	0.17400371589668326	0.1181373786672513	
0.003550643823652607	-0.12118470005007793	-0.10803776484795656	-0.045334034093295277	0.021985664902986493	
-0.016403383983110958	-0.2631684504584345	-0.33584822302552364	-0.31137456369488176	-0.07410058123659939	
-0.18713582013545257	-0.07867579865117429	-0.04756771961592562	0.02037449637723181	-0.020600087663256047	
-0.12302583671275935	-0.14472839173342045	-0.14208339586306218	0.057718748948952465	0.17779883943542282	
0.08711245351901133	-0.13727247188019503	-0.011489429965893324	-0.08078091406973105	0.23307911044290372	
0.2381228996193978	0.22482297283795083	0.016900098449086895	0.04669603970618654	0.0944548240151982	
-0.042532049835291665	0.0450456127813101	-0.10795652239992098	0.09985695880613289	-0.02130863125851649	
0.06808020745413625	0.05551029380722933	0.21099882080226479	0.09641566573553487	0.05409095772242232	
0.014425262503682644	0.00856322891615318	0.3418193285373604	0.26365774205629694	0.2268438224709538	
-0.2537932640251335	-0.22649811454279534	-0.14225298647379384	0.1373756850603375	0.1148496290303389	
0.11529215584985916	0.20898775908943265	0.1307810413431049	0.10511719273118078	-0.4371973751183368	
-0.5714671739308592	-0.40245880802558864	-0.08027660235520344	-0.057252229479872026	0.060784270104184045	
-0.09090923334327021	0.02772747396854823	-0.09726976196194408	-0.060500928209706144	-0.09894988775812981	
0.011558828784367536	-0.026270001718248177	-0.011674591548739779	0.00230746891084958	-0.15007447947187247	
-0.3727642097399836	-0.2427498850265292	0.25846557546550286	0.17428614932730002	0.2443810615884201	
0.003417672684576713	0.12209702030854427	0.05941993646740788	-0.9439991293718327	-1.215670527727393	
-1.1358422892285616	-0.04198062966251484	-0.09813028440669685	0.01535118699741815	-0.03771115717350744	
0.0034535197002259627	0.08328117061077955	-0.014705042299720805	-0.05052079267952292	-0.025741247744189108	
0.08637222332730812	0.08737367626181874	0.06886598971314264	0.0840413028611321	-0.05441994200973661	
-0.08250355808928184	-0.054538052743062254	-0.03712467677718992	-0.06504682472873768	0.22333444718269707	
0.26184577638864803	0.3140000873582261	0.07018798795292627	0.2181509497301642	0.11262829462345952	
0.06249242424912627	0.030935223706833187	-0.020598872154484377	-0.2684972617656433	-0.2841274859862498	
-0.263012970103759	0.03462163206736054	-0.023762214855698825	0.05231494208218261	0.1896227882539005	
0.18235829210885499	0.12957095894070708	0.09519781366618099	0.08031251693386426	0.019121586720529105	
-0.09351473493710859	-0.08128458083650386	-0.08692565699155473	0.09425073766949414	0.11775629604358831	
0.22451666000654197	-0.056592068492486776	0.10747773696210274	0.06569409137555825	0.49937269635392967	
0.5972755540631814	0.578456600635327	0.1705871719159667	0.1501822487996357	0.19054248812221966	
0.06759725413988797	0.22525195658977937	0.1559357062295079	-1.8053561654909747	-2.542417735710424	
-2.2586475808314734	1.7808367845535982	
