TESTRUNID EPOCH: 14 L_PCC: 0.879480984814783 L_ERR: 0.008179220508736389 T_PCC: 0.7180235596449855 T_ERR: 0.019281632722319687
180 LAYER: 1
3 LAYER: 2
1 LAYER: 3
14 :ILEARN
0.06966208727533389	0.08789129759356365	-0.135514434568033	-0.17679325122546535	-0.21838407422457062	
-0.2851757853835872	0.37776655365513717	0.229606589531187	-0.04869765826047207	0.3489673150149673	
0.09997432964271828	-0.16496203126480158	-0.13161299040979674	0.24916781672648364	0.263345845578966	
0.08846321165948354	-0.08427997201700725	-0.13075247954240488	-0.06978689779947712	-0.16610329991798312	
-0.12709012596139174	0.5065900105806327	0.22387221948023098	0.16858546621284998	0.0857060764130256	
0.08687191977371143	0.18756599757284942	-0.3520440720783214	-0.2136636267353324	-0.0906317347715417	
-0.27784576615448	-0.06443809069112108	0.17303494348812004	-0.23361221281038208	-0.2839944458209824	
-0.4872408740436273	0.11994699724496109	0.13928085112732383	0.09181372363581844	-0.5390815767784779	
-0.14799313190785962	0.2624868221450165	0.09889370373124139	0.0486507671414519	-0.28308188595686024	
-0.07470980272907672	0.004899230893075328	-0.3173859856914394	-0.22026165697691336	-0.20597440279159832	
-0.3723311646713242	-0.2718512684787946	-0.22267171192847754	-0.03686719700754338	-0.5684844724065278	
-0.44411548459800837	-0.06449152810517099	-0.31068829674994614	-0.08022912716138864	-0.14468351496742657	
-0.15222468119682686	-0.09068660421222109	-0.04968213684792833	-0.24799916371310776	-0.33124952957858383	
-0.20329156160386666	0.03993245837650126	-0.03441901536766875	0.027645947132798828	0.04870609566190208	
0.10157499785895982	-0.06723656799419486	0.10198234269224586	0.1744382954300473	0.13951429732864312	
-0.1697909537322704	0.1016551484971296	-0.05134841215957298	0.06383693394341765	0.04379133320002578	
0.1100076552439355	-0.027761120657463754	0.021963091954605263	-0.10320736359535555	-0.009266834956291475	
-0.1153028435383643	-0.18827839022678988	-0.00976503241835613	-0.061140617596376366	-0.027989949515627117	
-0.028898629706717003	0.07930644009120336	0.05184103506015995	-0.020438724368307903	-0.07088578303149957	
-0.10128779071556078	-0.2544400608948264	-0.24226643595242778	-0.3665754223850096	-0.3736010487417582	
-0.32282624887697875	-0.11417169583880549	0.04616266444467411	-0.03483282894612088	0.06323695522567598	
0.07989696292727529	-0.0574639702420149	0.13087268111510328	0.17658303018574295	0.18457058646754115	
0.01761988387208835	-0.7276267563785302	0.18336066032933734	-0.30882509013196113	-1.3205205016491959	
-0.6934531543024359	-0.8257414660788285	-0.05024918166882353	-0.05395621112293031	-0.175442516553934	
-0.1293747477551308	-0.09706344962670438	-0.5214380968747152	0.05892706845569799	0.12534076999080895	
0.3927570101079283	0.21612426592743034	0.39934007047983744	0.03245940191227928	0.2712109313471008	
0.343929237731138	0.4221053460798817	0.3276447462460532	0.0026029539297907746	-0.19401924230898554	
-0.10984884875429517	-0.16504375394804857	0.012484517898525418	0.25789407524992103	-0.01923777713000691	
0.23603750799357778	0.10578787896144351	0.374952664108123	0.10144483133533404	-0.5001124673660406	
-0.43320000454015684	-0.10210706700596645	-0.16571006047715545	-0.1029054323333179	-0.3681418168741533	
-0.37455362012386406	-0.12469071217223263	0.045878905814745886	-0.23186013264128932	-0.30994257454672197	
0.03635884571835025	-0.39544792933250233	-0.2612905620554095	-0.048766092181726665	-0.029168154567062697	
-0.1818223162428272	0.22853841115827622	-0.18995122994409594	-0.2895242067559553	-0.6826818137024808	
-0.04570564609805958	-0.06785132781980878	-0.19402813922135467	0.21291569891001724	0.14325878722760368	
-0.10981051519169674	-0.23274151838510113	-0.19274969756760146	-0.15790286747845267	-0.04044432284404236	
-0.0565982512037396	0.12509010047363756	-0.0739229909885907	-0.08070176508877147	-0.3019806726142988	
0.18112325519016356	-0.14439690218959822	0.06087361833064591	-0.12408822798015119	0.05039676076975416	
0.03963935516488155	0.1299144035376297	0.3105074900628669	0.12640554300574314	0.5233266340888176	
0.12968172283530252	-0.14395590081873005	0.023544415677455098	0.028289363170250503	0.19377332597021477	
0.5456156745879865	0.23006192933590994	0.02997033835561111	0.28625692427938454	0.29783185003884133	
0.018028833392313096	-0.03784621930105343	-0.053137956222681144	-0.03040427039825092	-0.17746939314884058	
0.11747651029731787	0.13706627694200782	0.0799150555031417	0.17484349235141428	0.2115742509573486	
-0.054345776105798715	0.08030495966785517	-0.018442060846887022	-0.015136239683792525	0.022958842980479913	
-0.05874053085323134	0.13749810205275775	0.44575857164503013	0.3928123163344509	-0.5212807819675495	
-0.2414520836452933	0.03381755689854124	-0.18758268165267827	0.06431909886696448	-0.17366840521605292	
0.20403953751770065	-0.008304322927739725	0.0632179352861495	0.20452992340136522	0.18901644212460872	
0.0672284027133705	-0.1389198290559546	0.004879016978025465	-0.07958976648633286	-0.34263920399122305	
-0.09984752714382607	-0.17370617104521485	0.06369870056166467	0.02411224162855993	0.10362825257483288	
-0.3792006864925217	0.036835174197442117	-0.19252909960587586	0.03482609110647804	0.03546626901642684	
0.14752460314099275	-0.13342424841693115	-0.27344160556241986	-0.08458554727314677	0.11103006296203877	
-0.13424233847859945	0.03230139188661992	-0.424446475810153	0.14874362623005333	-0.0014736961898508848	
0.09177004238974938	-0.03823386871775536	-0.025244602312764056	0.21178375333937174	0.2826164200293953	
0.25838532790948326	0.055406265675656326	-0.043321489637564076	0.07506118043846952	-0.044374222833481865	
-0.2465192476899792	0.020364761446160676	-0.08122445337335606	-0.10935152795613269	-0.319641951698183	
0.06399033569366848	-0.16950448223764986	-0.15509286719182291	0.03609465831369996	0.07962009556462213	
0.10067719170725965	-0.025635324510416675	-0.17682333854229995	-0.24495485904501066	-0.03273607719543085	
0.20912950995079682	0.4094765625714306	0.21504963255802947	0.2013644260161981	-0.018249896888654357	
-0.17006364640267446	0.05061776412497302	-0.0510929133558638	-0.28582678174269177	0.010181959070454695	
-0.3214594066450597	-0.3223002303415846	-0.10215382705070952	-0.0499922283964114	-0.16870890467239727	
-0.08351290950503308	0.14143211011562085	-0.2156753494821881	0.1071559908791247	-0.36181358964630883	
-0.05207058486126229	-0.014612718648528564	-0.29359788593075153	0.10125990189103926	0.17891719475444257	
0.22904853384898144	0.07185112204220077	0.2956204747953891	-0.20497851616419108	0.01442921018291313	
0.32083156138324026	0.021418479355111184	0.2447607908308168	0.21457518351739582	-0.09508467971200364	
0.07295242225512892	0.18551708252958338	0.02120999659291542	-0.17354074578305248	0.23206965317019848	
0.05778004481545111	-0.025552179544753143	-0.1977381497231066	-0.39557906800112635	-0.4308112832489528	
-0.10453768834201183	-0.12830975798109784	0.15910134534572093	-0.1518529178499027	0.10403023645976668	
-0.20245702100370172	-0.05094835327316021	0.23016580977835568	0.4253415015172664	0.5850664313906192	
0.2751909618081002	-0.16431536486054438	-0.0671122185062913	0.19292326703037832	-0.3721883546329324	
-0.19483506345759402	0.09331389210879501	-0.19800306687733515	-0.13488993894814158	-0.3628305717056644	
0.032949545577637275	0.11679805446038201	-0.39304456597833276	-0.16717867352587493	-0.19225085582911108	
-0.2553665702927046	-0.3402545893067354	-0.35608248115284297	-0.14802070401077558	-0.5346335072386118	
-0.5243242460816091	-0.15072756153082953	-0.027316183048950844	-0.23382150684627812	-0.03935242541159978	
0.19353765347008045	0.08474757231775697	0.16138875697729754	0.28249984509298953	0.22281877389118937	
0.2982953883246826	-0.28241871555879705	-0.30186802831285675	-0.3679019354814667	-0.03998279820953512	
-0.05634955501069213	-0.04234397112158452	0.20070269054118348	0.4666197884439596	0.084913987787861	
0.05877897476480606	-0.01930198401571637	0.02447941518823615	0.31108350718849603	-0.0056278162997144	
0.258114850823842	0.09104282791861243	0.13705206014613788	-0.18755487007105232	-0.2954642519524304	
-0.23238999236795013	-0.08743590738308119	-0.27269532343633446	-0.11093550355140373	0.046493293111009054	
-0.30856220327589223	0.10577192403682908	0.03711980646476728	0.5505342018076158	0.2773438744309984	
0.3684131720862729	-0.14593481420696727	0.20773913197127652	0.07010462247850084	-0.47738986807508227	
-0.08110389250101471	0.0861061221231899	0.04304411315218985	-0.03505193897176972	-0.42143072723339964	
0.2500515947901394	0.07929659614797686	-0.08752173136220506	-0.10751680653725124	0.03732021527923842	
-0.08904029037667581	-0.17624891023597145	-0.1790699235384118	-0.03765727690669228	-0.2621380518999901	
-0.11465144654701966	0.31801366983260765	-0.1800081933962875	0.10659774166537232	0.17315871747349873	
0.0664151696881445	0.06739037380513772	0.03079760717067188	-0.1643023407922744	0.032008103023197274	
0.12854141371754246	-0.5174515782308312	0.029158358386075736	-0.044370080935328196	0.07739251199468285	
0.18505236213996418	0.11066936129584763	-0.10697659985995757	-0.014270087567477519	-0.025095608132782974	
0.17464691884666944	0.20681521941779812	0.009028803190760588	-0.0026147926745788076	-0.13406958062444396	
-0.03685538424552084	0.033738148519858145	0.40527564762411933	-0.2149991337260925	-0.3869394155992164	
-0.21855357220944058	-0.1744223890832452	0.2728426097081579	0.014395776638759081	0.20093411096043523	
-0.19108499719086777	-0.42793904451079495	-0.2695367459298597	0.050534243654566824	0.12026475817817445	
0.20507557786059558	0.17403988363149916	-0.2014070578369798	-0.10792948651748424	-0.3790238725626367	
-0.36837296593220137	-0.019223028091337045	0.04180785104399421	-0.18572848225233032	0.10720239081907978	
-0.21857867800104908	0.12194946903638998	-0.0015575142992015558	-0.3009579263411835	-0.27658592090119183	
0.042281830844148	-0.004510332876645856	-0.012130340953656938	-0.03631698619118701	0.058095164794744934	
-0.04925742362329243	0.359734653899655	0.2769264215760025	0.051097973455385345	0.3160743310703365	
0.1358010985185369	0.24729427537760887	0.198715322104873	0.2539641590478046	0.18318593919728826	
0.19542405070980623	0.0446535529645479	0.024223210896572308	0.14297711992206383	0.13671818383814452	
0.2154806137163876	0.26628590799361784	-0.025987168638010098	-0.03935255976552936	-0.04250421252394421	
0.4124720024250951	0.47492202018989355	0.4636855334357703	0.250706148561625	0.1360563878010516	
0.07503279072670746	0.021503336745137124	0.09237085811657374	0.045540450612823975	0.33631654755084406	
0.3192694716780321	0.29861911715002976	-0.2846888984265981	-0.16937657445601234	-0.17372535271382605	
0.223036317327552	0.22589737492201428	0.14182903923877116	0.09034279798081803	0.1730178118247748	
0.16019394574310103	0.19452714093476675	0.2331680159300051	0.3678897329157182	-0.29772413789780483	
-0.3771396617899065	-0.5634816455339337	0.09088409265123013	0.11465750520971771	0.05640461665700077	
0.06258326819680785	0.08481438563471802	0.05412845410118994	0.06503325193167829	0.05776009628107732	
0.1774264614504806	-0.3636482999982086	-0.07665997620148418	-0.1003876304461809	0.3172666481512107	
0.26020747451352483	0.11321909677658433	-0.10282184851254	-0.19947060157962904	-0.05557051245882288	
0.08952692390079547	0.05612838205762324	0.029200044489976217	-1.9491957806991917	-1.4780568738421966	
-1.7110733284651567	1.3585724966670185	
