TESTRUNID EPOCH: 13 L_PCC: 0.8933325175310128 L_ERR: 0.008412824929157953 T_PCC: 0.7969079645649868 T_ERR: 0.015576645390618322
180 LAYER: 1
5 LAYER: 2
1 LAYER: 3
13 :ILEARN
-0.38477636916624	0.720921158554247	-0.8368006134127016	-0.3439907512844185	-1.2692653131239864	
-0.16187869147780012	0.3505849675016188	0.03584256961514061	-0.23297370837794304	-0.19515862851770654	
-0.39592682588527656	-0.04403851247359577	-0.32582629945640584	0.09776145031783097	-1.4143219635967854	
0.585405351417981	-0.5231488741195313	0.5725365704629171	0.23362509779363097	1.068800904861756	
-0.4480285594706876	0.2589960600978857	-0.07664770372223179	0.30737163825406205	-0.6892590935118476	
0.1807024639852721	-0.4299905281882361	-0.3352758983353737	-0.001513636940935208	-0.5038613472803829	
0.6598252851115671	0.054128221037814485	0.5672384148072751	0.3516682976408909	0.5377511221776642	
-0.20345864128205607	0.5359156497638898	-0.2630378987602487	-0.413736451468433	-0.4947618841827492	
0.09212761203460006	-0.18124479038429783	0.09470305305231982	0.23129778714699015	-0.7651353533984291	
-0.11925048616996989	-0.08570979301113235	-0.49825274793802127	-0.1867834220771994	-0.64794079670919	
-0.2327157522338565	0.11053025091406435	-0.4236171813090246	-0.15162908908978284	0.16794521317859262	
-1.0544556628439112	0.6783282166603132	-0.7558356436325154	-0.6031912807939696	-1.576269840650007	
-0.037963024462828024	-0.13336453036342882	-0.3631292823393402	-0.06064014111207736	-0.6392675270505238	
-1.083647383894266	1.1966617613112112	-0.8156114736263773	0.09408681398764286	-1.0361158801551091	
0.7254743237379063	-0.20782714825260948	0.2932415354470152	0.2686634425241734	0.46996899969682965	
-0.8245229503383855	0.3466602201389413	-0.4323318855053977	-0.02952906560878763	0.372090882702226	
-0.007809115942985889	-0.020241919701042523	-0.23404909710527388	-0.03857436432210784	0.5351937950585388	
-0.15496226970295557	0.21873475435756903	-0.0652215322540563	0.3689655518741452	-0.677638456931487	
-0.6232970514725037	0.20872115379812853	-0.024913835358686184	0.7961515261188012	-0.7548727654771414	
0.19320246605926514	-0.22076631668969304	-0.11592672978770711	0.03728742582788072	0.12813667394845865	
-0.19283768607424398	0.2152759108725298	-0.13001947330703398	-0.5692557657020604	-0.4894137987557464	
-0.24849539145520771	-0.009106000894485966	-0.09516694176288731	0.05320758825261577	0.0005246929805825587	
0.3811739658662283	-0.33696572749150977	1.1694068286949595	0.704858462819518	0.5460476883695139	
0.006177696956895926	0.2175829883759968	0.4091257672708626	0.23842898283193323	-0.09025220030420668	
0.5426070020083645	-0.7484726416518339	0.35281011994601863	0.849344376138514	0.9377687231678863	
-0.8042737534417153	0.46490149985177337	-0.7959493793225089	-0.41571959914003304	-1.4651298365603478	
-0.08916545207767575	0.2534854651051445	0.051897691585819944	-0.02766289270055209	-0.3565409589669614	
-0.23962984316170308	0.3586505571760867	0.0007319038402176285	-0.08539991404436688	-0.23430852943866315	
0.16778068340052074	-0.14326754678558692	0.3541144887341718	0.2020401734885042	0.03628974017667768	
-0.41133883449643316	0.1705997590583875	-0.5326369645894016	-0.43196864275158836	-0.7688634280852451	
-0.4077958959725193	0.4347953217927019	-0.42019819719907947	-0.3702694044286689	-0.5947317104550434	
-0.2778369236826028	0.12145693864040144	-0.27927506265596425	-0.02010214159461813	-0.27855350598902295	
0.30403173041372233	-0.4613204668595802	0.503588061082643	0.07040448887878664	0.03554035264461922	
-0.21284990996197428	0.16672242638286386	-0.1485608957184193	-0.07531641443345173	-0.09357416711009947	
0.9163943714159882	-0.03380543961268019	0.7622086184657103	0.15602145334030448	0.6026366927813364	
-0.014125970473096263	0.43450499064420567	-0.13059150971043962	-0.18057801841784749	-0.5092200722438798	
-0.31054403384969603	0.4026010697564978	-0.26604231956977165	-0.20459183585242893	-0.9468777386127196	
-0.2993969546849225	0.3704459297762407	-0.33528252418198884	-0.23046942601136847	-0.7675113863799342	
-0.13125293162122745	0.06381815813629642	-0.01419427363887666	-0.0024245228281392947	-0.17740427492438363	
-0.12998902764979017	0.19334951565838954	-0.606873612354665	-0.3292692504004387	-0.7204843391866202	
0.2908984993575678	0.24442592927013046	-0.31765706313046704	-0.009770287274548494	-0.29458003458234255	
0.6068576989697632	0.22378606823670816	0.16071993378239585	0.23663801084189212	0.9402239635666696	
-0.14325893987470464	0.10479194971298153	0.3302747766785019	0.061786647809071546	-0.21364991660049243	
-0.11597645016199946	-0.2614598289253723	0.07130798547910976	-0.07143785074934189	-0.992024577750825	
-0.10353470777842798	-0.12585702765426787	-0.194443291642281	0.16407912512171272	0.138324369814255	
0.22795992900783807	0.6256515218135289	-0.23438600978919083	-0.12504375782729335	-0.048711416099268844	
0.42976985874922635	-0.1190754553630857	0.34285336776053194	0.09671238850540471	0.17625821269074862	
0.002187714706141939	0.0015154368464603317	0.22538630885438635	0.11715439788333802	0.5586122790478987	
0.13078645976673411	0.15334539255294097	0.3850969524094422	-0.10359843782231076	0.43549883993718275	
0.1498123155318594	0.20709795162412648	-0.380110666313601	0.20426732896268363	-0.26049287879642663	
-0.19049494181196724	0.3749391541874506	-0.6000299280536323	0.34388879526219895	-0.8030758684364246	
0.9979470754258104	0.48177651690600404	0.2357519979022948	0.09478780304704706	0.6954401988748654	
-0.25542964430085346	0.6573651757633111	-0.6866845286465962	-0.10824941612846997	-0.7763495232118311	
-0.8805377463446629	-0.500613005543241	0.08617738811870727	0.04356746986314333	0.04253357193333652	
0.1096976835880361	0.35201420419568047	0.16730273317278424	-0.6609997865457561	-0.5642991540488095	
-0.3749793704186529	-0.3268387007071222	-0.6880223368755094	-0.4361655957484118	-0.5085729705339221	
0.32759642660513	-0.5863990364900193	-0.03554079675532254	-0.11078919902045847	-0.255053196048749	
-0.6654562527072136	0.27528866489971404	-0.11387978725816444	-0.33155137884084124	-0.43892371928494595	
-0.5920570207638127	-0.41761943331132806	-0.2145692975599504	-0.29668863710397153	0.0716836232827707	
0.1609858426272789	-0.008487497204654013	-0.5186295502514514	0.23294640574123449	-0.20692604323358055	
-0.32827109855782555	0.2338813998327112	-0.030280526308071508	0.09153332814883626	-0.5533371487469889	
0.22868233645863914	0.2185724195435889	-0.009977247343927707	0.07561586318836673	-0.28425731277409844	
-0.33332687641905856	-0.037728330810862507	0.2291889211549522	-0.390518724458524	0.13635621718361002	
-0.3745102296823386	0.22488447879840237	0.003367372831069158	-0.08561743765234275	-0.49164228448526354	
0.1313264420680081	-0.003833011266093867	-0.03987261704625357	-0.14616073989759257	-0.3669104972069458	
0.24656182032693727	-0.40829078466805974	0.3432373534134117	0.046372371801376294	0.20291428442109025	
-0.11676797373503404	0.2314516840678494	-0.3528121478249165	0.258257258091443	0.11385203098062219	
0.37449626689651605	0.04707497781754217	0.6020901341902944	-0.1087510774734628	-0.27905259619071277	
-0.08538315549464252	0.29492310819484246	0.04918457014509881	-0.256363820743564	0.7370246998961916	
-0.12940866559310393	-0.17333049165705947	-0.2572700319946539	0.4219203160919593	0.06804108976141131	
-0.29767989289207103	-0.14179426073573762	-0.405861979826635	-0.003150467231952957	-0.06499284813170214	
0.33253906417366685	0.13797142634945786	0.34590120768908433	0.17612494348936322	0.055791481240507215	
-0.5417874378053539	-0.15056669753071025	-0.2585381114317443	-0.03477418693242469	-0.061710092326196495	
0.11317322377408714	0.41644007215070467	-0.0968760522081499	-0.04394589154579649	0.2056111826766954	
-0.2865853473446249	0.238485181036143	-0.0966670967149412	-0.0228074375021031	-0.3792827451731415	
-0.19508709337941618	-0.17079063296641708	0.7496543078196398	-0.46123403844786964	-0.14692282342132837	
0.30841535806945125	-0.4189879917438176	0.48627354636114756	-0.2360159359365196	0.02807994082226589	
0.26786344037974696	0.2962222044699163	0.1402110864073773	-0.12873586082310634	-0.06663838646919307	
-0.2774487995405767	0.15695480018995578	-0.09282429434712912	-0.2155974775088639	0.038650841062719925	
-0.05069701622125464	-0.18163000740335142	-0.2594007989592968	0.3486299431983005	0.13736361643829276	
-0.15147194580043938	0.5410858488106253	-0.577080458281224	0.2641213992000223	-0.33671759072561613	
-0.1654733663148832	0.06640898023491718	-0.08972643647068018	-0.049202433980933276	0.04405334108977921	
0.4010815756387725	0.15821929558269404	0.2081214748082818	-0.07435206551590999	0.11063320476125879	
-0.2208653368976537	0.3788174838540943	-0.09554677393347312	-0.3156137910249715	-0.7285760858940071	
-0.16305948203591317	0.17816240455569163	-0.1384983870885595	-0.1146231241539009	-0.2859815377352344	
0.22938729180537387	0.3259912169033061	-0.23481872731431433	-0.11031344211782873	-0.28386395383357654	
0.21686075504099792	0.10974576076946231	-0.10236812793320713	-0.07243316915771542	0.016340818910181194	
0.633382304178672	0.39510924940525965	0.011441058701305958	0.3487046540634473	-0.10974496524193213	
0.6572829183319735	0.314192581617316	0.2665282505725168	-0.03071238099842505	0.6487579113866122	
-0.7136423299896147	-0.16469481405515501	-0.19397684967959702	-0.007155082755006547	-0.2800559704349117	
-0.15620272333278964	-0.15825813947723602	0.5890434529710612	0.24254952381148973	0.1811497624218353	
0.1059328628539823	0.14798605837973008	-0.22571848195808888	-0.09282187040350752	0.31907614831210696	
-0.10660286138667364	0.0406718520750763	-0.18432082277495798	0.07690154362989986	-0.11519071315342155	
-0.4934533464583276	0.20570876086400514	-0.20426694694451464	-0.005327644737234456	-0.029964803539196973	
0.3845934617016233	-0.29337810203773124	-0.06751631640670955	-0.037841155467339196	0.6817850102328711	
-0.22813981141148343	0.3673282354072202	0.0672276823229744	-0.12551345837165448	-0.09645198688764962	
-0.37954603555383204	-0.3723508426291066	0.26173107131059903	-0.09160244756523656	0.6439258365894655	
0.4777014246685838	0.49400414076506177	-0.4353206122713072	0.011525756983119905	-0.22821733262823032	
-0.3812013455886455	0.48524351205514316	-0.1951051054922084	0.06310357575108987	0.24805056896957306	
-0.7554982876922662	-0.16044083822017272	0.0016278543857795645	0.32970849718630046	-0.22169228181311823	
-0.5780557969513672	-0.004598208027664443	0.2792953447837706	-0.14720361130142134	-0.2395069183159665	
0.25044553029793365	-0.33142055078724436	0.20253747346543827	0.02753213151655048	0.23251254179375666	
-0.16427670135301126	-0.20293540423347173	-0.34239502829231	-0.4902861296883234	-0.4254560292457921	
-0.057338047925572115	-0.003314478660744444	-0.5308330668554554	-0.013984332084288665	-0.17533085870600398	
-0.11609675419437232	-0.04210438886438426	0.6415150278425739	0.4891011163549115	-0.16531389186734724	
-0.15514619122959264	-0.032306072700706526	-0.03630184816064977	-0.007811317050057485	0.1603621209654278	
0.21909915781650718	-0.07115980295759292	0.18698141330354506	0.21206444276571218	0.19610488818455468	
0.6832636393242097	-0.19074210722970655	0.0859422479415251	0.23447865416517255	0.12455401292878077	
-0.07308635623876086	0.12155832119964545	0.23840593045693173	-0.10413963330339185	-0.015022697604910679	
-0.5191495219511467	0.21355233688785397	0.0845829509768277	-0.019257300896808622	0.2482915917051325	
-0.5440099913981613	1.0392291208267401	-0.21877875399084637	-0.14338150524609589	-0.7111940299793966	
0.7295926209459747	-0.4081968906508911	0.4080249233692996	0.19078492418587345	0.5476560484662456	
-0.7017286381867265	0.6586136697539727	-0.13800406125419892	-0.271615573456934	-0.27326136521554933	
-0.37561891996281915	0.9930288925849525	-0.03579563899849089	-0.2356595491113143	-1.5117037387631702	
0.21496981940216414	0.39851257313771066	-0.04461596377682459	-0.17797367392858957	0.349487513738783	
-0.19241358025290384	-0.02082263099341633	0.13721450602198185	-0.13870417519435435	-0.8790257779827765	
-0.17836217906848326	0.22789834074448953	0.018210713250575487	-0.32815598214280955	-0.41581845664593914	
0.30238365282731994	0.17800184177245656	-0.39582015788005437	-0.039498198957474154	-0.07700300999440914	
0.36837402682597087	-0.2999791293556591	0.6096026500623452	-0.0226945618825719	0.3738773326016113	
-0.3099598043019738	-0.3756287531397532	0.5397296468132874	-0.05494054060102167	0.6663937736939158	
-0.7889461117976201	0.16979656642439586	-0.10892220881610691	-0.06627828719571686	-0.025266583715058008	
0.4868911566432191	0.059015775220639013	0.23230752337087412	0.04686346812944874	0.5190994390686672	
-0.29382651974041335	0.08543257159421783	-0.29813355923068696	0.1410498674281421	0.07337027363670183	
0.5773051236946153	0.36865866681827075	-0.2521718049057857	0.05382864919009704	-0.18025101624262352	
-0.08846020301978012	0.08700725144517168	-0.15857308599739692	-0.14119637311302874	0.06255873396524478	
-0.1417264139438105	0.4887603436947771	-0.2720727731159722	0.19301740263207118	-0.3581373273627127	
-0.03223220619601799	0.3906653837599809	-0.24089195523547624	-0.0689825991720381	-0.6833174327723471	
-0.11864170587191315	0.30290249508411665	0.2373529275281998	-0.1362240024318049	0.3214499805140903	
-0.12243676949654186	-0.416553465264991	-0.10032633007237653	0.6536514947863676	-0.36330321866054893	
-0.11234280906629053	-0.08927506360022365	-0.38270086349998145	-0.16575745016779217	0.16968712918825316	
0.12120271698184562	-0.017576210759609842	-0.14592794098581843	-0.1667766343123172	-0.16150357861611014	
0.567613917870498	-0.05604813995920878	0.5799330735070598	0.24909661183485377	0.7856848287374593	
0.2255323570178417	0.033233125392260185	-0.22643975748337156	0.23073919589498812	-0.4218761917700765	
-0.4462312665209141	0.5015458705214463	-0.9387735388010654	-0.046818626385954396	-0.7416360138329994	
-0.37637127551787153	0.3361930586183474	0.5022099011404506	0.11059160654741935	-1.0227049082668696	
0.01835311658039349	0.17948564646355114	-0.16465973120463287	0.08402622063269066	0.2861350603280228	
-0.30976409592496545	0.49657002461105054	-0.21738366728303798	-0.17289413694799072	-0.5537989159002205	
-0.3453591213413397	0.5564204677463738	-0.0003884672046992384	0.7820882615165182	-0.4293978477729888	
-0.18590577658284418	0.2479811335227262	-0.5509322012061548	0.723325009106515	-0.12503477160415902	
-0.18104210000577473	-0.09066959737486448	-0.24334714529540397	-0.15445371340753367	0.15375327016711499	
-0.4052526471443042	0.6292963720992325	0.13639943123949602	0.15050713936028762	-0.3002637614970607	
0.1859498407684371	0.23624137850688998	0.18413489668516103	-0.013858895254853345	0.36147514188992985	
0.49328673851387	0.23944262330808505	-0.006203276852773901	-0.04236111245636436	-0.004085888395080955	
0.6154273203626975	-0.49724555407982945	0.33750395262134975	0.3314238352206169	0.3598682160021488	
-0.2812012968929986	0.1927649790255698	-0.3691303655474197	0.38119207181646436	0.9346411348413847	
0.15724442510955536	-0.2881449838970902	-0.033828368887811856	0.20513621146363292	0.25134964106443686	
-0.6262158711198835	-0.4246019002344293	-0.057733882962161885	-0.57585290289523	-0.7286617299608155	
0.19714371555984883	0.9311002080045073	0.4691168081840261	0.4736445460238681	-1.1938141210660183	
0.20743435429510512	-0.06929558554569923	0.061087804238280606	0.05253039010236791	-0.18242899288004744	
0.15221414680613357	0.09968306043475345	-0.13083121457970687	0.001896442968337539	0.7711018725950604	
-0.4030897553927743	-0.14846748927609296	-0.31621897927486675	0.22852497265081226	-0.3689298289573498	
0.33809572153437345	-0.05285567454582509	0.4077007208328426	0.059952260893001826	0.4406662717062809	
-0.004124238405215498	0.07658851688867574	-0.36869645983711746	0.010072957312215886	0.18918376227280295	
-0.5472709418336904	0.30233481558090086	-0.18698439902513944	-0.26509601679167655	-0.7521740070161885	
-0.22297055427598636	0.4541098889586175	0.0784342605312067	-0.4547422367138112	-0.7589435509344375	
0.003286531092667463	0.6082289250298847	-0.02254340738092345	-0.047698646217579334	-0.11153223692341822	
-0.08261922190033678	0.3829020899494505	0.15215411670562867	-0.327491689137132	0.008764475381844985	
0.40922285730411373	-0.041064354597024906	-0.06040351906174934	-0.3411356299458132	-0.22028573903365814	
0.2544088920993233	0.11264482214049017	-0.19673801132462054	-0.11364846261749689	-0.11932820771303783	
0.035837245823192886	0.11697996263836956	-0.16209201701588558	-0.13144286275946201	0.7172132003101904	
-0.8365442829281046	0.5276382548720562	-0.9679049801506503	-0.4011611477131313	-0.8717521048268584	
0.2794345883315306	0.322853936554911	0.10116890768616203	0.36500284487672563	-0.14123968963816833	
0.6078888932939996	-0.33587543209294785	0.6286132400090831	0.45041183215189473	1.0038970738702846	
0.25067959164080134	0.03417440259819812	0.16074022826925058	0.2089710420940824	0.17835642440326713	
-0.3520061053266536	0.08628746971759979	0.007219736723182221	0.4986904028554887	-0.8883698440782875	
0.005653538811004049	-0.356056339231488	0.1598620366832499	0.3654745326790076	0.5953458954498703	
-0.21037957511496644	0.3830498302878103	-0.20071580810669132	0.09067461590080786	-0.259034964916958	
-0.0024828000846149247	-0.12342696846847456	-0.006183204695851716	0.05364100120961661	0.18337276552785323	
0.32913518572709666	-0.4612462976865423	0.5733579485368693	0.5997911199033367	1.0892002261629545	
0.19102438873425398	0.12823591587591507	-0.3175749978456076	-0.39932551240440983	0.06753226150433782	
-1.1971195984992253	-0.0037069344347887933	-0.6872399755436903	-0.8296500742424581	-1.070129968426918	
0.811928482560952	-0.06055445429252424	0.6440864608514407	0.5582606312727486	0.8428571293527262	
-0.5693667603776458	-0.9327347197130775	-0.12170507496683293	-0.03622762809678981	0.9646100795685598	
0.5668107376617575	-0.43086251478757126	0.7337908481313999	-0.02877453791220018	1.0580168526691764	
0.30026695074437243	-0.010152891125769755	0.1565833301279013	0.09221121552551384	0.49770449415067575	
-0.023337489099648535	0.02215598358289649	-0.011283981046550205	0.16202896764353938	-0.08502774941241674	
-0.004247759607820312	0.3019099899858732	-0.19868951387932865	-0.17408629375647824	-0.34086499301672424	
-0.0024597197237109752	-0.023518200257907396	0.0672727648460647	0.0762606669391406	0.5048248385390021	
0.5392316616478794	-0.22965735166827364	0.618009966493324	0.2976573135579788	1.1484865827476096	
-0.4492176858717992	1.107552132186326	-0.9266567179691408	-0.5309571020688947	-1.2843631039832781	
-0.03328610687416938	-0.29957802914757276	-0.05016485005582054	0.036468872781745945	0.29331400493248844	
-1.619130239828107	1.9644980513300696	-1.472144949661053	-1.7631607441447898	-1.6640728060435903	
0.9963538667399028	
