TESTRUNID EPOCH: 6 L_PCC: 0.8051801968178035 L_ERR: 0.015688393622990904 T_PCC: 0.8178675489562973 T_ERR: 0.014873585954698156
180 LAYER: 1
5 LAYER: 2
1 LAYER: 3
6 :ILEARN
-0.271986600757535	0.5308025012495529	-0.24976185631333422	-0.023737189789154445	-0.388171862401461	
-0.11560077075344163	0.15989137271774964	-0.0360082053376265	-0.009797178883983636	0.004114349584245481	
-0.08362768050758697	-0.06150439065734628	-0.028586251756146264	0.09814324885839724	-0.2650051716983511	
0.4229492473980841	-0.7181979917439539	0.3381795914565886	-0.01998442549335057	0.5760512656978763	
-0.09661754536511369	0.3298728221299244	-0.21968380869252643	0.08301984948726075	-0.12291826853257919	
-0.0024322759014492007	0.0957453610272433	-0.0556801064275236	-0.05275910057703752	-0.07251956304967071	
0.02698859385318129	-0.13469025352138844	0.2035683001392715	0.03315031188078403	0.20088809980662978	
-0.41701683533150136	0.4237404438188486	-0.16851826010863363	-0.05967154682260682	-0.3001871250404206	
0.10188190752150603	-0.08911064698079536	0.030813156806192545	0.07036606805785091	-0.31350957224392273	
0.10940791573521373	0.17888829040236875	0.013906227063184628	-0.01349831791323332	-0.06132130584833029	
-0.20773439774231806	0.18729727186818718	-0.14927820708462947	-0.021767827647263573	-0.23995845281217523	
-0.49169904492991046	0.6970634087402002	-0.2981618773928009	0.020736085450356274	-0.50163163793447	
-0.2777619222698084	0.3481650977264476	-0.0690247664669069	-0.00927262772566964	-0.5338820102662054	
-0.5344895150716524	0.758936190923329	-0.3911166564556415	0.08008995654578269	-0.9571545274175717	
0.33589068797528415	-0.10624679625231315	0.12286504154933431	0.10670457924732935	0.20555205720822123	
-0.40526464508975674	0.4269691340966701	-0.18200022759248305	0.055243176190044416	-0.3708332930621915	
0.13991858970365784	-0.05772352786504582	0.11622542238887464	-0.01667379842250097	0.06070026856259384	
0.026130304530845774	0.11721860402293503	0.12116940810777885	0.06406941462458625	-0.19114983574685587	
-0.0008079039403021005	0.07267254144369749	0.06672743735246323	0.004755690046727406	-0.3613536318738894	
0.31055972177911634	-0.0928980530799581	0.22569074191857036	-0.06831689015271156	0.39437390215395723	
-0.10645167279336984	0.16342993866087152	0.011934467659278202	-0.011955458585052339	0.13920372827757965	
0.006363511131297716	0.06482540965208274	0.12463902727431267	0.09470064657755753	0.013250908261516706	
0.3076241045002153	-0.44011711027003353	0.3751239884703961	0.09901325208771858	0.24247330278684634	
0.16974347657489122	0.05610486086325002	0.2264653161457359	0.11109976730050447	0.01785097627678811	
-0.10244627050566342	-0.28639225120602446	-0.17838553341904545	-0.01884570198619169	0.3200283751403343	
-0.10031937573385571	0.24980275051904993	0.06068385292686639	-0.0403706712757252	-0.22839512617119073	
0.04167977016020349	0.21964809467596236	0.07781857512781504	-0.042207388734182144	0.045883772585606414	
-0.12686363752676877	0.2830678612730988	-0.033201106947877264	0.14054085634900398	-0.040897960863981266	
0.022869845855480585	0.03885187839609248	-0.0282183297286845	-0.015430782477254526	-0.18782673970009678	
-0.010155085335296632	-0.24524006916545876	0.007616557141770925	-0.027622849120316574	-0.0628134761056254	
-0.736324410513071	0.8239191005309794	-0.45825346609157075	-0.11919322286369946	-0.9503589010872189	
0.0838322568221463	0.0007000055414074918	0.08892665774398166	0.14423670295709498	0.09430856630075381	
-0.3960382171763255	0.3883014698988492	-0.23827248254420502	0.024472496797470447	-0.6933634689676369	
-0.3508055624178011	0.2503360586168215	-0.1930813338948964	0.025413528250160855	-0.3593706465190816	
0.4067350782612567	-0.19516593325060813	0.38246399821121535	0.04420213451713071	0.5304953890842475	
-0.013846241550630807	0.20975918341468167	-0.041343566629951596	-0.05108207333616365	0.0072610378020562675	
0.008783363782880466	0.13445112018199842	0.036778705531435966	-0.0869723504012477	-0.022170802042100406	
-0.06259440051968426	0.26863628479072316	-0.034511241998994656	0.05494958871114767	-0.1883850678630702	
-0.054188386827027105	-0.013739805970634	0.04890896542532669	0.08102894035266375	-0.0092201705502773	
0.26347396414599455	-0.39759625738674825	-0.015540871986428477	-0.0073218723540673155	0.322640246594999	
-0.3551770949827518	0.6752277031524007	-0.21133102603389384	0.034287588929846013	-0.6878156015466103	
0.24247671044111818	0.03007962486026483	0.17859841535384063	0.12508234959725006	0.18127266813081747	
-0.10216850533490784	0.5583229135093256	-0.14001135270368129	-0.06758060754648722	-0.20010532377967216	
-0.09819880234098119	-0.04515488379197556	0.0811636700321056	0.0914402458491211	-0.1413582037442277	
-0.05058331893916584	-0.008134008941786322	-0.03090389376047189	0.10152651090371997	0.08799383740395532	
0.2824014568786358	0.07491657719814927	0.20776152264942888	0.0951810114242134	0.20112234515766234	
0.11095964578233038	-0.030221523970115714	0.18998718504413917	-0.015640279199348753	0.037374202641858596	
-0.03913141898356119	0.025564163037570108	0.04246474436060621	0.026007742381316985	-0.05187416477089231	
0.023306065946261167	0.2560791686003576	0.09143799225389185	-0.04049410529978035	0.02524861982006495	
-0.10630125553719791	0.11196013018611344	-0.1913680874814312	0.052573753215398894	-0.03547278729557631	
0.12842187816342301	-0.2570323370435247	0.06131782816080985	0.12647087463872686	0.45100678772468306	
0.2508860368605625	0.10373111969682831	0.17315570119366047	-0.01566887540936902	0.13742385004171764	
-0.22859510615211193	0.621488646474617	-0.20986629533912524	0.04922131410282283	-0.2933565249175929	
-0.28280352880402276	0.40212753059284495	-0.18784816763590723	-0.010309919580424742	-0.5773293475221231	
-0.1810439127060799	0.13786205776001764	-0.04815763873815295	0.01885771514544878	0.04498146590277723	
-0.3285149799991564	0.7088809412720964	-0.2648998436327155	-0.031557854045340866	-0.5474279901740339	
0.3056325771974207	-0.01542244440694714	0.13231311096552634	-0.031617987404721194	0.2404363144616989	
0.08545582761591478	-0.008917457914753742	0.03383446346565608	0.06443381502399964	-0.12871466982154542	
-0.0588084777031987	0.11322049609107665	-0.08540257667930268	0.003421534807249353	-0.2717232138353967	
-0.14786115901079888	0.06986610206773756	-0.22320186094368163	0.11300414996016063	-0.119592014393532	
-0.12067673123237005	0.14316702808082057	-0.031125932819433676	0.02015210981665786	-0.19983460737164324	
0.1402080082756089	-0.1203593058077624	-0.0038756952999456245	0.05057647175758529	0.12202453943126607	
0.3160054820547744	-0.4342124246960422	0.19660340262341333	-0.058801415654840324	-0.07164071110177912	
0.0063360941262627	0.4571327698402823	-0.02769517456254119	-0.03538925859315889	-0.3042826031863765	
-0.01675626135078112	0.1183205878266716	0.0819750691310575	-0.03796714144599232	-0.08970815789453179	
0.10033827902917736	-0.09255513478399663	0.12270706912432058	0.017515780887529517	0.09356493347279142	
-0.0761608581919739	0.45715807790529234	-0.07695659149943937	0.011417767700932871	-0.09253491001811996	
-0.13436243279152013	-0.006614410153840596	0.10771669146023202	0.09472034924620903	-0.08842433161957583	
0.24952961354905556	-0.14348331176796297	0.23203910885213258	0.0904627849260946	0.03492812049877854	
-0.029697472103333608	-0.06602657604943343	-0.06054892252767192	0.09421112234123945	0.10800681535272112	
0.02046568263348119	0.05901726242372394	-0.11256745291993148	-0.013395639906015484	0.17458076224325783	
0.07694030097342225	-0.006859383573626746	0.054347402559476454	0.0725600748320345	0.2548920544059204	
-0.08346152225670536	-0.13871916628306138	0.03749095189516285	0.02673294728587314	0.22775581440787723	
0.04577729463547906	0.1719882818898163	-0.0508445840939918	0.04836057501823337	0.04987242645939614	
-0.134620274653619	-0.03609199294704431	-0.08158641914816712	0.06967685937144191	-0.331454174384436	
0.04918773456924523	0.03376597815450284	0.13823270945096114	0.039827015877319114	-0.18866319819296704	
0.16275873562802615	-0.2043445280441438	0.23130227832992953	-0.046596575003198894	0.004511907489245183	
-0.11725798320116154	0.192849982263867	-0.07204837342182588	-0.02649583169422544	-0.06234651729994959	
-0.015229632151522298	0.08040904258518343	-0.032463648201243034	-0.06457850605875481	0.12853941750504344	
0.003609620121698098	-0.07083473302490305	-0.028785705300649958	0.031135319153191527	0.16620036592274537	
-0.1273272692992079	0.35216154279858036	-0.19218886453249143	0.053688605228587725	-0.21209049260812754	
0.2737757306070171	-0.09620179737324501	0.06875055960267414	-0.045953291158571746	0.2932860614941136	
-0.059684681090314745	0.18305676735126988	0.023481091230258006	0.06506468289771697	0.11151454814801544	
-0.0563134407975974	0.39644167450231993	-0.04341719946853172	0.09643023674367887	-0.18824457254630125	
-0.2824067216262606	0.02448019423637659	-0.09789314289647824	-0.041645607076369266	-0.13712082371200987	
-0.1287701907779503	0.27697347904741065	0.011361884100335333	-0.004259388719797879	-0.04090903777769485	
-0.048802961629921156	0.25186684762704686	-0.008922944784136423	0.020099285993829884	-0.00777653667901845	
0.05284152968485626	0.15634349923517254	-0.143269556668705	0.10088039596914446	-0.04417389010033719	
0.08274574771653077	0.1746813294657623	0.030981950809558234	-0.07542461873207021	0.14913370008087454	
-0.2786232282330949	0.4077629408105602	-0.08780353536379026	-0.06504027687170819	-0.42041829583515583	
-0.06796362997676056	-0.10766680725819763	0.1653181015512321	0.11011830924178345	-0.01649330552142488	
-0.01695219921350388	0.33873767393547455	-0.052832786249917364	-0.021103240640021243	-0.024271996140136205	
-0.08796081930900024	0.12808773776971932	-0.031712000556025466	-0.045073786318236685	0.05425115450824464	
-0.12763525184410626	-0.05519613614233683	-0.06859219890593934	0.02050832796774455	-0.2507244088511713	
0.3464470200427243	-0.2323927665849381	0.13733631430089735	0.04887456380787783	0.4534355992368692	
-0.054368615822325876	0.00873866710238434	0.08709812333628937	-0.07590140604736732	0.07850415179827179	
0.14077909944044537	-0.4218213345664261	0.11756507366480975	0.058176371783655985	0.45041755192467947	
0.15719769610744228	-0.2490737043153983	-0.09437270722016106	0.05911077301772504	-0.016310881314153855	
-0.13440908295977683	0.3629091367756528	-0.07790908223619497	-0.04980567135189355	-0.29707998645715533	
-0.17899949878624066	0.3090057992207091	-0.03506279430429679	0.09162915166795248	-0.22793350242795518	
-0.17036477198383054	-0.16021101412559602	-0.030199980498080762	-0.03829914697542459	0.009531299907404636	
0.20212531979129505	-0.13551588990258703	0.08181925433910879	0.07632843708728031	0.07098451401401885	
-0.12211277209518984	0.4011782740527014	-0.15196707579881502	-0.03660157076328324	-0.3933572182544981	
0.058833197019477576	0.1538542295006678	-0.07494027686056734	0.05465805849558348	0.07388218415650631	
0.027664466525919234	0.1305570664885377	0.18841376671382182	0.12241907837233906	-0.020498035060214085	
-0.20318667194197745	0.31619517916231193	-0.12567209553789324	0.0015397794926934366	-0.29085850773798744	
0.11998446047598318	0.05484128227056128	0.11909274014275595	0.08327154681288801	0.09375327880550562	
0.0725163493023521	-0.03293686719404392	0.017612618363147828	-0.04847161728732175	-0.048845207199647064	
0.028931584165862976	0.2285875045192591	0.06083922184105527	0.010963756975335491	-0.2384935932731295	
-0.29206962800459263	0.1723768797502218	-0.1439801851168463	0.10177933708645512	-0.1265734241720934	
-0.3037161342469045	0.39099804510258407	-0.1137457411452144	-0.009751781764992532	-0.31174305333902624	
0.4139486944444305	-0.2819739369666827	0.3763434724286099	0.0883836689726484	0.20324236690787298	
-0.23433569361646472	0.16661981994146205	0.044213694173281894	-0.10974928430351771	-0.05768559930195567	
-0.13471836719230773	0.1599019279805788	-0.08454832571877709	0.03352402843038377	-0.26953604589865326	
-0.10287701801334727	0.28893022447539035	0.07694499965400248	0.08224892686613443	-0.09730872385022056	
0.0436827697800702	-0.007831982352446776	0.048718743933050236	0.057770007410551556	-0.13194393062413157	
-0.25584826614143436	0.4395295206197536	-0.1512202653174995	-0.03277732416626254	-0.24520669219850996	
0.059425695388023086	0.027703358994341426	-0.02748764037469537	-0.01806657414842366	0.22594612210687745	
-0.06504348985753783	-0.05025704753974994	0.017133820658275088	-0.054214934109689285	0.02320583036982102	
-0.25310848449368345	-0.12378921466093595	-0.11996407556034379	-0.08341144506173362	-0.01170844359896037	
-0.08003971064786622	0.09705821190613852	-0.12649082215975693	-0.04615730623030621	-0.4920667800402689	
0.3107852046511924	-0.22041132447924933	0.13033935826277623	0.0032201249484474196	0.1796527378628112	
-0.07907195496642114	0.46063397296205266	-0.05263387492251351	0.009000037190121279	-0.2523528478996404	
-0.1662627991027938	0.45884840010657113	-0.205720413310045	0.015314639645703357	-0.3631007726605685	
-0.11727574475507795	0.05714856124417194	-0.05291397212969334	0.05935802290717175	0.02308355193456473	
-0.10209918571100696	0.11147462893427523	0.0215711283258808	0.05224764403112704	-0.09610771593688616	
-0.2888835605062507	0.35351381687481787	-0.04799868918714389	0.009424716586003525	-0.3557003258656755	
0.11205143686039769	-2.3277833033596897e-05	0.04914036464230637	0.020023559416720172	0.05175222984275997	
-0.18131576524696608	0.3119542967765277	-0.13616607968970662	0.02761007482492109	-0.2611735868403413	
-0.10900215913235768	0.031096213156044897	-0.08880038995063325	0.01726220085401161	0.056521044888916294	
-0.07011796197192177	-0.10531482951292842	0.07922469164575505	-0.05900808613579082	0.22700566938876052	
0.4528917698975337	-0.5598008905442681	0.24616516575767047	0.09902328871520118	0.48997286864038675	
-0.02810251917522624	0.10196875214068288	-0.09568917743447297	0.018030152919094582	-0.08066526846513361	
-0.16962420121866573	0.21762266235792585	-0.2544956349638662	0.08894370641985966	-0.2347887596968539	
0.1744295877229783	0.103022315090416	0.0979170623522052	0.0951524811384355	-0.09243599274571268	
0.18977461511489083	0.2715288130311443	-0.03529165257688634	0.10171358659038668	0.020934365373756317	
-0.1026454716433238	0.6533477916227196	-0.013597586458294742	0.05556890648257806	-0.3274039792774191	
-0.18085994640419473	0.18685859712642913	-0.16972596117595518	0.019634718492789853	-0.24540635843557948	
-0.3747680051676845	0.18986713293045795	-0.18255615184645077	-0.0436319258904008	-0.4801424023201854	
-0.2124468163745689	0.23633025962540533	-0.004161029521662229	0.01833726123531698	-0.2038128782679255	
-0.2946606645526534	0.010507911869506307	-0.07158328975082856	-0.01813735010301155	-0.2999378387959053	
0.09331287694383054	0.10567642010235895	0.06882599997792241	-0.0009253067454919138	0.14681038485887693	
0.037009685199933195	-0.1812704148394341	0.09688363492790386	0.05693520029306566	0.11389724092692101	
0.3710240063866176	-0.365349918831153	0.2721222671717671	0.0797026175042159	0.14668206431927558	
-0.07399798093137294	0.10767102767456675	0.04605812307599812	0.10631805269078165	0.0055626057477418936	
-0.10256498777541467	0.2881211351775611	-0.11164504379261825	0.029676210439641464	-0.04931736690905269	
-0.10376760379265003	0.3024674826877745	0.038416893809349	-0.025676044480123943	-0.26222859072792293	
-0.1195778389592749	0.04681142914596133	0.044061207445129424	0.11561404777051847	-0.5410082036391589	
0.2296474268871039	0.036052059362125334	0.11696578764204965	0.11838347244147028	-0.029834741554201516	
0.08548253423286117	-0.18792881863789548	-0.05205617694228007	-0.03312611445154816	0.42150626182452605	
-0.3146468759109581	0.2574977457896204	-0.16155116981655931	0.08486059203722648	-0.16217553007729646	
0.16984416208373102	0.05863646167045399	0.15342993572673516	0.00479213193120547	0.09392661576239562	
-0.11710894643485947	0.023289739877252417	-0.12582503677301923	-0.07608134343127433	0.15550866006484054	
-0.3280321492933123	0.6264321668620437	-0.1518407709844019	0.0613296960527898	-0.2483258272475106	
0.04430574311667074	0.5752635980735886	-0.058971146426128176	0.016750011174796808	-0.2720142852223328	
-0.22501613387562033	-0.05674073944969458	-0.15615657944144024	0.0009129222277870797	-0.22141801880115333	
-0.09575597049216483	-0.12869356387336675	-0.10888729909324411	0.11122545754370158	0.08464699318740447	
-0.08383576873562545	0.13533492611474582	-0.00724055592586719	-0.022299743550140243	0.16457130051873647	
-0.11486918764524809	0.3239518263407126	-0.10881850273351859	0.03475070548378719	-0.06653430283588961	
0.06375727661649505	-0.3656182924262735	-0.04870140486784635	0.013454250660942321	0.4322322025762849	
-0.3580185891021786	0.584117415214533	-0.21733736467297615	0.08565929218549469	-0.6594824141800707	
0.21411487031385493	-0.058096072171819474	0.17291807910149481	0.09321748047832745	0.05104638070552075	
0.3884956683858243	-0.5298214129460176	0.4399440488905315	0.03581608874770402	0.6264461053450566	
0.16840071944223012	-0.18223047453355837	0.12093359469475407	0.12044060604997403	0.2722230851724981	
-0.20394089111115873	0.15326222072754916	-0.09348401376099393	-0.019919901286455058	-0.46965860021974165	
0.1544511613013601	-0.2124005215178701	0.07578324966762227	0.07330547967770099	0.24936689386692468	
-0.06031583107491293	0.2880149788046153	-0.06512231736295584	-0.015974468467449356	-0.19497125944424046	
0.07547656845840447	0.020180228015325413	0.0586609984811177	0.058392605082731655	-0.06958168927006812	
0.24864004073192195	-0.396153974309041	0.23558858121984047	0.13993376831766002	0.5062021309743214	
0.11480851533576426	-0.13772610656576706	-0.12125451806069137	-0.04705565148365583	0.2655323463104712	
-0.5611122727388095	0.7386737256571867	-0.4830976219255669	-0.12800100427292244	-0.7430701354351871	
0.5253339574858565	-0.3445337703852588	0.3778833743028811	-0.012094610861428544	0.5815117741334204	
-0.03420412094642027	-0.058044793707934694	-0.13019178688444896	-0.014112526398885435	0.10959411909451655	
0.1614542952259722	-0.18004909205188882	0.15313958308540915	-0.07682976748519701	0.3938485118352138	
0.21221549536361403	-0.2732790111059243	0.21179484385777958	-0.011083506762386622	0.3667065147187551	
-0.013513425487388975	0.005037157778514648	0.003997847986322837	0.08028905113903331	-0.026858270601743842	
0.18592267414674693	-0.09861114525052578	0.148739468071139	-0.025094004525650256	0.1585286246445651	
0.020469122798698256	0.0022429099827623966	-0.036833612205452636	0.07733270546750745	-0.03390919658205261	
0.3032916451325096	-0.4833856355456551	0.25529804423071756	0.022085359623719072	0.7114625736790231	
-0.27743044315259857	0.49529890294634665	-0.27408144447088606	0.021860618744800504	-0.35126319408936724	
-0.017111125969406536	-0.12041741521524499	-0.09038180188321585	-0.012008090806052895	0.11113083778317608	
-1.193462671752331	1.7094602693996688	-0.9648947391599026	-0.0647676986796616	-1.5539753258474711	
0.5524641302482569	
