            A        R        N        D        C        Q        E        G        H        I        L        K        M        F        P        S        T        W        Y        V
 1 A   0.1322   0.5233  -0.8947  -0.0371    0.357  -0.3689   1.1752  -0.1627   1.1784  -1.7408  -0.5022  -0.1132  -0.7539   0.0169  -0.3851  -1.0154    0.028  -1.0543  -1.4756   -0.206
 2 A   0.3111   1.0447   0.3425   0.0106   0.4029   0.3558   0.6238   0.3567   0.2526   0.0151   0.3863    -1.12   0.5203   0.8723   0.5269   0.3573   0.4131    0.564   0.4545   0.1089
 3 A   0.2428   0.1102  -0.3721  -0.2995   2.1628  -1.1945  -0.6746  -1.2218   1.0556   0.1247  -0.5379  -0.1686    0.928   0.0396  -0.4019  -0.0975  -0.3367  -0.1596  -0.5221  -0.0011
 4 A  -0.2477  -0.1812  -0.6236  -0.5417  -0.9151  -0.0434  -0.1471  -0.7604  -0.1739  -0.1067  -0.7221  -0.1045  -0.4643  -0.4333  -0.3603   0.2305  -0.5924   0.6483   -0.218  -0.2124
 5 A  -0.8142   0.2277   0.1276   0.3408   0.1284    1.592   1.2004  -0.2322   0.7325   0.3376  -0.6406  -0.3664  -0.3075   0.4277  -0.0275    0.219  -0.0538   0.2933  -0.9909  -0.0073
 6 A   0.3672   0.1089   0.1035   0.3992  -0.4799   -0.485  -0.0192   0.9201  -0.0911  -0.7562   0.0263   0.6935  -0.1028   0.4388   0.2724   0.1613   0.3262  -0.0454  -0.9704    0.321
 7 A   0.3678   0.0559   0.6129   0.0123   0.0753  -0.4474  -0.5897   1.2234  -0.7258  -0.8856   0.6116   0.0368  -0.1035  -0.0857   1.0098  -0.0726  -0.0804  -0.1378   0.3389   0.1463
 8 A  -0.6147   0.0238   0.2174  -0.0316  -1.1869  -0.6464   1.1453   1.8937  -0.6957   -1.532   0.2834   0.0481  -0.8209  -0.0246   -0.733  -0.7978   0.2135   0.3787  -0.2114   0.0177
 9 A   0.2598   -0.102   0.2341   0.2826   0.0457   0.0764   0.0204  -0.0169   0.1039   0.0856  -0.0929   0.3642   0.5624   0.3116   0.0348   0.4896   0.4405   0.2688   0.1827  -0.1079
