            A        R        N        D        C        Q        E        G        H        I        L        K        M        F        P        S        T        W        Y        V
 1 A  -0.0021   0.0737  -0.0472  -0.0341     -0.1  -0.0945  -0.0082  -0.0098  -0.0169  -0.0003  -0.0299  -0.0105  -0.0101  -0.0566  -0.0268   0.0026   -0.033  -0.0187  -0.0068  -0.0461
 2 A   0.0251   0.2235  -0.0377  -0.0901  -0.0523   0.0656  -0.0219  -0.0994  -0.0068  -0.0578   0.0439  -0.0411   0.0292  -0.0018  -0.0052   0.0342   0.0152  -0.0808   0.0009   0.0073
 3 A   0.0206   0.0288  -0.0092    0.049  -0.0106  -0.0009  -0.0234   0.0069   0.0404    0.011   0.0468   0.0202   0.0062   0.0496  -0.0114   0.0542  -0.0323  -0.0204   0.0619   0.0749
 4 A   -0.031   0.0168  -0.0214   -0.005  -0.1226  -0.0239  -0.0095   0.0175  -0.0714   -0.043   0.0067  -0.0767  -0.0823  -0.0099  -0.0271  -0.0351  -0.0043   0.0147   -0.014  -0.0267
 5 A   0.0061  -0.0028  -0.0258   0.0109  -0.0337   0.0112  -0.0029    0.026    0.036  -0.0015   0.0027  -0.0175  -0.0188   0.0466  -0.0034   0.0123  -0.0175   0.0204  -0.0413   0.0234
 6 A   0.0314   0.0501  -0.0193  -0.0436  -0.0782  -0.0317   0.0018  -0.0034  -0.0134   0.0077  -0.0036  -0.0041  -0.0516   0.0108  -0.0563   0.0195   0.0032  -0.0018  -0.0047  -0.0038
 7 A  -0.0088   0.0143  -0.0084  -0.0148  -0.0612   0.0224  -0.0206   0.0048  -0.0079   0.0505  -0.0017   0.0036   0.0254   0.0372   0.0243  -0.0034   0.0058  -0.0051  -0.0019  -0.0013
 8 A  -0.0074   0.0099  -0.0249  -0.0249  -0.0206  -0.0063   0.0115   0.0389   -0.039  -0.0424   0.0276  -0.0053   0.0165   0.0261   0.0556   0.0476   0.0386   0.0565   0.0014   0.0239
 9 A  -0.0294  -0.0159  -0.0883  -0.0213  -0.0681   -0.065   -0.023  -0.0301  -0.0367  -0.0156   0.0561   0.0968   0.0544   0.1008  -0.0811  -0.0249   0.0098   0.0216   0.0705   0.0392
