            A        R        N        D        C        Q        E        G        H        I        L        K        M        F        P        S        T        W        Y        V
 1 A    0.111    0.234   0.1205  -0.0922   0.1305   0.0225  -0.0779   0.1543   0.1436   0.1308   0.1925   0.1471   0.2555   0.3438  -0.0248   0.1694   0.1341   0.1757   0.2456   0.1159
 2 A   0.0533  -0.0486  -0.1814  -1.0634  -0.1997   0.1237   0.9081  -0.2485   1.1315   0.1713   0.2907   0.1556   0.2649  -0.2812   -0.328  -0.0976   0.0808   0.0754   0.3656   0.0969
 3 A   0.0067    0.018  -0.0232  -0.1328  -0.1125  -0.1447  -0.2215   -0.156   0.0551   0.0195  -0.1054  -0.0209   0.0734  -0.0389   -0.071   0.0011  -0.1114  -0.1269   0.0068  -0.0284
 4 A  -0.1378  -0.1143  -0.1763  -0.0505  -0.1179  -0.1899  -0.0863  -0.1613  -0.1692  -0.1308  -0.2116  -0.1293   -0.039  -0.0943   0.0141  -0.1326  -0.1347   -0.148   -0.176  -0.1824
 5 A  -0.0815    0.005  -0.1524  -0.1319  -0.1386  -0.1209  -0.0501   0.0062  -0.0353    -0.01  -0.0837  -0.0429   0.0587  -0.0168  -0.1504  -0.0408  -0.0987   0.0091  -0.0618  -0.0771
 6 A   0.0788  -0.0112   0.0302   -0.028  -0.0642   0.0203  -0.0811  -0.0416   0.0233   0.1568   0.1851  -0.0827    0.172   0.1418  -0.0132   0.0823   0.1075  -0.3035   0.0631   0.1554
 7 A   0.1963   0.1253   0.1489   0.0487   0.0778   0.2233   0.1042   0.1643   0.1246   0.1199   0.1438   0.0509   0.1904   0.1483   0.0971   0.2252   0.1993   0.2065   0.0909   0.1288
 8 A  -0.0399    0.008  -0.0233  -0.1059    -0.02  -0.0964  -0.0348   0.0921  -0.2513  -0.1062  -0.0036  -0.0221  -0.0486  -0.0123   0.0778   0.0425   0.0016   0.0666   0.0227  -0.1221
 9 A   0.1847  -0.2059   -0.484  -1.0825  -0.1668  -0.3326  -0.5729  -0.1692  -0.8121   0.1895    0.177  -0.0294   0.0889   -0.146   1.5372  -0.0964   0.0641  -0.8125  -0.1592   0.3059
