            A        R        N        D        C        Q        E        G        H        I        L        K        M        F        P        S        T        W        Y        V
 1 A  -0.0041   0.0759  -0.0707  -0.1253  -0.0395  -0.0346  -0.0914  -0.0184   0.0215   0.0324  -0.0225   0.0236   0.0531   -0.072  -0.1253   0.0059  -0.0151  -0.0979  -0.0727   0.0085
 2 A   0.0335  -0.0675  -0.0555  -0.1521  -0.0863   0.0191  -0.0228  -0.1421  -0.0316   0.1024    0.168  -0.1326   0.0811   0.0093   0.0194   0.0733   0.0965  -0.0998  -0.0401   0.1212
 3 A   0.0285   0.0257   0.0111  -0.0025  -0.0223  -0.0173  -0.0775   0.0154   0.0715  -0.0068   0.0351  -0.0497    0.043   0.1158  -0.0461   0.0319  -0.0343  -0.0052   0.1065  -0.0191
 4 A  -0.0045   0.0207   0.0047  -0.0222  -0.0686  -0.0817  -0.0503  -0.0263  -0.0032  -0.0303  -0.0122  -0.0055  -0.0437    0.043  -0.0117   0.0172  -0.0429   0.0639  -0.0187  -0.0262
 5 A  -0.0145    0.063  -0.0254  -0.0469  -0.0784   0.0195    -0.03  -0.0081   0.0129   0.0016   0.0074   0.0188   0.0067  -0.0026   0.0006   0.0323    0.002  -0.0042    0.014   -0.022
 6 A    0.009   0.0032  -0.0042  -0.0979  -0.0712  -0.0442  -0.0496   0.0003  -0.0265   0.0309   0.0131  -0.0118   0.0135   0.0213  -0.0252   0.0404   0.0506  -0.0039   -0.049  -0.0192
 7 A   0.0291  -0.0166   -0.037  -0.0683  -0.0514   0.0533  -0.0667    0.012  -0.0023   0.0692   0.0826  -0.0157    0.093   0.0997   0.0454   0.0563    0.039   0.0139  -0.0303   0.0268
 8 A  -0.0321   0.0163  -0.0153  -0.0521  -0.0367  -0.0188  -0.0339  -0.0239  -0.0512  -0.0399   0.0667   0.0105   0.0041   0.0467   0.0039   0.0006  -0.0138   0.0143   0.0344   0.0221
 9 A  -0.0167   0.1603  -0.0733  -0.0069  -0.1245  -0.0231   -0.064  -0.1075   0.0401  -0.0514   0.0243    0.347  -0.0168   0.0782  -0.0997  -0.0809   -0.068   0.0182   0.1739   0.0155
