            A        R        N        D        C        Q        E        G        H        I        L        K        M        F        P        S        T        W        Y        V
 1 A   0.0521   0.0155   0.0009  -0.0011     -0.0   0.0041     -0.0   0.0212  -0.0103      0.0     -0.0   0.0111     -0.0  -0.0139  -0.0155   0.0431    0.007   0.0295   0.0042  -0.0031
 2 A      0.0   0.0045   -0.001  -0.0071  -0.0087      0.0    0.199  -0.0056  -0.0029   0.0091  -0.0029     -0.0  -0.0044  -0.0015  -0.0094  -0.0032  -0.0073      0.0  -0.0111  -0.0025
 3 A   0.0057      0.0   0.0617  -0.0131     -0.0     -0.0      0.0     -0.0     -0.0   0.0122    0.002  -0.0051     -0.0   0.0216  -0.0004   0.0415  -0.0031     -0.0   0.0063   0.0154
 4 A  -0.0067     -0.0    0.006   0.0121     -0.0  -0.0005   0.0125   0.0115      0.0   0.0099   0.0644    0.025     -0.0   0.0041  -0.0088     -0.0  -0.0003    0.015      0.0   0.0006
 5 A    0.002   0.0275   0.0138   0.0076     -0.0   0.0123  -0.0057   0.0028   0.0157  -0.0005  -0.0119  -0.0043     -0.0   0.0049   0.0042     0.03  -0.0009  -0.0098   0.0464   0.0107
 6 A  -0.0016      0.0   0.0154   0.0265  -0.0046   0.0126   -0.026   0.0125   0.0035   0.0053  -0.0031   -0.008  -0.0071   0.0029   0.0309      0.0   0.0483      0.0   0.0386  -0.0013
 7 A  -0.0036   0.0115  -0.0136  -0.0046   0.0321      0.0      0.0      0.0     -0.0   0.0337   0.0303  -0.0026      0.0   0.0191   0.0349   0.0052  -0.0043   0.0041   0.0034  -0.0007
 8 A  -0.0093     -0.0   0.0035    0.015     -0.0   0.0214   0.0254  -0.0071   0.0028  -0.0088   0.0097  -0.0077  -0.0005   0.0098   0.0171      0.0   0.0445      0.0    0.024   0.0049
 9 A   0.0003  -0.0101  -0.0033  -0.0137  -0.0107  -0.0028  -0.0118  -0.0068      0.0   0.0196   0.0422   -0.009   0.0366   0.0584      0.0  -0.0085      0.0   0.0112   0.0761   -0.023
