TESTRUNID EPOCH: 99 L_PCC: 0.8602887035534292 L_ERR: 0.006874555261474131 T_PCC: 0.5565453407637136 T_ERR: 0.013364073217998589
180 LAYER: 1
3 LAYER: 2
1 LAYER: 3
99 :ILEARN
-0.03173752292759889	0.03421581357291063	-0.06770595775755053	0.022346583513108226	0.03187204935279557	
0.017680036733349582	-0.07740172195777584	-0.05442902471560993	-0.04302045990413974	-0.07106039963786755	
-0.12653396306124126	-0.07562008230402507	-0.059109550053696516	0.0756234872781891	-0.09452248136041477	
0.013276022572867495	-0.04705674865861908	-0.018026026961906357	-0.07192261228095326	-0.06037970218302424	
0.060148913735107334	0.07628094862688413	-0.05684771464845518	0.011632730363488246	0.16835801945624232	
0.22576052669237923	0.06267009312442304	-0.09218904335342354	-0.06603391608708623	0.07562850068588264	
-0.08033063323338999	-0.015778474998989572	0.09157790603010038	-0.015293538681509993	0.0029876468033531406	
-0.06990163119448034	0.03730018553631673	0.06692513437947459	-0.09634234453116164	0.1440261935727432	
0.2503109463810611	0.1947560731467539	-0.01286444415071349	0.10951864858887958	-0.03195949368315671	
-0.1154667915353026	-0.07857167284186957	-0.19172455738132302	-0.06287167686082538	-0.1064491759198276	
-0.12657579980066833	-0.027537968456498165	-0.1489721466427312	-0.14089440044300758	0.01587422340077683	
-0.05993880948628036	0.04269115035011351	-0.04024670157329046	0.06818059053701628	0.08799414388365297	
-0.07953311423443483	-0.017188802436086337	0.03888003154554903	0.03845766863674736	-0.0014852679456541168	
0.09296215519526953	0.052864873677825025	0.035704906155410006	0.12059903129380035	0.03806584708019137	
0.1142986187759015	-0.04014185387212975	-0.05137182792225264	0.09519733992034811	0.012106459075234978	
-0.06692916057661344	0.08550171607920679	-0.030446828050898697	-0.5894414124526349	-0.9195489264596837	
-0.8337457614990895	0.04531089001801984	0.08363105976939966	0.002045764772438727	-0.025391981156341163	
0.11260178213530118	0.017988263540758758	0.14230553533142012	0.11349794672955595	0.10240643527175503	
-0.05656424471202781	0.12309517442054979	0.022202051516875602	0.01567792287742635	-0.01837263944774377	
-0.05259460395139446	0.10170915465965213	0.049070331079282076	-0.06667440630450756	0.044393504876032254	
-0.00030036504236683126	0.03844856702356909	0.17885014743186747	0.13333167427634285	0.2407970033154143	
0.09369500128103611	0.01580926971846168	0.19399663347229254	0.12792830929487833	0.24177984961240814	
0.07410770119280784	-0.07257285007422445	0.08651909260743271	0.03936363229798004	-0.028135120205790228	
0.14709675133659292	0.1448835399743828	0.10529334249242607	0.07606885103210076	-0.042760359852936615	
-0.08262097538456735	-0.06291496784771101	-0.06336570833533256	-0.050757786479390825	0.07200558973657761	
0.007766212868330569	-0.06534557207307283	-0.03614067016858226	-0.1364064486767191	0.01255205015782422	
0.10623665414855908	0.18227256872805248	0.01220604385114199	-0.0962705421254114	0.060126534536123266	
-0.05340514523179592	0.06142103912375582	-0.022427871187165646	0.07270837091188573	0.04942432854743692	
0.011248046798083777	-0.072708954867863	-0.08801646209755767	-0.07573130885185253	-0.09108962429104767	
-0.07850117417878143	-0.05485813227842906	0.03830970081810843	0.009490597139912599	-0.09681568890162873	
-0.102050000295879	0.06413158435173812	-0.01213468175806426	0.02502551160978352	0.08920913136490402	
0.18178348962643187	-0.06091410377813625	0.01627178545465155	0.09400399781766247	0.0070667480471499145	
-0.12733861618309267	-0.08494922512453157	0.02671346925079357	0.07042045911661782	-0.0644237195646493	
-0.15012931121016979	-0.1642933332227489	-0.08451831710634458	0.04910222742740436	0.060195593019199675	
0.00930699465125185	0.09772323088248977	0.015949043849159378	-0.023971765475289925	0.04564713561331129	
0.10439425144829907	0.0877411353937019	-0.08427160620489571	-0.14282718963679875	-0.084427391687701	
0.10386996525986805	0.06698836894641033	0.17349357187392658	-0.08669270372917702	-0.04793698028429181	
0.060950912748669095	-0.03428820290398783	0.06942427972235554	0.04569666980921266	0.08741649754048461	
-0.03813948678070244	-0.08107245622550811	0.047013192657733904	0.05443560590864935	0.0815631705007048	
0.12175061710084563	-0.0384330984927691	0.0033058501698315134	-0.0064158457375915745	0.043507371082208895	
0.0467173828036265	0.005875138129249842	0.07354408601990862	0.019235409368585265	-0.02199845717175075	
-0.0028018665806180537	0.020862096583994655	0.0010373257588595184	0.07403701935436437	0.07815500886740982	
-0.16904492203863153	-0.122093594357539	-0.23522929590095526	-0.10413228430645083	-0.09501937514672554	
-0.030664771823209563	-0.0956950389451604	0.0895940422435362	0.0654230942341465	-0.1064476628577782	
-0.08003660371451224	-0.04819640203614048	-0.042782945418941704	0.11108616617825948	0.014825044639352762	
0.08802149646667343	0.016402835989416012	0.07576639688236883	0.07156205467263298	0.0854253075610065	
-0.003947959738942509	-0.013062830304705512	0.023796902265042223	-0.07531773241952705	-0.0019492954760144537	
0.019822061529175677	-0.09689334488983287	0.0660614082057781	0.0738154533526489	0.13855447609330046	
-0.053395895614701754	0.04925406005671399	-0.010183331085145592	-0.11530167032121025	-0.024633862255579276	
-0.05337310840315918	-0.08350879494564235	0.0013145054741026119	0.04575201860810944	0.06375171961759808	
-0.1291307143359049	0.0668687835794031	-0.02468393705084511	0.09475670767166453	0.02094322019481061	
0.04307712985017376	-0.018694458804556776	-0.005790855729272425	0.0011847839200661155	0.08423846658409863	
0.11908071772513357	0.10627141559063458	0.10503721314266648	0.09222505996827766	0.019954099887139573	
-0.11353486507245915	-0.04051028508639548	0.025530990544148	0.035197137318414964	0.03859570292998447	
0.07314810716846787	0.11806106959771125	0.17206370868592682	0.010814774067497474	0.13441765224190477	
0.0752499228852728	-0.06028602231457783	-0.014659798130393448	-0.0313307520451154	0.04086946211538201	
0.04574757845012605	0.05268004211139903	-0.05161789512622988	-0.16791977589704524	-0.1676166578634627	
0.022590536403610167	-0.06317764877149754	-0.01227729007214906	-0.0036966648740930077	0.01831424857416138	
-0.023048366687773946	0.12078744357246647	0.14346185205439083	0.14292387616071145	-0.05075861386395049	
-0.11716858712916589	-0.05175296654752462	-0.06473636478319734	0.12823300564448528	-0.03368862426641017	
0.08479516272850007	0.11023184681660497	0.07235005114103804	0.013898882549075148	-0.06780571263687825	
-0.006623995447338743	-0.071568624668109	-0.1186347855767758	-0.039702335737621004	-0.06533372547817821	
0.03776011079495813	0.040387769803272584	0.0004343201725464724	0.002145655687533607	0.01517743226968847	
-0.010184105424932113	0.02951543271767287	-0.07402355631399175	0.07766999056001818	0.27647992400690313	
0.18710280677267183	-0.006434503706875858	-0.09956266520746446	-0.12292438916062998	0.004020246878611771	
-0.003265212772175329	-0.06818472475711947	-0.008463508967065223	-0.029241598207107665	-0.007858528195594648	
-0.05921586896234369	0.07101715281774736	-0.03535362557823213	0.006289431329903004	0.060329785107192536	
-0.08897003433878375	0.010986448853609962	0.14598916164181744	0.14020928975823785	-0.013461021348836096	
0.03941976740901068	0.05908956634645538	0.04005478455535956	0.03448902871263773	-0.1100995025634245	
0.0302608664681982	0.0407033976305306	0.022048162529325926	-0.07802055867101121	-0.2953257881565467	
-0.14530746729302124	0.04634572014790539	-0.048060321340329386	-0.04858614023557067	-0.02032232867413601	
-0.09176651641102329	-0.008937392058171904	0.07112461940629458	0.2015161079182009	0.2553350435269908	
-0.0010820526750515752	-0.006835634874638558	0.14068386207575684	0.002856376267693216	0.08537089023767015	
0.018243047579697202	0.2107930606410821	0.19469641816882552	0.18526103241748465	-0.023903757969458775	
0.051108429735504016	-0.018171400674859388	-0.13275487246571685	-0.04891682114006387	-0.19238434302936347	
-0.02669138055125113	0.07246925056760883	0.03853554350147087	0.03818842841323372	-0.062272639808937824	
-0.01161914385031533	0.016315481468858237	0.09795034153274104	-0.059218754953375634	-0.05045341964752903	
-0.04756538324541762	0.05003448265959856	-0.01817166797787451	-0.10284732276232525	-0.008269793331986176	
-0.08053308690606965	0.027588309289968558	-0.07633689854448618	-0.10067138829566377	0.008891185846693662	
0.05946695456970591	-0.023796775187557156	0.04997166214522869	0.0022282956594256442	-0.062954561048667	
-0.015183909473500307	-0.04085466378541328	-0.17735724190225188	-0.08541953668887302	-0.13352382232675844	
0.07142885971263029	-0.08357046729539927	-0.0725104911192081	0.02861073129669492	0.18142096681635744	
0.13919000525389583	0.0059398726595706	0.030074938342703098	0.009596106572979003	0.04735669556056954	
-0.036596156482097235	0.06652092462963592	-0.047267633651699587	0.020729033876386502	-0.013906952060119718	
0.011622416733144725	0.047112377897613224	0.03316506837310502	-0.08665500047212871	-0.008283237258313633	
-0.07733161544648191	-0.0935944867453602	0.052278886095961666	-0.01974895748362425	0.02705550561272487	
-0.04544285061607537	-0.04244415336620429	-0.004385498656433812	-0.005199214687561196	0.060632668422833935	
-0.14064424072885964	-0.09395404125309068	-0.2623752641883967	0.055396477824320695	-0.06362490626697129	
0.027578092375214358	-0.051813190824580954	0.07913014287706456	-0.02812904043825674	0.12484740540286701	
0.1351011821896861	0.11180699866727094	0.11407254960183248	-0.021700326015377497	-0.022576271923199248	
-0.05754636069041049	0.0415345579323354	0.09624604270199102	0.12699096055886103	0.09002694658393967	
0.09444601502708379	0.11721484417032906	0.0389513333863357	0.006403568990554757	-0.10726610653091287	
-0.1479132367785066	-0.0026936980742089806	-0.11125456861506294	-0.10480151355118565	0.0012201987999958127	
-0.037882549641158	0.09648348985858857	-0.04667225956967296	-0.040215700130014534	-0.11484771258588969	
0.01015793240964552	-0.026688671229753116	-0.013281534545367096	0.002458538455672274	0.052550278826238174	
-0.14968327573443063	-0.009019940740133866	0.09142464375777277	-0.0428387801863236	0.08088221203705659	
-0.047531160704827345	0.0489520069424456	-0.008211222538932828	0.09489374014419964	0.0816828167076148	
0.11288044604421106	-0.028020614465825152	-0.07484886214923171	0.03724595060841656	-0.00963599213106846	
0.050893814195121075	0.12792015809867688	0.011610640376464608	-0.006553391719952306	0.014874173418604981	
0.08485505894355935	0.0848234714691134	0.06652599171686187	0.11373420317980612	-0.005583192069869179	
-0.0380427709739873	-0.047265802092094425	-0.0247706701001458	-0.05378237578886177	0.02141883239449209	
-0.01728271699976773	0.06327030236544282	-0.11978214898904498	-0.051609889858482166	-0.13639960202566978	
0.03242529497187756	0.014367315281776299	-0.0559452211477619	-0.027189151161311067	0.07875544033595079	
0.0416908311665314	-0.06414621780223129	-0.17147945071454174	-0.09118781560338171	0.07404219437522466	
0.023189567460053854	-0.012411457419882196	0.09519781366618099	0.08031251693386426	0.019121586720529105	
-0.07149427909136805	-0.044065190691472335	-0.052956704897604956	-0.009653370261704944	-0.024913033366428444	
0.09507000685405731	-0.05062870125276018	0.1198836608791286	0.07895999850359896	-0.14418641823178682	
-0.27455475773494037	-0.21979185905229504	0.09459333443500602	0.06777028765502768	0.1290864144973907	
-0.031126311296040914	0.06604339331656549	0.03975996216252389	-0.6804273106510762	-1.207745556175168	
-1.139856780242857	0.45410833899837366	
