            A        R        N        D        C        Q        E        G        H        I        L        K        M        F        P        S        T        W        Y        V
 1 A    2.679  -1.7279  -0.7495  -1.0716   -1.548   -1.317  -1.4561  -1.4777  -0.1665   0.0862  -0.6725  -0.3418   0.7167   0.0957  -1.9232   0.7635   0.6974  -2.3772  -0.1966     0.88
 2 A  -1.9077  -1.7993  -2.1979  -2.8712  -0.2643   1.9206  -1.5256  -1.8497   0.1642  -1.0628  -1.1615  -1.6809   0.6255    3.085  -3.0543  -1.2336  -1.8526   3.5575   5.6573  -1.5581
 3 A  -1.7241  -0.7054  -0.2311  -2.0658  -0.0653  -0.3905   0.1262  -1.7967   0.1246   2.2137   0.0632   0.4506  -0.4757     1.63  -2.7965   -1.682  -0.7841    1.553   2.0798    0.277
 4 A  -1.1598  -0.8123   1.5559   3.8937   -2.854  -1.1061  -0.3149  -2.1473   0.0146   -0.155  -0.5162  -0.2255  -0.3063  -0.1982   0.4582   -0.491  -0.6041  -3.0341  -1.8202  -0.5762
 5 A  -1.8068  -1.4379   4.2696  -0.6496   1.1926  -1.1564   -0.753  -1.8752   0.3902    0.331  -1.0963  -0.2842  -1.3035   1.9521  -2.6602  -0.2927   0.0621   1.2966  -0.6655  -1.2242
 6 A  -1.6669  -0.7927   0.4516  -2.2038  -0.1591   0.7992   -0.852   -1.684  -0.0201   0.0008   0.0741  -0.8445  -0.7974   1.2922  -2.7755  -0.5283  -1.4797   0.0416   5.2341  -0.6875
 7 A  -2.0314  -1.4387   4.4323     0.68  -3.1614  -0.2537  -0.4824  -1.8292  -0.5297  -1.0283  -1.4993  -0.6817  -1.6436   2.0944   0.3473  -0.7398  -0.5462    1.466   1.6059   -1.961
 8 A  -1.4692  -0.0148    0.769  -0.6661  -2.7541   0.3614  -0.1292  -2.4638   1.1904  -0.5723   0.2966   3.1281    0.784  -0.5531  -2.1846  -1.0327  -0.0824  -2.2109   0.6365  -0.1473
 9 A    -2.23  -3.1397  -3.5033  -3.8674   -2.303  -3.0802  -3.3976  -3.8246  -2.1935    2.398    1.932  -3.1701   0.9724   4.2413  -3.7097  -2.8266  -1.8756   3.1446   1.8773   0.3508
