TESTRUNID EPOCH: 47 L_PCC: 0.9779861609979514 L_ERR: 0.0007096518094360523 T_PCC: 0.5922471779846217 T_ERR: 0.012410179343641017
180 LAYER: 1
3 LAYER: 2
1 LAYER: 3
47 :ILEARN
-0.21393901602257717	-0.19464909521868784	-0.28423688237494227	-0.02722856555132575	-0.08050970024259647	
-0.08448456517419572	-0.15410084295547224	-0.2234559206592971	-0.1931758293099455	-0.044170333172662474	
0.11779715791883731	0.1349127029155263	-0.059109550053696516	0.0756234872781891	-0.09452248136041477	
-0.024861058861592827	-0.11814326608033908	-0.07910033069236286	-0.07192261228095326	-0.06037970218302424	
0.060148913735107334	0.06844674076072889	-0.039926516561501486	0.00568869198382156	0.29738923108822696	
0.3855567750475715	0.21645648549068344	-0.09218904335342354	-0.06603391608708623	0.07562850068588264	
-0.08033063323338999	-0.015778474998989572	0.09157790603010038	-0.1502038605511077	-0.2838523014964364	
-0.3191443445219268	0.03730018553631673	0.06692513437947459	-0.09634234453116164	0.31136164841979375	
0.5165295464456289	0.4246364384793025	0.19384975485110545	0.5277270980289909	0.33471956811970716	
-0.122455042484225	-0.05955816313322673	-0.17997293558128868	-0.15792919406506054	-0.3312585167641272	
-0.3232463914292469	-0.09903667159789696	-0.23395621144467818	-0.23362026138758807	-0.03058944938690415	
-0.15701385051234623	-0.04926685916278947	0.15199624909761816	0.45682000030412256	0.4388842277903468	
-0.07953311423443483	-0.017188802436086337	0.03888003154554903	0.0525614594126647	0.012025309556969179	
0.10230828286099483	0.04159127288949232	0.01430686812157708	0.09896782957134942	0.03295779957381776	
0.10409527052108411	-0.052682648810333535	-0.050781585004683834	0.09444836836025113	0.008144501818678774	
-0.06692916057661344	0.08550171607920679	-0.030446828050898697	-0.7808161618534888	-0.8719937672805335	
-0.8080658010487727	0.04151498527277538	0.07579286243461764	-0.0072177820222709705	-0.029956142854646935	
0.10396729701403658	0.006531238473704004	0.1180641203125707	0.06253740887719081	0.05352375076707309	
-0.06693056521929282	0.10469159135841946	0.0025050686580367007	0.01567792287742635	-0.01837263944774377	
-0.05259460395139446	0.1054353066442986	0.05353479929035397	-0.06584273127012105	0.04487511113957637	
8.404455761100042e-05	0.03706194005281807	0.26201521633289576	0.23503659318049586	0.32995404023228264	
0.1387582801158915	0.06473002528968451	0.23674148171708215	0.16153560428554942	0.26027820487047687	
0.08588746282076266	-0.07257285007422445	0.08651909260743271	0.03936363229798004	0.05879615952918146	
0.27569541730838115	0.2606952633299078	0.10119719196185693	0.06867877173148648	-0.05223677606168072	
-0.05644391501155137	-0.008274556749586416	-0.02085862076083275	-0.050757786479390825	0.07200558973657761	
0.007766212868330569	-0.24167910741066828	-0.1297429195510426	-0.21299205786013026	0.14258634526649402	
0.2937772161904362	0.3598729667414303	0.01220604385114199	-0.0962705421254114	0.060126534536123266	
-0.05340514523179592	0.06142103912375582	-0.022427871187165646	0.07270837091188573	0.04942432854743692	
0.011248046798083777	-0.072708954867863	-0.08801646209755767	-0.07573130885185253	-0.09108962429104767	
-0.07850117417878143	-0.05485813227842906	0.14099434196700622	0.157819873479577	0.04212997634899678	
-0.06297099026056496	0.15657618235120652	0.0533544505931921	0.15313627257351786	0.26847574766490667	
0.34287599491115806	-0.06091410377813625	0.01627178545465155	0.09400399781766247	-0.0009237966664720539	
-0.07768361318105109	-0.06924481241302272	0.0607011862197761	0.13727339726336654	-0.007289806923000574	
-0.3144080430543573	-0.39234503321007574	-0.302630087528853	-0.015792875659220534	-0.11061570308431766	
-0.14065487192839105	0.09772323088248977	0.015949043849159378	-0.023971765475289925	0.09419875717876151	
0.16933256698269744	0.14548317475574765	-0.1665504331795225	-0.2559695949476674	-0.19892940171824788	
0.1564093514910474	0.09195217737252499	0.20324273767457865	-0.08669270372917702	-0.04793698028429181	
0.060950912748669095	-0.0929625000045928	-0.07015144093210983	-0.07936664303105935	0.15719843178744733	
0.07720707453640721	0.01663939363519254	0.047013192657733904	0.05443560590864935	0.0815631705007048	
0.17166721129703613	0.03573507321950739	0.06882664362414831	0.01206831075448896	0.07777126886322183	
0.0768062212741904	-0.04657790562182141	-0.014587594823575597	-0.058759831159740115	-0.02199845717175075	
-0.0028018665806180537	0.020862096583994655	0.006521364872763286	0.07824584250549937	0.0900421473159985	
-0.3638118622841021	-0.1934661740231479	-0.3182527457389551	-0.17901917640906526	-0.1501603605289575	
-0.09742498606964366	-0.0956950389451604	0.0895940422435362	0.0654230942341465	-0.15138906361164264	
-0.173590900332288	-0.13205764992383912	0.06120853480801935	0.2679273834090559	0.14899753615386915	
0.08802149646667343	0.016402835989416012	0.07576639688236883	0.07492044213244141	0.0877421051981156	
-0.0019898759912889826	0.006817768004828333	0.059035494809002984	-0.04732740700279414	-0.0019492954760144537	
0.019822061529175677	-0.09689334488983287	0.18119577009019322	0.3123029163948525	0.3332331516938832	
-0.01431688557938772	0.14169865805618237	0.05530580126611077	-0.07693691551959579	0.044868628069394526	
0.0047060554841376065	-0.020760857028571705	0.110173075874244	0.12815772270062306	0.056734275130902914	
-0.15590546634707014	0.04597869617584528	-0.02468393705084511	0.09475670767166453	0.02094322019481061	
0.04637906352303933	-0.00771985829194357	0.0029435795749418133	0.05202182878450671	0.1389362703515649	
0.17729539826098464	0.1237034002083196	0.12566376326651016	0.10978288300342481	-0.025398905863397186	
-0.16402384568879025	-0.08683782717365794	0.0754475847403385	0.10936530903069142	0.10411649638430134	
0.2137231082848277	0.3105635019369353	0.33660737899856225	0.015320837614919688	0.0679167570874173	
0.02855150718099901	-0.06028602231457783	-0.014659798130393448	-0.0313307520451154	0.031696621423994584	
0.03502623197137974	0.044145654947122255	-0.13562034632856332	-0.20135488271847438	-0.21005727528176765	
-0.08923515168950608	-0.20309766791534029	-0.1523938199663321	0.03296567141849597	0.09344274255441026	
0.04546767052912536	0.08229038094752116	0.192343048314386	0.1996073841906998	-0.2575816086572202	
-0.527109143743564	-0.40597692548995545	0.007380826004943363	0.3562898247427873	0.13685186310133854	
0.21083684485955106	0.33614569226126073	0.2512709652608681	0.013898882549075148	-0.06780571263687825	
-0.006623995447338743	-0.16922293269500036	-0.3001529974089788	-0.1956213568205855	-0.09790617091971567	
-0.015132977504565293	-0.009617145308319858	0.07862848694009046	0.10724410027525974	0.11074914410009769	
-0.11886067610961236	-0.1600342021264083	-0.2435168910020252	0.2692434113374889	0.5410420774913177	
0.43045019996831474	0.012049652785204677	-0.06529876742645144	-0.0928355506900661	0.035139883826376984	
0.04104655263837929	-0.028000508430220835	-0.13544747791043493	-0.21474216616326522	-0.1744872012123402	
0.05692040213303925	0.3446352957326327	0.17818494729150083	0.04537179424474787	0.08903303815228018	
-0.05245268736387646	0.09310390103156646	0.241769649574962	0.2341222574416285	-0.008676706567169595	
0.06396946162108137	0.08005833292112005	0.0140193615637861	0.009046400170515334	-0.13527932948943644	
0.0302608664681982	0.0407033976305306	0.022048162529325926	-0.2779094253069149	-0.5598385502991727	
-0.39955245707250747	0.04634572014790539	-0.048060321340329386	-0.04858614023557067	-0.09348571946805478	
-0.16065173964831106	-0.0915262884185529	0.06141449304581527	0.31107660963680406	0.3633978694197441	
0.08588061942068545	0.1266336125705488	0.25411564384433044	-0.049596667483378036	-0.002760790605814066	
-0.05975219294862818	0.2889710781298297	0.17908539209464627	0.18502041576688458	0.05429040879808517	
0.15620687432323022	0.0774003111555498	-0.20550155052351907	-0.09639224228443834	-0.26701174057229027	
-0.02669138055125113	0.07246925056760883	0.03853554350147087	0.03818842841323372	-0.062272639808937824	
-0.01161914385031533	0.016315481468858237	0.09795034153274104	-0.059218754953375634	-0.05045341964752903	
-0.04756538324541762	0.05003448265959856	0.0535624855699751	0.008304185828647025	0.08619700675100674	
-0.279056923179727	-0.28870729448757676	-0.37682714640659937	-0.009417537720399266	0.22448766626561306	
0.2511935501547801	-0.023796775187557156	0.04997166214522869	0.0022282956594256442	-0.07224867636580225	
0.0284071954282806	-0.006337641579265732	-0.34887556709787215	-0.37123863754380954	-0.3953109768789198	
0.09810490863404533	-0.015202623959652375	-0.013040483265393598	0.04124903632255111	0.2884984424727162	
0.2372553905905426	-0.03219720877488973	-0.04101157907901689	-0.05147819715747751	0.164141059520366	
0.16392762965906155	0.24492898017159564	-0.05416776779675552	0.0983325625929279	0.053704545574423	
0.1494221336933224	0.23527942911026686	0.20481153067752988	-0.08665500047212871	-0.008283237258313633	
-0.07733161544648191	-0.06247484979759502	0.09659065150651636	0.02043525884327442	0.04693610392225874	
-0.010204258072114591	-0.014453827949471434	-0.004385498656433812	-0.005199214687561196	0.060632668422833935	
-0.36289780961895646	-0.4041117615378558	-0.5408522727467217	0.02176495649874842	-0.0984464808230879	
-0.016966725688559482	0.030304261353375547	0.1749106308102092	0.06578392724513384	0.14227939002055207	
0.15572773231352974	0.12936482170241811	0.21806402982879344	0.13514089121541897	0.1115962195913171	
-0.019694330799263353	0.10062166714643367	0.1356146566520283	0.2549593802887963	0.2961304874043982	
0.28528812749165655	0.16713143836651953	0.11311950509861216	0.07192436244487155	-0.11299689716955374	
-0.1432140399619429	-0.012903872626285215	-0.18605520542932716	-0.20076017886574585	-0.10024009744879876	
-0.037882549641158	0.09648348985858857	-0.04667225956967296	-0.21552162513349762	-0.47881972592031025	
-0.30332240472048566	-0.026688671229753116	-0.013281534545367096	0.002458538455672274	0.018581391567247422	
-0.20355105879690188	-0.05692634279789535	0.04188642483887734	0.16897536302581243	0.2528193394714598	
-0.036584715405061155	0.0782844802707161	0.0011795202295160495	0.2067314854909749	0.2784361491179532	
0.28525668860593606	0.0449981203868014	0.0683122028427585	0.16404427913803857	0.1373438285486099	
0.3378599860710938	0.383625834663325	0.164820272391319	0.2896130512166932	0.2750761826827791	
0.028307654776971922	-0.029765113309693947	-0.03408167430791068	0.2891569029412876	0.3178685770997288	
0.24403709898459797	-0.01632130394533666	0.03501583626999522	-0.0027186927829654633	0.02141883239449209	
-0.01728271699976773	0.06327030236544282	-0.28938656181961897	-0.4251705450214729	-0.4459551389536401	
0.0773091272490422	0.0736458835709407	-0.028396045080540225	0.12099821961419871	0.37138007295489966	
0.2978039075119518	-0.3349556467868928	-0.6672484827469397	-0.5386808120497761	-0.14759774518672894	
-0.473314082572764	-0.42696492331153046	0.09519781366618099	0.08031251693386426	0.019121586720529105	
0.060870823779587815	0.22292612850859267	0.17960261882450945	-0.009653370261704944	-0.024913033366428444	
0.09507000685405731	-0.1998580899816727	-0.23635812741082257	-0.2267798623913865	-0.42030927188352474	
-0.35474957102630633	-0.33374188863994525	0.22359924454127197	0.26817659973037655	0.30420173845653364	
-0.018277947088632496	0.3041034629947186	0.19681385913610153	-1.4449175061196624	-2.39974846884585	
-2.151425533036849	1.5835422588417516	
