            A        R        N        D        C        Q        E        G        H        I        L        K        M        F        P        S        T        W        Y        V
 1 A  -0.6378   1.4363  -0.5007  -1.4188  -0.1719   0.2939  -1.1544  -1.2789   1.0708   0.4288   0.4591  -0.0332   0.5625   1.2462  -1.5885  -0.1651  -0.2284   0.5088   0.5271  -0.1498
 2 A  -0.3683  -2.0951  -1.9799  -1.8581  -2.5188  -1.0192  -1.3242  -1.5699  -0.9132  -2.2212  -2.1691   -1.198  -1.4525  -3.3621   7.0089  -0.6511  -1.0966  -4.2668  -2.4892  -1.5581
 3 A    0.513   2.0119  -0.5387  -1.1574  -0.6612   0.3303  -0.1973  -0.6746  -0.0134  -0.5525   -0.749   0.6201  -0.1184  -0.5728  -0.1196   0.2344  -0.3562   1.0477   0.8995  -0.2427
 4 A  -0.0276   0.2681   -0.273   0.2926   0.1995   0.4325   0.3634  -0.7794   0.3661   -0.314  -0.0227   0.0171   0.0184  -0.4647   0.2635   0.2776   0.2559   0.5488  -0.3669  -0.2228
 5 A   0.3271   0.3381  -0.0984  -0.3736  -1.0454  -0.1247  -0.2457  -0.1638   0.6381  -0.2971  -0.4752  -0.1152   0.3259   -0.158    1.368   0.0923   -0.115   0.4658   0.0662   0.0288
 6 A  -0.3321   1.3991   0.1252  -0.7762  -1.1299    0.373  -0.3146  -0.0661  -0.1846  -0.2895  -0.1833   0.1649   0.3949   0.2474   0.4149  -0.2048   0.2889   1.3175  -1.0006   -0.235
 7 A  -0.0779   0.4642   0.2669  -0.3847  -0.7482   0.3665   0.3158  -0.6719   0.3828  -0.2302   0.1613  -0.2197   0.4511  -0.3637   0.0293   0.0493   0.1214   0.0804   0.0954   0.0752
 8 A   0.7387  -0.4442  -0.5718  -0.5946  -0.4511  -0.4789  -0.6141  -0.8817  -0.7655  -0.0696  -0.2924  -0.5555   0.3306  -0.1969   2.2846   0.5874   0.3917   0.8641  -0.0793  -0.0394
 9 A  -0.3027  -2.3472  -2.8407  -3.1431  -0.5508  -1.5233  -2.0912  -2.4067  -1.4191   1.7031   2.2935  -2.2401   2.1986    1.814  -2.8285  -1.7613  -0.9038   1.1343   0.1759    1.288
