TESTRUNID EPOCH: 11 L_PCC: 0.7526351640350427 L_ERR: 0.0019184245927071795 T_PCC: 0.49899150240936163 T_ERR: 0.0036571472643141542
180 LAYER: 1
2 LAYER: 2
1 LAYER: 3
11 :ILEARN
0.22316150750489686	0.3592211207673259	-0.02459723493850944	0.07282528006772564	-0.20289733909447852	
-0.24489542497547181	0.07720390120078531	0.15600009388671507	-0.015455059779241285	0.014929045426176358	
-0.12383105361857291	-0.10694212836529694	-0.0516027324916592	0.0846657911304009	0.09408395367287546	
0.28172717818649096	0.0629109592697142	0.10833176254513928	-0.2830855597723682	-0.29465946271397586	
-0.09359723918435883	-0.10283999242793508	0.09224756162170773	0.20968017230465924	0.05014594338223519	
0.05199255852535073	-0.3681222828580909	-0.4400159543999944	0.028806991166348016	0.2028357153661018	
0.0693519654217284	0.1822657657478173	0.22602564934859484	0.18362009417392075	0.02874274265452107	
-0.04726710079264215	-0.21796413247278668	-0.2535307651709823	0.0764546724087007	0.28305746502999324	
-0.1514325745591889	-0.2662072778632965	0.049480715974257676	0.1770967097893988	-0.14435502729497524	
-0.09564617060243161	0.06609028770069092	-0.06077350596114964	-0.011885246702054087	-0.0350707570694511	
0.027457549387865418	0.20280677133238856	0.10064187865657342	0.15395022282194012	-0.03829226417529888	
-0.1234653012844597	0.14155876763113176	0.09079654518611112	0.09608741750677766	0.14538117825249766	
-0.2361355789619572	-0.20593683775962873	0.10151446670093221	0.06343086872783862	-0.09120853136346153	
0.00506223167759764	-0.08735833252809762	-0.1548226975348683	-0.276959941461706	-0.3874392540896198	
0.39949052103198657	0.3438826209030869	0.11511436027091579	0.3159963252919565	-0.013023924562087352	
-0.05740281547290103	0.23462548140795936	0.16581182081623283	-0.03849375776278795	-0.059278023453963595	
-0.021030862908126245	-0.0707613949673014	-0.39513276600535485	-0.5516727560006556	0.12305897768139569	
0.3001555634930675	0.14493745279710513	0.3035992944029862	0.06256511480303321	0.06331532773089912	
-0.13746354832520774	0.010859323767440521	0.0660791056704277	0.1155645168450914	0.17674916884941347	
0.1964788216334442	0.11172682151011833	0.05963738047071636	-0.039385469678953976	0.09276773371316652	
-0.020178467103519074	0.021260064606416062	-0.3945158797503417	-0.6071060985002955	0.10652227575210718	
0.05880457712693085	0.045904533367225095	0.28354573690349616	0.10093297418065737	0.18033391768611756	
0.08377927624915602	0.12499569389332096	0.1417320734664382	0.11579949592463099	-0.04565719500465532	
0.10065053677867487	0.06778387072832136	0.10136268146890555	0.1265657567169849	0.034404348521877355	
-0.06788112682035458	-0.0420251078949437	-0.37222895565487274	-0.3881225109344399	0.13353643424827127	
0.08807535988531966	0.19683292786683534	0.3151551376714802	-0.06923662911637542	-0.029474379760668513	
0.0420957837480433	0.12958145532383056	0.19496919880129854	0.16310956640606147	0.1404967092122094	
0.07340136368786279	0.030299733708411745	-0.06420164819049921	0.1479705599466688	0.15713937216687957	
-0.15962769858279202	-0.29497594771517716	-0.28955707097385625	-0.3302845266385398	-0.04061124097212767	
-0.009626853657097397	-0.05433757050552038	0.04244857957674666	0.1593231541914463	0.10370356039947246	
-0.06577772479009265	0.11241238390078817	-0.009609639590963427	-0.08796981236887455	-0.03651028068160917	
0.06533785422206057	3.216224706992753e-05	0.0972398190482005	0.09846126510901428	0.08111207944502656	
0.0600589484180582	0.1572068215129557	-0.36733610427095736	-0.4576246100979906	-0.11532744710605816	
-0.10490513877056432	0.026306242022823903	0.1530943435758121	-0.09520396635547729	-0.1206194127737729	
-0.10073971028796501	0.02946007644525062	0.20639811468924518	0.22792055006455186	0.09946682208669774	
0.18195459744951367	0.022088291917587967	-0.07447604655254678	0.03407932324072387	0.12680733103273686	
0.08251458241748386	0.014593199595789341	0.012196126470788302	-0.14543024663076187	-0.09836836843578352	
-0.005945905899455275	-0.11629828066795582	-0.04484599404486862	0.11785693580630852	0.2396975521835631	
0.17940498601668808	0.21990836670197594	0.06559649035797874	0.08041643592125315	0.09735739366693592	
0.12484777634699064	-0.025596445728358074	0.04323912164835459	-0.09239271017828589	-0.05871223853792449	
0.11580264147730644	0.049150446851170156	-0.21849371803689543	-0.3338385654704372	0.12871899000806641	
0.20054386818829428	0.13961558014415673	0.16322254202354425	0.3083865075141307	0.37013962090436925	
0.10032669753987501	0.2541406683481091	0.1219269697655465	0.16112534510843984	-0.06723277359185845	
0.01894399817341082	-0.23944608066423106	-0.11480837979136105	0.18254100078961252	0.05542509232333591	
-0.2376172496156232	-0.2191413164700836	-0.07586014432869097	0.0638921429935594	-0.11973193779645852	
-0.041005576786820305	-0.23015872321359568	-0.22941523650859189	0.22770818787326358	0.2899647641662155	
0.15025894976655285	0.2245437030468049	0.0948525327548288	0.024734601525750726	-0.029441171141789048	
-0.017425473422172932	-0.004471369666240485	0.14359764706926847	-0.18740629170613346	-0.14444403084938406	
-0.0856413615288556	0.03371008267754985	0.1455725942637181	0.10295057839273958	-0.06645331308395323	
-0.10355215093487018	0.07202808783811139	0.1931390163533327	0.03399359839010664	0.08185866494869591	
-0.20639005113092082	-0.04263384728718976	-0.17522260662076658	-0.11142424697582602	0.19269807250109208	
0.2933266856026266	-0.016816132552880073	-0.02022034035781948	0.03567435718468315	0.12492241896411456	
0.060258839369076084	0.09257526672329382	-0.0038795746893175104	-0.037145357813255925	0.056937071789055604	
-0.04017443233900241	0.04681593874981254	0.022336405055682722	0.12059561092664968	0.17115311616388493	
-0.02638656970683933	-0.014173928678404182	0.13505905533749066	0.1262778896530957	0.14924163059585976	
0.1057560437417737	-0.04028699113575142	0.02107657256482741	-0.14709376242296618	-0.07963375948142391	
-0.23097985377179633	-0.3064904983199578	0.2080914833086129	0.18264860302062488	0.054192952404391946	
0.2093361919444947	0.17129508638549787	0.27228593164637704	0.10352204391238323	0.16675064693038016	
0.013064796157927409	0.06892582963367043	-0.0972150159560636	-0.1425663418682313	0.24243739691355776	
0.2697680967193045	0.06463588085066392	0.033780870297158476	0.0017946576293718392	-0.1537605418278514	
0.09018249127586207	0.10963952180058462	0.010037301653054716	-0.021346147317768696	-0.009541862554671238	
0.06871570295792435	0.08493198852789563	0.09912784206498608	-0.006438124214736338	-0.05204443110585256	
-0.03747326038237588	-0.06523514816499379	-0.08090000930533174	-0.09737864173996545	-0.007612758804596162	
0.07084640328134457	0.17655391630616143	0.11299534425446857	-0.38768797082908957	-0.3565977266315425	
-0.11197623106289	-0.0909471142442367	0.10708598336149927	0.12934491106486984	0.03388011687974325	
0.03817799764154659	-0.05855762985472054	0.03834604704415565	0.045933247119659154	0.07588012209727835	
-0.06445291625103619	0.05924022351343283	0.02769778745088796	0.11079123731573857	0.165517827449118	
0.03871726404730444	-0.0007180305511799193	0.12068293738591189	0.02230326975409112	-0.03605477779196783	
-0.3045133008288915	-0.3497490794429103	0.33255320072542655	0.42850428875213314	-0.46510649178386293	
-0.4779184745877759	-0.10549415156211887	-0.13723657979802084	0.12214242186416742	-0.007540474411504919	
0.09410797384814842	0.09745053197075627	-0.009486179621051506	0.013361836404065327	0.19054714486896018	
0.1858802504487854	0.4162735321212409	0.4659059729457064	-0.0566534390509016	-0.05580679566536447	
0.19723662789573443	0.3662192688096855	-1.6262243716619218	-2.1397414767224077	0.14758982077135138	
