TESTRUNID EPOCH: 19 L_PCC: 0.8462939549889871 L_ERR: 0.01030036678225211 T_PCC: 0.7680567932933196 T_ERR: 0.015744865323465015
180 LAYER: 1
2 LAYER: 2
1 LAYER: 3
19 :ILEARN
0.3239398718719749	1.0252997403927004	0.047212234149842776	0.9468264219419611	-0.09866336622254843	
-0.6241638267326727	0.557177240595314	-0.8827671290359863	-0.1271384551008057	-0.08675703132530554	
0.18944845072402508	-0.4956507506256175	-0.3110693134195788	-1.4391728591220982	0.837452111495916	
1.7196165847875846	-0.12044960644691892	-0.6388929834724097	0.10442325156904908	0.2067490158062573	
-0.06019267970631776	0.8299514709243887	0.4117725101850264	1.9749059577936512	-0.8313075922328301	
-1.155147694615321	-0.99095247032227	-0.578532004032169	0.9267607295225949	2.045501091563826	
-0.560250316042826	-0.05660410907458022	-0.15300430821055566	-0.9394769560565489	-0.38093492230361564	
-1.1611835444129863	-0.5317374376136084	-0.07717101606357919	0.024953355610127702	1.5591716878734028	
-0.8583530202246678	0.06988025461576794	0.020707221901857267	0.15757349493914322	-0.23470525536567047	
1.1294157900522357	0.11211607737350818	0.09545708098682115	-0.1888181988623498	-0.21879841339203981	
0.6275162013547786	1.1628078006610358	-0.05767437679998819	-0.04689066812555476	-0.11670065780421744	
-0.41425686517576776	0.014823521098402612	-0.07065428501883797	0.13850724754510427	-0.5009396921341289	
-0.5586392921872938	1.0906698698851236	0.03888003154554903	-0.01716414609461947	-0.4230471262310746	
1.0369908167367647	0.261994468691814	0.40882793429889125	0.6934624775056568	0.835558450363809	
0.5068127041365496	-0.17835264738319362	-0.2533168691522502	-1.5018916187776505	-0.020464632602893287	
-0.06692916057661344	0.11966071518627346	0.014185179377722583	0.029611104448343913	-1.2958156693286504	
-0.6211225512796108	-1.2496504186236939	0.4368900512222671	1.1283709029876614	0.383465801236336	
-0.30032667334281693	0.252382746741575	1.476841713699079	0.1808412105221679	0.11795942281307868	
0.6502012750280176	0.1264622094543417	0.43918971318184324	1.2719689005888934	0.41159081508893375	
1.0770571771190534	0.025278514370713163	0.263507730184834	-0.6882940836745679	-0.6007596188134009	
0.7451804992267275	0.34534762626736126	0.6038508558774428	0.963308498877177	-0.5812217686767561	
-0.9533348623250573	-0.86497877127576	-0.7001821357720799	0.22174822429952037	-0.37251019346299963	
-0.484519818642544	-0.23611463475487832	-0.21903385085549235	0.1389219301874406	0.15951755293146533	
-0.14658216669362703	-0.5764690554717754	0.1190792126007504	-0.5600680721943229	-0.06386900328921384	
0.28997385286923383	-0.4991879622390775	0.30038290175329757	0.479985465892367	0.3352253229980553	
0.3779769778968629	-0.15660573411251527	-0.2273603739092513	-0.5238226045913886	-0.49413273626342447	
0.47968469587411355	-0.038371182351994694	-0.2523670133895582	0.18147832838333533	-0.5250989213935201	
-0.08477528355174405	-0.3217436658095789	-0.024981292664842177	0.17100923798339326	0.5123560428700318	
-0.2568916626184203	0.3749850817312409	0.5913669699968704	0.18538429368141532	0.3700926476252532	
0.019173307539288868	-0.1488966214664607	-0.2275430102026074	-0.22325646654608355	-0.16423405594475568	
-0.14036347425517354	0.409128339818977	0.39640873894382656	0.03942537343733896	0.055172042462476846	
-0.07025822518992268	-0.3653898423398955	-0.03687296903512981	-0.4867843379332638	0.9413604768783566	
-0.5736376204379966	0.3026980166919342	0.4693216266060469	0.15890856220611219	0.4835970534959677	
-0.16573522304504673	-0.06675463126440978	0.7683289506194056	-0.00847914935205186	-0.48193659652752524	
-0.2356947616463629	0.4025718919842359	0.018922171213155113	1.0639836424983995	0.023899536582808883	
0.359260361740108	0.35828578998987454	0.28071139874861367	-0.4993412935432151	-1.040619595941077	
-0.13219646705786825	-0.0872754367349998	0.603688271055247	0.6243134567409787	0.004496408961082066	
0.15448288031376786	-0.25486422078258975	-0.1967668322142317	0.09499002844744435	-0.095837816237952	
0.21794451232774625	0.20131308786119867	-0.7303306123208534	0.9090769488142793	-0.2885034851808894	
0.1352019323195866	-0.01491397994641986	-0.08077772059212543	0.13108812159371824	-1.1538144778718262	
-0.17660040817543113	0.8850591240091054	0.17391253057501266	-0.0935369813031604	-0.21240771067941422	
0.029001877006553045	-0.4928701881273363	0.4868303291831464	0.2770874204069881	0.015812624575773128	
0.07656088406372233	0.14876701134481377	0.3473562269471917	1.4187275996438096	0.21437744217416985	
1.2276667063833073	0.13888363741462328	-0.3927539502809804	-0.0054016188813804334	-0.39944093274926407	
0.4385322664001553	-0.18985848913935355	0.26231227061296425	0.4999345709817544	-0.03907273317081752	
-0.6961904283711754	-0.7790937189235495	-0.44757901117476495	-0.01391428148481772	0.3336719356267133	
-0.2531930406279619	0.1594498214185514	-0.013084597574098227	-0.7203989105072539	0.043120039718569925	
-0.041253387864055406	0.2683490310028317	-0.19060206277055106	-0.48511877913964335	0.3575392676134298	
-0.6992647943288388	-0.013194774903935357	0.5514074296875213	1.178206427391548	0.12602868407265277	
-0.15544049749633407	-0.29188629737980154	0.2757311953723012	-0.05966641492553081	0.24352938804802773	
-0.12383013196681385	-0.1392653115164524	-0.19909381089190958	-0.1909643057384631	0.3576706015575099	
-0.10445792422331443	-0.35593857279584695	-0.3941721567613362	0.29036575722471153	-0.18395307327655436	
0.20619798367813222	1.0251204736129156	0.6418199564410135	1.4137682436930064	0.1714834563356501	
-0.35637311240960606	-0.44190460712527163	-0.7362751306051913	0.4585317800296011	1.2087048366695468	
0.05909931676602238	-0.2064123226741962	-0.14351205160707683	0.04450632489116268	0.09611302474589024	
-0.4324403084171661	-0.2456436359074571	-0.5936688776782086	-0.5078171048767953	0.5086764351990517	
-0.53954319519085	-0.014453619423231838	0.4471245778604843	-0.4916258836984586	-0.09968941716630075	
0.39992791139919526	0.6372134420754381	1.3044224105796542	0.30388307175155427	0.2631214955788828	
-0.1138002798939911	0.5170637037162624	-0.35107748024791136	-0.044726035432344505	-0.3475393010485319	
-0.040480432964722084	0.42264446543203277	0.14471453709669674	-0.1517744335101196	1.1469584908969985	
-0.020934014415215915	-0.1938679244772064	0.23806658378200105	0.4039312307286712	0.23939533986512676	
0.13447691127409364	0.34124508038701035	-1.196708105176636	-0.14124196221530638	-1.0617803261241814	
-0.37851847555579426	-0.07262457024264077	-0.3710100102645728	0.3333086462630745	-0.03122967300253997	
0.3688643503457604	-0.01927871614646119	-0.5378694711986911	-0.09158838832937465	0.5782490406369544	
-0.9104514472196745	-0.3362282967689143	0.7671164022978165	1.0627957465426263	0.00317140339370596	
-0.004571802590043528	-0.06946567118136736	0.024361246348083093	0.31741176819284705	1.086367139412389	
-0.07109089197506804	0.05030556342704878	-0.05559017204001546	0.0038703648732066054	0.05705920564432379	
-0.09553391440163878	-0.03512750805476271	0.07458447528002221	-0.7282289302252685	-1.7056429243973352	
-0.4351484818768763	-1.4874083403810416	1.5219390497483427	2.3001862376722513	-0.34542618829119187	
-0.19255162863100092	0.5829593001130414	0.9359938999996141	0.0599230523472056	-0.09308575602567315	
-0.0222758997857348	-0.35311218165164127	-0.3195789638765057	0.3332682421209519	0.5444543565674946	
1.0834136575254165	1.100503862527772	1.4697187546624106	-1.9716140367698334	-2.0381993061238703	
-0.19330729744430858	1.8377201210126506	-3.2103439027553544	-3.0231724961586086	1.5845772236598208	
