TESTRUNID EPOCH: 14 L_PCC: 0.834666586123883 L_ERR: 0.011623016433863945 T_PCC: 0.6710379924461495 T_ERR: 0.02073430506585274
180 LAYER: 1
2 LAYER: 2
1 LAYER: 3
14 :ILEARN
-0.10067175128590666	0.28188988038739726	-0.14220822403348374	0.08397494181906806	-0.17518451152412848	
0.27589847403698214	-0.13540484912362813	0.19652775019775387	-0.09330804235262587	0.2026482146069072	
-0.14704505762392675	0.3851264345336393	0.032287340432994124	-0.1405154271208533	-0.1854322927147632	
0.3145558127517634	-0.06937668213586813	0.15531347106948465	0.05550245331600094	-0.43815172122688223	
0.08647634595493746	0.07021213265433307	0.1446041863159847	-0.34841463057224387	0.010399317485515884	
0.2544969769972805	-0.11377811422781764	0.010727491418401895	-0.13025198500740745	0.2516513540700854	
-0.02325255925796591	-0.19541536501200582	0.1366373919143509	-0.16419878328472098	0.038375422790094676	
-0.03689687379878741	0.1845914591215691	-0.31652884742229426	-0.03644932332089874	-0.16784164570031995	
0.1038842041088565	0.02002307664872139	-0.09003568527167465	0.22098407528919486	-0.0793547986844716	
-0.01042129476481897	0.08171910061861912	-0.0412771703252641	-0.08207825788769477	0.032469737220347746	
-0.2213074107437479	0.4098621165348327	-0.05767437679998819	-0.04689066812555476	-0.029814574766198896	
-0.009995356822410498	-0.055423834492273935	0.13005297583314754	-0.015377030054186565	0.1414258088673926	
-0.18358997889697323	0.30635595621470285	0.03888003154554903	-0.01716414609461947	-0.03195403071326961	
-0.11000260025095461	0.13727252861721678	-0.21712483955802855	0.08891895119816268	0.01731100810039858	
0.0003211547475321639	0.13151102109352897	-0.1265759113989431	0.22560036244519657	0.05857970513479733	
-0.251094714003669	0.41793939608462366	-0.9968904023271526	-0.022885604167474996	0.2574961338257577	
0.18274340705573766	-0.21146307572609244	-0.033859783931613485	0.20425851257932068	-0.13133452921926136	
0.3153162539701146	-0.1548710513947543	0.4257408614384543	-0.0030327067409386304	0.15020236770286788	
-0.04883136061981992	0.04980584097973134	-0.11042953170504834	0.19571100730209223	-0.12466483035657541	
0.25796434139991103	0.16651008508336293	-0.22747430687089654	0.05322042521945263	-0.3185043292013059	
0.031804080755564734	-0.14431471386709657	0.09301448735258872	-0.04734003064101688	0.14760246612779676	
-0.1416246255978419	-0.1390059097089427	0.1703768287650669	0.11573700887172655	-0.05267322189103495	
-0.041311412109689236	-0.13595678992435248	0.0076306450713381924	0.2761222881639285	-0.006071967751453883	
-0.17700198768866432	-0.02054623371709551	0.3159455385057095	0.009197235994833946	0.002962432193503773	
-0.07508787479677442	-0.17062528610240954	-0.10093731405874724	-0.04373095781509583	0.05020696620496525	
0.05791478758213106	-0.14171490662603273	0.5095023874875658	-0.04331678046683858	-0.12133933942724562	
-0.07594800979560434	0.40374410807147165	-0.02763750895326765	0.05983298253683189	0.05892288356457948	
-0.046699220798772895	0.05878419955016144	0.0002857142120036883	0.047870312761267436	0.07115102432664484	
0.07698569474896132	-0.20323988590774225	-0.05295949457677727	-0.08096576187581196	-0.1699559727804815	
0.15945551550879825	-2.521684208225093e-05	-0.12538149617147126	0.00806599856776059	-0.13126306623278988	
-0.07628088825432577	0.10822372775075038	0.02316929547948785	-0.11224471074671989	-0.06281172424674891	
0.09728272653941165	0.06176814301940524	-0.2846283091759844	0.10806950017278151	0.008819230905393327	
-0.06982952825051589	0.07519080927868581	-0.021429135385949195	0.19210221488194507	-0.07556408171423917	
-0.12093930977729725	-0.06249387843397012	-0.06775824044389006	0.07160451407589591	-0.11846989892223338	
-0.09549560646506706	0.27566659051688486	-0.20814847032634415	0.539548239366091	-0.03502872041035407	
0.18865546362781596	0.10659341463670576	-0.22920832379119763	-0.011785896373857607	-0.1986864856585278	
0.11859922092931229	-0.2690094188262123	0.009308550354351694	0.031769191083527874	0.004127621699853829	
-0.08184539411056092	-0.10959693032737856	0.22829868244085347	-0.10376915899633633	0.41135218550634567	
-0.11921029384444212	0.13200122186142518	0.09320403336046568	-0.1358811353942414	0.14857369987575278	
-0.1059636422656837	-0.13232968665265646	0.026349912723322533	0.17325886761023676	-0.21252765683272	
-0.008913353296471554	0.3235071668035879	0.04572952446300284	0.12024666715428149	-0.04555161313318802	
0.00997712720957337	-0.045293885244476854	0.18259989973301427	0.0544342576645354	0.16680376122011692	
-0.013366350910301212	0.08563755393499883	-0.06190102297886125	-0.09607422746832461	-0.10391033634723597	
-0.007372046269482552	-0.08240929084600246	0.05767620964120758	-0.08235679678418116	0.32790537555356875	
-0.06142481472513464	0.013590210899036653	-0.23899978758777915	0.550494858153701	0.0006022378334024437	
0.022263045402302614	0.125097640001884	-0.1980833194288895	0.10665883323558713	-0.038942211129927	
0.027314908363070985	-0.023469103330490328	0.1276767443081714	-0.15636147586715032	-0.0019492954760144537	
0.019822061529175677	0.0036982773591268305	-0.247489652780207	0.10367003325367377	-0.21932761344320198	
-0.0630666402821076	0.1748700044767388	0.011896390862412733	-0.042153406846398914	0.15560549561240228	
-0.34489910121394907	-0.09984316015362127	-0.015943773184607248	0.006182359740418893	0.172100174950918	
-0.09910651103230345	0.09065938659743408	-0.08280799235049402	0.2740544549815797	-0.03894911738433437	
0.24145615771497814	0.06919847104869797	-0.09153407897951353	-0.034052442303706666	-0.011760946997036642	
0.10693122126701497	-0.013561667828744284	-0.16327904951600028	0.5826459648098226	-0.020144272524613812	
0.182370971168476	0.176815325122421	-0.25718981003263225	0.08962526691420938	-0.3234642215587497	
-0.05656839332159833	0.0932406253435004	0.0435241564763631	-0.03644264222235425	0.12070694783114638	
-0.03373927904203817	-0.09672783246257544	0.11982866580561254	-0.0567084181893425	0.13364562512425973	
0.0016744913638088814	0.3132360334972285	0.005089462984252424	0.06540224089681666	0.012804119502541188	
-0.10472246393758505	-0.11357120324348643	0.42866222286048566	0.04000578708871005	-0.029555804971468508	
-0.08101633626410404	0.2831094697636054	0.0015944849837379541	0.016801573354643676	-0.15251059900870045	
0.243889442352197	0.10882255211547416	-0.4259179830300084	-0.04691254539705474	0.3415048228106457	
0.2694721410290391	-0.46285879896549675	-0.0832805100425009	0.3277470454048317	-0.06513731993115382	
-0.024021231907590226	0.11855858764688305	-0.41293766981940494	-0.002320013492034841	0.028145580179751807	
0.05877866165219122	0.12465451972031011	0.009862093826377214	-0.15935525080646004	-0.037776230355821845	
-0.0674921474757452	-0.005530672687328623	0.07008246133632101	0.012811499016874754	-0.11291412759445303	
-0.05757765721881232	0.1326989755160886	-0.080061898086337	0.012593987732794612	0.00317140339370596	
-0.004571802590043528	-0.06946567118136736	0.024361246348083093	0.00880202376278763	0.030827469394148876	
-0.07109089197506804	0.05030556342704878	-0.05559017204001546	0.0038703648732066054	0.05705920564432379	
-0.09553391440163878	-0.03512750805476271	0.07458447528002221	0.2545034991316521	-0.46804273366335325	
0.07224972533722579	0.1673464305335068	-0.005624256893513457	0.301899781811727	-0.1542349842096564	
0.22758936160164084	0.33715026518548985	-0.7590488472978446	0.0599230523472056	-0.09308575602567315	
0.05404774691099598	0.04634572014790539	-0.048060321340329386	-0.04858614023557067	0.05730172713087217	
-0.11833367060305677	-0.2584273322598582	0.8696804133238579	0.0006634905727349889	0.26618782561052334	
-0.11423606082328074	0.3402776949031558	1.2345488096272905	-3.12778079596598	0.44171973151939203	
