            A        R        N        D        C        Q        E        G        H        I        L        K        M        F        P        S        T        W        Y        V
 1 A  -0.0238  -0.3436   0.0256  -3.0765  -1.4417  -0.5214  -1.2443  -0.9285  -1.3521    0.333  -0.3458   1.0283    0.883    2.353  -4.2647   1.4455  -0.2037  -0.1609   2.1104  -1.0078
 2 A  -0.9222  -5.1007  -3.2628  -5.7936  -2.7828  -1.5095  -5.8327  -5.9318  -6.0191    2.082   4.1948  -5.5335     3.68   -3.811  -6.1261  -2.6086   0.1807  -5.6484  -4.8686   0.9694
 3 A   0.5698  -1.4658   1.2909  -0.2543  -1.4295  -0.6829  -0.2691  -2.1865  -1.6251   -0.101  -1.0646  -1.2469    1.091   1.6155  -0.7217   1.6432   0.0813   0.1719   2.0817  -0.3683
 4 A   0.1133  -0.6276   1.2875   1.4287   -0.444  -0.2871   0.7134   0.7951  -0.0349  -1.0511  -1.8849   0.6263  -0.9383  -0.5418   0.3362   1.3076   -0.689  -1.8933   0.1365  -2.0421
 5 A  -0.0442  -1.7182  -0.2776   0.0567  -0.6293  -0.2381   0.0638  -1.8877  -1.3693    1.014  -0.0173   0.4351  -0.9413   0.7443  -2.1097  -0.1303   0.8347  -0.6131   2.4428    0.016
 6 A  -0.8792  -1.7889     0.99  -0.8242   0.1944   1.1934  -1.2544  -1.7935  -1.1689   1.4311    0.675  -1.1815   0.6866   1.5535  -1.6832  -0.3249   0.4289  -3.5974   0.4939   0.3419
 7 A     1.78  -2.2686   0.1575   0.0003  -0.5939   -0.099  -0.1609  -2.4242  -0.2471   -0.245  -1.2376  -1.1264  -0.0308   0.4399   -1.018   0.7598   1.9057   1.0223   1.2815  -0.4169
 8 A   0.1482  -1.1483  -0.7285   -1.399  -1.7765   1.2353   0.1539  -0.6737  -1.3647  -1.6333   0.4931  -0.5097  -0.7528   1.2593  -0.0318   0.5891   1.5595   1.7255   1.7951  -1.3579
 9 A  -0.0918  -5.3127  -6.3759  -6.6984  -3.8787  -5.5901  -6.0464  -6.4847  -6.4046   2.5806   3.2008  -4.4542   0.2946  -3.3129  -6.1013  -2.8174  -1.0295  -3.8817  -4.2069   3.9499
