            A        R        N        D        C        Q        E        G        H        I        L        K        M        F        P        S        T        W        Y        V
 1 A   2.4346  -1.3358  -0.1922   1.3116  -1.5854   0.3076  -0.4092   0.6958  -1.3904  -2.2594    -2.32  -0.5276  -1.6257   -2.187  -1.4817   1.6832    -0.02   4.3348  -1.3555  -1.4533
 2 A  -1.0559  -0.3407  -0.5142   1.2702  -3.7228   1.6374   5.3588  -2.3705  -0.2324  -3.4531  -3.0656   0.5507  -2.1193  -3.2131  -1.4024  -0.3028  -1.1517  -2.6922  -2.1039  -2.6536
 3 A  -0.4097   -1.493   3.9174  -0.4428  -2.1505  -1.1318  -1.3244  -1.4184  -0.7691   0.4733  -0.2489  -1.2578  -0.6842   1.7984  -2.3338   0.3639  -0.5106  -2.0196  -0.5265   0.1067
 4 A  -1.5052  -1.2559  -2.0594   0.0079  -1.9608   -1.124  -0.2009  -3.0532  -2.1602   0.9862   2.7656   0.3933   0.8204  -0.4725  -2.6097  -1.8299  -1.2792   3.3022  -1.1214   0.5243
 5 A   -0.488   1.1535   0.4558  -0.1945  -2.7053   0.1065  -0.9036   -1.937   1.3321  -2.0514  -0.8926  -0.4336  -1.2109  -0.4791   0.6467   -0.019  -0.7715   7.2383   0.6481  -1.9818
 6 A  -0.0186  -2.0344  -1.0996  -0.1673  -1.6653  -1.5691  -1.6034  -0.4418  -1.3855   0.8612  -0.0385   -1.381  -0.3674    0.051   0.4449  -0.7733   0.9982  -1.2979   2.2667   1.8783
 7 A  -0.9194  -2.1717  -1.1625  -2.3271   3.4984  -1.7756   -2.069  -2.5021  -1.7566   0.6161   0.0737  -1.8659  -0.4257   0.9684   0.9737  -0.2828   2.3548   2.8546   1.4088   0.3117
 8 A  -0.9807  -1.6663  -1.7965  -0.0095  -1.8611   1.0538   0.2645  -2.8627  -1.5468    0.795   0.7126  -1.3215   0.0092   0.9539   0.5689  -1.3413  -0.5211   -1.702   0.9537   2.1765
 9 A   -0.682  -2.1983  -2.6432  -3.2883  -2.1982  -1.7829  -2.3603  -3.0315   0.0864   0.4821   1.1586  -2.1635   1.5344   2.6645  -2.8611  -1.8183  -1.5546   2.2486   5.1321  -0.2702
