            A        R        N        D        C        Q        E        G        H        I        L        K        M        F        P        S        T        W        Y        V
 1 A  -0.0756  -0.0084   0.0089  -0.0606  -0.0645  -0.0991   0.0529  -0.0299   0.0022  -0.0329  -0.0319  -0.0994   0.0087    0.027  -0.0671  -0.0426  -0.0039  -0.0615  -0.0527  -0.0678
 2 A   0.0351   0.0276  -0.0195  -0.0794  -0.0802  -0.0119  -0.0217  -0.0954  -0.0311    0.085   0.0819  -0.1299   0.0466    0.015    0.052   0.0583   0.1186   -0.116  -0.0315   0.1218
 3 A   0.0004  -0.0069  -0.0249   0.1096   0.0541    0.012   -0.004   0.0175   0.0451   0.0715   0.0528  -0.0481    0.044   0.0679   0.0558    0.054   0.0054  -0.0043   0.0076   0.0002
 4 A  -0.0048  -0.0004  -0.0046    0.048  -0.0329  -0.0363   0.0703   0.0167  -0.0452  -0.0072   0.0129  -0.0627  -0.0243  -0.0336   0.0049  -0.0372  -0.0213   0.0464    0.002  -0.0269
 5 A   0.0245  -0.0107  -0.0253  -0.0201  -0.0199  -0.0129  -0.0112  -0.0241  -0.0224  -0.0251  -0.0432  -0.0848   -0.086   0.0333   0.0202  -0.0308  -0.0017   0.0345  -0.0344  -0.0028
 6 A   0.0035  -0.0082  -0.0061  -0.0214  -0.0622  -0.0132  -0.0323   0.0053  -0.0215   0.0165  -0.0431    0.013   0.0505    0.051   0.0049   0.0356   0.0225  -0.0095  -0.0544   0.0091
 7 A    0.013  -0.0145   0.0135   0.0439   -0.027   0.0128  -0.0355   -0.036   0.0204   0.0375   0.0151   0.0014   0.0175    0.051    0.041   0.0132   0.0268   -0.021  -0.0571   0.0332
 8 A   -0.003   0.0236  -0.0167  -0.0315  -0.0705  -0.0147   0.0278   0.0449  -0.0907  -0.0827   0.0052   -0.014   -0.023   0.0401   0.0534  -0.0155   0.0155   0.0104  -0.0054    0.027
 9 A   0.0442  -0.0864  -0.0715  -0.0285  -0.0595  -0.1185  -0.0364  -0.0904  -0.0458   0.0807   0.1251   0.0509   0.0866   0.0333  -0.1501  -0.0089   0.0137   0.0388   0.0431   0.1668
