            A        R        N        D        C        Q        E        G        H        I        L        K        M        F        P        S        T        W        Y        V
 1 A  -0.0366  -1.2251   0.5006  -0.7348   2.0133   0.0244  -0.6908   0.2931   0.0107  -0.2375  -0.2573  -0.3929  -0.0768   0.6931  -0.9337  -0.2438  -0.1163   0.0801   2.3638   -0.612
 2 A   0.1923  -1.1956  -2.1019  -2.8671  -2.7702  -0.4938  -2.4573  -2.9346  -3.2063  -0.6848  -0.2303  -2.3272   0.6688  -3.2558  -2.9736   3.9537   3.8711  -4.0584  -3.2636    0.396
 3 A   0.1735  -2.9617   0.2615   5.0263    0.686  -0.9074   2.3159  -2.1962  -2.4352   -3.045  -3.9424  -2.2554  -0.6315   -0.766  -0.7614    1.049  -2.3068  -4.0292  -0.0153   -3.604
 4 A  -1.4494  -1.7503  -0.7742   1.9321  -1.4366   0.6082  -0.3987   0.5634  -0.0724  -0.6712  -0.6093   0.6464   0.5038   0.0424    2.092  -1.0368    0.559  -3.5504   0.7484  -0.7713
 5 A  -0.2689  -0.0881  -1.0554  -3.0834  -1.3199   1.0331   0.1782  -0.4135  -2.5241  -0.4724   -0.247   0.1017   -0.892   1.0394   0.9636   0.6572  -0.0573   0.0948   2.3746   0.2189
 6 A  -0.7429   0.1862   1.2554   0.8963  -1.4209   0.0108  -1.6975  -0.3816   0.7826  -0.6569   -0.763  -1.7885   0.5424   2.3247   0.4206   0.0597  -0.5654    0.104    1.848  -1.1118
 7 A   0.4371  -0.1138   1.3197    1.234  -3.6678    0.619  -1.4537  -1.1426   2.2392  -1.5403   0.5957  -1.0904  -0.0789  -1.0575     0.48   0.4832   0.3013   2.3887  -0.3686  -2.0619
 8 A  -0.0318  -2.0393   0.4729  -0.2242   0.8514  -1.4105   0.0969  -1.3016  -1.2472  -0.2277   1.2729  -0.8903   0.7869   1.5726  -1.9912   0.3782   0.3141  -3.3598   -0.278   0.1223
 9 A  -3.3398  -3.2929  -3.6684  -4.6089  -4.4788   -2.885  -3.4673   -4.733   0.6075  -2.8789  -2.2513  -1.7545  -2.4797   1.3609  -4.2755  -2.4641  -3.3187   0.3159   8.3174  -2.3115
