TESTRUNID EPOCH: 8 L_PCC: 0.8468913419979044 L_ERR: 0.011781643061852412 T_PCC: 0.7871605593714521 T_ERR: 0.016211562209731703
180 LAYER: 1
2 LAYER: 2
1 LAYER: 3
8 :ILEARN
-0.062375009545761154	-0.3499485470436088	-0.32350462643465805	0.07148280742808322	0.2610917608812019	
9.008573115226043e-05	1.0712643990332202	1.9255164933984028	-0.11798195470400662	-0.10002753143719734	
-0.21158750939069373	-0.11301836932462153	0.8093349914590429	1.215579194318102	-0.04646513922251961	
0.2313274303523994	0.10973280607947516	0.3373732463100439	-0.17381450015827146	0.012677720147451402	
0.20366559292210232	-0.27294427417182315	-0.4712511791296759	-0.6878352280294547	-0.4272229525307807	
-0.8706849123065615	-1.13008981933968	-0.9602383078518991	1.0275519321399793	1.633655514775551	
-0.5677894216920539	0.2439686548679908	0.33173133448195147	0.06390607345313677	-0.1471872143759289	
-0.2237738375621042	-0.32678143123405196	-0.7549965180472505	0.10600699259174724	0.24298912521066332	
-0.10767876943857867	-0.375145183282377	0.31457586487131156	0.7699437235133045	0.8103171805646507	
1.5415904201251494	0.3644140066305739	0.45310332894176164	1.3083887367675167	1.3622053755913368	
-0.6447101604456211	-1.2006049823287612	-0.05767437679998819	-0.04689066812555476	-0.03495586509480288	
-0.11890976411360649	0.014823521098402612	-0.07065428501883797	-0.10147817348497684	-0.8242301024495428	
-1.4541965572941862	-0.1757314956820517	0.03888003154554903	-0.01716414609461947	-0.6471035354719065	
-0.4309024753876096	0.017118321410175098	0.05429792628830655	1.022963563331008	1.3313477264321176	
0.3295653593940966	0.11832204637777533	-0.25021355460728645	-0.40844483725054676	0.006854932586450065	
-0.02048451134734998	0.09237252124864354	-0.021573240764096797	-0.5130009415249559	-0.7578045958105843	
0.36806299033694817	-0.39594582302617304	0.557730701252457	0.9667966154707915	0.10257658238725853	
0.5505673065468476	-0.031946342779281295	0.12489782160328722	0.17050274422492692	0.26447125595642923	
0.03514811497267553	0.39108200632201284	0.6333773419903106	0.749414033358478	0.517560608725189	
0.6763674738550763	0.5314171655830301	0.6964807604574209	-0.6289602902060792	-0.45310122493791627	
0.12014706797097918	-0.7907386013914663	0.7953780580369562	0.8815834554140244	-0.6818751330105283	
-0.8041651965763251	-0.5189059368700123	0.0883150260070985	-0.02382796887201758	-0.17844970406567034	
-0.26790842035490947	-0.020050004341643425	0.026038979068291772	0.1357456421152981	-0.34317103449071784	
-0.5331465677241678	-0.5760770975419126	0.1107552819953768	-0.21394907903874016	-0.5827871856329114	
0.11408135238091899	-0.16486968697035354	0.0002499702974082009	0.21334875292654637	-0.36619164533118614	
0.12443904802008454	-0.014900909652637673	-0.33668291703311753	-0.22933651053778803	-0.08538634083818851	
0.17749852166212032	0.18994622444717654	0.09980572312616504	-0.165097316453737	0.2610998438666542	
0.2040201857460565	0.1202065139563185	0.08821946999790632	-0.058392028316400515	0.5726765690540766	
0.20899910278768039	-0.049809424225097515	0.48794647412423675	0.04840687655784654	-0.0979182344813233	
0.06316036954665834	-0.05678093781934003	0.45404838189125407	-0.17819255390369007	-0.5389075063941035	
-0.19812481086314662	0.12664318744295044	0.03171620101958934	0.1400714470592617	-0.037955486950255836	
0.051214985808793134	-0.25959446838097566	0.3791846881602053	0.24076971279495424	-0.18849364426379217	
-0.14820272564904363	0.05336931420420943	0.17075333232747364	0.10456398395805136	0.12247543261292146	
0.3050475957075427	-0.0066037700000364016	0.049159657038765084	0.017567677354452034	-0.13959039967173112	
0.21988291351633288	0.18533582682581506	0.08464258322379276	0.15275554064357372	0.30915757006652966	
0.22743021351913684	0.25046741449227305	0.24729494542127683	0.2914406048831815	-0.5545854074935309	
-0.2827685172063823	0.3108988718104843	0.441254404279997	0.11828101673299231	-0.28616983664136014	
-0.05302872354885282	0.06996874173672968	-0.21406664904331013	0.21677431598712293	0.9592742348126313	
0.08380535777568048	-0.11408248732229767	-0.6087272850621281	0.42828827489133686	-0.2532831179323719	
-0.3724713845269517	-0.19538086081046252	-0.2562868856129704	-0.23864717248562636	0.09309664673162993	
-0.21638097210605348	-0.0013365729880325528	0.41546329214927824	0.6317313963853958	0.04499109699701828	
0.14230032245262875	0.13064954289230896	0.27238186067491504	0.3341550840965375	0.2853479192375805	
0.18185880170392932	0.30433877011281485	0.4607153024614303	0.8983316879038417	0.1986937752600007	
0.8448219406242478	0.04950410357350718	0.22573992575752627	-0.5260840562678732	-0.40562816079374386	
0.056836610040762285	-1.0975790303844597	0.3013316969623503	0.8022694496630831	-0.5432576492953082	
-0.6439136573309744	-0.4655865796666411	-1.2745727750999594	0.37929447093972707	0.675518379707126	
-0.2364188556169224	0.2282220052003008	-0.003793325159551618	-0.253055362114383	0.13753383904013244	
0.013637102064803792	-0.08888176112218363	0.2079043256193234	-0.18399998062202896	0.0069839406383272445	
-0.6170284460626142	0.4466389161396866	0.5904512684790586	0.7391353470386731	-0.02742081463300247	
0.37795894122402934	0.13548067628094337	0.45150709833904873	0.15207327201580595	0.158205368378003	
-0.05823481234768367	0.23392566586300811	-0.12481465205465825	0.036993011538627954	0.16002157335491207	
0.4335261393673321	0.2310450474944691	0.22004954206165211	-0.14422088976641603	0.02435406863748915	
0.22737373897129476	-0.31974818256598847	0.6643183042243743	1.1616561409250339	0.12490909680512033	
-0.35837019664101927	-0.24780051239526357	-0.7367540655773478	-0.038897227363899646	-0.2944037679199167	
0.3402606412593797	0.04803719993514204	-0.3558557525940382	-0.29740692364458055	-0.002565770544696675	
-0.4945932457212804	-0.2278354625178636	-0.12317330095454469	-0.23420894614322055	0.15668452645771624	
-0.24353768501403583	-0.1424524619371012	0.03303712158627003	0.3744387586876819	0.21303955071025968	
0.3012110373471333	0.38420457359991983	0.5815175516201485	0.4800518058094332	0.4177317167764064	
0.22607691391309825	0.3902324895537923	-0.0816652952495474	-0.24008542652668374	-0.09908361648924328	
-0.21190318179574008	0.14663517975427984	0.02460731734818697	0.1591234737717865	0.425592071865588	
0.06654804728428243	0.011742839530772332	0.46253162752811994	0.2523924883410831	0.2167367581277042	
0.439114877557197	-0.08253363602512657	-0.5477044285702101	-0.03887105064833122	-0.6070512838321888	
-0.23047810901883808	-0.270645647858729	-0.5826422342523143	0.3990807971053968	-0.32456180186867484	
-0.4343286374645184	-0.253943477593048	-0.18851977559526117	0.17856883196932272	0.43852801132913743	
-0.8967230043339075	-0.6541394372224782	0.6508905780931884	0.8567751635308034	0.00317140339370596	
-0.004571802590043528	-0.06946567118136736	0.024361246348083093	0.333613087435845	0.6672557025548991	
-0.07109089197506804	0.05030556342704878	-0.05559017204001546	0.0038703648732066054	0.05705920564432379	
-0.09553391440163878	-0.03512750805476271	0.07458447528002221	-0.6559921738642891	-1.3270510726307407	
-0.5833843864065789	-1.1017200619755858	1.1198891953034944	1.5137027919741104	-0.13211787435056527	
0.7433621131632953	0.7266706213809234	1.0437504180572683	0.0599230523472056	-0.09308575602567315	
0.38812255902278564	0.4803005824544071	-0.11688798225169054	-0.12808189265591752	0.06120261575655312	
0.020382696419575137	0.9404177423204567	1.3997065006227942	-1.0771504229753508	-1.8830457506065945	
0.46358246628433436	1.3103168747166178	-2.756544603506932	-3.2387639480583874	1.78061774334514	
