TESTRUNID EPOCH: 40 L_PCC: 0.8175024658597763 L_ERR: 0.00892952902923097 T_PCC: 0.7406440221423458 T_ERR: 0.012505018900070723
180 LAYER: 1
2 LAYER: 2
1 LAYER: 3
40 :ILEARN
0.19399676016524836	0.32007335300425666	0.07808976634894982	0.2630286453468838	-0.20323256809861684	
-0.09302596832943119	-0.7368211899052035	-0.8585934560065668	-0.07217717617721844	-0.06267967920373935	
-0.16142968076716124	0.1228127405722864	-0.47108128800778354	-0.43023917284352936	-0.015801162700259382	
0.12738680643139705	-0.2157872586832012	-0.2354163592733934	-0.18028283944235912	-0.1499930700990041	
-0.1505151249861937	-0.03246652361871019	0.32382413404085336	0.5982328319523625	-0.3811216242813097	
-0.19811729086358376	-0.06477779995760069	-0.44701319420435387	0.09573651408316466	0.0737938116904242	
-0.036828387662172904	0.05417205060753352	-0.12308517805985053	-0.2710144960519826	0.1542552350243258	
-0.03458455403779333	-0.027723639850966385	-0.2244285114456603	-0.1276152470188163	0.04439149001504531	
-0.2677712772235383	-0.4790410682376018	-0.05876085393021174	-0.10661300160720745	0.0025886296882499304	
0.15679197828333374	0.13082671440458735	0.035024403824568576	-0.008822534893434273	-0.15513960783380157	
0.10244099710558337	0.17244613970261913	-0.10234716407235912	-0.1919559227868167	0.020608450568973542	
0.11789636870891888	0.035394085850105214	-0.12574882956949554	-0.10372698839836265	-0.2563404534901564	
-0.036518480356940414	-0.017116947732915524	0.11021888916367595	-0.022545287457235615	-0.19687707397335816	
-0.25348834630385897	-0.22811291206451098	-0.38398482923878824	-0.2156220052361504	-0.37995597601862957	
-0.0766943202058926	-0.3321846002714634	-0.4862678134196632	-0.526403204552467	-0.33311008096584255	
-0.44322151007732935	-0.2958551904254581	-0.600080958647415	-0.20173945566011287	-0.4559336130617825	
0.16042185787085228	0.13376409080726673	-0.16556138489423533	-0.4041224468182816	-0.3417945653950709	
-0.11435771609795804	0.020985436406849398	0.24677853662146518	-0.03852833131816372	-0.13250110986982394	
-0.009973677695096064	0.20342289986650525	0.2780087545089001	0.287286348928344	0.06241748595164211	
0.10985839272148384	0.1326942471597319	0.12782147733693602	-0.1477658619842767	-0.04600512188671418	
-0.11144982494290728	-0.1871370487942169	-0.13508617454274208	-0.4289833669569562	0.15072301979104158	
0.19474286607200483	-0.24732557612001904	-0.1562482191563424	0.20356209114500656	0.14492577168623233	
-0.15482671474810342	-0.1338421923059686	0.02302484744336462	-0.10275100309502334	-0.358020450260746	
-0.24742579673332482	-0.11537996205522273	0.00843347112012915	0.13610131187781918	-0.003382337394885169	
-0.15650242065759035	-0.12279090340306097	-0.0615080213993725	-0.19223166599536895	0.12519899574493465	
0.015076512025284724	0.015419611166280234	-0.08488019021472086	-0.00029896808764723803	0.11714448597356296	
0.27947764187373914	0.15237750083028695	0.18238164246799207	-0.14907393569547184	0.0701459734757254	
-0.2810359657261015	0.15545537988512473	-0.20867379009743753	-0.03187046496353696	0.20094438850880508	
-0.1404854352222329	-0.2623139919687267	0.15196790594016082	0.03130094098620035	-0.2374511240513609	
-0.3189866134743943	-0.15801819967197042	0.10581999481838518	-0.031174346588619818	-0.29505978531307914	
-0.0617102746224017	0.17301076674020952	0.1823303722307184	0.220311868007918	-0.15137845710772174	
-0.08163343757038673	-0.12694367557242336	0.0075430825135561486	0.02309987317021403	0.2617118320081751	
0.2565545110434586	0.35982039129236426	-0.40134534570036684	-0.43782971688875577	0.3743857111826359	
0.3065258959612693	0.20253344980610524	0.14315160822172876	0.1362692744975852	0.026838720823558797	
0.16572709500806052	0.18735253392124737	0.29333352950414004	0.12302448947735069	-0.0882313229129093	
-0.031521569091479684	0.17817542266996333	0.001823018515096381	-0.10574742352161115	-0.074378664706817	
0.26779052448222496	0.17537816767566156	0.15642680613912938	-0.011972454776884871	0.16255588069472296	
0.2555667430869845	-0.1157932784055932	0.20829698208052136	0.11716408468379108	0.10295003321909753	
0.03849953095652399	0.05106715987611434	-0.0015655079439555945	-0.04836209139696049	-0.21308546641971318	
-0.18926541311591044	-0.02732672772555283	0.16672767832426835	-0.11395168687185753	-0.1258109147211277	
0.41875151289370643	0.33438920836183217	-0.0600766301908444	-0.2548300689039586	-0.14097279615603053	
-0.167894430378038	0.20927681420538147	0.14900595749925524	0.051613728955485945	0.01720686937704552	
0.03350758468935802	0.045241896533915235	0.10127643810132285	-0.009014710092079449	-0.10573586152882955	
0.033762766498433135	-0.3361575575466209	-0.12441981756527991	-0.059378386955851375	-0.22248006599831724	
-0.02599627941639148	0.009619029724394832	-0.03931528713056855	-0.07520670614191385	0.011664888576837592	
0.17546001635978745	-0.24206026859162316	-0.15046912980096977	0.06406918227257552	-0.0751569931073004	
0.2538725318884987	0.25823305240684397	-0.0408139884881181	-0.13985886416106943	0.030843581525696547	
0.04308106005875154	-0.09114118698315003	0.20717929655131473	0.029318034947189577	0.1389666168164105	
-0.22939366829199617	-0.24482195377977822	0.01348144295139855	-0.16905327277908355	0.01761223433686267	
-0.15555508178696165	0.10523270916995787	0.04784392603353195	-0.1492650665655075	-0.12408572009825981	
0.00043246416252503675	0.05826536914237243	0.13607981492175636	0.09974420661302488	-0.08249669652866803	
-0.04834528401638632	-0.09772628864109886	-0.09999209250093857	-0.015010867810547352	-0.04531173090351101	
0.30197637912497793	0.23963116455645783	0.3872366784209774	0.2125711065703594	-0.0430045364886436	
-0.2957819546598068	-0.2730636481885315	-0.15221143448371702	-0.06698423962875517	-0.08369460277133062	
-0.1404770044032734	-0.25499602657844883	0.08635949188263985	-0.09317725967960214	-0.29255172244442884	
-0.3145458834762219	-0.2990650993481319	0.0002783884269407698	-0.0972804542334655	-0.11481450768806824	
-0.29047204024950024	-0.2293607597541537	0.14518982801008132	-0.0010318237724572996	-0.15050744660959087	
-0.09808171983188246	0.12774728025769894	0.02368532067824321	-0.06022302360101066	-0.005854196434978533	
-0.0952141950179682	-0.012947472005239687	-0.08564421573591058	-0.25276990715822395	0.04484591756774076	
-0.06158811157602036	-0.18409149640369263	-0.12466160710819142	0.2508634676427066	0.1754978736377267	
-0.2671478554948069	-0.3845524967283414	0.23205789912023128	0.11168759895386349	-0.1616381804077402	
0.06049036947165562	-0.5290962304329758	-0.5258342617849344	-0.14747320960387156	-0.27951355441400966	
-0.12309620497952801	-0.17232536730988324	-0.12424670431160834	-0.2636907385416089	-0.2673821624548955	
-0.006789757951224892	-0.22249779626705005	0.14183729209507356	0.11865964395512166	0.37475491103655195	
0.16148505426416968	0.1461625052790346	-1.1983148740202618	-1.2058917794420063	0.23049680973081718	
0.13721563190510638	0.07286327982402968	0.07651274724641381	0.21922076489427597	0.14182690046740615	
-0.013157452347241189	0.1041193409820374	0.02636014298320658	0.04657309036057331	0.210893206296424	
-0.028516236939634936	0.41651603095281836	0.4263850299673354	0.26886399702319996	0.17345359581387204	
0.03407572105128221	0.0393584782633101	0.2327483138043737	0.29349022315458345	-0.04189080947058272	
0.054364422397941904	0.16326965101948535	0.2424163938034757	0.39719769176066105	0.16697077302187105	
0.25484255603957623	0.19552429679510638	0.015127299715365177	-0.049533170629545695	0.0830760523875695	
0.10413532267522137	0.30843844210259025	0.4314973535422879	0.07977873689476807	0.06992647058368404	
0.09185121860518296	0.2111585286972048	-2.4103354206105583	-2.581370996244912	1.4851050223945723	
