            A        R        N        D        C        Q        E        G        H        I        L        K        M        F        P        S        T        W        Y        V
 1 A   0.0176   -0.019  -0.0053  -0.0346   0.0259    -0.04   -0.004  -0.0252  -0.0161   0.0093   0.0969  -0.0115   0.1121    0.127  -0.0074  -0.0255  -0.0089   0.0254  -0.0018  -0.0111
 2 A   0.0295      0.0  -0.0009  -0.0047      0.0  -0.0002     -0.0     -0.0     -0.0   0.0088  -0.0244   -0.005   -0.001  -0.0055    0.248  -0.0049  -0.0032      0.0     -0.0  -0.0327
 3 A  -0.0085  -0.0047   0.0542   -0.029   0.0059  -0.0243  -0.0496   0.0158   0.0001   0.0111   0.0051  -0.0152   0.0115   0.0305  -0.0019   0.0131    0.059   0.0432   0.0372   0.0505
 4 A    0.028   0.0422   0.0083  -0.0116   -0.004   0.0071    0.021   0.0244   -0.003  -0.0035   0.0363   0.0024   0.0122  -0.0297   0.0054   0.0031   0.0055   0.0506  -0.0087    0.018
 5 A   0.0074   0.0503  -0.0476  -0.0135   0.0207  -0.0232  -0.0475   0.0403  -0.0056   0.0323   0.0479   0.0463   0.0196  -0.0045    0.024   0.0183   0.0286   0.0001  -0.0254   0.0354
 6 A   0.0342   0.0178  -0.0118  -0.0116   0.0086  -0.0049   0.0071   0.0634   0.0128  -0.0241   0.0237   0.0143   -0.022   0.0622   0.0039   0.0276  -0.0261   0.0174  -0.0143   0.0257
 7 A   0.0335  -0.0178   0.0536  -0.0059  -0.0061  -0.0364  -0.0072    0.011  -0.0085  -0.0114   0.0029  -0.0074  -0.0107   0.0343   0.0438   0.0199   -0.032   0.0509   0.0501   0.0473
 8 A    0.052  -0.0171  -0.0205  -0.0037   -0.004   0.0395   0.0034   0.0093   0.0416    0.052   0.0295   0.0088  -0.0031  -0.0216   0.0472  -0.0009   0.0051   0.0056  -0.0214   0.0022
 9 A   0.1607  -0.0053      0.0      0.0   0.0002     -0.0     -0.0     -0.0      0.0   0.1293  -0.0608  -0.0456  -0.0202  -0.0206      0.0      0.0   0.0421  -0.0142  -0.0315   0.0696
