TESTRUNID EPOCH: 7 L_PCC: 0.8734460455392907 L_ERR: 0.00987066825097854 T_PCC: 0.8287184368363544 T_ERR: 0.013307690836205142
180 LAYER: 1
3 LAYER: 2
1 LAYER: 3
7 :ILEARN
-0.6219466367531334	0.09272501870627461	-0.36606450724527556	-0.3151097131097713	-0.5677444992245526	
-0.7674662096778919	-0.010347936012853642	0.01565624019212465	0.5440705116725536	0.675246864453161	
0.4847304170388115	1.0321520146315661	-0.1362167306139125	0.05868992594843354	-0.18759247979963828	
-0.08939123367013017	-0.2714401939149063	-0.0740874949901825	0.33431730291593326	0.37216041920661125	
0.6792961495362335	-0.6946824938619268	-0.39228777418803495	-0.9078889887019966	-0.03634430805623181	
-0.016499400999446887	-0.0897483987069235	-0.22392225642827537	-0.46022141320745064	-0.06428328365929223	
-0.1901956259719917	-0.4354493746021321	-0.17341500888797798	-0.5738576362587314	-0.7210717174849376	
-0.8425533314814763	-0.4095855526686905	-0.3702397096153976	-0.3840340903079036	0.03264951052138837	
0.18554241571419242	0.03783752085703039	0.19460906815460371	0.6057879325587037	0.1661050751937428	
-0.8513780042314978	-0.6062701614947338	-0.8778083081122297	-0.7997636931478632	-0.7608415010879579	
-1.122144775949019	0.0646273578580319	0.2259229567590842	-0.16852799162738072	-0.016404412328689846	
0.015936964225523764	-0.012138657912132261	-0.28105225022348856	-0.39453331509132744	-0.2596837045975558	
-0.6223793981645424	-0.20816172082313175	-0.39643658777623286	0.7304037520386402	0.6391538028037842	
0.4604143515638354	0.21044037255191742	-0.011178413126867986	-0.15219355495879874	0.04358458526741131	
0.043956639561367174	-0.3444964956533885	0.35181390253648737	0.6964011471243966	0.7095420130169253	
-0.7344887475766484	-0.6141415247613486	-1.303914039286099	0.16176748043600406	0.07944117945486501	
-0.1184321795265981	-0.11410173173725938	-0.030540514201552914	-0.26671476090458757	0.3573433015054965	
0.4577162942698524	0.27306276967808774	-0.7050209390370596	-0.6888513039429112	-0.9224829804210251	
-0.29977613619118626	-0.4264085667156778	-0.19047597387995294	0.2906435984449408	0.318875181187477	
-0.10462021668974675	-0.15006946372988178	-0.3646503541903344	-0.5874404921001323	-0.20350328475677062	
-0.5046700351187947	0.3708970075692462	0.12005025314168954	0.16328917288376457	-0.12632939334657312	
-1.2557708561013414	-1.3709604379035998	-1.3173153355788034	-1.0800203047347603	-1.190325580803631	
-1.5074589890201198	-0.48902617932086095	-0.5221163136857194	-0.3300813494896129	-0.2206239997923612	
0.0679246313206276	0.3013373990164797	-0.9419425389842037	-0.8419438280052176	-1.3075890266322354	
-0.3397485971316497	-0.22863751308522196	-0.5843809466920141	0.23847233415292332	0.20640608783436512	
0.4376255875101328	-0.45020976712004085	-0.535457010135676	-0.7615159767484876	-0.15786642650822108	
-0.12298067199762563	-0.32498812709047836	-0.7458558070905351	-0.2466911968738327	-0.1584356294832768	
-0.41842034533022876	-0.17179718735380853	-0.6033410725424808	0.09076618274811461	0.24274351020370252	
0.19811843887264569	-0.04713671897689666	-0.06577406601115399	0.02917764317026088	0.0938647132012671	
0.14904338773007583	-0.05744228691166525	-0.10888634715584869	-0.05165276948863398	-0.4418588664770368	
0.031659407447993365	0.34153671586274736	-0.28263305411707784	-0.06669443124476883	0.09918727521162236	
0.527892643078456	-0.5390424207988014	-0.24369404693450306	-0.9818625390687283	-0.2333767147691643	
-0.8864027019790046	-0.8303152036535286	0.1347376278020928	0.09945222484769252	0.08479198116825092	
-0.35218065013874256	-0.6167331624870513	-0.7109678215282795	0.4247699418077099	0.04173759226352177	
0.09775959039108174	0.2501109377120366	-0.3718082852473683	-0.396725015735231	-0.3344347532133245	
-0.5874887112706934	-0.7578728781108673	0.06134823307055644	0.12632391742530977	0.06324084003817498	
-0.49339531281816656	-0.5965943390006543	-0.25591806391675226	-0.05005344695696782	-0.11020450311194266	
-0.3345907570556476	-0.5075053556925062	0.10263807769396897	-0.23755179047958463	0.1560477703280151	
-0.024330873969328475	-0.15891540346079974	0.10780953503498769	-0.05019735759350432	-0.08628262192455859	
0.21881154223967486	0.13594950582487672	-0.0880288291685111	0.17476259377593029	0.031806348145601876	
0.127967178375264	0.07741267779642344	0.22054792599067558	0.20983916911548736	0.11621790091669593	
-0.038368194153269926	0.02066470978341791	0.0869616227178316	0.2775671272669516	0.44122988244036787	
-0.13438349869178914	-0.26148281553548364	-0.03412283315382487	0.22712124713766388	0.3043640117656452	
0.09024612381104105	-0.5030761349879573	-0.30056701720036416	-0.1384308919763921	-0.4254913457823601	
-0.5751037866645597	-0.04362167513689812	-0.15951299790006856	0.3537381477973019	-0.3574150721476841	
-0.42697807447003056	-0.3542515883177276	-0.32239709069025496	0.06556496921955315	0.14839669338711814	
0.24618553887197683	-0.049254346090831076	0.09013063764393514	0.06929598762503238	-0.03696057241027139	
0.023174604837356127	0.13429523299910862	0.16972522859504124	0.15437988034343114	0.4250955437330474	
-0.0208599337072818	0.03657878167647907	0.20458691971397178	-0.4178945335897852	0.2860015579813164	
0.12562986517990568	-0.3626156531657602	-0.16735211041917664	0.017200404113665108	0.5033148077069232	
0.25394652183411387	0.41182599747412835	0.07393490680785775	-0.16410566833392742	0.1666991109714378	
0.09654920602007573	0.1800420807254679	0.1685927256568447	-0.0016353418354914733	0.37728252390447964	
-0.16905199060041978	0.06181857768318756	-0.1523310644833174	0.18180057766092564	-0.09580577487998819	
-0.04109960663662649	0.03454137894158763	-0.05972245301675875	0.09133663892860906	-0.017037159130727064	
-0.017528382400764805	-0.056056647286207566	0.14471017676302295	-0.2793091924986981	0.5862438010436204	
0.10358034928007762	-0.23013551655579015	-0.056684772302577034	-0.15434047178738464	-0.04448888407181344	
-0.4155297623553964	-0.22956416515637196	0.08999113611237616	0.04853429330823126	-0.6810401758036685	
-0.1257309256108342	-0.5158344361331637	-0.15889260518397605	-0.08761295605210849	-0.12763207656242226	
-0.0075343895883835076	0.2504843559915521	-0.2656425122344319	-0.3229575841452471	0.005690006932888168	
-0.25339991666856204	-0.06204763670896523	-0.19525175150057625	0.1550596458349627	-0.22995183046681802	
-0.1361860159699029	-0.1274823349775735	-0.18694765805905347	-0.3675783038325549	0.08772494072884435	
-0.3413054365251943	-0.2559152200448667	-0.13354903793402187	0.12533340402597007	0.1485440360269721	
0.2645147980166389	0.642796249075969	0.1967513388358441	-0.12222974512218907	0.262621647259902	
-0.12313512990969036	0.06850370724731113	0.0913027127434721	0.013579687718461903	0.2797265182033804	
0.43653181375014255	0.3221723700850891	-0.18937145766014238	-0.0775630934719965	0.11798514355138764	
0.07460513806618992	-0.021913957869380628	-0.036726411610883414	0.03434569598494976	0.06466376747819046	
-0.18346066322272084	0.14556642817800192	-0.2520695554938299	0.06184923705554731	0.5586534078866723	
0.06904649930534901	-0.12769639729169482	0.026502395720611152	0.042587650006966495	-0.17450262933525063	
-0.4393567059639099	-0.7140219947804489	-0.07613425604744246	-0.2820679019692453	-0.4105726686736868	
-0.14818948709717922	0.04649782401644116	-0.31725367081052847	-0.18145504780939617	-0.3348972967571387	
-0.20235628970133268	0.2998242026918704	-0.34512187656645293	-0.052664351871796286	0.308953637036304	
-0.2886688814132176	0.32237918552657807	-0.06765037925639064	0.13605528019056107	0.23304127002144304	
-0.03751601510406858	-0.10754255088128697	-0.03282765172732141	0.3232661278144496	0.4387874656071247	
0.5443719723634198	0.3132458427963621	-0.06868304705455587	-0.16849498159793339	0.4621297804828229	
0.15070922559487518	-0.08059181966966227	0.1295317285299533	0.47598154156572	0.2714981149938887	
0.03833035854418846	0.12057894918018619	0.014716630592565698	0.5850851369481762	0.2647392175420841	
0.15563583996551075	-0.2939011062437877	0.03308353179646033	-0.19977412271911787	-0.20243900112612975	
-0.07629736271992081	-0.3509827537003837	0.04589745674614778	-0.24319564370017682	-0.09451196545353512	
-0.6101729378184595	-0.4921477031814622	0.11741452928097201	0.08367267336225437	0.195207794523871	
0.38390543603301397	-0.30466344707292814	0.0855144425579363	-0.017892156765798348	-0.3049007552155345	
-0.2671085860676355	-0.3602803381083629	-0.07301602669797169	-0.19307128136672047	-0.45182915183718564	
-0.11998036569812577	-0.13860433962992588	-0.44598261512116283	0.12996360935386447	0.039152341895490536	
0.02350204415703907	-0.2545915480356608	0.12522520444261273	-0.46123131134355505	-0.07169660526836544	
-0.13661440714148804	-0.29026556094349415	0.22845555768577	0.1352351614439554	-0.018263923999442242	
0.009440851466584174	-0.4199031018949232	-0.007324213813869111	-0.1876285980629578	0.022503422765151736	
-0.5736570684640097	-0.19550057519227176	-0.31598064557842753	-0.45073267717486387	-0.12641925987881317	
0.6110769828810221	0.4408026012450102	-0.07826706986852953	-0.30211135611748124	-0.20308523272408607	
-0.1411913383092276	0.1944081786987435	-0.45435196743395556	-0.1481663021680605	0.08930764235801407	
-0.24957302260809272	-0.14535609163632243	-0.00694860027456351	0.18982722913780078	0.19588315263174058	
0.6000667600226718	-0.2934071864704572	0.7124067396191316	-0.10079193847328365	0.5360518131728031	
-0.4695335175227714	-0.5300617040138267	-0.4202629459120343	0.31177182163067124	0.5250615351740937	
-0.03747270558308498	0.22741224942247293	-0.18417208387516862	-0.1336825713187917	-0.28312206997689315	
-0.21498682490576576	-0.4916687254526301	-0.19117894988869177	-0.1402361253380329	-0.469393931657938	
-0.1020670113622757	-0.15967255770478347	-0.2015233980735172	0.3939748331132436	0.05177014526155722	
0.3061615109688445	0.11560957288920361	0.1819975693156263	0.1197774461986038	-0.4409350609610202	
-0.20780414704827999	-0.6229128459181065	0.6575198411846745	-0.2689996389314379	0.5715402651053678	
0.05189654768236693	0.22245705482088868	-0.05409104345966363	-0.3161974070627135	-0.1875397869038038	
0.17841765338065363	-0.03326745866979901	-0.23470320459810728	-0.12402753261782341	0.04947338261639402	
-0.018611185565689175	-0.01828510917158282	0.10059111187185335	0.13669723791197683	-0.08420897452133132	
-0.22061262036934415	-0.3579634304301821	-0.03885226099054529	-0.21501007926822813	-0.45331398338455736	
-0.529818089645241	0.1412972643272914	0.09929750277594962	-0.005892089811494613	0.5426948951829416	
-0.2959236195671147	0.3022716933689706	-0.620139199524056	-0.45198475955495127	-0.8519932723420842	
0.06382004222497595	0.14803755142723207	-0.09262081429256099	-3.209468325466833	-3.208217980959576	
-3.3406961655304914	0.3513990535450253	0.32737909391082315	0.36350311607592417	-0.07235376193329246	
-0.43952926643664986	-0.36029178377046983	-0.3842543049049067	-0.5355970289066415	-0.7386142103988296	
0.009220409672659776	0.08876735477246615	-0.026889014444993965	0.5862152938975858	0.8024336565906665	
0.7613706234447416	0.03825886978090922	0.10337667881985711	0.37967949547544194	-1.0119642393296413	
-1.7784129602976784	-1.2334286096851494	-0.10864519312914307	-0.05952212646380979	-0.261078064102161	
-0.007315098033528763	0.10343623879220314	0.1677830651471642	-1.3256496808788594	-1.5276871702582162	
-1.4724661284935845	1.5873574758022755	
