Amb_a_1.0101_2 vs. Amb_a_1.0401_2,0.07824513520693636,-0.14411764705882352,15.0,-15.0,30.0,25.0,10.0,14.0,22.22222222222222,13.0,0.768948,0.0,-9.0,11.11111111111111,9.0,11.11111111111111,9.0,2.7,0.32,3.02,1,3,0,1459.5,1.03476821192053
Amb_a_1.0101_3 vs. Amb_a_1.0201_3,0.36995908564826635,0.42857142857142855,80.0,11.0,80.0,111.0,75.0,104.0,88.88888888888889,59.0,0.938600,88.88888888888889,59.0,88.88888888888889,59.0,88.88888888888889,59.0,0.12,0.36,0.24,2,4,2,7990.4,11.574074074074074
Amb_a_1.0101_3 vs. Amb_a_1.0304_3,0.29107495231984837,0.4945054945054945,85.0,13.0,85.0,112.0,80.0,105.0,88.88888888888889,60.0,0.943629,88.88888888888889,59.0,88.88888888888889,59.0,88.88888888888889,59.0,0.13999999999999999,0.36,0.22,2,4,2,8488.1,12.626262626262626
Amb_a_1.0101_3 vs. Amb_a_1.0401_3,0.10594770494863195,0.6439560439560439,70.0,6.0,70.0,92.0,60.0,82.0,88.88888888888889,54.0,0.896882,88.88888888888889,54.0,88.88888888888889,54.0,88.88888888888889,54.0,2.3800000000000003,0.36,2.74,2,1,1,6833.400000000001,1.013787510137875
Amb_a_1.0101_3 vs. Amb_a_1.0501_3,0.8038526329080212,0.5032967032967033,80.0,11.0,80.0,105.0,75.0,98.0,100.0,55.0,0.925417,11.11111111111111,-9.0,77.77777777777779,51.0,77.77777777777779,54.0,0.07,0.36,0.29,2,2,2,7994.400000000001,9.578544061302683
Amb_a_1.0101_4 vs. Amb_a_1.0201_4,0.5986483611067374,0.18214285714285713,80.0,12.0,80.0,125.0,80.0,125.0,88.88888888888889,60.0,0.930051,66.66666666666666,50.0,66.66666666666666,50.0,66.66666666666666,54.0,0.77,0.27,1.04,4,5,4,7938.400000000001,3.5612535612535607
Amb_a_1.0101_4 vs. Amb_a_1.0304_4,0.7609911065046079,0.30769230769230765,85.0,14.0,85.0,123.0,85.0,121.0,88.88888888888889,60.0,0.916263,0.0,-20.0,0.0,-20.0,77.77777777777779,50.0,1.41,0.27,1.68,4,2,2,8380.15,2.204585537918871
Amb_a_1.0101_4 vs. Amb_a_1.0401_4,-0.09846682855474838,0.18181818181818182,85.0,13.0,85.0,116.0,80.0,113.0,100.0,59.0,0.897416,77.77777777777779,49.0,77.77777777777779,49.0,77.77777777777779,49.0,0.16000000000000003,0.27,0.11,4,6,3,8486.4,33.67003367003367
Amb_a_1.0101_5 vs. Amb_a_1.0304_5,0.6381024434247469,0.0035714285714285704,70.0,7.0,75.0,105.0,65.0,91.0,88.88888888888889,60.0,0.865676,77.77777777777779,47.0,77.77777777777779,47.0,77.77777777777779,47.0,0.09999999999999999,0.05,0.15,5,4,4,6993.0,133.33333333333334
Amb_a_1.0101_6 vs. Amb_a_1.0201_6,0.9827786792162334,0.7642857142857141,85.0,13.0,85.0,113.0,80.0,110.0,100.0,65.0,0.953700,100.0,63.0,100.0,63.0,100.0,64.0,0.22999999999999998,1.19,0.96,4,5,4,8480.449999999999,0.8753501400560225
Amb_a_1.0101_6 vs. Amb_a_1.0304_6,0.7797750088685148,0.5785714285714285,90.0,16.0,90.0,119.0,90.0,119.0,100.0,65.0,0.966869,100.0,63.0,100.0,63.0,100.0,64.0,0.15000000000000013,1.19,1.34,4,4,4,8986.5,0.6271165182490906
Amb_a_1.0101_6 vs. Amb_a_1.0401_6,0.9509509817439651,0.6747252747252748,90.0,16.0,90.0,125.0,90.0,125.0,100.0,65.0,0.980278,100.0,63.0,100.0,63.0,100.0,64.0,0.030000000000000027,1.19,1.16,4,4,4,8997.3,0.7244277021153289
Amb_a_1.0101_6 vs. Amb_a_1.0501_6,0.93990022914485,0.5529411764705882,80.0,12.0,80.0,109.0,80.0,109.0,88.88888888888889,61.0,0.936827,88.88888888888889,60.0,88.88888888888889,60.0,88.88888888888889,61.0,0.32000000000000006,1.19,1.51,4,4,4,7974.400000000001,0.5565139963270077
Amb_a_1.0101_8 vs. Amb_a_1.0201_8,0.9717941256542642,0.7181818181818183,75.0,9.0,75.0,95.0,65.0,91.0,100.0,59.0,0.898780,88.88888888888889,49.0,88.88888888888889,49.0,88.88888888888889,49.0,0.81,0.8,1.61,2,1,1,7439.25,0.7763975155279502
Amb_a_1.0101_8 vs. Amb_a_1.0304_8,0.90691258649127,0.6208791208791209,75.0,9.0,75.0,98.0,70.0,95.0,100.0,59.0,0.917181,88.88888888888889,49.0,88.88888888888889,49.0,88.88888888888889,49.0,0.34,0.8,0.46,2,2,2,7474.5,2.717391304347826
Amb_a_1.0101_8 vs. Amb_a_1.0401_8,0.8609389937221975,0.5879120879120878,70.0,7.0,70.0,87.0,65.0,81.0,100.0,59.0,0.896664,88.88888888888889,49.0,88.88888888888889,49.0,88.88888888888889,49.0,0.32000000000000006,0.8,0.48,2,2,2,6977.6,2.604166666666667
Amb_a_1.0101_11 vs. Amb_a_1.0201_11,0.7210391365722139,0.532142857142857,70.0,8.0,70.0,103.0,70.0,105.0,88.88888888888889,53.0,0.904739,77.77777777777779,46.0,77.77777777777779,46.0,77.77777777777779,46.0,0.18000000000000005,0.47,0.65,1,1,1,6987.4,3.273322422258592
Amb_a_1.0101_11 vs. Amb_a_1.0304_11,0.7898773994947883,0.7582417582417583,75.0,10.0,75.0,108.0,75.0,110.0,88.88888888888889,53.0,0.933258,88.88888888888889,50.0,88.88888888888889,50.0,88.88888888888889,50.0,0.06,0.47,0.41,1,2,1,7495.5,5.189413596263622
Amb_a_1.0101_11 vs. Amb_a_1.0401_11,0.7775207655515183,0.6131868131868132,75.0,10.0,75.0,102.0,75.0,102.0,88.88888888888889,53.0,0.876797,88.88888888888889,50.0,88.88888888888889,50.0,88.88888888888889,50.0,1.29,0.47,1.76,1,2,1,7403.249999999999,1.2088974854932302
Amb_a_1.0101_11 vs. Amb_a_1.0501_11,0.9549895317789014,0.9164835164835166,90.0,15.0,90.0,117.0,85.0,114.0,100.0,57.0,0.949459,100.0,54.0,100.0,54.0,100.0,54.0,0.12,0.47,0.59,1,1,1,8989.199999999999,3.606202668589975
Amb_a_1.0101_12 vs. Amb_a_1.0304_12,0.7515199751878758,0.8111888111888113,85.0,14.0,85.0,107.0,85.0,106.0,88.88888888888889,54.0,0.925582,77.77777777777779,47.0,77.77777777777779,47.0,77.77777777777779,47.0,0.9100000000000001,1.37,0.46,4,3,3,8422.65,1.586797841954935
Amb_a_1.0101_12 vs. Amb_a_1.0501_12,0.8656151285367624,0.9,85.0,14.0,85.0,105.0,85.0,105.0,100.0,56.0,0.932077,88.88888888888889,52.0,88.88888888888889,52.0,88.88888888888889,52.0,1.11,1.37,0.26,4,3,3,8405.65,2.807411566535654
Amb_a_1.0101_14 vs. Amb_a_1.0201_14,0.23647299576100503,0.2619047619047619,90.0,15.0,90.0,110.0,85.0,108.0,100.0,65.0,0.931053,88.88888888888889,42.0,88.88888888888889,42.0,88.88888888888889,42.0,1.8399999999999999,3.82,1.98,1,1,1,8834.4,0.13221217409699085
Amb_a_1.0101_14 vs. Amb_a_1.0401_14,0.23647299576100503,0.2619047619047619,90.0,15.0,90.0,110.0,85.0,108.0,100.0,65.0,0.931053,88.88888888888889,42.0,88.88888888888889,42.0,88.88888888888889,42.0,1.88,3.82,1.94,1,1,1,8830.800000000001,0.13493819830517625
Amb_a_1.0101_14 vs. Amb_a_1.0304_14,0.1577121248687414,-0.09523809523809526,85.0,14.0,85.0,111.0,85.0,111.0,100.0,65.0,0.945824,77.77777777777779,40.0,77.77777777777779,40.0,77.77777777777779,40.0,2.6999999999999997,3.82,1.12,1,1,1,8270.5,0.23373223635003737
Amb_a_1.0101_14 vs. Amb_a_1.0501_14,-0.03164239385571159,-0.28571428571428575,55.00000000000001,2.0,55.00000000000001,73.0,55.00000000000001,68.0,66.66666666666666,47.0,0.811458,0.0,-6.0,11.11111111111111,-2.0,0.0,-6.0,2.19,3.82,1.63,1,1,0,5379.550000000001,0.16060129123438152
Amb_a_1.0101_15 vs. Amb_a_1.0201_15,-0.01841012469408647,-0.12637362637362637,85.0,12.0,85.0,93.0,75.0,86.0,100.0,48.0,0.933873,88.88888888888889,42.0,88.88888888888889,42.0,88.88888888888889,42.0,1.71,3.65,1.94,1,1,1,8354.65,0.14122299110295156
Amb_a_1.0101_15 vs. Amb_a_1.0304_15,0.27466934573553786,0.027472527472527472,80.0,12.0,80.0,100.0,80.0,100.0,100.0,54.0,0.963040,77.77777777777779,40.0,77.77777777777779,40.0,77.77777777777779,40.0,2.61,3.65,1.04,1,1,1,7791.2,0.2634351949420442
Amb_a_1.0101_15 vs. Amb_a_1.0401_15,0.17826053756683075,0.29696969696969694,90.0,15.0,90.0,105.0,85.0,103.0,100.0,60.0,0.980372,0.0,-3.0,0.0,-3.0,0.0,-3.0,1.3900000000000001,3.65,2.26,1,1,1,8874.9,0.12122681537156019
Amb_a_1.0101_15 vs. Amb_a_1.0501_15,-0.1100473941927308,-0.2606060606060606,65.0,5.0,65.0,77.0,60.0,77.0,77.77777777777779,50.0,0.899896,11.11111111111111,7.0,66.66666666666666,34.0,11.11111111111111,7.0,3.41,3.65,0.24,1,1,0,6278.35,1.1415525114155252
Amb_a_1.0101_16 vs. Amb_a_1.0201_16,0.8648388545414132,0.5363636363636364,85.0,14.0,85.0,121.0,85.0,121.0,100.0,69.0,0.949662,88.88888888888889,54.0,88.88888888888889,54.0,88.88888888888889,54.0,1.44,2.26,0.82,1,2,1,8377.6,0.5396071659831643
Amb_a_1.0101_16 vs. Amb_a_1.0401_16,0.8748887069786836,0.7692307692307693,95.0,18.0,95.0,133.0,95.0,133.0,100.0,69.0,0.976342,22.22222222222222,-1.0,22.22222222222222,-1.0,22.22222222222222,-1.0,1.7599999999999998,2.26,0.5,1,3,0,9332.8,0.8849557522123894
Amb_a_1.0101_16 vs. Amb_a_1.0501_16,0.7906022851199683,0.17575757575757575,85.0,14.0,85.0,126.0,85.0,126.0,88.88888888888889,65.0,0.920825,77.77777777777779,52.0,77.77777777777779,52.0,77.77777777777779,52.0,0.5499999999999998,2.26,1.71,1,1,1,8453.25,0.25875899187496765
Amb_a_1.0101_17 vs. Amb_a_1.0201_17,0.4349396796104509,0.3140350877192983,70.0,8.0,70.0,103.0,70.0,103.0,77.77777777777779,58.0,0.872826,66.66666666666666,40.0,66.66666666666666,40.0,66.66666666666666,40.0,0.09999999999999998,0.4,0.5,3,2,1,6993.0,5.0
Amb_a_1.0101_17 vs. Amb_a_1.0401_17,0.8213415648502002,0.6433566433566434,75.0,10.0,75.0,115.0,75.0,115.0,88.88888888888889,62.0,0.943030,0.0,-10.0,0.0,-10.0,33.33333333333333,12.0,1.58,0.4,1.98,3,1,0,7381.5,1.2626262626262628
Amb_a_1.0101_17 vs. Amb_a_1.0501_17,0.09714001840733671,-0.0879120879120879,75.0,10.0,75.0,110.0,75.0,110.0,88.88888888888889,65.0,0.888545,66.66666666666666,45.0,66.66666666666666,45.0,66.66666666666666,45.0,2.39,0.4,2.79,3,1,1,7320.75,0.8960573476702509
Amb_a_1.0201_1 vs. Amb_a_1.0304_1,0.34303295220710434,0.16483516483516483,85.0,14.0,85.0,112.0,85.0,112.0,100.0,60.0,0.956205,66.66666666666666,40.0,66.66666666666666,40.0,66.66666666666666,40.0,0.010000000000000009,0.99,1.0,2,1,1,8499.15,1.0101010101010102
Amb_a_1.0201_3 vs. Amb_a_1.0401_3,0.2215137691213208,0.4545454545454546,75.0,9.0,75.0,93.0,70.0,88.0,100.0,57.0,0.913907,77.77777777777779,49.0,77.77777777777779,49.0,77.77777777777779,49.0,2.5,0.24,2.74,4,1,1,7312.5,1.5206812652068127
Amb_a_1.0201_3 vs. Amb_a_1.0501_3,-0.13858739735514206,0.04761904761904763,80.0,12.0,80.0,115.0,80.0,115.0,88.88888888888889,57.0,0.958192,11.11111111111111,-9.0,88.88888888888889,57.0,88.88888888888889,57.0,0.04999999999999999,0.24,0.29,4,2,2,7996.0,14.367816091954024
Amb_a_1.0201_4 vs. Amb_a_1.0304_4,0.6102956639283695,0.3142857142857143,90.0,16.0,90.0,129.0,90.0,128.0,100.0,64.0,0.945002,11.11111111111111,-17.0,11.11111111111111,4.0,77.77777777777779,53.0,0.6399999999999999,1.04,1.68,5,2,2,8942.4,0.5723443223443223
Amb_a_1.0201_4 vs. Amb_a_1.0401_4,0.04647312977812422,0.3186813186813187,75.0,9.0,75.0,106.0,70.0,101.0,77.77777777777779,54.0,0.871027,66.66666666666666,42.0,66.66666666666666,42.0,66.66666666666666,42.0,0.93,1.04,0.11,5,6,4,7430.249999999999,8.741258741258742
Amb_a_1.0201_4 vs. Amb_a_1.0501_4,0.26955444068156853,0.15604395604395604,70.0,8.0,70.0,103.0,70.0,103.0,77.77777777777779,54.0,0.879130,55.55555555555556,38.0,55.55555555555556,38.0,66.66666666666666,50.0,0.040000000000000036,1.04,1.0,5,3,2,6997.2,0.9615384615384615
Amb_a_1.0201_5 vs. Amb_a_1.0304_5,0.8327365512245871,0.557142857142857,90.0,16.0,90.0,126.0,90.0,128.0,100.0,67.0,0.978139,100.0,64.0,100.0,64.0,100.0,64.0,0.0,0.15,0.15,4,4,4,9000.0,44.44444444444445
Amb_a_1.0201_5 vs. Amb_a_1.0501_5,0.7098945962300762,0.07692307692307693,70.0,8.0,70.0,96.0,70.0,92.0,77.77777777777779,46.0,0.843761,77.77777777777779,44.0,77.77777777777779,44.0,77.77777777777779,44.0,0.09,0.15,0.06,4,5,4,6993.7,111.11111111111113
Amb_a_1.0201_6 vs. Amb_a_1.0304_6,0.856972374352692,0.6205882352941177,85.0,13.0,85.0,118.0,80.0,113.0,100.0,65.0,0.946213,100.0,63.0,100.0,63.0,100.0,64.0,0.3800000000000001,0.96,1.34,5,4,4,8467.7,0.7773631840796019
Amb_a_1.0201_6 vs. Amb_a_1.0401_6,0.9803092222273594,0.7107142857142856,85.0,14.0,85.0,114.0,85.0,115.0,100.0,65.0,0.963928,100.0,63.0,100.0,63.0,100.0,64.0,0.19999999999999996,0.96,1.16,5,4,4,8483.0,0.8979885057471265
Amb_a_1.0201_6 vs. Amb_a_1.0501_6,0.94824043891401,0.7235294117647059,75.0,9.0,75.0,108.0,70.0,103.0,88.88888888888889,61.0,0.915836,88.88888888888889,60.0,88.88888888888889,60.0,88.88888888888889,61.0,0.55,0.96,1.51,5,4,4,7458.75,0.6898454746136866
Amb_a_1.0201_8 vs. Amb_a_1.0304_8,0.9455162500673677,0.8241758241758241,90.0,16.0,90.0,118.0,90.0,117.0,100.0,62.0,0.945759,88.88888888888889,53.0,88.88888888888889,53.0,88.88888888888889,53.0,1.1500000000000001,1.61,0.46,1,2,1,8896.5,1.3502565487442613
Amb_a_1.0201_8 vs. Amb_a_1.0401_8,0.8866496755138256,0.6153846153846154,75.0,8.0,75.0,91.0,60.0,81.0,100.0,59.0,0.896447,88.88888888888889,53.0,88.88888888888889,53.0,88.88888888888889,53.0,1.1300000000000001,1.61,0.48,1,2,1,7415.25,1.2939958592132506
Amb_a_1.0201_9 vs. Amb_a_1.0304_9,0.04470447018832491,-0.34615384615384615,90.0,16.0,90.0,117.0,90.0,116.0,100.0,55.0,0.942352,100.0,51.0,100.0,51.0,100.0,51.0,0.30000000000000004,1.28,0.98,5,3,3,8973.0,0.7971938775510204
Amb_a_1.0201_9 vs. Amb_a_1.0401_9,-0.4800448283836582,-0.6818181818181819,50.0,-2.0,50.0,63.0,50.0,52.0,55.55555555555556,31.0,0.824091,0.0,3.0,55.55555555555556,28.0,55.55555555555556,28.0,0.5800000000000001,1.28,0.7,5,3,3,4971.0,1.1160714285714286
Amb_a_1.0201_9 vs. Amb_a_1.0501_9,-0.4418807037128592,-0.46153846153846156,65.0,5.0,65.0,81.0,60.0,71.0,77.77777777777779,41.0,0.864797,66.66666666666666,30.0,66.66666666666666,30.0,66.66666666666666,33.0,1.22,1.28,0.06,5,5,3,6420.7,13.020833333333334
Amb_a_1.0201_11 vs. Amb_a_1.0304_11,0.5285335246316909,0.557142857142857,80.0,12.0,80.0,117.0,80.0,117.0,100.0,60.0,0.937240,88.88888888888889,50.0,88.88888888888889,50.0,88.88888888888889,50.0,0.24000000000000005,0.65,0.41,1,2,1,7980.8,3.7523452157598496
Amb_a_1.0201_11 vs. Amb_a_1.0401_11,0.36622717016692863,0.7272727272727274,65.0,6.0,65.0,99.0,65.0,99.0,88.88888888888889,57.0,0.855797,66.66666666666666,42.0,66.66666666666666,42.0,66.66666666666666,42.0,1.1099999999999999,0.65,1.76,1,2,1,6427.85,0.8741258741258742
Amb_a_1.0201_11 vs. Amb_a_1.0501_11,0.6894254533698597,0.5392857142857141,75.0,10.0,75.0,105.0,75.0,104.0,88.88888888888889,53.0,0.892896,77.77777777777779,46.0,77.77777777777779,46.0,77.77777777777779,46.0,0.06000000000000005,0.65,0.59,1,1,1,7495.5,2.607561929595828
Amb_a_1.0201_12 vs. Amb_a_1.0501_12,0.5726463470883523,0.5824175824175823,80.0,12.0,80.0,101.0,80.0,101.0,88.88888888888889,51.0,0.906680,77.77777777777779,49.0,77.77777777777779,49.0,77.77777777777779,49.0,0.13,0.39,0.26,3,3,3,7989.6,9.861932938856015
Amb_a_1.0201_13 vs. Amb_a_1.0304_13,-0.10803740616790035,0.21428571428571427,90.0,16.0,90.0,123.0,90.0,122.0,100.0,65.0,0.934699,77.77777777777779,44.0,77.77777777777779,44.0,77.77777777777779,44.0,0.17999999999999994,1.52,1.7,1,3,0,8983.8,0.38699690402476783
Amb_a_1.0201_14 vs. Amb_a_1.0401_14,1.0,1.0,100.0,20.0,100.0,125.0,100.0,125.0,100.0,65.0,1.000000,100.0,50.0,100.0,50.0,100.0,50.0,0.040000000000000036,1.98,1.94,1,1,1,9996.0,0.26033531188170367
Amb_a_1.0201_14 vs. Amb_a_1.0304_14,-0.06494410025841606,0.04761904761904762,85.0,14.0,85.0,113.0,85.0,113.0,100.0,65.0,0.947679,77.77777777777779,43.0,77.77777777777779,43.0,77.77777777777779,43.0,0.8599999999999999,1.98,1.12,1,1,1,8426.9,0.4509379509379509
Amb_a_1.0201_14 vs. Amb_a_1.0501_14,-0.08569427638023079,-0.18333333333333338,60.0,4.0,60.0,77.0,60.0,75.0,66.66666666666666,47.0,0.831801,0.0,-7.0,0.0,-5.0,0.0,-7.0,0.3500000000000001,1.98,1.63,1,1,0,5979.0,0.30984693561380683
Amb_a_1.0201_15 vs. Amb_a_1.0304_15,0.8569295967120858,0.1912087912087912,75.0,10.0,75.0,90.0,75.0,90.0,100.0,48.0,0.931366,77.77777777777779,43.0,77.77777777777779,43.0,77.77777777777779,43.0,0.8999999999999999,1.94,1.04,1,1,1,7432.5,0.4956383822363204
Amb_a_1.0201_15 vs. Amb_a_1.0501_15,-0.34178422298690087,-0.4642857142857144,65.0,5.0,65.0,70.0,60.0,67.0,66.66666666666666,38.0,0.877826,11.11111111111111,4.0,66.66666666666666,34.0,11.11111111111111,4.0,1.7,1.94,0.24,1,1,0,6389.5,2.1477663230240553
Amb_a_1.0201_16 vs. Amb_a_1.0304_16,0.4557034689868943,-0.04642857142857142,95.0,17.0,95.0,127.0,90.0,123.0,100.0,69.0,0.973397,100.0,59.0,100.0,59.0,100.0,59.0,0.0,0.82,0.82,2,2,2,9500.0,1.48720999405116
Amb_a_1.0201_16 vs. Amb_a_1.0401_16,0.8461595653104065,0.6571428571428571,85.0,14.0,85.0,119.0,85.0,119.0,100.0,69.0,0.947976,33.33333333333333,4.0,33.33333333333333,4.0,33.33333333333333,4.0,0.31999999999999995,0.82,0.5,2,3,0,8472.800000000001,2.4390243902439024
Amb_a_1.0201_16 vs. Amb_a_1.0501_16,0.9244846797557887,0.16483516483516483,75.0,10.0,75.0,112.0,75.0,112.0,88.88888888888889,64.0,0.890746,66.66666666666666,44.0,66.66666666666666,44.0,66.66666666666666,44.0,0.89,0.82,1.71,2,1,1,7433.25,0.7131650263871059
Amb_a_1.0201_17 vs. Amb_a_1.0401_17,0.22671926464038977,0.37719298245614036,65.0,6.0,65.0,96.0,65.0,96.0,77.77777777777779,56.0,0.865817,0.0,-5.0,11.11111111111111,-13.0,0.0,-5.0,1.48,0.5,1.98,2,1,0,6403.8,1.0101010101010102
Amb_a_1.0201_17 vs. Amb_a_1.0501_17,0.010949242319602233,-0.06707946336429307,70.0,8.0,70.0,108.0,70.0,108.0,77.77777777777779,59.0,0.879013,55.55555555555556,42.0,55.55555555555556,42.0,55.55555555555556,42.0,2.29,0.5,2.79,2,1,0,6839.7,0.7168458781362007
Amb_a_1.0304_3 vs. Amb_a_1.0401_3,0.3666006090721624,0.5664335664335665,75.0,8.0,75.0,93.0,65.0,87.0,100.0,57.0,0.911962,77.77777777777779,49.0,77.77777777777779,49.0,77.77777777777779,49.0,2.52,0.22,2.74,4,1,1,7311.0,1.6589250165892504
Amb_a_1.0304_3 vs. Amb_a_1.0501_3,-0.3478939526502097,-0.21428571428571433,85.0,14.0,85.0,116.0,85.0,116.0,88.88888888888889,57.0,0.962277,11.11111111111111,-9.0,88.88888888888889,57.0,88.88888888888889,57.0,0.06999999999999998,0.22,0.29,4,2,2,8494.050000000001,15.673981191222573
Amb_a_1.0304_4 vs. Amb_a_1.0401_4,-0.0633223524333239,-0.13636363636363638,75.0,8.0,70.0,105.0,65.0,95.0,77.77777777777779,54.0,0.862720,11.11111111111111,-23.0,11.11111111111111,-23.0,55.55555555555556,36.0,1.5699999999999998,1.68,0.11,2,6,1,7382.250000000001,5.411255411255412
Amb_a_1.0304_4 vs. Amb_a_1.0501_4,0.6648524173808205,0.16923076923076924,80.0,12.0,80.0,111.0,80.0,112.0,88.88888888888889,62.0,0.918368,0.0,-15.0,88.88888888888889,59.0,88.88888888888889,59.0,0.6799999999999999,1.68,1.0,2,3,2,7945.599999999999,0.5952380952380952
Amb_a_1.0304_5 vs. Amb_a_1.0401_5,0.36366327812917454,-0.07142857142857142,65.0,6.0,65.0,104.0,65.0,104.0,77.77777777777779,57.0,0.869017,77.77777777777779,57.0,77.77777777777779,57.0,77.77777777777779,57.0,0.21,0.15,0.36,4,3,2,6486.35,18.51851851851852
Amb_a_1.0304_5 vs. Amb_a_1.0501_5,0.7940037231892213,0.2835164835164835,75.0,9.0,75.0,100.0,70.0,89.0,88.88888888888889,52.0,0.844462,77.77777777777779,44.0,77.77777777777779,44.0,77.77777777777779,44.0,0.09,0.15,0.06,4,5,4,7493.25,111.11111111111113
Amb_a_1.0304_6 vs. Amb_a_1.0401_6,0.9063891914346975,0.538235294117647,80.0,12.0,80.0,114.0,80.0,114.0,100.0,65.0,0.949731,100.0,63.0,100.0,63.0,100.0,64.0,0.18000000000000016,1.34,1.16,4,4,4,7985.599999999999,0.6433350488934637
Amb_a_1.0304_6 vs. Amb_a_1.0501_6,0.7617399052818894,0.7941176470588236,90.0,16.0,90.0,123.0,90.0,123.0,100.0,61.0,0.966999,88.88888888888889,60.0,88.88888888888889,60.0,88.88888888888889,61.0,0.16999999999999993,1.34,1.51,4,4,4,8984.7,0.4942176534545814
Amb_a_1.0304_8 vs. Amb_a_1.0401_8,0.9564350973682091,0.7098901098901099,80.0,9.0,80.0,95.0,65.0,85.0,100.0,59.0,0.921407,100.0,57.0,100.0,57.0,100.0,57.0,0.019999999999999962,0.46,0.48,2,2,2,7998.400000000001,4.528985507246377
Amb_a_1.0304_9 vs. Amb_a_1.0401_9,0.09754898563979637,0.03736263736263736,55.00000000000001,0.0,55.00000000000001,67.0,55.00000000000001,56.0,55.55555555555556,31.0,0.830288,0.0,3.0,55.55555555555556,28.0,55.55555555555556,28.0,0.28,0.98,0.7,3,3,2,5484.6,1.457725947521866
Amb_a_1.0304_9 vs. Amb_a_1.0501_9,-0.37911067758372674,-0.521978021978022,65.0,4.0,65.0,81.0,55.00000000000001,65.0,77.77777777777779,39.0,0.844231,66.66666666666666,30.0,66.66666666666666,30.0,66.66666666666666,30.0,0.9199999999999999,0.98,0.06,3,5,2,6440.2,17.006802721088437
Amb_a_1.0304_11 vs. Amb_a_1.0401_11,0.8545776258847798,0.6978021978021978,70.0,8.0,70.0,94.0,70.0,95.0,88.88888888888889,50.0,0.861658,77.77777777777779,46.0,77.77777777777779,46.0,77.77777777777779,46.0,1.35,0.41,1.76,2,2,1,6905.5,1.385809312638581
Amb_a_1.0304_11 vs. Amb_a_1.0501_11,0.8689963698232865,0.6967032967032967,75.0,10.0,75.0,107.0,75.0,107.0,88.88888888888889,53.0,0.913909,88.88888888888889,50.0,88.88888888888889,50.0,88.88888888888889,50.0,0.18,0.41,0.59,2,1,1,7486.499999999999,4.133939644481191
Amb_a_1.0304_12 vs. Amb_a_1.0401_12,0.5974088352859568,0.6293706293706295,80.0,12.0,80.0,102.0,80.0,101.0,88.88888888888889,54.0,0.902172,77.77777777777779,46.0,77.77777777777779,46.0,77.77777777777779,46.0,0.94,0.46,1.4,3,4,3,7924.8,1.5527950310559007
Amb_a_1.0304_12 vs. Amb_a_1.0501_12,0.857705526500536,0.7142857142857143,80.0,12.0,80.0,100.0,80.0,98.0,88.88888888888889,54.0,0.928146,88.88888888888889,54.0,88.88888888888889,54.0,88.88888888888889,54.0,0.2,0.46,0.26,3,3,3,7984.0,8.361204013377925
Amb_a_1.0304_14 vs. Amb_a_1.0401_14,-0.06494410025841606,0.04761904761904762,85.0,14.0,85.0,113.0,85.0,113.0,100.0,65.0,0.947679,77.77777777777779,43.0,77.77777777777779,43.0,77.77777777777779,43.0,0.8199999999999998,1.12,1.94,1,1,1,8430.300000000001,0.4602356406480118
Amb_a_1.0304_14 vs. Amb_a_1.0501_14,-0.43503525905450646,-0.8333333333333333,55.00000000000001,2.0,55.00000000000001,77.0,55.00000000000001,72.0,66.66666666666666,47.0,0.819279,0.0,-8.0,0.0,-8.0,0.0,-8.0,0.5099999999999998,1.12,1.63,1,1,0,5471.950000000001,0.5477651183172655
Amb_a_1.0304_15 vs. Amb_a_1.0401_15,0.08794134934079399,0.20000000000000004,80.0,12.0,80.0,102.0,80.0,102.0,100.0,54.0,0.964732,0.0,-6.0,0.0,-6.0,0.0,-6.0,1.2199999999999998,1.04,2.26,1,1,1,7902.4,0.4254594962559564
Amb_a_1.0304_15 vs. Amb_a_1.0501_15,-0.13688690342190304,0.18181818181818182,65.0,5.0,65.0,81.0,60.0,78.0,77.77777777777779,49.0,0.899526,0.0,1.0,66.66666666666666,34.0,0.0,1.0,0.8,1.04,0.24,1,1,0,6448.0,4.006410256410256
Amb_a_1.0304_16 vs. Amb_a_1.0401_16,0.20521625173012617,0.1647058823529412,85.0,14.0,85.0,120.0,85.0,117.0,100.0,69.0,0.941193,33.33333333333333,4.0,33.33333333333333,4.0,33.33333333333333,4.0,0.31999999999999995,0.82,0.5,2,3,0,8472.800000000001,2.4390243902439024
Amb_a_1.0304_16 vs. Amb_a_1.0501_16,0.22199471831537682,-0.09090909090909093,75.0,10.0,75.0,110.0,75.0,110.0,88.88888888888889,64.0,0.884537,66.66666666666666,44.0,66.66666666666666,44.0,66.66666666666666,44.0,0.89,0.82,1.71,2,1,1,7433.25,0.7131650263871059
Amb_a_1.0401_3 vs. Amb_a_1.0501_3,-0.11928408113667226,0.1258741258741259,70.0,6.0,70.0,92.0,60.0,85.0,88.88888888888889,56.0,0.902889,22.22222222222222,-1.0,66.66666666666666,44.0,77.77777777777779,48.0,2.45,2.74,0.29,1,2,1,6828.5,1.2584948401711553
Amb_a_1.0401_4 vs. Amb_a_1.0501_4,-0.38166828743380943,-0.3727272727272728,70.0,6.0,65.0,91.0,60.0,80.0,77.77777777777779,46.0,0.830440,55.55555555555556,30.0,55.55555555555556,30.0,55.55555555555556,30.0,0.89,0.11,1.0,6,3,2,6937.7,9.090909090909092
Amb_a_1.0401_5 vs. Amb_a_1.0501_5,0.12840279461289306,-0.31666666666666665,60.0,4.0,60.0,89.0,60.0,88.0,66.66666666666666,43.0,0.830406,55.55555555555556,37.0,55.55555555555556,37.0,55.55555555555556,37.0,0.3,0.36,0.06,3,5,3,5982.0,46.2962962962963
Amb_a_1.0401_6 vs. Amb_a_1.0501_6,0.9173079879662152,0.5735294117647058,70.0,8.0,70.0,104.0,70.0,104.0,88.88888888888889,61.0,0.922058,88.88888888888889,60.0,88.88888888888889,60.0,88.88888888888889,61.0,0.3500000000000001,1.16,1.51,4,4,4,6975.5,0.5709065996802923
Amb_a_1.0401_9 vs. Amb_a_1.0501_9,0.42668214781673125,0.10489510489510491,50.0,-2.0,50.0,59.0,40.0,36.0,55.55555555555556,24.0,0.811706,0.0,1.0,44.44444444444444,15.0,44.44444444444444,15.0,0.6399999999999999,0.7,0.06,3,5,1,4968.0,23.80952380952381
Amb_a_1.0401_11 vs. Amb_a_1.0501_11,0.7828196646020587,0.5428571428571429,70.0,8.0,70.0,97.0,70.0,98.0,88.88888888888889,53.0,0.869927,88.88888888888889,50.0,88.88888888888889,50.0,88.88888888888889,50.0,1.17,1.76,0.59,2,1,1,6918.099999999999,0.9630200308166411
Amb_a_1.0401_12 vs. Amb_a_1.0501_12,0.5670371684291574,0.3010989010989011,85.0,14.0,85.0,105.0,85.0,105.0,88.88888888888889,52.0,0.895123,77.77777777777779,46.0,77.77777777777779,46.0,77.77777777777779,46.0,1.14,1.4,0.26,4,3,3,8403.1,2.7472527472527473
Amb_a_1.0401_14 vs. Amb_a_1.0501_14,-0.08569427638023079,-0.18333333333333338,60.0,4.0,60.0,77.0,60.0,75.0,66.66666666666666,47.0,0.831801,0.0,-7.0,11.11111111111111,-1.0,0.0,-7.0,0.31000000000000005,1.94,1.63,1,1,0,5981.4,0.31623553222440076
Amb_a_1.0401_15 vs. Amb_a_1.0501_15,-0.5997588478292528,-0.7,70.0,7.0,70.0,81.0,65.0,79.0,77.77777777777779,50.0,0.905623,0.0,-12.0,0.0,-12.0,0.0,-12.0,2.0199999999999996,2.26,0.24,1,1,0,6858.6,1.8436578171091447
Amb_a_1.0401_16 vs. Amb_a_1.0501_16,0.8849111259955071,0.3107142857142856,85.0,14.0,85.0,123.0,85.0,123.0,88.88888888888889,64.0,0.910268,22.22222222222222,-1.0,11.11111111111111,2.0,22.22222222222222,-1.0,1.21,0.5,1.71,3,1,0,8397.15,1.1695906432748537
Amb_a_1.0401_17 vs. Amb_a_1.0501_17,0.3704112642772452,0.21318681318681318,60.0,4.0,60.0,96.0,60.0,96.0,88.88888888888889,62.0,0.867236,0.0,-10.0,11.11111111111111,-3.0,0.0,-10.0,0.81,1.98,2.79,1,1,0,5951.4,0.18102168639803048
Amb_a_11_2 vs. Amb_t_11_2,0.7804418452614382,0.8117647058823528,95.0,18.0,95.0,131.0,95.0,131.0,100.0,63.0,0.991534,100.0,63.0,100.0,63.0,100.0,63.0,0.0,1.45,1.45,1,1,1,9500.0,0.47562425683709875
Amb_a_8_1 vs. Amb_t_8.01_1,0.9655262043648525,0.9052631578947368,86.95652173913044,17.0,86.95652173913044,124.0,86.95652173913044,123.0,100.0,59.0,0.921727,66.66666666666666,36.0,66.66666666666666,36.0,66.66666666666666,36.0,0.8500000000000001,0.75,1.6,2,2,2,8621.739130434784,0.8333333333333333
Amb_a_8_1 vs. Amb_t_8.02_1,0.948117616519336,0.6036137775268211,82.6086956521739,15.0,82.6086956521739,123.0,82.6086956521739,122.0,100.0,59.0,0.920012,66.66666666666666,36.0,66.66666666666666,36.0,66.66666666666666,36.0,0.8500000000000001,0.75,1.6,2,2,2,8190.652173913043,0.8333333333333333
Amb_a_8_1 vs. Art_v_4.01_1,-0.2551033313054744,-0.0017543859649122807,78.26086956521739,13.0,78.26086956521739,114.0,78.26086956521739,114.0,88.88888888888889,53.0,0.920234,11.11111111111111,-9.0,66.66666666666666,38.0,77.77777777777779,44.0,0.95,0.75,1.7,2,2,2,7751.739130434782,0.7843137254901961
Amb_a_8_1 vs. Art_v_4.02_1,-0.33206917189237395,-0.08823529411764705,65.21739130434783,7.0,65.21739130434783,99.0,65.21739130434783,99.0,100.0,59.0,0.893393,11.11111111111111,-14.0,55.55555555555556,33.0,55.55555555555556,33.0,1.7000000000000002,0.75,2.45,2,2,2,6410.869565217391,0.5442176870748299
Amb_a_8_2 vs. Amb_t_8.01_2,0.9142369526113996,0.8538461538461539,81.81818181818183,14.0,81.81818181818183,119.0,81.81818181818183,118.0,100.0,60.0,0.945434,88.88888888888889,53.0,88.88888888888889,53.0,88.88888888888889,53.0,0.24000000000000002,0.02,0.26,5,4,4,8162.18181818182,192.3076923076923
Amb_a_8_2 vs. Amb_t_8.02_2,0.8981085734593469,0.8210180623973727,77.27272727272727,12.0,77.27272727272727,118.0,77.27272727272727,117.0,88.88888888888889,60.0,0.938266,77.77777777777779,52.0,77.77777777777779,52.0,77.77777777777779,52.0,0.08,0.02,0.1,5,4,4,7721.090909090909,500.0
Amb_a_8_2 vs. Art_v_4.01_2,0.6823309115385704,0.6023076923076923,77.27272727272727,12.0,77.27272727272727,116.0,77.27272727272727,117.0,88.88888888888889,61.0,0.933480,77.77777777777779,49.0,77.77777777777779,49.0,77.77777777777779,49.0,0.39999999999999997,0.02,0.42,5,3,3,7696.363636363635,119.04761904761905
Amb_a_8_3 vs. Amb_t_8.01_1,0.9583332200010094,0.8180451127819548,95.65217391304348,21.0,95.65217391304348,141.0,95.65217391304348,141.0,100.0,59.0,0.976639,88.88888888888889,54.0,88.88888888888889,54.0,100.0,59.0,0.9500000000000001,0.65,1.6,2,2,2,9474.347826086956,0.9615384615384615
Amb_a_8_3 vs. Amb_t_8.02_1,0.9459357327083556,0.7124505928853756,91.30434782608695,19.0,91.30434782608695,140.0,91.30434782608695,140.0,100.0,59.0,0.974263,88.88888888888889,54.0,88.88888888888889,54.0,100.0,59.0,0.9500000000000001,0.65,1.6,2,2,2,9043.695652173912,0.9615384615384615
Amb_a_8_3 vs. Art_v_4.01_1,-0.12578959782361854,-0.04231166150670795,78.26086956521739,13.0,78.26086956521739,114.0,78.26086956521739,114.0,88.88888888888889,53.0,0.915646,11.11111111111111,-4.0,66.66666666666666,38.0,77.77777777777779,44.0,1.0499999999999998,0.65,1.7,2,2,2,7743.913043478261,0.9049773755656109
Amb_a_8_3 vs. Art_v_4.02_1,-0.19948143482162883,-0.10294117647058824,65.21739130434783,7.0,65.21739130434783,98.0,65.21739130434783,97.0,88.88888888888889,54.0,0.881271,11.11111111111111,-9.0,55.55555555555556,31.0,66.66666666666666,36.0,1.8000000000000003,0.65,2.45,2,2,2,6404.347826086957,0.6279434850863421
Amb_a_8_4 vs. Amb_t_8.01_2,0.9753287787356981,0.6367521367521368,90.9090909090909,18.0,90.9090909090909,136.0,90.9090909090909,136.0,100.0,60.0,0.978748,88.88888888888889,53.0,88.88888888888889,53.0,88.88888888888889,53.0,0.24000000000000002,0.02,0.26,5,4,4,9069.09090909091,192.3076923076923
Amb_a_8_4 vs. Amb_t_8.02_2,0.7337671356919805,0.5049261083743841,86.36363636363636,16.0,86.36363636363636,135.0,86.36363636363636,135.0,100.0,60.0,0.970892,77.77777777777779,52.0,77.77777777777779,52.0,77.77777777777779,52.0,0.08,0.02,0.1,5,4,4,8629.454545454546,500.0
Amb_a_8_4 vs. Art_v_4.01_2,0.4347144757788879,0.152014652014652,77.27272727272727,12.0,77.27272727272727,116.0,77.27272727272727,117.0,88.88888888888889,61.0,0.932788,77.77777777777779,49.0,77.77777777777779,49.0,77.77777777777779,49.0,0.39999999999999997,0.02,0.42,5,3,3,7696.363636363635,119.04761904761905
Amb_a_4_1 vs. Amb_p_4_1,0.6261796325032661,0.5560439560439561,66.66666666666666,6.0,66.66666666666666,99.0,66.66666666666666,87.0,100.0,65.0,0.860870,88.88888888888889,59.0,88.88888888888889,59.0,88.88888888888889,59.0,0.2300000000000001,0.89,1.12,6,4,3,6651.333333333332,1.0032102728731942
Amb_a_4_2 vs. Art_v_1_2,-0.4016953836127072,-0.36428571428571427,85.0,14.0,85.0,121.0,85.0,121.0,88.88888888888889,59.0,0.920597,77.77777777777779,55.0,77.77777777777779,55.0,77.77777777777779,55.0,1.6799999999999997,2.55,0.87,1,5,1,8357.199999999999,0.450755014649538
Amb_a_4_3 vs. Art_v_1_3,0.06100214599968444,-0.2506493506493506,66.66666666666666,7.0,71.42857142857143,85.0,66.66666666666666,80.0,77.77777777777779,34.0,0.868025,11.11111111111111,1.0,55.55555555555556,30.0,11.11111111111111,1.0,1.77,3.37,1.6,1,1,0,6548.666666666666,0.18545994065281898
Amb_a_8_4 vs. Amb_t_8.03_1,0.8845676947291599,0.6141636141636141,81.81818181818183,14.0,81.81818181818183,121.0,81.81818181818183,120.0,100.0,67.0,0.963009,100.0,60.0,100.0,60.0,100.0,60.0,0.0,0.02,0.02,5,5,5,8181.818181818183,2500.0
Amb_a_8_3 vs. Amb_t_8.03_2,0.9106957016794003,0.6936274509803922,82.6086956521739,15.0,82.6086956521739,119.0,82.6086956521739,118.0,100.0,54.0,0.914584,55.55555555555556,31.0,55.55555555555556,31.0,66.66666666666666,36.0,0.09999999999999998,0.65,0.75,2,2,2,8252.608695652174,2.051282051282051
Amb_a_8_4 vs. Amb_p_8.01_1,0.8845676947291599,0.6141636141636141,81.81818181818183,14.0,81.81818181818183,121.0,81.81818181818183,120.0,100.0,67.0,0.963009,100.0,60.0,100.0,60.0,100.0,60.0,0.0,0.02,0.02,5,5,5,8181.818181818183,2500.0
Amb_a_8_3 vs. Amb_p_8.01_2,0.9106957016794003,0.6936274509803922,82.6086956521739,15.0,82.6086956521739,119.0,82.6086956521739,118.0,100.0,54.0,0.914584,55.55555555555556,31.0,55.55555555555556,31.0,66.66666666666666,36.0,0.09999999999999998,0.65,0.75,2,2,2,8252.608695652174,2.051282051282051
Amb_a_8_4 vs. Amb_p_8.02_1,0.9753287787356981,0.6367521367521368,90.9090909090909,18.0,90.9090909090909,136.0,90.9090909090909,136.0,100.0,60.0,0.978748,88.88888888888889,53.0,88.88888888888889,53.0,88.88888888888889,53.0,0.24000000000000002,0.02,0.26,5,4,4,9069.09090909091,192.3076923076923
Amb_a_8_3 vs. Amb_p_8.02_2,0.9583332200010094,0.8180451127819548,95.65217391304348,21.0,95.65217391304348,141.0,95.65217391304348,141.0,100.0,59.0,0.976639,88.88888888888889,54.0,88.88888888888889,54.0,100.0,59.0,0.9500000000000001,0.65,1.6,2,2,2,9474.347826086956,0.9615384615384615
Amb_a_8_2 vs. Amb_p_8.02_1,0.9142369526113996,0.8538461538461539,81.81818181818183,14.0,81.81818181818183,119.0,81.81818181818183,118.0,100.0,60.0,0.945434,88.88888888888889,53.0,88.88888888888889,53.0,88.88888888888889,53.0,0.24000000000000002,0.02,0.26,5,4,4,8162.18181818182,192.3076923076923
Amb_a_8_1 vs. Amb_p_8.02_2,0.9655262043648525,0.9052631578947368,86.95652173913044,17.0,86.95652173913044,124.0,86.95652173913044,123.0,100.0,59.0,0.921727,66.66666666666666,36.0,66.66666666666666,36.0,66.66666666666666,36.0,0.8500000000000001,0.75,1.6,2,2,2,8621.739130434784,0.8333333333333333
Amb_a_1.0401_18 vs. Amb_p_1.02_1,0.9003082670223821,0.7806324110671937,95.65217391304348,21.0,95.65217391304348,153.0,95.65217391304348,153.0,100.0,69.0,0.983990,100.0,62.0,100.0,62.0,100.0,62.0,0.0,2.01,2.01,2,2,2,9565.217391304348,0.24751862577658976
Amb_a_1.0201_17 vs. Amb_p_1.02_2,0.7809018589886614,0.6818181818181818,90.0,14.0,90.0,122.0,90.0,124.0,88.88888888888889,63.0,0.923058,88.88888888888889,55.0,88.88888888888889,55.0,88.88888888888889,55.0,0.19999999999999996,0.5,0.7,2,3,2,8982.0,2.857142857142857
Amb_a_1.0304_17 vs. Amb_p_1.02_3,0.1275777262230731,0.11470588235294117,90.47619047619048,17.0,90.47619047619048,125.0,90.47619047619048,125.0,100.0,60.0,0.965347,77.77777777777779,48.0,77.77777777777779,48.0,77.77777777777779,48.0,0.28,0.49,0.77,1,2,1,9022.285714285716,2.6504108136761197
Amb_a_1.0401_19 vs. Amb_p_1.02_4,0.035647093695666876,0.2823529411764706,60.0,1.0,60.0,75.0,60.0,78.0,77.77777777777779,42.0,0.857357,11.11111111111111,-2.0,11.11111111111111,-8.0,11.11111111111111,-2.0,1.06,1.96,3.02,2,1,0,5936.4,0.16894174888498448
Amb_a_1.0401_3 vs. Amb_p_1.02_5,0.07209129503218382,-0.03846153846153846,75.0,6.0,70.0,93.0,65.0,87.0,100.0,57.0,0.906151,77.77777777777779,49.0,77.77777777777779,46.0,77.77777777777779,49.0,2.52,2.74,0.22,1,4,1,7311.0,1.6589250165892504
Amb_a_1.0101_19 vs. Amb_p_1.02_5,-0.20261741951521375,0.11818181818181818,80.95238095238095,11.0,80.95238095238095,109.0,76.19047619047619,105.0,88.88888888888889,60.0,0.938331,88.88888888888889,59.0,88.88888888888889,59.0,88.88888888888889,59.0,0.13999999999999999,0.36,0.22,2,4,2,8083.9047619047615,12.626262626262626
Amb_a_1.0201_18 vs. Amb_p_1.02_6,0.6869073353671229,0.7622549019607844,90.47619047619048,17.0,90.47619047619048,134.0,90.47619047619048,133.0,100.0,64.0,0.950046,11.11111111111111,-17.0,11.11111111111111,4.0,77.77777777777779,53.0,0.6399999999999999,1.04,1.68,5,3,3,8989.714285714286,0.5723443223443223
Amb_a_1.0101_20 vs. Amb_p_1.02_6,0.33962945098075936,0.4456140350877193,85.71428571428571,15.0,85.71428571428571,128.0,85.71428571428571,126.0,88.88888888888889,60.0,0.922615,0.0,-20.0,0.0,5.0,77.77777777777779,50.0,1.41,0.27,1.68,4,3,2,8450.571428571428,2.204585537918871
Amb_a_1.0304_18 vs. Amb_p_1.02_7,0.9598338196207504,0.8308823529411766,90.9090909090909,18.0,90.9090909090909,133.0,90.9090909090909,133.0,100.0,64.0,0.955420,88.88888888888889,53.0,88.88888888888889,53.0,88.88888888888889,53.0,0.010000000000000009,0.15,0.16,4,3,3,9090.0,41.66666666666667
Amb_a_1.0304_6 vs. Amb_p_1.02_8,0.9425335648186646,0.6799999999999999,90.0,14.0,90.0,126.0,90.0,128.0,100.0,65.0,0.961988,100.0,63.0,100.0,63.0,100.0,64.0,0.79,1.34,0.55,4,5,4,8928.9,1.3568521031207597
Amb_a_1.0401_6 vs. Amb_p_1.02_8,0.9251354974550672,0.46086956521739125,90.0,14.0,90.0,117.0,90.0,119.0,100.0,65.0,0.952506,100.0,63.0,100.0,63.0,100.0,64.0,0.6099999999999999,1.16,0.55,4,5,4,8945.1,1.567398119122257
Amb_a_1.0501_6 vs. Amb_p_1.02_8,0.9287203702146217,0.6052173913043478,80.0,10.0,80.0,116.0,80.0,118.0,88.88888888888889,61.0,0.935312,88.88888888888889,60.0,88.88888888888889,60.0,88.88888888888889,61.0,0.96,1.51,0.55,4,5,4,7923.200000000001,1.2040939193257074
Amb_a_1.0101_21 vs. Amb_p_1.02_8,0.9251504836249639,0.4243478260869564,80.95238095238095,12.0,80.95238095238095,118.0,80.95238095238095,119.0,100.0,65.0,0.951221,100.0,63.0,100.0,63.0,100.0,64.0,0.050000000000000044,0.5,0.55,5,5,5,8091.190476190476,3.6363636363636362
Amb_a_1.0201_19 vs. Amb_p_1.02_8,0.9312122704340764,0.5846153846153846,86.36363636363636,16.0,86.36363636363636,129.0,86.36363636363636,128.0,100.0,65.0,0.961008,100.0,63.0,100.0,63.0,100.0,64.0,0.14000000000000007,0.41,0.55,5,5,5,8624.272727272726,4.434589800443459
Amb_a_1.0101_22 vs. Amb_p_1.02_10,0.9865597715265461,0.7176470588235294,77.27272727272727,11.0,77.27272727272727,108.0,72.72727272727273,105.0,100.0,59.0,0.907317,88.88888888888889,49.0,88.88888888888889,49.0,88.88888888888889,49.0,0.81,0.8,1.61,2,2,1,7664.681818181817,0.7763975155279502
Amb_a_1.0201_20 vs. Amb_p_1.02_10,0.9918465884798534,0.78796992481203,95.45454545454545,20.0,95.45454545454545,136.0,95.45454545454545,134.0,100.0,69.0,0.971207,100.0,60.0,100.0,60.0,100.0,60.0,0.0,1.61,1.61,2,2,1,9545.454545454546,0.3857875853555032
Amb_a_1.0304_19 vs. Amb_p_1.02_10,0.9883966545428559,0.6666666666666666,90.9090909090909,18.0,90.9090909090909,132.0,90.9090909090909,132.0,100.0,62.0,0.950429,88.88888888888889,53.0,88.88888888888889,53.0,88.88888888888889,53.0,1.1500000000000001,0.46,1.61,3,2,2,8986.363636363636,1.3502565487442613
Amb_a_1.0401_21 vs. Amb_p_1.02_10,0.9897963989863601,0.7230392156862746,80.95238095238095,10.0,80.95238095238095,103.0,76.19047619047619,91.0,100.0,59.0,0.896481,88.88888888888889,53.0,88.88888888888889,53.0,88.88888888888889,53.0,1.1300000000000001,0.48,1.61,2,2,1,8003.761904761905,1.2939958592132506
Amb_a_1.0401_22 vs. Amb_p_1.02_11,0.34487599240668027,0.6764705882352942,54.54545454545454,0.0,54.54545454545454,75.0,50.0,59.0,55.55555555555556,31.0,0.842338,0.0,1.0,22.22222222222222,4.0,55.55555555555556,28.0,0.5700000000000001,0.24,0.81,3,4,3,5423.454545454545,5.1440329218107
Amb_a_1.0501_11 vs. Amb_p_1.02_13,0.7461926548703158,0.6070016939582158,80.0,9.0,80.0,109.0,80.0,112.0,100.0,56.0,0.904615,88.88888888888889,50.0,88.88888888888889,50.0,88.88888888888889,50.0,0.22999999999999998,0.59,0.36,1,3,1,7981.599999999999,4.708097928436912
Amb_a_1.0101_23 vs. Amb_p_1.02_13,0.9512141297352081,0.8328627893845286,77.27272727272727,11.0,77.27272727272727,127.0,77.27272727272727,130.0,100.0,63.0,0.932534,11.11111111111111,-1.0,11.11111111111111,-1.0,66.66666666666666,52.0,0.040000000000000036,0.4,0.36,2,3,2,7724.181818181817,6.944444444444445
Amb_a_1.0201_21 vs. Amb_p_1.02_13,0.7524873764993082,0.7278373800112932,80.95238095238095,11.0,80.95238095238095,123.0,80.95238095238095,125.0,100.0,60.0,0.918679,88.88888888888889,50.0,88.88888888888889,50.0,88.88888888888889,50.0,0.29000000000000004,0.65,0.36,1,3,1,8071.761904761904,4.2735042735042725
Amb_a_1.0304_20 vs. Amb_p_1.02_13,0.4231489772234674,0.4421230942970074,95.23809523809523,17.0,95.23809523809523,134.0,95.23809523809523,136.0,100.0,66.0,0.960178,100.0,54.0,100.0,54.0,100.0,65.0,0.04999999999999999,0.41,0.36,2,3,2,9519.047619047618,6.775067750677507
Amb_a_1.0304_21 vs. Amb_p_1.02_14,0.5741234829393492,0.3709768492377189,90.9090909090909,18.0,90.9090909090909,130.0,90.9090909090909,130.0,100.0,61.0,0.963766,88.88888888888889,54.0,88.88888888888889,54.0,88.88888888888889,54.0,0.27,0.46,0.19,3,3,3,9066.363636363636,11.441647597254004
Amb_a_1.0201_22 vs. Amb_p_1.02_15,-0.24661003817200872,-0.28571428571428564,90.47619047619048,16.0,90.47619047619048,128.0,90.47619047619048,129.0,100.0,65.0,0.937179,77.77777777777779,46.0,77.77777777777779,46.0,77.77777777777779,46.0,1.33,1.52,2.85,1,1,0,8927.285714285716,0.23084025854108958
Amb_a_1.0304_22 vs. Amb_p_1.02_15,0.6299509426097143,0.4678571428571427,95.45454545454545,20.0,95.45454545454545,140.0,95.45454545454545,140.0,100.0,65.0,0.980547,88.88888888888889,52.0,88.88888888888889,52.0,88.88888888888889,52.0,1.1500000000000001,1.7,2.85,3,1,1,9435.681818181818,0.20639834881320948
Amb_a_1.0201_14 vs. Amb_p_1.02_16,0.6186781457615548,0.5049407114624506,90.0,15.0,90.0,115.0,90.0,116.0,100.0,65.0,0.949609,88.88888888888889,46.0,88.88888888888889,46.0,88.88888888888889,46.0,0.06000000000000005,1.98,1.92,1,1,1,8994.6,0.2630471380471381
Amb_a_1.0501_19 vs. Amb_p_1.02_17,0.1417742996310057,0.40877192982456134,57.14285714285714,2.0,57.14285714285714,75.0,57.14285714285714,75.0,77.77777777777779,46.0,0.881369,11.11111111111111,4.0,11.11111111111111,4.0,11.11111111111111,4.0,0.009999999999999981,0.24,0.23,1,1,0,5713.714285714285,18.115942028985508
Amb_a_1.0401_18 vs. Amb_p_1.05_1,0.4689517571801193,0.7292490118577075,82.6086956521739,15.0,82.6086956521739,140.0,82.6086956521739,140.0,88.88888888888889,64.0,0.925102,77.77777777777779,52.0,77.77777777777779,52.0,77.77777777777779,52.0,0.4299999999999997,2.01,1.58,2,1,1,8225.347826086956,0.31488128975376284
Amb_a_1.0201_17 vs. Amb_p_1.05_2,0.2650182079787072,0.20949432404540763,75.0,8.0,75.0,108.0,75.0,110.0,77.77777777777779,59.0,0.875616,55.55555555555556,42.0,55.55555555555556,42.0,66.66666666666666,42.0,2.29,0.5,2.79,2,2,1,7328.249999999999,0.7168458781362007
Amb_a_1.0401_19 vs. Amb_p_1.05_4,-0.17968181282169912,-0.35664335664335667,55.00000000000001,-1.0,55.00000000000001,72.0,55.00000000000001,75.0,66.66666666666666,41.0,0.855009,44.44444444444444,31.0,44.44444444444444,31.0,44.44444444444444,31.0,2.08,1.96,4.04,2,2,2,5385.6,0.12628813901798344
Amb_a_1.0401_3 vs. Amb_p_1.05_5,0.1317460013099797,-0.01764705882352941,75.0,5.0,70.0,93.0,60.0,85.0,88.88888888888889,56.0,0.897725,22.22222222222222,-1.0,66.66666666666666,44.0,77.77777777777779,48.0,2.45,2.74,0.29,1,2,1,7316.25,1.2584948401711553
Amb_a_1.0101_19 vs. Amb_p_1.05_5,0.046956141480774684,-0.06764705882352941,76.19047619047619,9.0,76.19047619047619,102.0,71.42857142857143,98.0,100.0,55.0,0.920513,11.11111111111111,-9.0,77.77777777777779,51.0,77.77777777777779,54.0,0.07,0.36,0.29,2,2,2,7613.714285714286,9.578544061302683
Amb_a_1.0101_20 vs. Amb_p_1.05_6,0.4087294803365702,0.08391608391608392,71.42857142857143,9.0,71.42857142857143,106.0,71.42857142857143,104.0,77.77777777777779,54.0,0.871663,66.66666666666666,37.0,66.66666666666666,37.0,66.66666666666666,47.0,0.73,0.27,1.0,4,3,2,7090.714285714285,3.7037037037037033
Amb_a_1.0201_18 vs. Amb_p_1.05_6,0.24974945389635902,0.19230769230769232,71.42857142857143,9.0,71.42857142857143,108.0,71.42857142857143,108.0,77.77777777777779,56.0,0.887652,55.55555555555556,38.0,55.55555555555556,38.0,66.66666666666666,50.0,0.040000000000000036,1.04,1.0,5,3,2,7140.0,0.9615384615384615
Amb_a_1.0304_23 vs. Amb_p_1.05_6,0.2769311647514576,0.4068627450980392,80.95238095238095,13.0,80.95238095238095,116.0,80.95238095238095,117.0,88.88888888888889,62.0,0.923482,0.0,-15.0,88.88888888888889,59.0,88.88888888888889,59.0,0.6799999999999999,1.68,1.0,3,3,2,8040.190476190475,0.5952380952380952
Amb_a_1.0304_18 vs. Amb_p_1.05_7,0.30534486862789084,0.3787409700722394,72.72727272727273,9.0,72.72727272727273,108.0,68.18181818181817,97.0,88.88888888888889,52.0,0.863346,77.77777777777779,44.0,77.77777777777779,44.0,77.77777777777779,44.0,0.09,0.15,0.06,4,5,4,7266.181818181819,111.11111111111113
Amb_a_1.0304_6 vs. Amb_p_1.05_8,0.978571378266219,0.6,85.0,12.0,85.0,118.0,85.0,120.0,88.88888888888889,60.0,0.934021,88.88888888888889,60.0,88.88888888888889,60.0,88.88888888888889,60.0,0.68,1.34,0.66,4,5,4,8442.199999999999,1.1307100859339665
Amb_a_1.0401_6 vs. Amb_p_1.05_8,0.9663161152527215,0.4964912280701754,65.0,4.0,65.0,99.0,65.0,101.0,88.88888888888889,60.0,0.898529,88.88888888888889,60.0,88.88888888888889,60.0,88.88888888888889,60.0,0.4999999999999999,1.16,0.66,4,5,4,6467.5,1.3061650992685476
Amb_a_1.0501_6 vs. Amb_p_1.05_8,0.9907901125761588,0.887719298245614,95.0,16.0,95.0,129.0,95.0,131.0,100.0,66.0,0.961235,100.0,63.0,100.0,63.0,100.0,63.0,0.85,1.51,0.66,4,5,4,9419.25,1.0034115994380897
Amb_a_1.0101_21 vs. Amb_p_1.05_8,0.9760825345306178,0.5789473684210525,76.19047619047619,10.0,76.19047619047619,110.0,76.19047619047619,111.0,88.88888888888889,60.0,0.919567,88.88888888888889,60.0,88.88888888888889,60.0,88.88888888888889,60.0,0.16000000000000003,0.5,0.66,5,5,5,7606.857142857143,3.0303030303030303
Amb_a_1.0201_19 vs. Amb_p_1.05_8,0.982086668785766,0.7063805759457934,68.18181818181817,7.0,68.18181818181817,110.0,63.63636363636363,105.0,88.88888888888889,60.0,0.907499,88.88888888888889,60.0,88.88888888888889,60.0,88.88888888888889,60.0,0.25000000000000006,0.41,0.66,5,5,5,6801.136363636363,3.695491500369549
Amb_a_1.0101_22 vs. Amb_p_1.05_10,0.9862595403343065,0.6348039215686275,77.27272727272727,10.0,77.27272727272727,103.0,63.63636363636363,95.0,100.0,59.0,0.907067,88.88888888888889,50.0,88.88888888888889,50.0,88.88888888888889,50.0,0.45000000000000007,0.8,0.35,2,3,2,7692.499999999999,3.5714285714285716
Amb_a_1.0201_20 vs. Amb_p_1.05_10,0.9859841865267809,0.6781954887218045,72.72727272727273,10.0,72.72727272727273,103.0,68.18181818181817,98.0,100.0,59.0,0.910376,88.88888888888889,51.0,88.88888888888889,51.0,88.88888888888889,51.0,1.2600000000000002,1.61,0.35,2,3,1,7181.090909090909,1.774622892635315
Amb_a_1.0304_19 vs. Amb_p_1.05_10,0.991218045148036,0.6245614035087719,72.72727272727273,10.0,72.72727272727273,104.0,68.18181818181817,100.0,100.0,61.0,0.921259,88.88888888888889,53.0,88.88888888888889,53.0,88.88888888888889,53.0,0.11000000000000004,0.46,0.35,3,3,2,7264.727272727273,6.211180124223603
Amb_a_1.0401_21 vs. Amb_p_1.05_10,0.994965955875304,0.7377450980392158,66.66666666666666,5.0,66.66666666666666,91.0,61.904761904761905,88.0,100.0,59.0,0.913744,88.88888888888889,53.0,88.88888888888889,53.0,88.88888888888889,53.0,0.13,0.48,0.35,2,3,2,6657.999999999999,5.9523809523809526
Amb_a_1.0401_22 vs. Amb_p_1.05_11,0.4418968434741405,0.10784313725490197,45.45454545454545,-5.0,45.45454545454545,59.0,22.727272727272727,37.0,55.55555555555556,36.0,0.839264,22.22222222222222,2.0,11.11111111111111,-8.0,33.33333333333333,9.0,0.12,0.24,0.12,3,4,1,4540.0,34.72222222222223
Amb_a_1.0501_11 vs. Amb_p_1.05_13,0.7816485654412823,0.7337662337662337,100.0,17.0,100.0,130.0,100.0,133.0,100.0,66.0,0.964151,100.0,54.0,100.0,54.0,100.0,54.0,0.0,0.59,0.59,1,1,1,10000.0,2.8727377190462517
Amb_a_1.0101_23 vs. Amb_p_1.05_13,0.8545773635931189,0.6160361377752683,90.9090909090909,16.0,90.9090909090909,137.0,86.36363636363636,135.0,100.0,63.0,0.939490,11.11111111111111,-2.0,11.11111111111111,-2.0,11.11111111111111,-2.0,0.18999999999999995,0.4,0.59,2,1,1,9073.636363636364,4.237288135593221
Amb_a_1.0201_21 vs. Amb_p_1.05_13,0.761497027823898,0.7425183512140034,76.19047619047619,9.0,76.19047619047619,111.0,76.19047619047619,112.0,88.88888888888889,53.0,0.880737,77.77777777777779,46.0,77.77777777777779,46.0,77.77777777777779,46.0,0.06000000000000005,0.65,0.59,1,1,1,7614.47619047619,2.607561929595828
Amb_a_1.0304_20 vs. Amb_p_1.05_13,0.4332640534181092,0.6036137775268211,76.19047619047619,9.0,76.19047619047619,113.0,76.19047619047619,115.0,88.88888888888889,53.0,0.902796,88.88888888888889,50.0,88.88888888888889,50.0,88.88888888888889,50.0,0.18,0.41,0.59,2,1,1,7605.333333333333,4.133939644481191
Amb_a_1.0304_21 vs. Amb_p_1.05_14,0.46125722614725895,0.45793337097684933,81.81818181818183,14.0,81.81818181818183,114.0,81.81818181818183,112.0,88.88888888888889,54.0,0.932818,88.88888888888889,54.0,88.88888888888889,54.0,88.88888888888889,54.0,0.2,0.46,0.26,3,3,3,8165.454545454546,8.361204013377925
Amb_a_1.0201_22 vs. Amb_p_1.05_15,0.02573505457243566,-0.028571428571428564,80.95238095238095,12.0,80.95238095238095,108.0,80.95238095238095,109.0,88.88888888888889,54.0,0.892077,0.0,-2.0,77.77777777777779,42.0,0.0,-2.0,2.12,1.52,3.64,1,1,0,7923.619047619047,0.1807403123192597
Amb_a_1.0304_22 vs. Amb_p_1.05_15,-0.08868879600237228,-0.049999999999999996,72.72727272727273,10.0,72.72727272727273,102.0,72.72727272727273,101.0,88.88888888888889,54.0,0.884102,0.0,-3.0,11.11111111111111,6.0,22.22222222222222,3.0,1.9400000000000002,1.7,3.64,3,1,1,7131.636363636365,0.16160310277957335
Amb_a_1.0201_14 vs. Amb_p_1.05_16,0.21248896242010168,0.4421052631578948,65.0,5.0,65.0,77.0,65.0,77.0,88.88888888888889,54.0,0.847060,11.11111111111111,0.0,11.11111111111111,0.0,11.11111111111111,0.0,0.45999999999999996,1.98,2.44,1,3,0,6470.1,0.2069879119059447
Amb_a_1.0401_19 vs. Amb_t_1.02_2,-0.30978184174139123,-0.406060606060606,90.0,13.0,90.0,105.0,90.0,108.0,88.88888888888889,56.0,0.936869,88.88888888888889,53.0,88.88888888888889,53.0,88.88888888888889,53.0,0.16000000000000014,1.96,2.12,2,2,2,8985.6,0.2406623026569118
Amb_a_1.0401_3 vs. Amb_t_1.02_3,0.2735060700919717,0.21678321678321683,90.0,14.0,90.0,115.0,90.0,114.0,100.0,62.0,0.970721,100.0,62.0,100.0,62.0,100.0,62.0,1.0900000000000003,2.74,1.65,1,2,1,8901.9,0.22119000221190002
Amb_a_1.0101_19 vs. Amb_t_1.02_3,-0.09666239089255525,0.28181818181818186,71.42857142857143,7.0,71.42857142857143,101.0,66.66666666666666,94.0,88.88888888888889,54.0,0.909115,88.88888888888889,54.0,88.88888888888889,54.0,88.88888888888889,54.0,1.29,0.36,1.65,2,2,2,7050.714285714285,1.6835016835016834
Amb_a_1.0101_20 vs. Amb_t_1.02_4,-0.3981561600453291,-0.23636363636363636,80.95238095238095,13.0,80.95238095238095,116.0,80.95238095238095,115.0,88.88888888888889,54.0,0.891534,0.0,-13.0,66.66666666666666,40.0,66.66666666666666,40.0,0.07,0.27,0.2,4,3,1,8089.571428571428,18.518518518518515
Amb_a_1.0201_18 vs. Amb_t_1.02_4,0.05805032452542733,0.2692307692307692,85.71428571428571,13.0,85.71428571428571,117.0,76.19047619047619,111.0,77.77777777777779,51.0,0.899855,11.11111111111111,-14.0,66.66666666666666,41.0,66.66666666666666,41.0,0.8400000000000001,1.04,0.2,5,3,2,8499.42857142857,4.8076923076923075
Amb_a_1.0304_23 vs. Amb_t_1.02_4,0.10411691385347709,0.46813725490196084,76.19047619047619,10.0,76.19047619047619,111.0,71.42857142857143,107.0,77.77777777777779,49.0,0.887191,11.11111111111111,-7.0,11.11111111111111,-12.0,55.55555555555556,37.0,1.48,1.68,0.2,3,3,2,7506.285714285714,2.9761904761904763
Amb_a_1.0304_18 vs. Amb_t_1.02_5,0.9414509033166415,0.8901098901098902,63.63636363636363,6.0,63.63636363636363,105.0,63.63636363636363,97.0,88.88888888888889,63.0,0.887521,88.88888888888889,63.0,88.88888888888889,63.0,88.88888888888889,63.0,0.03,0.15,0.12,4,4,4,6361.727272727272,55.555555555555564
Amb_a_1.0304_6 vs. Amb_t_1.02_6,0.987621244584455,0.6626086956521738,90.0,13.0,90.0,120.0,85.0,117.0,100.0,65.0,0.936801,100.0,63.0,100.0,63.0,100.0,64.0,0.9300000000000002,1.34,0.41,4,5,4,8916.3,1.820167455405897
Amb_a_1.0401_6 vs. Amb_t_1.02_6,0.987199319430453,0.6284584980237156,90.0,14.0,90.0,117.0,90.0,118.0,100.0,65.0,0.956185,100.0,63.0,100.0,63.0,100.0,64.0,0.75,1.16,0.41,4,5,4,8932.5,2.1026072329688814
Amb_a_1.0501_6 vs. Amb_t_1.02_6,0.9902640969266224,0.7717391304347826,80.0,9.0,80.0,110.0,75.0,107.0,88.88888888888889,61.0,0.909503,88.88888888888889,60.0,88.88888888888889,60.0,88.88888888888889,61.0,1.1,1.51,0.41,4,5,4,7912.0,1.6152479405588758
Amb_a_1.0101_21 vs. Amb_t_1.02_6,0.9896689111870965,0.6600790513833994,85.71428571428571,13.0,85.71428571428571,122.0,80.95238095238095,118.0,100.0,65.0,0.959290,100.0,63.0,100.0,63.0,100.0,64.0,0.09000000000000002,0.5,0.41,5,5,5,8563.714285714284,4.878048780487805
Amb_a_1.0201_19 vs. Amb_t_1.02_6,0.9904560314430487,0.7598814229249011,86.36363636363636,16.0,86.36363636363636,133.0,86.36363636363636,133.0,100.0,65.0,0.991132,100.0,63.0,100.0,63.0,100.0,64.0,0.0,0.41,0.41,5,5,5,8636.363636363636,5.94883997620464
Amb_a_1.0101_22 vs. Amb_t_1.02_8,0.9928383431756067,0.8039215686274511,77.27272727272727,11.0,77.27272727272727,107.0,72.72727272727273,102.0,100.0,59.0,0.906090,88.88888888888889,49.0,88.88888888888889,49.0,88.88888888888889,49.0,0.81,0.8,1.61,2,2,1,7664.681818181817,0.7763975155279502
Amb_a_1.0201_20 vs. Amb_t_1.02_8,0.9922944429509826,0.7012987012987012,95.45454545454545,20.0,95.45454545454545,136.0,95.45454545454545,135.0,100.0,69.0,0.972406,100.0,60.0,100.0,60.0,100.0,60.0,0.0,1.61,1.61,2,2,2,9545.454545454546,0.3857875853555032
Amb_a_1.0304_19 vs. Amb_t_1.02_8,0.9910529018110796,0.5909090909090908,90.9090909090909,18.0,90.9090909090909,130.0,90.9090909090909,130.0,100.0,62.0,0.947107,88.88888888888889,53.0,88.88888888888889,53.0,88.88888888888889,53.0,1.1500000000000001,0.46,1.61,3,2,1,8986.363636363636,1.3502565487442613
Amb_a_1.0401_21 vs. Amb_t_1.02_8,0.9953853617306345,0.7614035087719299,80.95238095238095,10.0,80.95238095238095,103.0,76.19047619047619,91.0,100.0,59.0,0.893725,88.88888888888889,53.0,88.88888888888889,53.0,88.88888888888889,53.0,1.1300000000000001,0.48,1.61,2,2,1,8003.761904761905,1.2939958592132506
Amb_a_1.0401_22 vs. Amb_t_1.02_9,0.22150291676331915,0.3651960784313726,45.45454545454545,-4.0,45.45454545454545,70.0,45.45454545454545,58.0,55.55555555555556,30.0,0.820438,11.11111111111111,4.0,22.22222222222222,3.0,44.44444444444444,27.0,0.32999999999999996,0.24,0.57,3,5,3,4530.454545454545,7.309941520467837
Amb_a_1.0501_11 vs. Amb_t_1.02_11,0.4958028527750691,0.5039525691699606,85.0,11.0,85.0,112.0,85.0,115.0,100.0,57.0,0.912616,0.0,-7.0,88.88888888888889,50.0,88.88888888888889,50.0,0.030000000000000027,0.59,0.62,1,3,1,8497.45,2.7337342810278846
Amb_a_1.0101_23 vs. Amb_t_1.02_11,0.4858332047357058,0.6778656126482214,86.36363636363636,15.0,86.36363636363636,136.0,86.36363636363636,139.0,100.0,71.0,0.956119,88.88888888888889,59.0,11.11111111111111,-2.0,88.88888888888889,59.0,0.21999999999999997,0.4,0.62,2,3,2,8617.363636363636,4.032258064516129
Amb_a_1.0201_21 vs. Amb_t_1.02_11,0.6131414504694787,0.6353754940711461,85.71428571428571,13.0,85.71428571428571,126.0,85.71428571428571,128.0,88.88888888888889,59.0,0.921457,0.0,-6.0,88.88888888888889,50.0,88.88888888888889,50.0,0.030000000000000027,0.65,0.62,1,3,1,8568.857142857141,2.4813895781637716
Amb_a_1.0304_20 vs. Amb_t_1.02_11,0.6381932771962288,0.5968379446640316,80.95238095238095,11.0,80.95238095238095,123.0,80.95238095238095,125.0,88.88888888888889,59.0,0.929385,0.0,-6.0,77.77777777777779,46.0,77.77777777777779,58.0,0.21000000000000002,0.41,0.62,2,3,2,8078.238095238095,3.933910306845004
Amb_a_1.0304_21 vs. Amb_t_1.02_12,0.4928055121924698,0.387012987012987,86.36363636363636,16.0,86.36363636363636,124.0,86.36363636363636,123.0,100.0,61.0,0.943796,77.77777777777779,50.0,77.77777777777779,50.0,77.77777777777779,50.0,0.020000000000000018,0.46,0.44,3,3,3,8634.636363636364,4.940711462450593
Amb_a_1.0201_14 vs. Amb_t_1.02_14,0.7639949040565397,0.49473684210526314,90.0,15.0,90.0,109.0,90.0,110.0,88.88888888888889,54.0,0.948769,88.88888888888889,46.0,88.88888888888889,46.0,88.88888888888889,46.0,0.2400000000000002,1.98,2.22,1,2,1,8978.4,0.2275002275002275
Amb_a_1.0501_19 vs. Amb_t_1.02_15,0.49951392440813236,0.5210526315789473,61.904761904761905,4.0,61.904761904761905,77.0,61.904761904761905,75.0,77.77777777777779,44.0,0.890272,11.11111111111111,4.0,11.11111111111111,4.0,11.11111111111111,4.0,0.030000000000000027,0.24,0.27,1,1,0,6188.619047619048,15.432098765432098
Amb_a_1.0401_18 vs. Amb_t_1.05_1,0.04237671831540135,0.45614035087719296,82.6086956521739,15.0,82.6086956521739,140.0,82.6086956521739,140.0,88.88888888888889,64.0,0.924691,77.77777777777779,52.0,77.77777777777779,52.0,77.77777777777779,52.0,0.4299999999999997,2.01,1.58,2,1,1,8225.347826086956,0.31488128975376284
Amb_a_1.0401_19 vs. Amb_t_1.05_4,-0.17968181282169912,-0.35664335664335667,55.00000000000001,-1.0,55.00000000000001,72.0,55.00000000000001,75.0,66.66666666666666,41.0,0.855009,44.44444444444444,31.0,44.44444444444444,31.0,44.44444444444444,31.0,2.08,1.96,4.04,2,2,2,5385.6,0.12628813901798344
Amb_a_1.0401_3 vs. Amb_t_1.05_5,0.07296013578114338,-0.04895104895104895,70.0,3.0,65.0,90.0,55.00000000000001,83.0,88.88888888888889,56.0,0.885376,66.66666666666666,46.0,66.66666666666666,46.0,66.66666666666666,46.0,2.4200000000000004,2.74,0.32,1,2,1,6830.599999999999,1.1405109489051095
Amb_a_1.0101_19 vs. Amb_t_1.05_5,-0.16365207909697377,0.11818181818181818,76.19047619047619,9.0,76.19047619047619,104.0,71.42857142857143,100.0,88.88888888888889,56.0,0.929070,77.77777777777779,56.0,77.77777777777779,56.0,77.77777777777779,56.0,0.03999999999999998,0.36,0.32,2,2,2,7615.999999999999,8.680555555555555
Amb_a_1.0101_20 vs. Amb_t_1.05_6,0.5675307542000528,0.30357142857142855,71.42857142857143,9.0,71.42857142857143,109.0,71.42857142857143,108.0,88.88888888888889,56.0,0.894809,77.77777777777779,45.0,77.77777777777779,45.0,77.77777777777779,47.0,1.15,0.27,1.42,4,3,2,7060.714285714285,2.608242044861763
Amb_a_1.0201_18 vs. Amb_t_1.05_6,0.2946374267753593,0.18214285714285713,66.66666666666666,7.0,66.66666666666666,109.0,66.66666666666666,109.0,77.77777777777779,58.0,0.902380,55.55555555555556,43.0,0.0,0.0,66.66666666666666,50.0,0.3799999999999999,1.04,1.42,5,3,2,6641.333333333333,0.6771397616468039
Amb_a_1.0304_23 vs. Amb_t_1.05_6,0.4298343011300306,0.45098039215686275,76.19047619047619,11.0,76.19047619047619,117.0,76.19047619047619,118.0,88.88888888888889,62.0,0.946459,0.0,-16.0,88.88888888888889,59.0,88.88888888888889,59.0,0.26,1.68,1.42,3,3,2,7599.2380952380945,0.41918175720992623
Amb_a_1.0304_18 vs. Amb_t_1.05_7,4.430554167308672e-06,0.2703296703296703,63.63636363636363,6.0,63.63636363636363,102.0,63.63636363636363,94.0,88.88888888888889,55.0,0.866672,66.66666666666666,38.0,66.66666666666666,38.0,66.66666666666666,38.0,1.27,0.15,1.42,4,2,1,6282.818181818182,4.694835680751174
Amb_a_1.0304_6 vs. Amb_t_1.05_8,0.9709235883639558,0.7401185770750989,80.0,10.0,80.0,110.0,80.0,112.0,88.88888888888889,55.0,0.891294,77.77777777777779,55.0,77.77777777777779,55.0,77.77777777777779,55.0,0.56,1.34,0.78,4,4,3,7955.2,0.9567546880979715
Amb_a_1.0401_6 vs. Amb_t_1.05_8,0.9612880111692479,0.6220779220779221,60.0,2.0,60.0,91.0,60.0,93.0,77.77777777777779,55.0,0.864730,77.77777777777779,55.0,77.77777777777779,55.0,77.77777777777779,55.0,0.3799999999999999,1.16,0.78,4,4,3,5977.200000000001,1.1052166224580018
Amb_a_1.0501_6 vs. Amb_t_1.05_8,0.9878521664156412,0.7413890457368719,90.0,14.0,90.0,121.0,90.0,123.0,100.0,66.0,0.916176,88.88888888888889,58.0,88.88888888888889,58.0,88.88888888888889,58.0,0.73,1.51,0.78,4,4,3,8934.3,0.8490405841399219
Amb_a_1.0101_21 vs. Amb_t_1.05_8,0.9728477356931092,0.5674760022586111,71.42857142857143,8.0,71.42857142857143,102.0,71.42857142857143,103.0,88.88888888888889,58.0,0.882168,77.77777777777779,55.0,77.77777777777779,55.0,77.77777777777779,55.0,0.28,0.5,0.78,5,4,4,7122.857142857143,2.564102564102564
Amb_a_1.0201_19 vs. Amb_t_1.05_8,0.9767161373923516,0.6383399209486166,63.63636363636363,5.0,63.63636363636363,102.0,59.09090909090909,97.0,88.88888888888889,58.0,0.873923,77.77777777777779,55.0,77.77777777777779,55.0,77.77777777777779,55.0,0.37000000000000005,0.41,0.78,5,4,4,6340.090909090908,3.1269543464665412
Amb_a_1.0101_22 vs. Amb_t_1.05_10,0.9367685210887088,0.6057791537667698,68.18181818181817,7.0,72.72727272727273,101.0,63.63636363636363,94.0,88.88888888888889,55.0,0.892267,77.77777777777779,46.0,77.77777777777779,46.0,77.77777777777779,46.0,0.31000000000000005,0.8,0.49,2,4,2,6797.045454545453,2.5510204081632653
Amb_a_1.0201_20 vs. Amb_t_1.05_10,0.9325469944019371,0.6058723884810843,72.72727272727273,10.0,72.72727272727273,109.0,72.72727272727273,109.0,88.88888888888889,55.0,0.909914,77.77777777777779,47.0,77.77777777777779,47.0,77.77777777777779,47.0,1.12,1.61,0.49,2,4,1,7191.272727272728,1.2675877804537963
Amb_a_1.0304_19 vs. Amb_t_1.05_10,0.9589172644686137,0.5654135338345864,72.72727272727273,9.0,72.72727272727273,110.0,68.18181818181817,103.0,88.88888888888889,57.0,0.911717,77.77777777777779,49.0,77.77777777777779,49.0,77.77777777777779,49.0,0.02999999999999997,0.46,0.49,3,4,3,7270.545454545455,4.436557231588288
Amb_a_1.0401_21 vs. Amb_t_1.05_10,0.9539014837718637,0.6421568627450981,66.66666666666666,5.0,66.66666666666666,93.0,57.14285714285714,82.0,88.88888888888889,55.0,0.893256,77.77777777777779,49.0,77.77777777777779,49.0,77.77777777777779,49.0,0.010000000000000009,0.48,0.49,2,4,2,6665.999999999999,4.251700680272109
Amb_a_1.0401_22 vs. Amb_t_1.05_11,0.1596926336470784,0.39010989010989006,45.45454545454545,-4.0,45.45454545454545,62.0,36.36363636363637,39.0,44.44444444444444,25.0,0.824412,0.0,0.0,0.0,0.0,33.33333333333333,12.0,0.22999999999999998,0.24,0.01,3,5,2,4535.0,416.6666666666667
Amb_a_1.0501_11 vs. Amb_t_1.05_13,0.622356422692573,0.6030075187969924,90.0,13.0,90.0,125.0,90.0,128.0,88.88888888888889,62.0,0.941863,77.77777777777779,49.0,77.77777777777779,49.0,77.77777777777779,49.0,0.16999999999999998,0.59,0.42,1,1,1,8984.7,4.035512510088782
Amb_a_1.0101_23 vs. Amb_t_1.05_13,0.9019575644141282,0.8766917293233082,77.27272727272727,10.0,77.27272727272727,125.0,72.72727272727273,124.0,88.88888888888889,58.0,0.917884,22.22222222222222,0.0,22.22222222222222,0.0,22.22222222222222,0.0,0.019999999999999962,0.4,0.42,2,1,1,7725.727272727272,5.9523809523809526
Amb_a_1.0201_21 vs. Amb_t_1.05_13,0.6675923393894958,0.7428571428571429,76.19047619047619,9.0,76.19047619047619,114.0,76.19047619047619,115.0,88.88888888888889,56.0,0.889463,77.77777777777779,49.0,77.77777777777779,49.0,77.77777777777779,49.0,0.23000000000000004,0.65,0.42,1,1,1,7601.523809523809,3.6630036630036624
Amb_a_1.0304_20 vs. Amb_t_1.05_13,0.420975101822387,0.4688311688311688,76.19047619047619,9.0,76.19047619047619,116.0,76.19047619047619,118.0,88.88888888888889,56.0,0.907481,88.88888888888889,53.0,88.88888888888889,53.0,88.88888888888889,53.0,0.010000000000000009,0.41,0.42,2,1,1,7618.285714285714,5.807200929152149
Amb_a_1.0304_21 vs. Amb_t_1.05_14,0.0816284965328767,0.09924812030075188,77.27272727272727,12.0,77.27272727272727,113.0,77.27272727272727,111.0,88.88888888888889,54.0,0.928906,88.88888888888889,54.0,88.88888888888889,54.0,88.88888888888889,54.0,0.24000000000000002,0.46,0.22,3,3,3,7708.727272727272,9.881422924901186
Amb_a_1.0201_22 vs. Amb_t_1.05_15,0.246111344330183,0.08241758241758242,80.95238095238095,12.0,80.95238095238095,108.0,80.95238095238095,109.0,88.88888888888889,54.0,0.893426,0.0,-2.0,77.77777777777779,42.0,0.0,-2.0,2.12,1.52,3.64,1,1,0,7923.619047619047,0.1807403123192597
Amb_a_1.0304_22 vs. Amb_t_1.05_15,-0.13098693518573465,-0.1868131868131868,72.72727272727273,10.0,72.72727272727273,103.0,72.72727272727273,101.0,88.88888888888889,54.0,0.886233,0.0,-3.0,66.66666666666666,34.0,22.22222222222222,3.0,1.9400000000000002,1.7,3.64,3,1,1,7131.636363636365,0.16160310277957335
Amb_a_1.0201_14 vs. Amb_t_1.05_16,0.7221349677767305,0.48729531338226995,70.0,7.0,70.0,84.0,70.0,83.0,88.88888888888889,54.0,0.863409,11.11111111111111,1.0,11.11111111111111,1.0,11.11111111111111,1.0,0.2400000000000002,1.98,2.22,1,2,0,6983.200000000001,0.2275002275002275
Amb_a_1.0501_19 vs. Amb_t_1.05_17,0.7080095294313781,0.65,90.47619047619048,16.0,90.47619047619048,122.0,90.47619047619048,123.0,100.0,59.0,0.980619,100.0,52.0,100.0,52.0,100.0,52.0,0.0,0.24,0.24,1,1,1,9047.619047619048,17.361111111111114
Amb_a_1.0401_18 vs. Art_v_6_1,-0.021989455943343325,0.374025974025974,65.21739130434783,7.0,65.21739130434783,113.0,65.21739130434783,112.0,77.77777777777779,60.0,0.863562,0.0,-11.0,0.0,-17.0,0.0,-11.0,1.19,2.01,0.82,2,2,0,6444.130434782609,0.6067224851352991
Amb_a_1.0201_17 vs. Art_v_6_2,0.2929530368912756,0.16140350877192983,70.0,6.0,70.0,100.0,70.0,102.0,77.77777777777779,59.0,0.872981,66.66666666666666,41.0,66.66666666666666,41.0,66.66666666666666,41.0,0.030000000000000027,0.5,0.53,2,3,2,6997.9,3.773584905660377
Amb_a_1.0401_19 vs. Art_v_6_4,-0.014956901200228386,0.37762237762237766,55.00000000000001,-1.0,55.00000000000001,67.0,55.00000000000001,70.0,66.66666666666666,40.0,0.845677,11.11111111111111,-9.0,11.11111111111111,-9.0,11.11111111111111,-9.0,1.08,1.96,3.04,2,2,2,5440.6,0.16783029001074115
Amb_a_1.0401_3 vs. Art_v_6_5,0.0792871687595147,0.21678321678321683,70.0,5.0,70.0,91.0,65.0,85.0,77.77777777777779,50.0,0.886405,77.77777777777779,48.0,77.77777777777779,48.0,77.77777777777779,48.0,0.7300000000000004,2.74,2.01,1,3,1,6948.9,0.18157388241275377
Amb_a_1.0101_19 vs. Art_v_6_5,-0.08210782788150414,0.20909090909090913,66.66666666666666,5.0,66.66666666666666,96.0,61.904761904761905,93.0,88.88888888888889,53.0,0.902804,77.77777777777779,53.0,77.77777777777779,53.0,77.77777777777779,53.0,1.65,0.36,2.01,2,3,2,6556.666666666665,1.3819789939192926
Amb_a_1.0101_20 vs. Art_v_6_6,0.23753621610492928,0.5535714285714285,61.904761904761905,5.0,61.904761904761905,100.0,61.904761904761905,100.0,66.66666666666666,53.0,0.862414,55.55555555555556,37.0,55.55555555555556,37.0,55.55555555555556,42.0,0.05000000000000002,0.27,0.22,4,3,2,6187.380952380952,16.835016835016834
Amb_a_1.0201_18 vs. Art_v_6_6,0.059273128397503864,0.4970588235294117,71.42857142857143,9.0,71.42857142857143,106.0,71.42857142857143,106.0,88.88888888888889,57.0,0.896006,66.66666666666666,40.0,66.66666666666666,40.0,77.77777777777779,48.0,0.8200000000000001,1.04,0.22,5,3,3,7084.285714285715,4.370629370629371
Amb_a_1.0304_23 vs. Art_v_6_6,-0.051395406708459865,0.35784313725490197,66.66666666666666,7.0,66.66666666666666,102.0,66.66666666666666,102.0,77.77777777777779,56.0,0.882771,11.11111111111111,-13.0,66.66666666666666,44.0,66.66666666666666,44.0,1.46,1.68,0.22,3,3,3,6569.333333333333,2.705627705627706
Amb_a_1.0304_18 vs. Art_v_6_7,0.8235515504560451,0.22637362637362637,50.0,0.0,50.0,72.0,50.0,69.0,66.66666666666666,38.0,0.816202,44.44444444444444,25.0,44.44444444444444,25.0,44.44444444444444,25.0,1.4400000000000002,0.15,1.59,4,5,2,4928.0,4.1928721174004195
Amb_a_1.0304_6 vs. Art_v_6_8,0.969879109912952,0.6586466165413534,70.0,6.0,70.0,101.0,70.0,101.0,88.88888888888889,60.0,0.861151,88.88888888888889,60.0,88.88888888888889,60.0,88.88888888888889,60.0,1.01,1.34,0.33,4,4,3,6929.299999999999,2.261420171867933
Amb_a_1.0401_6 vs. Art_v_6_8,0.9666033462005114,0.7857142857142856,70.0,6.0,70.0,97.0,70.0,98.0,88.88888888888889,60.0,0.870536,88.88888888888889,60.0,88.88888888888889,60.0,88.88888888888889,60.0,0.8299999999999998,1.16,0.33,4,4,3,6941.900000000001,2.6123301985370952
Amb_a_1.0501_6 vs. Art_v_6_8,0.9860842882631871,0.7083333333333334,75.0,8.0,75.0,102.0,75.0,101.0,100.0,63.0,0.869744,100.0,63.0,100.0,63.0,100.0,63.0,1.18,1.51,0.33,4,4,3,7411.499999999999,2.0068231988761793
Amb_a_1.0101_21 vs. Art_v_6_8,0.9799664931819543,0.6738906088751291,66.66666666666666,6.0,66.66666666666666,102.0,66.66666666666666,102.0,88.88888888888889,60.0,0.877931,88.88888888888889,60.0,88.88888888888889,60.0,88.88888888888889,60.0,0.16999999999999998,0.5,0.33,5,4,4,6655.333333333332,6.0606060606060606
Amb_a_1.0201_19 vs. Art_v_6_8,0.9752296143788559,0.7140350877192982,68.18181818181817,8.0,68.18181818181817,111.0,68.18181818181817,111.0,88.88888888888889,60.0,0.888917,88.88888888888889,60.0,88.88888888888889,60.0,88.88888888888889,60.0,0.07999999999999996,0.41,0.33,5,4,4,6812.727272727272,7.390983000739098
Amb_a_1.0101_22 vs. Art_v_6_10,0.9739464417398689,0.6719298245614035,77.27272727272727,11.0,77.27272727272727,107.0,72.72727272727273,103.0,100.0,59.0,0.895631,88.88888888888889,51.0,88.88888888888889,51.0,88.88888888888889,51.0,0.53,0.8,1.33,2,2,2,7686.318181818181,0.9398496240601504
Amb_a_1.0201_20 vs. Art_v_6_10,0.9744715794212992,0.5978260869565217,77.27272727272727,11.0,77.27272727272727,111.0,72.72727272727273,107.0,100.0,59.0,0.884144,88.88888888888889,51.0,88.88888888888889,51.0,88.88888888888889,51.0,0.28,1.61,1.33,2,2,1,7705.636363636363,0.46700602437771443
Amb_a_1.0304_19 vs. Art_v_6_10,0.9762256646899272,0.49870129870129876,77.27272727272727,11.0,77.27272727272727,111.0,72.72727272727273,107.0,100.0,59.0,0.891378,88.88888888888889,49.0,88.88888888888889,49.0,88.88888888888889,49.0,0.8700000000000001,0.46,1.33,3,2,2,7660.045454545453,1.6345210853220005
Amb_a_1.0401_21 vs. Art_v_6_10,0.9776794752907277,0.5166572557876906,76.19047619047619,9.0,76.19047619047619,100.0,71.42857142857143,82.0,100.0,59.0,0.869130,88.88888888888889,49.0,88.88888888888889,49.0,88.88888888888889,49.0,0.8500000000000001,0.48,1.33,2,2,2,7554.285714285715,1.5664160401002507
Amb_a_1.0401_10 vs. Art_v_6_12,0.5258344744849571,0.23632610939112486,50.0,-5.0,50.0,74.0,40.0,57.0,55.55555555555556,51.0,0.800458,11.11111111111111,-7.0,11.11111111111111,-7.0,11.11111111111111,-4.0,2.05,3.5,1.45,1,4,1,4897.5,0.19704433497536947
Amb_a_1.0501_11 vs. Art_v_6_13,0.6093218290552351,0.5820158102766798,80.0,9.0,80.0,111.0,80.0,114.0,100.0,56.0,0.909136,88.88888888888889,50.0,88.88888888888889,50.0,88.88888888888889,50.0,0.24999999999999994,0.59,0.34,1,1,1,7980.0,4.985044865403789
Amb_a_1.0101_23 vs. Art_v_6_13,0.7674545000623706,0.7845849802371542,81.81818181818183,13.0,81.81818181818183,131.0,81.81818181818183,134.0,100.0,66.0,0.932776,11.11111111111111,-1.0,11.11111111111111,-1.0,11.11111111111111,-1.0,0.06,0.4,0.34,2,1,1,8176.909090909092,7.352941176470588
Amb_a_1.0201_21 vs. Art_v_6_13,0.678529101537999,0.7978543195934501,76.19047619047619,9.0,76.19047619047619,117.0,76.19047619047619,119.0,100.0,57.0,0.905990,88.88888888888889,50.0,88.88888888888889,50.0,88.88888888888889,50.0,0.31,0.65,0.34,1,1,1,7595.428571428572,4.524886877828053
Amb_a_1.0304_20 vs. Art_v_6_13,0.5661523389572705,0.5076228119706382,90.47619047619048,15.0,90.47619047619048,128.0,90.47619047619048,130.0,100.0,60.0,0.944682,100.0,54.0,100.0,54.0,100.0,54.0,0.06999999999999995,0.41,0.34,2,1,1,9041.285714285716,7.173601147776183
Amb_a_1.0304_21 vs. Art_v_6_14,0.4072261253337562,0.4526315789473684,77.27272727272727,11.0,77.27272727272727,104.0,72.72727272727273,101.0,88.88888888888889,54.0,0.892008,77.77777777777779,45.0,77.77777777777779,45.0,77.77777777777779,45.0,2.45,0.46,2.91,3,1,1,7537.954545454545,0.7470491558344539
Amb_a_1.0201_22 vs. Art_v_6_15,0.09318380571871776,0.23609022556390977,76.19047619047619,10.0,76.19047619047619,109.0,76.19047619047619,108.0,88.88888888888889,53.0,0.880718,66.66666666666666,41.0,66.66666666666666,41.0,66.66666666666666,41.0,0.08000000000000007,1.52,1.6,1,1,1,7612.952380952381,0.4111842105263158
Amb_a_1.0304_22 vs. Art_v_6_15,0.5429313490384723,0.24285714285714283,68.18181818181817,7.0,68.18181818181817,98.0,63.63636363636363,93.0,77.77777777777779,51.0,0.849562,44.44444444444444,26.0,22.22222222222222,14.0,44.44444444444444,26.0,0.09999999999999987,1.7,1.6,3,1,0,6811.363636363636,0.36764705882352944
