            A        R        N        D        C        Q        E        G        H        I        L        K        M        F        P        S        T        W        Y        V
 1 A   0.0154  -0.0191  -0.0075  -0.0196  -0.0294   0.0047   0.0049  -0.0401  -0.0026   0.0025   0.0031   0.0163  -0.0055  -0.0139  -0.0319   0.0285   0.0183  -0.0268  -0.0145   0.0027
 2 A   -0.019  -0.0123  -0.0141  -0.0225  -0.0194   0.0218  -0.0142  -0.0521  -0.0097  -0.0485  -0.0001  -0.0562   -0.045   0.0919  -0.0397  -0.0064   -0.009   0.0183   0.1537  -0.0311
 3 A   0.0305  -0.0084  -0.0217  -0.0341  -0.0007   0.0072  -0.0172  -0.0173  -0.0096   0.0305   0.0089  -0.0316  -0.0084   -0.028   0.0058   0.0079  -0.0386  -0.0453  -0.0331   0.0263
 4 A  -0.0075   -0.007   0.0121   0.0371  -0.0162  -0.0174    0.001  -0.0513  -0.0077  -0.0184   0.0275   0.0036  -0.0272   0.0376   0.0165   0.0093  -0.0133  -0.0084  -0.0101   0.0109
 5 A  -0.0013  -0.0153     0.02  -0.0415  -0.0002  -0.0039   0.0063  -0.0159   0.0003   0.0013  -0.0014  -0.0373  -0.0306   0.0105  -0.0125   -0.003  -0.0001  -0.0064  -0.0052   0.0168
 6 A  -0.0006   0.0071   0.0066   -0.005  -0.0433  -0.0278   0.0002  -0.0015  -0.0082   0.0096   0.0199  -0.0145  -0.0039   0.0006  -0.0353  -0.0102  -0.0046  -0.0103  -0.0007   0.0104
 7 A  -0.0131   0.0007   0.0414   0.0217   -0.012   0.0141  -0.0207  -0.0383  -0.0428  -0.0021   -0.003   0.0018  -0.0409   0.0594   0.0163   0.0177   0.0102  -0.0237   0.0089   0.0108
 8 A   -0.041  -0.0133   0.0086  -0.0132  -0.0214   -0.023   0.0169   0.0248  -0.0168  -0.0421    0.036   -0.003  -0.0168   0.0323   0.0096   0.0079   0.0247  -0.0095   0.0057   0.0129
 9 A  -0.0148  -0.0483  -0.0202   0.0037  -0.0303  -0.0273  -0.0292  -0.0312  -0.0195   0.0896   0.0866   0.0238   0.0036   0.0636  -0.0176  -0.0197   0.0082  -0.0095   0.0019  -0.0196
