            A        R        N        D        C        Q        E        G        H        I        L        K        M        F        P        S        T        W        Y        V
 1 A   0.0206   0.0059  -0.0048  -0.0073  -0.0292  -0.0288   0.0299   -0.005    0.007   0.0229    0.005  -0.0054   0.0066   0.0191  -0.0378  -0.0198  -0.0148  -0.0153   0.0106  -0.0059
 2 A   0.0202  -0.0021  -0.0339  -0.0321  -0.0265  -0.0074  -0.0068  -0.0644  -0.0059   0.0151   0.0511  -0.0432  -0.0127   0.0089   0.0249   0.0016   0.0551  -0.0344  -0.0167   0.0508
 3 A   0.0182  -0.0169  -0.0226    0.044   0.0021  -0.0052  -0.0031  -0.0051   0.0241   0.0127   0.0244  -0.0197  -0.0033   0.0253   0.0146   0.0065  -0.0189  -0.0287  -0.0246   0.0223
 4 A   0.0143  -0.0016  -0.0071   0.0134  -0.0501  -0.0318   0.0347   0.0129  -0.0246  -0.0166  -0.0011  -0.0451   -0.034   0.0101    0.014   -0.004  -0.0334   0.0066  -0.0215  -0.0096
 5 A   0.0202  -0.0079  -0.0113  -0.0072  -0.0328  -0.0223  -0.0174   0.0072  -0.0053   -0.008   0.0043  -0.0538  -0.0304   0.0257   0.0143  -0.0049   0.0048  -0.0076  -0.0038  -0.0066
 6 A   0.0043  -0.0052  -0.0042  -0.0091  -0.0397  -0.0219  -0.0246   0.0027  -0.0195   0.0122   -0.017  -0.0142   0.0017   0.0043  -0.0203   0.0102   0.0076  -0.0206  -0.0171   -0.012
 7 A   0.0005  -0.0017  -0.0069   0.0035   -0.028   0.0288   0.0059  -0.0242  -0.0136   0.0119   -0.014   -0.012  -0.0117   0.0126   0.0011   0.0002   0.0071  -0.0169   -0.018   0.0253
 8 A   0.0018  -0.0055  -0.0123  -0.0164  -0.0421  -0.0054  -0.0015   0.0483  -0.0401  -0.0351   0.0129  -0.0258  -0.0064   0.0156   0.0113   0.0034   0.0229  -0.0144  -0.0066  -0.0041
 9 A   -0.012  -0.0277  -0.0412  -0.0189  -0.0231  -0.0209  -0.0266  -0.0348  -0.0328   0.0386   0.0897   0.0285  -0.0029   0.0313  -0.0323  -0.0186  -0.0006   0.0076   0.0343   0.0853
