            A        R        N        D        C        Q        E        G        H        I        L        K        M        F        P        S        T        W        Y        V
 1 A  -0.1817   -0.031  -0.0633  -0.1653  -0.0405  -0.0969   0.0325  -0.0362   0.1932   0.1069  -0.1507  -0.2486  -0.0287   0.0463  -0.1978  -0.0551  -0.0684   0.0028  -0.1403  -0.2022
 2 A  -0.1162   0.2511   0.0917   -0.169   -0.071  -0.0708   0.1574  -0.0457  -0.0315  -0.0646  -0.0181  -0.2278  -0.0994     0.09  -0.1069  -0.0714    0.019  -0.0082  -0.1218   0.0534
 3 A   0.2419  -0.0573   0.1369    0.045  -0.0027  -0.0715  -0.0619    0.074    0.266   0.0867  -0.2394   -0.123   0.0825   0.2069  -0.0414   -0.027   0.0403  -0.0468    0.003   0.1559
 4 A  -0.0716   -0.027  -0.0863   0.1653  -0.1436  -0.0955   0.0094  -0.2414   0.0042  -0.0242   0.0102   0.0862  -0.1941   0.1496  -0.0506  -0.0613   0.0026  -0.0084  -0.0032  -0.0584
 5 A   0.0978   0.0352   0.1472   0.0727  -0.0013   0.1198   0.0438  -0.0066   0.0713  -0.0604  -0.0756   -0.067   0.0617   0.2905   0.0922  -0.0737  -0.1722   -0.072   0.1037  -0.0552
 6 A   0.1219  -0.1028   0.0271   0.1731  -0.0337  -0.0076   0.0351   0.1385   0.0449   0.0678  -0.0868   0.1275  -0.0625   0.1086  -0.0886   0.0939    0.129   0.0636   0.1075    0.102
 7 A  -0.2622  -0.1452  -0.1264  -0.0397  -0.0388  -0.0269   0.1073  -0.1323  -0.1075   0.1275   0.0094  -0.0381   0.0525  -0.0647  -0.0307   -0.112  -0.1316  -0.0547  -0.0202   0.0257
 8 A  -0.2751  -0.1909  -0.0218   0.0614  -0.0231   0.1079   0.0456    0.293  -0.0816  -0.2902   0.1384  -0.0423  -0.1526   0.0918   0.1696   0.0116   0.0664   0.1117  -0.0005   0.1922
 9 A   0.0574  -0.1116    0.061   0.0263   0.0313  -0.0949  -0.0311  -0.1217   0.0424  -0.0316  -0.0251   0.3243   0.2084   0.0708  -0.0531  -0.0605   0.1099  -0.1596   0.2721   -0.058
