TESTRUNID EPOCH: 21 L_PCC: 0.8042516619953813 L_ERR: 0.012072597774284504 T_PCC: 0.7333325657706407 T_ERR: 0.016021078865862248
180 LAYER: 1
3 LAYER: 2
1 LAYER: 3
21 :ILEARN
0.16057326118987028	0.30956052424211217	0.1214297727771496	0.12881287984904913	0.10433102433808632	
0.0915799570681521	-0.09516930949504918	-0.2184761092601981	-0.15154616760586753	-0.05067581274271084	
-0.2490356459413375	-0.126165615706527	-0.08474886434999741	0.005960142179394592	-0.16462208273985696	
0.052556498245434784	-0.06255634887047001	0.005820794989079881	-0.11711426339413085	-0.22990164897633192	
-0.04797148498445526	0.2404225106036169	0.1452748054663997	0.1638488607195439	0.04093198954984656	
-0.09432345021486127	-0.16477097284075257	-0.13306697768340606	-0.04317484010827325	0.09083656502405701	
-0.24748688442584332	-0.24048694630400302	-0.08186115116823432	0.1732431539558	0.22623435359655478	
0.13812903579202898	-0.20662311933015926	-0.36624243543815765	-0.3988183364435603	-0.1505913417456251	
-0.18505344760787182	-0.17466318380292306	0.08246626659796923	0.23057132674075528	0.07012309969571617	
0.04172604033901248	0.08234696154858112	-0.044180709020408465	-0.07586644657332288	-0.16269363375194815	
-0.16424179395160246	-0.15646476027880565	-0.3745615030134137	-0.24817505953671656	-0.08180729428966682	
-0.21920861491304358	-0.04762127845945822	-0.041010441710179826	0.15891676847181352	0.14876982186103177	
-0.30232407938607386	-0.4877412515208917	-0.3163477953423972	0.21597536269434658	0.29765591378760314	
0.3163291064306706	0.1098479245144815	0.12840851690952615	0.17953817400632122	0.07526287058718555	
0.21136276025767892	0.0019962956432307962	-0.0913937794557455	-0.08047427765623244	-0.09354089723880987	
-0.025027100065006344	0.16845605767435226	0.022621495549953317	0.08293336086250157	0.10366881867120782	
0.10543990685319972	-0.04985475511718486	-0.0810318214715826	-0.14737508790909856	0.04283126351565227	
0.2018045541641461	0.0867334693254103	0.10834045386006969	-0.03678115370041909	0.021446754713343497	
0.04238583871487562	0.16496392796639764	0.12404022482017729	0.12748824435245357	0.2003541179909479	
0.10183955175545971	0.08750547628834002	-0.09450873836165181	-0.12050758292988989	0.07828657984745843	
-0.08345320653900652	0.03565274299742257	-0.3658233845665536	-0.5435966354979612	-0.437305551704626	
-0.01783924939925418	-0.19299765353566356	0.004798503831926119	0.1405701457632928	0.26939693703003376	
0.06701718519421969	-0.05395577383836337	0.020397644457480168	0.02383017262821693	-0.031069966010615097	
0.054388912778782224	0.09007298736731861	0.08963864945622788	-0.043368728191388387	-0.10010066934915421	
-0.19123401236366605	-0.2540096076404606	-0.21435536577109918	0.014545783021814338	0.181973374363216	
0.1190003787425065	0.0024057678845805387	-0.026409797367854936	-0.11994425540650654	-0.05319931751819872	
-0.14490855996791369	0.029497788874471336	0.024988939224835586	-0.09808586178542564	0.06907861890250686	
-0.040021708729075046	0.03869266759298167	0.006656476126719484	-0.003991205462976444	-0.20708785834217247	
-0.13865529204015034	0.0033414389857146973	0.09777343654912957	0.04048140437600064	-0.096198936035451	
-0.1630180193984343	-0.07322608769765923	0.050282822093833016	0.025277060854139062	-0.10587240247551692	
-0.09393903896088944	0.04894654020081831	-0.008596603213864625	0.02250998443092718	0.09827678783512377	
0.197559239615768	-0.10108555539308064	-0.07166731111510771	0.0343214750249656	0.022113509543432833	
-0.14659225721849312	-0.08410672763089273	0.10955019926652236	0.160951171711803	0.03591091229148186	
-0.14522598346955942	-0.1721707577680712	-0.0432354232237172	-0.03293679401844002	-0.10575941890865048	
-0.10393019205723432	-0.096329744971722	-0.2898348754323006	-0.2880742948723359	-0.014691769099086958	
0.007982161301280023	0.001216505328739734	-0.09041740184059048	-0.16071047825409013	-0.10565805665545581	
0.04197203686035295	0.027337473011547722	0.11182634185304922	-0.04954373500709751	-0.005294010456031098	
0.10833568758540432	-0.1635165072486827	-0.16676354022496792	-0.1432768469653092	0.0786592763752338	
-0.09504915637848182	-0.1361468397061317	0.0057485315615554596	0.01639193841865132	0.028393586775665256	
0.10238389780880756	-0.05583977339763006	-0.015854716980316815	0.0036155853401709753	0.06430025400938193	
0.05589068620435786	0.01536651920485478	0.0665826931937208	0.03874581047897805	0.0005505178006618061	
0.012907454181051745	0.04013202213508889	0.001698443962089929	0.023071407639250755	0.04161869135390893	
0.04960736844780718	0.17475776026788453	-0.011239935020880481	-0.0022291847321588144	0.06927453294305198	
0.12903138929943728	-0.11032550009195227	0.034645678646874144	0.02610916960674981	-0.08755559838253037	
-0.1057834387561532	-0.05378614065250985	-0.08939729514909464	-0.010058285839185142	-0.016082686092792012	
0.07594421944699813	0.034833870122477024	0.07570561282809707	0.0005731444524811806	-0.07842299198232577	
-0.13580950268681566	-0.011893001749264652	-0.002800006331916031	-0.09041996908102208	0.04124438581251154	
0.0831635226881284	-0.05173356002863324	-0.014854151000101203	-0.09867046833192099	-0.014770379241947835	
-0.13207924066779347	-0.17344216702752716	-0.1236600286614667	-0.020546644920136067	0.2261126630357864	
0.09147815452717392	-0.05442696673675979	0.050472890180657135	0.05368295952246667	0.013406409767055814	
-0.27464316033200836	-0.06015397536663894	-0.01054495845367767	-0.0023945912483495794	0.026229010952130226	
0.017107392753434546	-0.024059569363371613	-0.038191637407007185	-0.04185350517608828	0.0033909260235235814	
0.031047620438470286	-0.04134276914483915	-0.11585040886846426	-0.09152205294272371	0.0724686146045892	
0.017756169130537115	0.03290078134515094	0.10016108310374124	0.02604794179877535	0.07165680643450596	
-0.024908120076724907	-0.15376702214181207	-0.04168430283021278	0.1337266026109607	0.4277656850728706	
0.24873001351529186	-0.10159798322901842	-0.14990363266512013	-0.1312925682759235	0.05415229258686595	
0.040219926647131844	0.05637292707002609	0.12347749866946403	0.09990664993849332	0.09340842092755615	
-0.015543961636231274	-0.15574292154108152	-0.0655487748640246	0.03971989063970335	0.046661384227041885	
0.00042957397868353	-0.05156857225553928	-0.08563731875346269	-0.1141932430113094	-0.05270994952617766	
-0.10505893526556384	-0.05409783094395488	0.007904810927309743	0.10585896859733568	0.007683507426154058	
0.08850933947406206	0.11080265558029577	0.06103185429119168	0.10283763597289161	-0.016173468905295578	
0.04722163197545811	-0.0018138785286441084	0.04578977286377237	0.09673880972384104	-0.15409434203379402	
-0.13275114249430411	-0.06104593920746547	-0.003941630969288274	0.10821380973842064	0.09276274200215015	
0.0638719534869128	0.06424892227425862	-0.02166636550861238	-0.08209658975667117	-0.0796640820861828	
-0.09728606825906791	0.06886188453926771	-0.004353743213786065	-0.03688780517316194	0.08838439311830253	
0.10321027776567003	0.015957199579644817	-0.020254038062394227	-0.04916924348372041	0.0014066824241882432	
-0.06353406598851964	0.048111645378121896	-0.04529917717649059	0.10499249391299983	0.18459492239252687	
0.0001063558666028121	0.0005006029341674334	0.11183035765141155	0.1251904500346907	-0.03495778769901028	
-0.03833647592710759	-0.013834071035108331	0.035433469676482574	0.009709997066251915	-0.1313369413173699	
0.0012018515078436698	0.020423923277496456	-0.007670746224682514	0.011929497436408277	-0.1594031653510968	
0.00421510538266002	0.10534811619742268	-0.09636559353133839	-0.0966090546840897	0.035540940208733114	
-0.06624824776227664	0.01944333809172674	-0.07047727588378948	-0.039579322682534654	0.04341426604212203	
-0.09343198150141772	-0.22644689482570526	-0.039267254522989896	0.08977360727101451	0.1743376141261184	
0.10568297276293104	0.09094934992368885	-0.039993128002838794	-0.0005469311351994025	-0.12102593718008114	
-0.11686573612667439	-0.15030144657608735	-0.007852052713196334	0.14839273130506497	-0.004506659258625961	
-0.05959775670229312	0.046571326247685924	0.025439558406756324	-0.016392312391367174	-0.15956470769604408	
-0.08951091540870329	0.036335439235813664	0.11201440965544865	-0.007094442670968965	-0.1277380015661709	
-0.17677578960870502	-0.04246438648429277	0.013511736596824414	-0.06947264641042632	0.019308616371685308	
-0.0662575671451984	0.018970641727352744	-0.05293906568178727	0.02435936012914739	0.2149554483557348	
0.23012706362821725	-0.05174814998060528	0.03882233449434141	-0.0033019054589717997	-0.06065889453781134	
-0.04003791645102659	-0.0434688809094971	-0.10794298326616295	-0.010571421245226793	-0.11209805531677618	
0.09029398132511399	-0.11819370154237033	-0.08654747212609305	-0.09695363484750986	-0.1532458921845252	
-0.17695340720690078	-0.0704250368838271	-0.12561537919968974	-0.09638838406064608	-0.0505562022764899	
-0.18440115856454556	-0.06727790174544132	-0.00685216222100569	0.02733768090952726	-0.005367969346698541	
-0.2507845104579618	-0.5423993220593718	-0.3756513184629471	-0.04029568571130474	-0.07461631372928403	
-0.0867551085063775	0.022165686052140463	0.19988640386008938	0.12637179863535744	0.11062953020303765	
0.08014219606545173	0.09067150819889525	0.009482110592058803	-0.05668178668474144	0.042814118589699066	
0.03935322650712845	0.11971664574713212	-0.040135367843413615	0.024629260184554216	-0.2292910611341166	
-0.04797829912151008	-0.03821981608671941	0.037487739289075867	-0.00917266353300587	0.16563934435278105	
0.1466739280792383	0.13583056002294472	-0.004619471815366082	-0.11721698687978861	-0.16191794613507754	
-0.08962012440952394	0.08673783192610765	0.07801421468176718	0.18276286883951626	0.11753937168668283	
0.11529224288523439	0.053928901886747545	-0.005727250345793057	-0.0646546451012009	-0.08214896286785046	
-0.0444457912779928	0.05214754886453378	-0.22035843189349352	-0.4230132713109569	-0.2119573794135066	
-0.025931491759099656	0.026315961101560918	-0.07461233884518606	-0.05267422385745712	-0.20319149310727586	
-0.052977942486438126	0.0433500433874906	0.11978310231580219	0.08767911598015482	0.06461878212272418	
-0.12398529696379601	0.002258518124820263	-0.05310139536252289	-0.28693642511187994	-0.17888205078671418	
-0.05558481387899979	-0.054898849711665636	-0.044146684735073716	0.12053562437078455	0.03695214163447534	
0.07874361064816074	-0.037361279920694816	-0.18946752804630423	-0.023828311531147058	0.015166693441788523	
-0.013386597828053966	0.11113640537791367	-0.0034472838298144222	-0.06699588020669578	-0.018646345783899048	
0.08555079837183965	-0.0338148899274143	0.006126241920251529	0.1005746006655435	-0.12953979226759424	
-0.11898803691739554	-0.09275111901580566	-0.2245287622142514	-0.18047127936189075	-0.2455944730584208	
-0.5396726226871423	-0.3653019411565831	-0.03566467491547834	0.1782012547809413	0.07427754489361711	
-0.15120737390369418	-0.2987730285053413	-0.29282639717772097	0.13076939672400617	0.238641406948353	
0.19367306446718613	-0.3103677457452207	-0.6648084267399043	-0.4363464174470902	-0.26826776837812133	
-0.42584865687771883	-0.46889251595397163	0.13620662591693572	0.06333050371002136	0.038812555783320914	
-0.07563390320406783	-0.14044206302472353	-0.10332983279133166	0.04731504102204778	0.038120611564906	
0.1727602443452463	-0.10949447876649906	0.0491378115862596	-0.03937923493848384	-0.33731271186298334	
-0.5931157874552485	-0.5219114949010792	0.10626272498613576	0.17935357759263887	0.21427914007622484	
-0.010671962600489068	0.11055742742585192	0.019819453629011455	-0.9214739934452866	-2.0471392905644277	
-1.4107451136828475	1.35606461799082	
