TESTRUNID EPOCH: 29 L_PCC: 0.8955374589626802 L_ERR: 0.008250662206969288 T_PCC: 0.7872853041514519 T_ERR: 0.016416885532272076
180 LAYER: 1
3 LAYER: 2
1 LAYER: 3
29 :ILEARN
-0.029710119052264124	-0.6449044371134669	-1.3373653904834863	-0.27506845283353776	0.5170795102736472	
-0.5407105140094599	-0.7398883081261275	-0.750447427734815	-0.13199780500937294	0.39605361279294	
0.08478221860441601	1.1300514592847832	-0.6720104928744117	-0.17891559243930966	-0.20882579703224347	
0.2744096045449555	-0.1699569606237938	-0.7835418846201184	0.9944588452843397	0.4068498078952927	
0.38947525379236975	-0.07159552633740902	0.06797397369953681	-0.728822583815821	0.18661381010219072	
-0.7745670099159909	0.1530921528727263	-0.37681989829850776	-0.8492593934145116	-0.16108415352046185	
-0.03781143212748428	-0.5308343636792067	0.3175055682179467	-1.3055782378498682	-0.7204958979665894	
-1.5791003905198795	0.22999862338493984	-0.45946523894611574	-0.38449592498602214	-1.033695134174693	
-0.846623638939219	-1.515446426306904	0.48827170324259483	0.5361304902002261	0.04266856492942461	
-0.19419871285190754	0.2643471350943256	-0.2797865600117225	0.3131255478358883	-0.12088564578392877	
0.1820429403232011	-0.009083952149493929	-0.2536913337342588	-0.47639186718089654	-0.05255599301807715	
-0.8687906401164518	0.3885766788489484	0.3650984875866248	-0.22567277888581405	0.5529786187620006	
-0.41559730266601586	0.08405270725735976	-0.8916348386890173	-0.3423589291731007	-0.04533902566099872	
0.22713748757105706	1.0992461086154988	0.15815353380706376	1.1906422639858794	0.2779945933413779	
-0.009590204661913414	-0.12447882866518035	0.782528766872213	0.6626217369163248	1.2567195808763019	
-0.8151516432429968	-0.3908435010304365	-1.9986049963760204	0.025189751241522236	0.12999754438006	
-0.32985395819603025	-0.11532487991007329	-0.17135130012055427	-0.671411899082141	0.32070979104565495	
0.3143053264609817	0.188715463603357	-0.5272506780285694	-0.5070862389983797	-0.6412629996590541	
-0.6051917626182005	0.015608779005080694	-0.6686964155227685	-0.3002549101895675	-0.17891430433484196	
-0.5411125694961383	0.4492577211654266	0.5947891625786867	0.21253539345938915	-0.5070275557033649	
-0.2117504524471403	-0.08331644383206716	0.6368530562871356	0.5988828329276297	0.5243315777776361	
-0.2114372630818635	-0.01586068526731388	-0.29823022592928566	-0.9680372685314864	-0.31004195120225686	
-0.522603131873838	-0.7595192365668809	-0.1706318066365173	-0.9581850911333687	-0.3328209432591416	
-0.014673468364674544	-0.12083333605105585	-0.46138223637848214	-0.2890261184075537	-0.5202505881913918	
0.31803839186667177	-0.4936205638642381	-0.25326514622932256	-0.02092235115211279	0.2824441763017924	
0.4895617632466422	-0.5313190656767424	0.5895245355476326	0.028967292631680984	-0.21886848264053377	
-0.4714211374338636	-0.14530302254008765	-0.017473198373100605	-0.2524312399009194	-0.08299734854987632	
-0.21716732709280978	0.11227957278377892	-0.14768982372883538	0.6023211062488137	0.1615737092211807	
0.0012539760945159543	0.14322747368313166	0.2670474766840538	0.2253654912730052	-0.23570394873906492	
0.42788145627279206	0.48226890829287744	-0.1164127718089784	-0.13966288518710504	-0.15098475731196762	
-0.03306264290181519	-0.6233431308324746	-0.19885741275084212	0.4406877104732363	0.2822356428686214	
0.37398253574078294	-0.5134028960509612	-0.46631382986594494	-0.7287135905720861	0.023919130392915593	
-0.2232491877938252	-0.07015014135086835	-0.4348304530099009	0.2530365334749403	-0.5706901773204688	
-0.7993758036469816	-0.8260309625648362	-0.36491084692642406	0.13315221442515998	-0.0981093992591902	
0.6258732665738177	0.03252805138648709	0.12014798621278841	-0.8054759625423425	-0.4806213046816915	
-0.27515867451959913	0.19413498839303897	-0.1968760709338455	-0.3306162249897816	0.09830448229908596	
0.16641638338010428	-0.24868664681879118	-0.7694942419446998	0.10870870161040044	0.12966128551916725	
-0.17256563644577996	-0.5314013751044445	0.07779284611383969	-0.20245604671753817	-0.701887261226047	
-0.33698137745338896	-0.0809561143893007	0.17434937580251864	-0.3019260592898446	-0.5883529705612507	
0.2681394802681134	0.028246272006885138	0.23732979634459367	0.3614737506545409	-0.0881290977569711	
-0.21828765827346272	0.24566534308684895	0.4993818651271611	-0.07608760668257612	-0.07991031643739482	
-0.07440909340203487	0.31548482696427677	-0.21510006218246608	0.04349583121870933	0.6489877152791248	
-0.5183884883367024	-0.06506437702261829	0.13242672073299627	0.49248116134356473	0.12986837989022476	
-0.18093808437347925	-0.7729537821417795	0.07339441963972718	0.18120465828392895	0.023006269001130328	
0.13520433487120262	0.07592622787577491	-0.280592171374486	-0.09214106265546182	-0.6666759987871136	
0.004337078435094822	0.13815429460207382	0.18747587019599724	0.10423002502693537	0.28207438576644905	
0.03285086246536357	0.0893609922995202	0.43013352719815695	-0.5910245743700946	-0.24885281878114965	
0.15206756798842908	-0.1801616737993712	-0.07513573378629322	-0.06294646487386958	0.42171347678834137	
-0.5852619337872422	-0.2361217449278407	-0.08923787946527584	-0.006303424127255679	0.2651143317551872	
-0.25259747249695935	0.32452369366163636	0.266578419586616	0.05578388178689464	-0.41118524171600246	
-0.3170735928929791	-0.5193670842031121	-0.37246193224638974	0.049578343928802754	-0.26790310308226184	
0.2058029333812133	-0.2868926422649344	-0.2919779365439815	0.05079661410216037	-0.08806862984076508	
0.0445197736392761	0.35340454534108506	0.04855030038094848	-0.07753616576347476	0.8406502387186404	
0.015852536538383845	-0.03230321281810846	-0.5981667557569074	-0.07726189526524524	-0.10078954020254131	
-0.10025907360467619	0.39086242927060605	0.5397096534688514	0.2550412073789095	0.2775239357434703	
-0.41096595082761184	-0.1804094082635242	0.005130870226560217	-0.29291397667489033	0.028466142408718167	
-0.30080485222117104	0.14842695296621303	0.6374817530182961	0.2552486413451885	0.021034702906055424	
-0.44560115703232656	-0.2552819737819404	-0.297174999176351	-0.44202596468622346	0.765374884236802	
0.7327425066678177	-0.14025528437949863	-0.410702202955173	-0.035844286987253664	0.11702365218407262	
-0.6485794985591464	-0.6011942144991712	-0.7935777958675457	0.14916146096282742	0.19460938238910358	
-0.4189055642287409	0.1932123138588384	-0.3058590460614641	0.5552474262543382	-0.06399426164067196	
0.10624163580657112	-0.6239242865978538	-0.35974793390923715	0.02981804993001197	-0.4790688837707691	
-0.13261391015493182	0.34847430763565895	-0.24194298533939632	0.32178663126818013	0.17102917380773666	
0.04497491538634628	0.35480235054382026	-0.2728683119038888	0.02024596338319799	0.3346340733805535	
0.40793968214559106	0.8934207520140026	0.20104650588158174	-0.1883921600561846	-0.39099022691463853	
-0.0009939255123738624	0.41974271292142235	-0.7138466293193484	0.1115103657723592	-0.022221496125921954	
-0.0003227914955870302	-0.11427014856101468	-0.663866964034968	0.4650424910096082	0.5598340269921054	
-0.16947665019986102	-0.4110438941851373	-0.5456615205026069	-0.28893701117377696	-0.8966456903299396	
-1.0379234612088657	-0.888240063780688	0.0761130431858365	0.1583597260533949	-0.03537850401818151	
-0.06354154347735176	-0.1849554720725068	-0.29995909789393677	0.02006235111087381	-0.09227447639397224	
-0.38362712404446775	0.17780831638097103	-0.3375775916374181	-0.45589050546428783	0.23076887615543853	
-0.0728453360674107	1.435162544194643	-0.3473993356700694	0.6570783302816288	0.9131461661895346	
-0.7994172255456801	0.13696573956826907	0.5857764406452232	-0.1600586130502293	0.30083487171263207	
0.3848377832496135	0.1893206665441891	-0.3795829288958881	-0.28648743963290735	0.271216083876323	
0.002527923284936667	-0.19203324952859774	-0.13848735734323098	0.6880562483175056	-0.4284389707169455	
-0.3494008575625288	0.20373207756511344	-0.25346175881586624	-0.0521660917440251	0.014808459341758673	
-0.9223878594255692	-0.19003266313069495	0.14697231977028435	0.038809606097275975	0.3527696864456199	
-0.3759652597389552	0.036401867363056936	-0.42409315927077407	-0.31173055959554363	0.47732072675674	
-0.16511826950979638	-0.14266720847740902	0.1293148360493716	0.20642048852365075	0.6403805774745462	
0.9615719578091366	0.00925392751887378	0.10019678700089611	-0.2037645807749031	-0.29959110287882323	
-0.6661608196886813	-0.805506556865915	0.14683442201190108	0.0294382605387504	-0.7210615769257966	
-0.008782156288333226	0.2170811385351371	-0.1068430182930825	-0.5294859806676978	0.09421095205805642	
-1.0260471331664909	-0.062386884501252404	0.17394517186555083	-0.6729697439984188	0.12373755008253057	
-0.45026928145746226	0.2632004692181544	-0.6736678385623813	-0.0192274998952702	0.4274271721969891	
-0.3682194743982403	-0.40703456158033935	-0.20239103439677533	-0.49545021544243	0.8768118799376661	
-0.20291871729925734	0.2966981588377037	-0.006852332656519286	0.0073355389987122335	0.9510966450932781	
-0.1414029421161302	0.5270802347891569	0.043416802655035884	-0.052101408450926465	0.625067143317006	
0.3381302637172526	0.02630139732722277	0.46416447246500925	-0.41744264475255977	-0.13942530184699814	
-0.2755818324097848	-0.009653192425122806	-0.40824918706434415	-0.037295297245437856	0.026358306431076107	
0.04248677798018413	-0.26289935833428735	0.6696734821317436	0.05093899568460512	0.3418293305732664	
-0.3504890412596155	-0.3202419228313059	-0.5033338120655768	0.21150408387491	0.7793150197021221	
0.4128589489684046	0.37775141537529866	-0.021311216141399157	0.20819248383952932	-0.3307385536469509	
0.011604178740879757	-0.4163776098124744	-0.8843755947188439	0.15777013353410813	-0.19366968411777166	
-0.14620220809010434	0.21713213463127942	-0.8796517650844999	-0.2730539254955188	1.152836430621593	
-0.38931736944925965	-0.040862762901390716	-0.04259677492171819	-0.11969315566616126	0.3582202821851444	
-0.24142608311501088	0.07939000611376143	0.40569411466196525	0.18860472257320343	0.12212020556980598	
-1.0593736850476274	-1.058492666589738	-1.592124270333943	0.021893673246667213	0.13735123974891567	
-0.0696309155263153	0.7745347496097108	0.6220905653327248	1.1044881223122776	0.11556157414754333	
0.30245221069717826	0.14368463583482824	-0.05296752998757064	-0.6417798096826764	0.645928171728525	
0.18175298464480333	0.3606510553228029	0.640649153903794	-0.4158035274137015	-0.3828673680412425	
-0.5699992640788812	-0.03986108329292507	-0.08154469189035482	-0.0695877667504195	0.6116833971668679	
0.4635754853835217	1.050890135726762	0.07689194461894136	0.31617806909033924	-0.1323429666650039	
-1.3785096755380708	-0.7600018919206879	-1.395570201305513	0.577201729702405	0.7775026284623423	
0.8296111259621259	-0.09768178653867851	0.1135853699279452	0.962271468741286	0.829464064854608	
0.5840874933137251	0.6908283633965413	0.35834534571159127	0.3888636972857047	0.17559930617017053	
-0.09991864908252111	-0.1120167570313984	-0.06377110513708602	-0.48849552765190624	-0.19241779710458304	
-0.6097023545423431	-0.2557191455749189	-0.016070805093059654	0.0860049082661459	0.7242549878570456	
0.3968849071618446	0.7250621590717442	-0.9341854438776449	-0.8580608710841554	-1.505067400843022	
0.20418745535137298	0.09519642790278757	0.2679665667831851	-2.0620701245570503	-1.881165603505556	
-2.3287899869656288	1.9592219976037186	
