TESTRUNID EPOCH: 14 L_PCC: 0.9645031724713531 L_ERR: 0.0019358387561533893 T_PCC: 0.8861509773845105 T_ERR: 0.006353113718228151
180 LAYER: 1
3 LAYER: 2
1 LAYER: 3
14 :ILEARN
-0.5978275253308183	-0.23945745260324616	-0.584842774751663	-0.6055781099398436	-0.4772192231167184	
-0.5205040129139232	0.044933106764464326	0.07720943592621658	0.08251759707528582	0.3031849845093104	
0.19846751293233322	0.2829847883744113	-0.25677115693191377	0.05861777687123772	-0.24241109517827833	
-0.1141871126663046	-0.038026586442365055	-0.06477240737241445	-0.1273820401934324	-0.03409531168255533	
0.03778530925955907	0.07818722535807761	-0.033905038449195485	0.025693373864653337	-0.2462922862491935	
-0.08925342325029735	-0.29017511308514343	-0.18266408828541317	-0.06645847617248433	-0.008736256603929068	
-0.08745542784208095	0.048197063384627585	0.0871729102478742	-0.29075685416958735	-0.1306503335162847	
-0.26151490500320446	-0.0668584439064831	0.06949720924155137	-0.16485407688059672	-0.19766931892975742	
-0.04236063920689271	-0.13474276639837407	-0.1650641803296141	0.0790572850895775	-0.15143546965870183	
-0.18880410743885345	0.03266243907650025	-0.16963948791394798	-0.07577808031358423	-0.05690975517496988	
-0.12140453460107556	0.07253939360209252	-0.0320721288480959	-0.005029270167705506	-0.4869711674501903	
-0.4090308753756157	-0.3049216054683649	-0.27029415758702874	-0.060077039194546815	-0.1307199940037944	
-0.1233383556101155	-0.07349757146198402	0.0006262647931617053	-0.20618074486629115	-0.18211237572148747	
-0.13211286666750902	-0.12039733815623756	-0.030477225634434963	-0.0161567457534946	0.18805048972935196	
0.23730149064903225	0.0841807680545756	-0.2931607510359168	-0.014010516875275053	-0.18313072311316148	
-0.11098670766054529	0.08559433579449706	-0.05386429733822912	0.09315479495468296	0.08485420292181911	
0.10888054149225733	-0.06472708787994891	0.024285812262649708	-0.10587678949768352	-0.6197934341413159	
-0.21104200067507659	-0.5060486007615638	0.029100243585905565	0.05100611709492492	0.01321582241601007	
-0.07198068387732445	0.20517684236012296	0.04415718734353028	0.003025077654148287	-0.011369893172108085	
-0.05145787468836407	-0.18635368935828478	-0.03183431555348925	-0.25475831777035696	-0.625307248857129	
-0.37328251227137915	-0.5755120567389344	0.2383453255697596	-0.057497964375300865	0.1988448499228093	
-0.09300381421634782	-0.13592534339018444	0.0064215111755081804	-0.1978730084962663	-0.0071896389716300186	
-0.20966180211517246	-0.5830724148325691	-0.16238875114262202	-0.405332578739312	-0.7808072642869208	
-0.36303484963415844	-0.5876393560925357	0.02615818233821719	0.031054791220080077	-0.08592788564683064	
0.08420903124135479	0.006514442156831573	0.012724188543484437	-0.005494125139429366	0.08714487587349556	
0.06450663404312476	0.13517535202258504	0.023611612253297512	0.002202353273120957	-0.08548245262780035	
0.04119231809271059	0.06480579254994351	0.1494813633398519	-0.01261720511656031	0.14263396135517467	
-0.3477228516086396	-0.16374100852051376	-0.24079039236349106	0.12273651574794012	0.1012958881325821	
0.055149869879643085	-0.021301333528070204	-0.07055977882915464	-0.05410098643587503	0.011495999502881694	
-0.14747308855606112	0.008214517347502932	-0.15448000752335772	-0.042262691204755336	-0.2522710741647498	
-0.44800716150133424	-0.06298010227376276	-0.27009509616736643	-0.10210297487735713	-0.11283095454528026	
0.021995764303095116	-0.3291879398158647	-0.13882795675291448	-0.12034094444354294	-0.04108358935819472	
-0.03030609441468662	-0.05184932113121898	-0.5845609061221009	-0.2087370691068547	-0.5253184014275291	
0.0934666380329073	-0.042960658988641744	0.13180576928492055	0.04646820507281863	-0.03462349236193618	
-0.02062729138550626	-0.19316960806774205	-0.10874416776052981	-0.207742935442438	-0.14412938568405104	
-0.01843538083655013	-0.0447319154958393	-0.08241447251128238	-0.06133849424108932	-0.05967067762669809	
0.04985608103302486	-0.02485303426890395	0.05135048227902005	0.20756916069767795	0.01361356061549857	
0.23081979365647426	-0.3510011385642418	-0.07079380773419594	-0.16554850343335323	0.14501519891208145	
0.09429624633718134	0.024488071178434056	-0.326959017900548	-0.09211356953319663	-0.19641063455105315	
0.09708641636949689	-0.06330254975794435	-0.04120882941426876	0.14497305784489836	0.21532467515791254	
0.22176232157309098	0.011958785664333456	0.15720923092396896	0.03007403541470881	-0.13283347801430698	
-0.003940686721533901	-0.039872129897776096	-0.2505307523988693	-0.025872624615746673	-0.10918392023347781	
-0.31478585449219787	0.004559073807298064	-0.2756821676719395	-0.08877201090978018	-0.14766840786005686	
-0.03201728727021341	-0.30449677266701924	0.01735770397466996	-0.09236762698788592	-0.2542730370536423	
-0.07225103687127296	-0.1369468449115525	-0.3897550346431954	-0.20909827864357833	-0.3217472545499647	
0.080124595116766	-0.012489986711710381	0.03922411475177839	0.14731981315348083	0.0406057399294934	
0.021184435538920927	0.10354662061698952	0.15090523558509408	0.04106185346407669	0.04791605933243568	
0.11244387225730845	-0.03455591553354132	-0.04164258559868783	-0.049227299303128316	0.008790966682879023	
-0.11274096212175799	-0.001860710984903944	-0.04054086140490243	0.2809809266829823	0.2760852373565517	
0.26254232651058473	-0.46317696923389484	-0.23179018055290815	-0.268270867635861	0.09653342904266456	
-0.12769246640556733	0.10132027308447326	-0.39819015567905625	-0.12013819799898225	-0.31581967536987027	
0.1930442412643548	0.10872491057911368	0.14399683864226945	-0.09450209383504006	0.016925697039161164	
0.012144338843777329	0.08289360136186476	0.021177077929447636	0.08315860497613868	0.13568178992261215	
0.0330121922119776	0.0750582368313771	-0.13604485863868743	-0.07367141538436274	-0.13192621989157471	
0.14061515125584045	0.031741645745619065	0.11909462572989747	-0.03764880070945251	0.09609084911383088	
0.007799162976931931	0.09061119720424947	0.08978074708477743	0.08565931929479234	-0.2536532570673135	
0.023079822044594682	-0.1414301093110242	-0.15209370830533253	-0.07475471244210292	-0.15309828003916737	
0.05166163962598539	-0.043790190446241294	0.03982405589143344	0.0295150989250564	0.02992099864362008	
-0.009252233193404447	-0.41384246236827893	-0.04812362944504567	-0.2630275497344138	0.07029678630103141	
0.08167948327957765	0.09163248627843923	-0.14799706545509922	0.07121661501043493	-0.13638246904311352	
-0.14764618256590367	-0.07123317511808934	-0.13609735806578757	0.02550802186316735	-0.09747767079589813	
-0.009467772621276153	0.10787355983631439	0.015569294764670382	0.13344431631509843	0.14745584626095615	
0.24818324386823679	0.25480897954336496	-0.5823739446282276	-0.4186860121294299	-0.5062606237536269	
0.1942267306548672	0.14230038938506553	0.08253350542005597	0.0024172454615141014	0.13019565301095606	
0.030053168532624238	0.20370632599810878	-0.0471841884880401	0.06182319441648551	-0.2956650706789526	
-0.1285485389847835	-0.252450560326013	-0.1620366382505367	-0.023401207635715	-0.1487641530175348	
-0.24779812759106173	0.018740279618801838	-0.1969196349893626	0.15759801192001355	0.1313861581022134	
0.020768917213003817	-0.03542653453432592	0.12371697072576762	0.05856480358138127	-0.3156272441328723	
-0.028685503345573113	-0.1607827120826863	0.12433470263320218	0.2430053263727741	0.04293388185222938	
-0.12511598448837366	-0.06352359163704485	-0.07914363242486863	-0.1167154064413491	-0.20812085524066679	
-0.08532733460931205	0.0032680829989090708	-0.026809141410077373	-0.09383722499337854	-0.20142648505402766	
-0.09263089253884094	-0.106803489781253	-0.3289306865863	-0.07661843922053588	-0.1901601942669053	
-0.0739752408770515	-0.06999808601555628	0.10663280499431124	0.11403670744840734	0.2115181153749391	
0.09545019923678312	0.15587035658470905	-0.007079593414464066	0.038339622380330056	-0.16869468550953592	
-0.1216644636134686	-0.19764265471647913	-0.016512528584401512	0.18624561941191167	-0.01752574828501807	
-0.09548928915522956	0.017415758353787815	-0.045531915505127654	-0.23785884330104984	-0.19497581788020693	
-0.24158588954959023	0.01542510166869843	-0.06542871213581675	0.0077021943061619585	-0.2393703119773007	
-0.3123192237354306	-0.2104293273623779	0.022133888199583743	0.07207215691914096	0.033653750280156956	
-0.1932437714151089	0.11267002466900239	-0.15949058815840955	0.05716177708441858	0.13009950488196784	
0.17658533716939345	-0.17558031220901688	0.04779514668527387	-0.14812104822440994	-0.05110439862676248	
0.13206891675624566	-0.013575498088177956	-0.08329260049999625	0.0037097305955169934	-0.01820713564864886	
0.12091088486839176	-0.051491359236926104	0.005091910598364778	-0.050793893948841894	0.048004490404396784	
-0.037066873578894086	-0.6906164545914475	-0.255999553803618	-0.49407883726254576	-0.03784293561569222	
-0.07415594922522516	-0.04679024430962684	-0.06260740305113706	0.1889416807949695	0.015996205907546905	
-0.21129643803660872	-0.22608563421502476	-0.24190789563177542	-0.1644062036861742	0.010235106061527647	
-0.11828917339637347	-0.24525732419195137	0.0012915859976864207	-0.16154145644967544	-0.009028646562508617	
-0.027181897930644693	-0.041725459043690884	-0.2934054789187496	-0.1533358732761118	-0.16556474064052049	
-0.048149454284789214	0.07678052179957845	-0.1033552198469624	-0.03294262021405851	-0.16264249305908807	
-0.041083108974218845	-0.06069431803092906	0.08494879369722143	-0.08760535309207695	-0.18356982519240952	
0.00959676676380467	-0.13000836607524102	0.02396017218261292	-0.18677948026443977	-0.14398711301902473	
0.03677273293436632	0.04988094595432605	0.14801586816334592	-0.12709846319657633	-0.04458221971433848	
-0.11141059953772792	0.2712293077105619	0.04370866403041387	0.0690858273426413	-0.47178673634194734	
-0.18668855212657096	-0.23116838349731306	-0.18037187869416435	-0.027930784097272447	0.007122698559524539	
-0.38171917884107737	-0.05615081279117117	-0.2981418762208851	-0.3069652184965971	-0.2034885025659358	
-0.15015827041680718	-0.14062624106073754	0.04149822432673091	-0.07437699575374525	-0.19307554303239863	
-0.15862252959139242	-0.16104167900331984	-0.01733860492740056	-0.26980826658101537	-0.10324338332735318	
0.38222460396745317	0.26912238382418846	0.32995682499237383	0.26245254873667956	0.06813009857532422	
0.18257277561140164	0.3412088064268404	0.04198122894040533	0.2929126202243217	0.21487516125837938	
0.09748003653266035	0.2583195424712537	0.08161691900384044	0.11012898184095193	0.10067376874032798	
0.4255154229629632	0.2258396285543605	0.2832662809896014	0.17504554265552955	-0.016958316196326338	
-0.016083863444466794	0.031298895648711224	-0.11422479522756003	-0.035584948759063255	0.2854435632576654	
0.14521217872208184	0.2895356042947848	0.07163344141312353	0.23482054960153564	0.09203817516688051	
-0.6115263048915163	-0.21904021312188976	-0.5405868597388611	0.2679237334806799	0.091403369698948	
0.1972297011298876	-0.1152629976031145	-0.03266890253065614	-0.06584293805682015	-0.9884947413576085	
-0.33226438787410933	-0.6986464231751125	0.2510963259516283	0.1376200080067315	0.12726867764297342	
0.1670834783828095	-0.017059481965870857	0.10402559747418973	0.09577948480486133	-0.004129888581007482	
0.17797519234936662	-0.7764659699075108	-0.27228954654052717	-0.5839163445202358	0.42439973796656694	
0.32933296547619456	0.37194637395718205	0.4633847420846412	0.25902730175041944	0.3689012405942473	
0.2981012208340379	0.12382832899283178	0.21656358566314096	-2.431361901238756	-0.9386875369708381	
-1.5975798127493201	2.4388402137314324	
