            A        R        N        D        C        Q        E        G        H        I        L        K        M        F        P        S        T        W        Y        V
 1 A   0.0149   0.0399  -0.0181   -0.047  -0.0213  -0.0281   0.0062   0.0232   0.0226   0.0529   0.0473   0.0381   0.0208   0.0415    0.003   0.0139  -0.0213   0.0081    0.029   0.0039
 2 A   0.0331  -0.0143  -0.0002  -0.0044  -0.0085  -0.0036  -0.0119  -0.0081  -0.0432   0.0071   -0.015   -0.014    0.008   0.0004   0.3112  -0.0041  -0.0117   0.0003  -0.0118   0.0205
 3 A   0.0459   0.0654   0.0137   0.0054   0.0191  -0.0146   0.0303   0.0052   0.0075   0.0016  -0.0476  -0.0055   0.0124  -0.0031   0.0334   0.0222  -0.0199   0.0124   0.0308   0.0149
 4 A   0.0207   0.0096  -0.0259   0.0058  -0.0024   0.0159  -0.0122   0.0141   0.0391  -0.0101   0.0174   0.0204   0.0221   0.0076  -0.0021  -0.0115   0.0314   0.0407   0.0106   0.0383
 5 A  -0.0064   0.0665   0.0251  -0.0219   0.0028  -0.0141  -0.0043   0.0513  -0.0224  -0.0148   0.0002   0.0308    0.039  -0.0239   0.0473    0.027   0.0108   0.0044   0.0359  -0.0033
 6 A  -0.0514   0.0856   0.0307   0.0018  -0.0261   0.0058   0.0134   0.0489  -0.0044  -0.0245   0.0022   0.0327   0.0176   0.0134   0.0331  -0.0112   0.0244   0.0057   0.0079   0.0244
 7 A   0.0318   0.0036   0.0046  -0.0308   0.0028   -0.001   0.0001   0.0236  -0.0046   0.0183    0.019   -0.014   0.0188   0.0354   0.0016   0.0104   0.0447   0.0158   0.0217    0.028
 8 A   0.0624  -0.0111  -0.0619   0.0135  -0.0172   0.0174   0.0047   0.0142  -0.0082   0.0378   0.0025   0.0163   0.0284   0.0126   0.0607    0.025  -0.0006   0.0102  -0.0042   0.0272
 9 A  -0.0105   -0.014  -0.0016   0.0025  -0.0028    0.006   0.0105  -0.0003   0.0176   0.0156   0.0792  -0.0214   0.1362   0.0559  -0.0029   -0.008  -0.0157    0.003  -0.0328   0.0132
