            A        R        N        D        C        Q        E        G        H        I        L        K        M        F        P        S        T        W        Y        V
 1 A   0.0708   0.0003   0.0005   0.0004     -0.0   0.0004      0.0     0.01   -0.001      0.0     -0.0      0.0     -0.0      0.0     -0.0   0.0073   0.0003   0.0148   0.0002     -0.0
 2 A      0.0      0.0     -0.0  -0.0005  -0.0001     -0.0   0.1198  -0.0001     -0.0  -0.0077  -0.0016  -0.0024  -0.0001     -0.0  -0.0001  -0.0011  -0.0006  -0.0006      0.0  -0.0009
 3 A   0.0002      0.0   0.0309  -0.0007     -0.0     -0.0      0.0   0.0161     -0.0   0.0004   0.0292   0.0001     -0.0   0.0246     -0.0   0.0001   0.0015     -0.0   0.0007   0.0011
 4 A  -0.0007     -0.0   0.0005   0.0159     -0.0   0.0002   0.0004      0.0      0.0   0.0152    0.053     -0.0     -0.0    0.001   0.0103     -0.0   0.0031      0.0      0.0   0.0053
 5 A   0.0285   0.0073   0.0158   0.0017     -0.0   0.0105  -0.0008      0.0      0.0   0.0002  -0.0005  -0.0002     -0.0      0.0    0.002   0.0001   0.0001   0.0231     -0.0   0.0162
 6 A   0.0285      0.0      0.0   0.0001  -0.0002      0.0  -0.0007   0.0004   0.0006   0.0002   0.0074   0.0083  -0.0007   0.0025   0.0113      0.0   0.0204      0.0   0.0002   0.0257
 7 A     -0.0   0.0069   0.0173  -0.0002   0.0286      0.0      0.0   0.0161     -0.0   0.0118   0.0003      0.0      0.0   0.0012   0.0043   0.0001   0.0175   0.0004   0.0007  -0.0008
 8 A  -0.0008     -0.0   0.0013   0.0009     -0.0   0.0161  -0.0001  -0.0007      0.0   0.0099   0.0177     -0.0   0.0002   0.0287   0.0043      0.0     -0.0      0.0   0.0004   0.0263
 9 A   0.0285  -0.0003      0.0     -0.0     -0.0   0.0015  -0.0002   0.0001      0.0   0.0048   0.0314      0.0   0.0042     -0.0  -0.0003      0.0      0.0   0.0019   0.0324   0.0002
