TESTRUNID EPOCH: 20 L_PCC: 0.882945367206355 L_ERR: 0.005535583919573623 T_PCC: 0.8043379628649504 T_ERR: 0.009342483546642043
180 LAYER: 1
5 LAYER: 2
1 LAYER: 3
20 :ILEARN
-0.07366621154266736	0.13031528518795438	-0.17252889735990734	-0.11077849398518275	-0.15952697446167532	
-0.29806402038783714	0.1840318118020913	-0.4075564110290204	-0.3024245558431183	-0.3316779262757177	
0.036841229443170725	0.0007290889229573875	-0.0061194119905048725	0.09264344049205676	-0.05588381507289516	
0.23233360226943445	-0.22115038842143664	0.28681245210204137	0.11723324488811485	0.15748990254247114	
0.059230464340812805	0.05441215048240372	-0.04513376074793154	0.034483753495504074	0.0786709334077971	
0.16963885063158543	-0.183578903956701	0.01641108347313181	0.02686442918111645	0.17992794126916337	
0.03505939462676951	-0.1238534684567261	0.25601327293300086	0.12706195042281215	0.17599345768492086	
-0.05322531907812336	0.0578623566600507	0.023627569988346767	-0.17657368446552113	-0.04015865656641667	
-0.003056581953352106	0.11348419985754213	-0.16303299736701768	-0.05838691026294071	-0.16573720033039327	
-0.047984913445761126	0.05998047740938965	-0.09279710920889139	-0.04440387261488177	-0.09044289449081187	
-0.18243416936669724	0.04360041518686995	-0.1937000340217092	-0.11028975233279867	-0.09728091206656057	
-0.1909893000363501	0.15365352003051508	-0.2558724502613996	-0.12534810443289074	-0.12769122248540718	
-0.12523258954323496	-0.03365693174806027	-0.036785814992507056	-0.03974703152513148	-0.11804999831190682	
-0.05750760554101618	0.013997597436455754	-0.06919441514837098	0.06621564339579941	-0.04100323531550688	
0.17622593692320826	-0.1938111563044753	0.059222071674857414	0.16803387559948568	0.07309556498205752	
-0.09848166498541044	0.13185986253935042	-0.07995870262196846	0.0023793516511735648	-0.02255500888074149	
0.10678061356316851	-0.010564335745791995	0.08662083006333174	0.008864293090969044	-0.02309885444049362	
0.009582593873337394	0.0377301335235914	-0.03198813902684282	-0.031255056748179445	-0.07615781184550102	
-0.09701547037077744	0.05629313461555284	-0.02068813672935493	0.03476988886343205	-0.004971761383684851	
-0.08314069343963991	0.0651404230512134	-0.020679256090881212	-0.09262317568133104	0.016441567135181006	
-0.1265233325130164	0.10017575817188908	-0.08170931708352293	-0.14494533112116442	-0.07030983310544409	
0.09346495562128893	-0.08719606062686065	0.17254353838591396	0.10205701760556286	0.1843113813361054	
0.014205753390302651	-0.14716737154296958	0.18389122181994	0.13151847976951575	0.012179405273936468	
0.06406144183248905	-0.01620936430201688	0.09934230432683805	0.07144820083450411	-0.06774781970122179	
-0.02377305969259802	-0.16395134162718708	-0.03445787475117592	0.014031043177560161	0.1416457197959144	
0.0713846991945619	-0.014077490126695735	0.15248495463407874	-0.003732323265629141	0.042553184301327866	
0.04030517330901212	0.07022802914654089	0.039951633443711006	-0.06606078869972072	0.08735003387248337	
-0.07714872476919767	0.040051687701741334	-0.0712921275471178	0.04355766014091173	0.003724607479014812	
0.10720153459790546	-0.12531089809111348	0.044148932282559526	0.030969516263488508	0.04038136715124818	
-0.1295878351637049	0.030673612590659243	-0.08844331519703447	-0.08705985881836519	-0.2129029238499966	
0.016417069205144005	0.07226645690328906	0.09396579371191083	0.0115456332461134	0.05027560244604443	
0.06423999779601836	-0.06356564283399407	0.039571989103884056	0.11499819829362108	0.09201360826723565	
0.03450349494641732	-0.0006451360177757711	0.09666362999493437	0.12401971195698305	0.02025235826322516	
0.007794834584921213	-0.13345505294915633	0.09948737217584144	0.10646632075519932	0.12953660432468872	
-0.5879598996900957	0.2830123883738857	-0.6377614116625167	-0.5510233715213146	-0.6680044318649948	
0.11250563447325237	-0.019241732457583285	0.03431215351782104	-0.006374069667613681	0.05816182598896264	
0.10487366880227851	-0.12152110882228882	0.1476189074596438	0.005041631906475366	0.054455821361107555	
0.07547036795549794	-0.054349441912210014	0.006582771495344581	-0.0048766024703346695	0.0762088495974463	
0.03791148489543992	-0.10406545411722731	0.14060181128923716	0.12876341927246918	0.18183383523061594	
0.02016361904983195	0.01573366272403592	-0.20514429391978498	-0.0919934199108793	-0.048048976760765416	
-0.1109275670766947	0.16329427561043464	-0.22252045738392498	-0.21341313188067243	-0.28125708998175386	
-0.2868686818377728	0.270849008436718	-0.3819356198570526	-0.24104466285674486	-0.35657662678814916	
0.034884715541286956	0.015112133128741937	-0.005073255754060727	0.002489065046757635	-0.002738386200977973	
0.061332800733012886	-0.1408271751295739	0.19034994464910948	0.1827582935968917	0.020390209926800795	
-0.10342107153920391	-0.006941486675382991	-0.20201906518503243	-0.037545066479943	-0.11647946627556421	
0.10435701435793207	-0.05584828201158372	0.12382217249844596	0.11633169054226486	0.10563741344552303	
0.03047009811056192	-0.04570523128817359	0.1333393495174493	0.04430075946037843	0.07246173213452506	
-0.06902948259647824	-0.08774921334307281	-0.15106463960684616	-0.10376467547297316	-0.0700997686382115	
-0.028982192602658625	0.06967180354084657	0.010310140282296529	-0.023389364907234575	0.06652697616118794	
0.041270573400478766	-0.09439132517154188	-0.025350922779288666	-0.014089002839491062	0.05923373800243022	
-0.005850849911002638	-0.00034465586588765674	0.073244302863299	0.16476848251557186	0.10345769680430233	
0.007119765907616123	0.0008359106525452437	-0.026159777090700186	-0.09210303485160388	-0.07804811617971588	
0.05542658550488956	0.07335551649657814	0.027346976984450724	0.0042426900920822935	0.0382039478066955	
0.08086025884191216	-0.04158076746123337	0.1345871869254504	0.09722333965356994	0.11080145014053731	
-0.02924408701548528	-0.09826229731590899	0.0572920945360125	0.01254451650899635	0.12989856530257582	
0.0015212475448579267	-0.08129094495170723	-0.06844438194434672	-0.05075109937142985	0.025928551054817662	
0.11914126954106714	-0.004203934114249403	0.069343954417554	-0.008738318118986477	-0.001337095494623327	
0.02742109976977493	-0.005494907314488382	-0.003243942369363283	-0.025316322600859933	0.0018387881244549395	
-0.012521144336739438	0.12138586779589555	-0.01021271422236836	-0.02675772711279452	-0.057628263439293045	
-0.15032725739058983	0.04918273547217176	-0.21378785284125199	-0.04966387943651629	-0.1965821387511224	
0.028661178300857477	0.03860953300598028	-0.009257141024452666	-0.02806288980590281	-0.12693023560124603	
-0.09045829816167286	0.031397331266073705	-0.20435018850105557	-0.10776417371191802	-0.19074566187506098	
0.05664994490747896	0.06854520444956266	-0.09620418774690458	-0.11440124430896058	-0.08454470692767353	
0.00268344402764154	0.05371380162883697	-0.05698780587325821	-0.05564234486359369	0.08037383039696851	
-0.08095935796646417	0.018703899497844737	-0.15773092067552555	-0.13083080898151417	-0.07300301821888219	
-0.05097372178359703	-0.058586713366612427	-0.028103989516208915	-0.03409923062231729	-0.004220660490539527	
-0.05295166532108721	-0.00934344903060646	-0.0066042786877626575	0.039994126891404295	0.09852597013843659	
-0.10582133628334475	-0.007239793391336712	0.03151142465676789	0.017951120035329327	-0.01062435731395606	
-0.01087745743732796	0.12617564293744202	-0.014993512746687391	-0.006615128619713487	-0.14793747723649067	
0.025336450448181516	-0.019472433866830327	-0.006621216169040585	0.05788724173181693	-0.1639161765351836	
-0.021713261174529385	0.07568977642198986	-0.1948960272059405	-0.11344031162840706	-0.10737658348372114	
-0.09680941842965074	0.10406978260947386	-0.1190284290567011	-0.03791750323610579	-0.01386787172195251	
-0.10848515408309067	-0.06921708222576746	-0.030376607658690907	-0.05139897133220285	-0.01236683419303361	
0.04463791352310014	0.04434495181589143	0.0002557577021814043	0.034496923274033316	-0.07005414832988105	
-0.11544542139664091	-0.01238218225436003	-0.14565368837726544	-0.04732012812316658	-0.15524753209114373	
-0.09079059514219742	0.07269708643007744	-0.07641185018434951	-0.0340423413509497	-0.11661284321990299	
-0.08864612271978267	0.004497342287602441	-0.01212589690360497	-0.11339051847323509	-0.11268071704084226	
-0.0981954450693252	0.10479353334785621	-0.11488700328006998	-0.15499348839946936	-0.08907603092122009	
-0.07013529981582033	0.06439516226542241	-0.07228414683210144	-0.11659798922687321	-0.01100630243011024	
0.05310477955052586	-0.08286359127132088	0.014140224048935614	-0.013750331531944658	-0.06884715003992292	
0.04593388283969514	0.0645364062721741	-0.1539900371448911	-0.00712395718978184	-0.07158153027319829	
-0.10852944582004595	0.1308558151987547	-0.3808903909272867	-0.2991577199292092	-0.27899874466438596	
-0.14370439799200466	0.07608403798008515	-0.06404034341677375	-0.04651451691482365	-0.047676345224085995	
-0.012503878167349282	0.010012608027390468	-0.0058985928047245485	0.08553525837318209	0.034960293135076155	
-0.07832158933458465	-0.15928912490382854	-0.11954563753592223	-0.08746609763316196	-0.023831199171666203	
0.006715194259809667	-0.26023165927118314	0.1541168315605243	0.0805701156337844	0.15274052995106663	
0.00017574362795109814	-0.06584160550084338	-0.02400047068938035	-0.0016391574950607583	0.06268397238343555	
-0.0026310611436782955	0.006216679718884238	-0.03498672093950162	0.08652693671944989	-0.05706761050771193	
-0.03052144714161056	-0.08299907972973608	-0.08657054433118483	-0.16216254923740794	0.0012090484132536833	
0.08188501571319055	0.07599434703873612	0.06299751402122927	-0.09560124296481158	-0.10538254064330917	
-0.04426608393467918	0.0014973461512251594	0.06599276766848669	0.09969554215947683	0.01992112046175018	
-0.01790944089117887	0.11528966872625598	-0.145604408085862	-0.12149235570428217	-0.1586234740891981	
-0.10842900723340092	0.0969997590081879	-0.16107477251579466	-0.11147434621982102	-0.02813448457178081	
-0.06097885284542772	0.10285200818305738	-0.09045786111036024	-0.030002487512740462	-0.057477223755815855	
0.0200702205531426	0.02147621928239672	-0.07529224404151859	-0.07169164724424114	-0.015995840890715544	
-0.15009420560967776	0.05983212598217993	-0.025807416931832854	-0.1473919883360592	-0.07163146825931965	
-0.04833991491699729	0.06972563818065841	-0.03659718344747621	0.03043871179986542	-0.040330205007504324	
0.02930554818309035	-0.07033476557342302	-0.10587228010629547	-0.001483117695889802	-0.03009215042935357	
-0.030301987936710392	0.09242783254730398	-0.05090979927655259	-0.08886243936188255	-0.05271848079615625	
0.05241432227954857	0.13897351988396528	-0.00031386072742181653	0.02649862975034941	-0.1272877548426639	
-0.021877726276551653	-0.17030501786298377	0.07184000648589398	0.024208089365583593	0.12296251101626844	
-0.21218759017294295	0.26071579161648795	-0.3550025613047008	-0.22770757913935413	-0.3513009980606553	
-0.05863350454149086	0.03086248373432655	-0.17375430600248146	-0.12024374672975933	-0.07730652463235119	
-0.005369548589668405	-0.049670387964090366	-0.0239959309562195	0.04064814896532603	0.11482093370447007	
0.105902186693341	-0.0885451970751709	0.15757530304358333	0.15534706851871222	0.08095332495530629	
0.029761020396650132	-0.2435254245564673	0.12805585563912747	0.1218942122538111	0.14913382307858725	
0.13620447408912928	-0.1559412843879101	0.19149110254063254	0.10496120383009358	0.1464849495623991	
-0.0664834128203683	0.0918337330784802	-0.1095853081815339	-0.1738648227004665	-0.14010696489204555	
-0.020422285340762236	0.08330457991557305	-0.06260831443683419	-0.030092505844043452	-0.10031705592302444	
-0.07467794114491115	0.019812935516301623	-0.05664454547932137	0.0981543886706717	-0.07411681745650413	
-0.037745891402941475	-0.009883504514528357	-0.0005708050064363168	-0.03722174291419574	-0.13086674881328128	
-0.05683436638397613	-0.010143712073657163	0.031987772095749496	0.02215686892328721	-0.09254059567810109	
-0.1028246037648332	0.01848178617619981	0.006924914236444899	-0.13692928468568466	-0.022315753831543446	
0.03984125795873411	0.0024909024354201606	-0.006514077787905445	-0.00425907277513321	-0.15543683027900126	
-0.06741554222736615	0.09188742908097619	-0.020796655927072052	-0.026937607721636614	-0.03298416838272926	
-0.01698276459179733	-0.04582717968949986	-0.009947955032166578	0.01166916737865361	-0.06780133802104908	
-0.11387816679209474	0.12142971627164542	-0.2158615560566213	-0.2675963701166207	-0.20693861884568743	
0.021133795804396817	0.047523989887716125	-0.03937249835839505	-0.06959678774029958	0.06514874581784658	
0.06778245610792513	-0.033319605756299366	0.13355004828869818	0.03616499087617808	0.03597450700183974	
-0.061778698105557306	-0.07633291706563183	-0.06977197747575929	-0.1219025650524001	-0.11814262255684499	
-0.013004677972618955	0.07096397135222993	-0.11812672179238537	-0.0886639992729013	-0.11782161489055651	
0.001282564474044646	0.11327179764935692	-0.1733758222641539	-0.18047481841980856	-0.11927753379715376	
-0.022021749565422848	0.05936107953497894	0.031241088940069453	-0.0011631215290661475	-0.05555205514699259	
0.13555723760095634	-0.19374217838290306	0.031508536495784015	0.07623472813557365	0.05072497608067254	
-0.14447446864126123	0.06398232880080958	-0.15906468924148676	-0.03813594509255906	-0.04170210716391347	
-0.014403269082342606	-0.06224998232296882	0.10203830602932079	0.0943879549325544	0.04634762678182372	
-0.03379834456745842	-0.028007423729110043	0.11813573819391127	0.020352325099916524	0.05437182105208366	
-0.1504634063103208	0.09954320744853404	-0.13824291015841508	-0.06836354984741953	-0.11954038107083925	
-0.0917564608131839	0.08452990886159945	-0.10430586727394162	-0.004440671505088258	-0.0303282699721828	
-0.07680510071001709	-0.06395943964505939	-0.10475191499645756	-0.014664993484307077	-0.03512429887102658	
-0.1007662121737052	-0.004864319697240647	-0.07389413460622958	-0.1645089471867384	-0.005591037562605576	
-0.07318475208169294	-0.019914501384947943	-0.12176613692113476	0.04260752943087526	-0.12407415658215132	
0.0005937435416375334	0.053608537040236014	-0.104796417241034	-0.004538782489430221	-0.06327405131570137	
0.053164133869875424	0.08581741522268935	-0.12811375583987292	0.04216580093610976	-0.09202139310180366	
0.011893866108423518	0.02924605135534318	-0.06816902633331631	0.003040197739111293	-0.05851132851727766	
0.01737200416555234	-0.010919148172917788	-0.17216536738638602	0.026878199736301723	-0.014167742422002133	
-0.0609703024504587	0.07302702925449335	-0.07562771679350795	-0.048753337446556265	-0.14891884918331338	
0.10124407826294893	0.02408551785306601	0.029084103960565134	-0.0375898405853967	0.03600738118160908	
-0.02968492823608534	0.01594674997245066	0.10246382210988872	-0.0070259869091315276	0.002802592867038059	
-0.0808961137553634	-0.03520250601800279	0.03717960250298065	-0.03367435009054967	-0.0641729125966959	
-0.2517132996107908	0.1291256136890085	-0.24682788330213096	-0.24456139497493806	-0.2510933610611573	
-0.03029871296992163	0.08265967945145629	-0.046159390692125594	-0.055184206682947726	0.02045012242828412	
0.0513803204838839	-0.1515306906113059	0.10868899677320461	0.1351506163348748	0.22302739652169118	
-0.00439904098296304	0.026703617709664743	-0.012862931806139438	0.02271170822805212	-0.08157050663268207	
-0.006012406030517057	0.06310754854112324	-0.008128855461509005	0.03926240575682737	0.01000720636983667	
-0.037732965264544345	0.09697085310963884	-0.11933008994216544	-0.029989290037995022	0.04311561861677563	
-0.010880752568509395	-0.05553491323335339	0.04819608217508206	-0.08210609242670867	0.011737970738408685	
0.01116855707695521	0.07061572483854255	0.008812908052011336	0.06896776951778189	-0.10501251272726153	
0.11227653368276096	-0.09819665023169634	-0.04133826965497577	0.07987288874800268	-0.09297124091102847	
0.02556410432116703	0.06586882842009564	-0.05122504078719602	-0.06832352822127988	-0.0010002332301714974	
-0.04298921702851189	-0.06137397323380384	0.02298080266748811	0.047602735664591146	-0.06535478799741236	
0.09842367042643228	-0.05979277816546789	0.08913604367412169	0.0036204249472408527	0.04906358136561677	
-0.09865073250110454	0.10554944284350902	-0.08131200282195161	-0.09944242343692714	-0.1286497164110693	
-0.100951164157293	0.03979267796996569	-0.025456655289356003	0.03866023737714232	-0.03431381815653608	
-0.10158953642207928	0.1634736855892595	-0.19761268810083668	-0.22896926022217493	-0.24976282008852935	
-0.2292393084669789	0.1415055993740341	-0.3150708228382361	-0.24425838077615822	-0.2721253313770012	
-0.07029571707156176	0.1425479455145048	-0.11608334525715391	0.017748684597684517	-0.03304846497898828	
-0.05259956996316846	0.04317928471013854	-0.02474273247049477	-0.07272673628013532	0.011356033725738936	
0.04125348415316847	-0.11259880923521969	0.03437991875104278	0.10082584666981627	0.012207127083523743	
-0.009414940629466127	-0.006033389246243509	-0.07818234721406686	-0.06541627287060124	-0.026791604617382243	
0.023779330391024804	-0.015977777798236076	-0.04852696519797806	0.012849001372805556	-0.08580543133494105	
0.1469882872482276	-0.0649743513161557	0.11143164650930276	0.11054983276333408	0.04210622672314359	
-0.05672065008834589	-0.0662567110306746	0.15237879218383674	0.01438740298044462	0.10849964672448074	
-0.03331252676074087	-0.08533973552875332	-0.03845994643727576	0.07659974872994522	0.07355360347198099	
-0.042369252568103574	-0.01781620832949127	-0.11234584443079372	-0.16125025431462328	-0.15662281892035804	
-0.030310011170786664	-0.010438203777460102	-0.06913403264291373	0.029852692161197035	0.056441635123773155	
-0.016485612764276035	0.09420684340236178	-0.12869030361893147	-0.1181550144650375	-0.050444258449968554	
0.011745350670744462	-0.011793045348039119	-0.10006829959010378	-0.089972244036286	-0.08803307615626557	
-0.033842753354160184	-0.014802151889383525	0.01018032229664207	0.1115384137192905	0.12187473663862937	
-0.020260609196186937	-0.08292827581766724	-0.08559066654012101	-0.012527479409422025	-0.10267644611598285	
-0.18392005355719102	0.21235036726650403	-0.3573779196215555	-0.37968144735892806	-0.3864625987516094	
0.18275435365205317	0.03761556435576449	0.1546442362267664	0.0269544079927696	0.14551218954123143	
-0.2428852806293505	0.1934888833949766	-0.3397665278205775	-0.27259850839955824	-0.285136813727462	
-0.07681148911247532	0.1765846959286577	-0.13623965762215542	-0.23943788901963053	-0.09378935988820655	
-0.08967363480361909	-0.07773546316290876	-0.027360292067600354	-0.08704962132183783	0.005265153808690662	
-0.09663383811913534	-0.03866972504720794	-0.09095241725518048	0.03595902406963573	0.03678521956082204	
-0.049368983139180624	-0.06718961009810832	0.007966994102335737	-0.06359172072544934	0.02172065549389257	
-0.025551169057120904	0.05816765179788653	-0.11343590513451834	0.01863327505371529	0.002171100004403071	
0.16547368566567208	-0.1778729944921502	0.3108883760242048	0.2710220051115906	0.4399374938336576	
0.0335345638436047	-0.10318644735747363	0.09216694440824665	0.14407232403401837	0.014062777793183566	
0.06346836968477987	0.03924294346108173	0.11783997625724142	0.23820068946312906	0.2103641874657398	
-0.8800908707008596	1.3872824473125416	-1.4125706843655759	-1.1276733352035109	-1.334457142519684	
0.6340262819858753	
