            A        R        N        D        C        Q        E        G        H        I        L        K        M        F        P        S        T        W        Y        V
 1 A    0.071   0.1267  -0.0347  -0.0437  -0.0295   0.0242   -0.043   0.0087   0.1126  -0.0206  -0.0424   0.0181   0.1375   0.0675  -0.0265  -0.1044  -0.1231  -0.0221   0.1117   0.0152
 2 A   0.0394  -0.1635  -0.1562  -0.2206  -0.0432   0.2738  -0.0684  -0.0221   0.3007   0.0852   -0.126    0.095  -0.0172    0.235  -0.0216    0.021   0.0841   0.2723   0.2417  -0.0035
 3 A  -0.0753  -0.0794   0.0287  -0.1314  -0.0751   0.1615  -0.0296  -0.0121   0.1895   0.0483   0.0611   0.0583   0.1306  -0.0132    0.176  -0.0607  -0.0104   0.0857  -0.0328   0.0068
 4 A  -0.0422   0.0912   0.1692     0.02   0.0839  -0.1404   0.0993   0.0158   0.0728   0.1339   0.0754   0.0683    0.021  -0.0521   0.1033   0.0165  -0.0136  -0.0586  -0.0833    0.094
 5 A   0.0293  -0.1962   0.1049   0.0747   0.0918   0.0082   0.1852   0.0426   0.0255     0.16   0.0357  -0.0107  -0.0547   0.0916    0.101  -0.0769   0.1757    0.067   0.0118  -0.0178
 6 A  -0.0803  -0.0432   0.0421  -0.1783   0.1111   -0.112   0.0919  -0.0405   0.1411   0.0049   0.2324  -0.0499   0.1183   0.1755   0.0729   0.1108   0.1102   0.0003   0.0327   0.1493
 7 A  -0.0241  -0.0899   0.0052   0.0513  -0.1128   0.0597   0.2568  -0.0103    0.028  -0.1001  -0.0586  -0.0144  -0.0522  -0.0383   0.1242  -0.0364  -0.0296   0.2019   0.2556   0.1386
 8 A   0.1091   0.0161   0.0415  -0.0932   0.0028   0.1143   0.0477  -0.0572    0.187  -0.2846  -0.1424   0.1418  -0.0078   0.0033  -0.0308   0.0761   0.2187  -0.1408   0.0472   0.0515
 9 A   0.0637  -0.0792   0.0196   0.1879  -0.0968  -0.0442   0.0379   0.0138   0.0227  -0.0217   0.0388  -0.1409  -0.0294   0.1957  -0.1353  -0.0475   0.1353   0.5477  -0.0396  -0.1508
