TESTRUNID EPOCH: 65 L_PCC: 0.8982773164201558 L_ERR: 0.008044102953205531 T_PCC: 0.8056069134160424 T_ERR: 0.014998947902214926
180 LAYER: 1
3 LAYER: 2
1 LAYER: 3
65 :ILEARN
-0.13156837887537629	-0.2956991954034259	-0.8335503152889246	-0.03931974664024937	0.3410867486594725	
-0.37139192035924357	-0.4383158100799166	-0.40756456636896254	-0.20894621176788666	0.19324100282010276	
0.15262091787793552	0.6548422110335693	-0.5302295698853449	-0.220587047545752	-0.029477255975108797	
0.034905855009392285	0.06003272863671501	-0.48544813956192195	0.3863333256214649	0.3320160609650333	
0.3572304416962736	-0.01196481013580819	-0.05508452067100063	-0.4113554567017293	-0.022742905251332497	
-0.23432627076222104	0.18816199399568756	-0.1660271067796563	-0.539732322469192	-0.2658083027793699	
0.04988123610703573	-0.2779085436468435	0.1363088999797063	-0.7577796626528202	-0.22637053476115304	
-0.9400957529541611	0.1553056010137425	-0.22129813321767955	-0.42026007842644775	-0.6845287405150259	
-0.5087105900107959	-0.9550944997011174	0.2651794089522942	0.36025032232521087	0.1375670051855399	
-0.20231463275704087	0.1822326792354242	-0.10135324742648197	0.1646379374405728	-0.054833412670159315	
0.09439738912137548	-0.012271215609734244	-0.17129780801748712	-0.21974289629962238	-0.17869353256707843	
-0.38726755124006473	0.34787737550870035	0.26638988550207104	-0.13804252122719915	0.28674404850427215	
-0.27465885788080174	-0.003765822401041538	-0.5568616717771858	-0.2065661509886168	-0.02453803147478953	
0.2494846685346566	0.6206177446687342	0.11183787990521532	0.6835863659891456	0.1720616944302926	
0.05675585885020619	-0.15925147771432208	0.42953198899889083	0.309209184842885	0.9093869683762045	
-0.5512791805194764	-0.15502461726901226	-1.1812786007314855	0.027365320412680787	0.11695033018446056	
-0.12913141233442832	-0.03774186589110936	-0.09289806249030719	-0.4885322395132907	0.20365506195471678	
0.1953645109097695	0.15388847977792985	-0.29799095614505305	-0.29419620388384826	-0.466431912576628	
-0.3805592853804246	0.015460426372851931	-0.4700000889936671	-0.17330137351532285	-0.09616587889373882	
-0.31294999748598357	0.3112707250384878	0.2253106599274523	0.161267538847006	-0.20887415084557617	
-0.14551058962898386	-0.0806566689608757	0.4474695638571285	0.2888295078511835	0.38441100295831593	
-0.17500243761947543	-0.009950402351967405	-0.14138162782074207	-0.7200222504182271	-0.012670342623034327	
-0.44801182371343584	-0.43408267453634886	-0.052112108272034705	-0.5565500841180018	-0.1826855582879964	
0.0160658816125494	-0.02058245302438061	-0.30498792638457267	-0.12099933108903331	-0.3692464094320505	
0.20762604396890497	-0.25374909967513326	-0.2301055893414777	0.12322516798581895	0.2394537313537596	
0.1748820824354727	-0.2784143009204195	0.3405024181837327	-0.04083329651912463	-0.23993728337906586	
-0.22895199602122981	-0.12687574942172375	-0.013421402656696805	-0.27041636649742934	0.01112841879888312	
0.011303023008489498	0.06917865664331949	-0.22113020882901815	0.39378100834831425	0.19142733085255417	
-0.040756418616934076	-0.03404879859921833	0.019641018920655076	0.2309155249731041	0.022351136257979434	
0.28464262145749186	0.16983765214776472	0.04332989127940599	-0.16408414454264617	-0.182240837903935	
-0.021113496239898853	-0.43019357170704287	-0.06338199594242525	0.3499002624369585	0.19554220548720197	
0.18279678521929354	-0.3298858850759086	-0.36948665051452606	-0.4168952030569864	-0.11793635748984294	
-0.2640991173534926	0.028864596039993407	0.01368175217876726	0.1961744812920784	-0.5076562032667137	
-0.3108193285819215	-0.473266187382484	-0.26882183366518175	0.24450718549735728	-0.03893981296455087	
0.227950117135425	-0.24224823353473507	0.24376247528136077	-0.3504217669421872	-0.26023586266117754	
-0.06346411555928033	0.09143267832426556	0.028410087374101032	-0.22719958526675285	-0.09492534797258054	
-0.016890227473969233	-0.1042139177722703	-0.3352123614446111	0.19332721281213475	0.017363951268791908	
-0.09150313629862296	-0.432982676006864	0.12511550765162674	-0.04571389660365514	-0.24003786388118853	
-0.2107931175589693	-0.19210310319505647	0.2431598173705808	-0.0055390785518679144	-0.33479823483916304	
0.30731500986521737	-0.03537505588574899	0.14556339481913055	0.24945943980508076	0.007724135258844474	
-0.10649090505567735	0.1394112490336584	0.5562636841299012	-0.008974492981217082	0.0028960351335960456	
0.12855725543014898	0.1753276657703896	-0.23913294831242532	-0.05495368385340385	0.4250350691951625	
-0.2700561160410909	-0.08309283334410869	0.0451162078181738	0.28113762408889226	0.1459939242127125	
-0.11202143963449832	-0.44333805055067405	0.013810688557139565	0.02123514764029038	-0.003664076928835784	
0.0395899439027385	0.07368953758099799	-0.2236622751746601	-0.1747358687012759	-0.2575477278980206	
-0.04388805273467519	0.060051748363207286	-0.005734727250202713	0.11001260767421087	0.1445610841567034	
0.13950821944812125	0.09442338291267706	0.20530548340433244	-0.27034157603860526	-0.04975370369105323	
0.18857452452055334	-0.11538236446841936	-0.1566215772566683	-0.17601400542435675	0.28265198338782754	
-0.26711963338430694	-0.10220901474811604	0.009394748987513177	-0.11028265223869788	0.01242233103798541	
-0.005287589506080464	0.14950010318729806	0.15556194324445788	0.008519944049116025	-0.023582878809805564	
-0.21976011220262104	-0.3154628674434287	-0.21674451600912203	0.11026955839930283	-0.018282976254992374	
0.24311212710062555	-0.09996207668263932	-0.1856484961707082	0.06188646958475657	-0.05144803861455033	
-0.011788083265705553	0.43372696980008907	0.15030935198641657	-0.0997433643166138	0.5084593665817534	
0.07557791080898764	-0.03231982771803313	-0.5156572613690074	-0.10495462226850048	0.06618502873601474	
-0.05780526423885573	0.2260285160084917	0.4043876689245409	0.2347605470978453	0.08823439166901403	
0.009542560139579184	-0.15773958459386953	0.08668347192686653	-0.057666434915029194	0.05860612675347633	
-0.1243163190944997	0.04373240316682606	0.40387563028803813	0.23721968845781313	0.1233771543224653	
-0.2574013316895832	-0.04230082785203319	-0.21957818565574533	-0.25746411057536456	0.4448217624391213	
0.4417550269812828	0.236611746150108	-0.3389898861138785	-0.24843866627567768	0.13234077725198273	
-0.3904961391010235	-0.19158912462550368	-0.7355651970402067	0.032995905447746554	0.18162514604350302	
-0.35730179840961784	0.04476789659204852	-0.14115965050885299	0.24395199237518608	0.02659323292719575	
0.09950286828915861	-0.18758933602986333	-0.23792314325738878	-0.2213894216904843	-0.2429328558592837	
-0.01028828521427778	0.03410002431180105	-0.17107774305939005	0.0418929851601616	0.29103741016539136	
-0.0300513846651798	0.1887540973704581	-0.20919623356741576	0.004975545060817972	0.2035683697088114	
0.34261716625232397	0.6266646474233398	0.07550390671240201	-0.07960284212208435	-0.1702962263828127	
0.024783797999874443	0.13480129763519738	-0.2893931757318643	0.02670087007987991	-0.048898126719614694	
-0.2109068994882398	-0.18388525682016452	-0.3473040271845622	0.3351289429903055	0.42063234202019856	
-0.10599145027624919	-0.28945095794598114	-0.21950198682191047	-0.014610539272815696	-0.5454105614760627	
-0.584103045241156	-0.5929879602047027	0.1419596608208369	0.24652950471336096	-0.03431412806996911	
-0.13976491815174666	-0.021568558716677202	-0.19574021853772944	-0.024570360906028654	-0.07895316544188612	
-0.08590568474399377	0.15847809144863834	-0.21535468361199794	-0.2615472499982531	0.18327428699186257	
0.006635487800793149	0.7424506947191056	-0.1029598403603762	0.3328738325676756	0.6407621809109268	
-0.41285495115902066	0.04534659919719839	0.32756710448578913	0.04866606029374304	0.1394388654273762	
0.14885756079161722	-0.08975786708088411	-0.09845064742251858	-0.12718071243238613	0.13995841213446056	
-0.02080348484905559	-0.01594387403741422	-0.04447593263975232	0.3872429780069131	-0.21768908956615984	
-0.12490058161901116	0.0380931696590555	-0.22403082221703421	-0.013117126640195353	-0.09219443572572937	
-0.5013047676451479	-0.20527546446719608	0.14256435346643698	0.03316482223301421	0.2009025274170448	
-0.2802808914737526	-0.034715513188908004	-0.15519020780286558	-0.26748110663981683	0.14325146946213718	
0.0693299298191778	-0.1440267511240164	0.13223493838524847	0.20479792671100885	0.35858275570871695	
0.6204311164151947	0.05506251430302146	-0.10842868692255547	-0.17305680975281296	-0.19936579329117518	
-0.4526308322835001	-0.47338675853945583	-0.05058746309370489	0.2747746013872532	-0.4946679499539488	
0.015616891118063086	0.20561490107480015	-0.1307379352484415	-0.3419540734034595	0.1405239239232096	
-0.631299048364761	-0.11470308808073436	-0.01645292506480994	-0.2626379161167266	0.1333092374520864	
-0.3885224156733154	0.11446338307487043	-0.2819598609727357	-0.0004854707913449505	0.0652685341740091	
-0.16266057699043587	-0.22766243554109367	-0.20397931656158616	-0.1826614701031842	0.481712692615147	
-0.006713162392255057	0.2579067757854842	0.1293620360260424	-0.1188582041858829	0.6601988935476633	
0.09626819582204682	0.17196008216730752	-0.005907645070147499	-0.15535166378421628	0.3281867837793427	
0.13387130234375877	0.14391040369371158	0.1333546333067476	-0.14523924234335062	-0.13005906430582273	
-0.3882436896129371	-0.09528952310192622	-0.1602170512475372	-0.06714321889737432	0.030656483713776522	
0.04013023171630804	-0.15743606917236555	0.16688728537916123	0.004698030533904625	0.26585933248476235	
-0.2745448842348317	-0.13562893317075278	-0.22052429191066467	0.1296821978410608	0.447861607227004	
0.2181613136619989	0.1958388440927606	0.019264953177002192	0.19045604560244966	-0.1823140625024209	
-0.12324590948832366	-0.2864941460415929	-0.40192366699037996	-0.055888745383654674	-0.07289127304940878	
-0.029203072062303104	0.28204380749728153	-0.6169295292245628	-0.04463995042985608	0.6409160908399512	
-0.19232797265436477	0.20229888629916878	-0.05845781374215543	-0.1534978692607282	0.21165291405997438	
-0.10581298670894265	-0.06531762969038292	0.06376996898488813	0.0563760691569419	0.17969450681940524	
-0.8220903192285517	-0.484474363478752	-0.8832791736865063	0.07039036829288428	0.05873693035289128	
-0.12968167503549183	0.4583717293628402	0.36249338626605937	0.6436357367158568	0.09268039693128109	
0.2367105203109768	0.08588394154200939	-0.0063608660276156526	-0.30309757463906817	0.4142825956034471	
0.11923067312717042	0.2454001814523927	0.3804764268699212	-0.16771666668422786	-0.20797118230931477	
-0.44404339753711597	-0.1653233208691467	0.0011205176842905356	-0.005326367716717682	0.30820062493590145	
0.25414445500199834	0.6862668536976604	0.12018854351320289	0.056182662753238716	-0.0907173709708394	
-0.7931829420443266	-0.5930580769312994	-0.9490094644291753	0.35723786630001725	0.49534202214297884	
0.5489883753125313	-0.1290519973634437	-0.1652924854985213	0.5021024238183134	0.4922442581773361	
0.26276832897107166	0.5293565922318952	0.279506219105229	0.288333597398475	0.12624507716790373	
-0.08711734828256792	0.057040930260335104	-0.2262383278230652	-0.061116103412203575	-0.05919382041673268	
-0.6026317531357077	-0.13257856462549045	-0.014185148622715972	0.08475293414953745	0.4374511657251102	
0.2018467004741572	0.503626615521143	-0.3528628348942798	-0.5950962513446953	-1.0705970673818792	
0.06091338767687762	0.10978708892648067	0.15367894860028464	-2.7376242635907766	-2.091184540914271	
-3.2104729638185394	2.444713062897631	
