TESTRUNID EPOCH: 74 L_PCC: 0.8696083665591856 L_ERR: 0.011058751540078347 T_PCC: 0.824621185434656 T_ERR: 0.01458893415889247
180 LAYER: 1
3 LAYER: 2
1 LAYER: 3
74 :ILEARN
0.05527072878818367	0.2290011149074479	-0.11954043673637708	-0.15445591953489168	-0.2153434750061063	
-0.16408302660058546	-0.021865900558897592	0.08494307074595184	0.0746691425724383	0.3579032180244187	
0.42047817530146714	1.5519967716927483	-0.14497336227157293	-0.021722354279406168	-0.1764401942251571	
0.14898858701019493	0.1821333933177766	0.28658843553166585	0.2611369424290914	0.3608994635351922	
1.0245080680614862	0.01566992606163982	-0.13705334667555608	-0.07650722330394703	0.12481409376702428	
0.1322382331784612	0.0888895809540315	-0.1504129198112797	-0.24130012121672786	0.0636410772891834	
-0.2230779737079281	-0.2296589104327334	-0.05641090493859046	-0.05888900366212322	-0.14080546852972575	
-0.08365188656105581	-0.19842965690668504	-0.2111158878276363	-0.8310166011530897	-0.31080769477876363	
-0.3762455518218507	-0.7228505385675965	0.2523937298667723	0.4432554022476869	0.9395633189081601	
-0.07183103915927415	-0.009107966868193861	-0.08385844580336867	-0.03157647044561325	-0.04115988278539635	
0.10120059486158603	0.016314857541943256	-0.06838427224170382	-0.05736269575714288	-0.14336799838388853	
-0.32186457546431463	-0.6088986535186788	-0.0900924442710477	0.04668937420100596	0.0547469690500916	
-0.1677480158792581	-0.14462036013940144	0.2551417489661299	0.08555053586671432	0.021692910064763486	
0.386041239229971	0.38897270295919134	0.3633586580967819	1.1364114369726708	0.09637729505787723	
0.1654014636268041	0.2549070630722198	0.20013890469312903	0.44971573495340733	0.9448829580502267	
-0.2684135888351474	-0.1848053644374871	-0.8192687649677344	0.050162420627231114	0.0451995970700903	
0.07666121824116198	0.08427396471965694	0.1318487486191846	0.15998599925877202	-0.04601442164699479	
0.07917724363921338	-0.014381762025741013	-0.3052445417407015	-0.2800870086190828	-0.6197081263689367	
-0.5362350882761228	-0.5790805231973241	-1.158100388678466	0.01567792287742635	-0.01837263944774377	
-0.05259460395139446	-0.40364051318749605	-0.5930941389934575	-1.111974032187034	0.1324605389608719	
0.0829068605155209	0.3268146845986477	0.6091654024321439	0.6793294769102143	1.5066380276865239	
0.1545387869265866	0.06328231574841343	0.8675262197297308	-0.014065165740883854	0.07234135914975902	
-0.2073657599848082	-0.0700155824655397	0.08986956722985028	0.04897076254451376	-0.0867999654555875	
0.05109261052049327	0.050775237692249287	0.008753022451313708	-0.09737522904992914	-0.4402426628967709	
-0.17001509317983132	-0.17925706765565647	-0.28462294199564525	-0.04495362861574322	0.1020545608431628	
-0.1131062280000979	-0.12435160602779517	-0.06431166168920388	-0.37078079520777596	0.04408907071727469	
0.14372739907733642	0.6131416578744926	0.13787368759781105	0.03754288776126707	0.388180858392567	
0.10732503411479556	0.24828424140994604	0.2708566181633929	0.3142742381770484	0.37773172994808013	
0.7290333870496133	0.16385461798045017	0.2730254602734752	0.4604963491116508	-0.060548089175632674	
0.0058387564159417295	0.13564088496102691	-0.0448552576202628	-0.07406232074634554	-0.2599508209710103	
-0.294571342764197	-0.09043495012009758	0.6359604412592377	-0.1019419117930585	-0.05787344568908494	
-0.41261809731063176	-0.2970520779907273	-0.34602988054966843	-0.45565706110568527	0.012669045585176213	
-0.30685832871809743	-0.011143905940790663	0.040135406773959464	0.12033715141033993	0.0218266412004267	
-0.176509776609112	-0.19781534567145337	-0.11727164009799244	0.09126321127826165	0.09692611164120317	
0.23758617764109588	0.09045878066788805	0.019777856046707138	-0.09241547767512871	-0.1379257741261575	
-0.1415949060707385	-0.2074047749688894	-0.06217499821586488	-0.20268822613367538	0.17916448811684563	
-0.05937506938775051	-0.20702751216090173	0.18461223255159306	-0.04428694098207265	-0.05149861511983184	
0.2867259206791594	-0.027230390337729848	0.13121041699489966	0.1934316384101469	0.043631571893191085	
-0.03602126484880453	-0.2126914400462776	-0.03267155090832659	-0.02695877567549481	-0.14731852113766944	
0.19151305803838137	0.07204613987662369	0.1630364967251839	0.018518163204284843	0.1423470841717714	
-0.19913890377425048	0.06504027525025428	0.1209557190534626	0.14547142613734626	0.006183197618186074	
-0.004242372542785759	0.06872295169484832	-0.19324765005032435	-0.1778658087697524	0.5351912580328744	
0.09761018912792542	0.301711952815028	0.21581134038872973	-0.05897338303263088	0.01287367978466414	
0.2610050848126295	-0.16502970980199932	-0.028543466763712357	-0.09530549819108257	-0.08561138000471402	
-0.028967794798085755	0.09872061973281347	-0.1623834225447153	-0.08193949106013423	-0.2595939076335847	
0.18108507053737893	0.03771370965000538	-0.008411937989011712	0.09050733475164678	0.050826620672181175	
-0.01892451958031651	-0.05503885355133879	-0.032000383927000164	-0.25600868784047476	-0.060158951940374315	
0.046625666820061994	0.2863240855401291	0.07329807704386954	-0.022354089433059162	0.5282645220529982	
-0.01530289425374868	0.06624648794643402	0.08377660385630424	-0.12996675789412954	-0.07096068331578669	
0.04121007453171741	0.05027425966425516	0.20773221325696933	0.365785920775827	0.2587994018835601	
0.16486225924485662	0.2912618154471131	0.04618737060401016	0.19541431779072907	0.1420400815336347	
0.12052534570101722	0.07823337034209993	0.16155476375863784	0.03160721419739629	0.15093149571277317	
0.27356840421557627	-0.012730612437268385	-0.03820192947196572	-0.12935146287789212	0.01489360856911011	
-0.10310236860380509	-0.17217609330656344	-0.19064256808255056	-0.10629715149947136	-0.05897538186038264	
-0.051853742206982925	-0.12708377610748384	0.2612292723051377	-0.13065349844729937	-0.08195192464987136	
-0.0030060885117891723	-0.1055960542358967	-0.12012278921513259	0.015529646108984456	0.05199089546396209	
0.06997115597038768	0.06089140717286047	0.17357111596431102	0.11978110560545924	0.5699269222293498	
0.04195406013618025	-0.03006958373754413	0.006612866631744917	0.10009953648412007	0.07364216268206249	
0.23906202752712777	-0.05952805760862319	-0.13368783705119294	-0.42843691009089074	-0.11577234513994777	
-0.17313996787624225	-0.03676877683729453	-0.1445795464975337	0.0083901493338776	0.2297727614781937	
0.11501304214716963	0.049088037682311826	0.08106316957451006	0.059498480829575706	0.01730368747368467	
0.4415836983292398	0.09832070673595868	0.1949915000484756	0.11383573097611317	0.029675703349249176	
0.1886387419403448	0.6608196006800267	0.016515739752461053	0.003259271075562592	0.3136997282252627	
0.08447059174373503	0.08747359363377832	0.27131284745027334	0.12544519711163113	0.2650241963640305	
0.6233133468777573	0.1299253941019562	0.07418338749390278	0.2805743721929032	0.13812004221559837	
0.23231040219539847	0.15410517561385964	-0.19357901745926978	-0.2659513962774854	-0.4008947744366493	
-0.3239569467904732	-0.2008678109903651	-0.460598771925256	0.20642173600526903	0.28865528200088497	
0.6445252572390958	-0.22378525734935498	-0.1753309885990499	-0.41377493683468225	-0.11647962613290234	
-0.0767446401302364	-0.24232839585398364	0.04144225638167442	0.05925015753236639	-0.19280820820285718	
-0.03966936917554366	-0.1253485394157589	0.03517206291400423	-0.11576099607401845	-0.34578389150448163	
-0.31749751878159127	0.17817152987318813	0.1477074145573314	0.3811389585410391	-0.07113417370984051	
-0.17954291737360698	-0.01029234424341855	-0.17249667778632377	-0.10090779681127005	-0.4111235288426867	
-0.12541566574252913	-0.3456600679831121	-0.02678254613854851	0.02635676659923657	0.09571682538701332	
0.21003347560668745	0.0025703014729206975	-0.10028017570668121	-0.11812172374628117	0.103815035431311	
0.22275031280804408	0.3162923307237185	-0.02371593396121913	0.07328761146655477	0.3916885740319653	
-0.06089814069858639	-0.002005277636835832	-0.07008670039631286	0.043867318914776535	-0.02938790644864819	
0.20635658795649336	-0.09888568149003844	-0.06748542009097723	-0.04455296861335297	-0.05707637328783102	
-0.031027342655472964	0.18396969514327768	-0.0013825986284424529	-0.03435959004012212	0.14818121842396464	
-0.06347605547358227	0.0176667876619713	0.15520515162386303	0.10075434539722325	0.2803525409570292	
0.3237727392869683	-0.1766653250591246	-0.13935190323973068	-0.18273822399929604	-0.08605606229394244	
0.05288544854789679	0.12688687849659425	0.029631875477243955	0.17017892736439272	0.13269519428359475	
-0.01845847434870234	-0.05839365587757846	-0.2753163425011393	-0.08999846706311758	-0.037491039214228056	
-0.3623781778291374	0.016388259174565815	0.0572758480534583	0.18292924177156475	0.034940698596472204	
-0.0692957107628144	0.18834019858270915	0.0328379727461116	0.11716026214158787	0.11328642756120355	
-0.04874969068059046	-0.1972770967012652	0.2003248380057482	-0.13205760301921152	0.03175038664533944	
0.047327507146756535	-0.10572095021206136	-0.05514131370327838	-0.0025947812509303464	0.25965003376693635	
0.3321946576539977	0.3915043133346517	0.09497562878638902	0.15223885211175553	0.2496209701093253	
0.13958750553312535	0.27081020753130935	0.27603454359533175	0.08065715444340198	-0.023552075646022883	
0.12325058155631181	-0.17307425514964622	-0.12298726318759552	-0.2750021653789114	0.2575957989842689	
0.3131115714279087	0.4448374117047468	0.16209484676802657	-0.049312652001734486	0.09515728366621033	
-0.2726064714217286	-0.12069070092840004	0.10900703115598491	0.150032373719154	0.15400661827109804	
0.035607722291253974	0.044634330889685894	0.00046298707577651304	-0.11921847505789027	-0.1526808176769002	
-0.20265910665989606	0.18492082133431584	-0.17177181439682757	-0.14287021604559397	-0.2840325007418885	
-0.14061714674238654	-0.03919692566563733	-0.2389563798931251	-0.07715845503158433	-0.30089424042018925	
0.14905952477088638	-0.13054177676355683	-0.165464048105656	-0.26248910352663196	-0.07190115426481661	
-0.2743752596934277	0.05589578660893824	0.1641632987129462	0.050366825327257926	0.35044824462393404	
-0.3658486710156072	-0.3702411141389705	-0.6905387334860646	0.4669065681245713	0.581510636343132	
1.1998794081477462	-0.04198062966251484	-0.09813028440669685	0.01535118699741815	-0.03771115717350744	
0.0034535197002259627	0.08328117061077955	0.10870101849097424	0.13933320840164043	0.4155310239241922	
0.08637222332730812	0.08737367626181874	0.06886598971314264	0.0840413028611321	-0.05441994200973661	
-0.08250355808928184	-0.054538052743062254	-0.03712467677718992	-0.06504682472873768	0.02141883239449209	
-0.01728271699976773	0.06327030236544282	-0.4505043048981053	-0.5306117760029633	-0.6729414126484504	
-0.23030129244646816	-0.19491457534165416	-0.81908956987279	0.3750544236740554	0.5841894072960316	
0.8532426074232109	-0.12016346399502636	-0.256370883057778	-0.0519371603865334	0.25009409476724237	
0.26817486433173565	0.4660330056387183	0.09519781366618099	0.08031251693386426	0.019121586720529105	
0.011785881323977147	0.09817638883967753	0.38276063710587804	-0.03287390102575513	-0.039268166194754955	
-0.13639568692852316	-0.020179255285042854	0.15799700414114362	0.19182384056495136	0.4821014334093482	
0.5822436552439356	1.3414949694232277	-0.7110534794701961	-1.1879580801651286	-0.94758891292413	
-0.11784418327483229	-0.09248368674012153	1.556457001187293	-1.4745305910814281	-2.0365074485949535	
-4.5182988865856775	3.5953516033017103	
