TESTRUNID EPOCH: 49 L_PCC: 0.937511637231084 L_ERR: 0.0005311232586115833 T_PCC: 0.6426688247472961 T_ERR: 0.0029026419130170128
180 LAYER: 1
2 LAYER: 2
1 LAYER: 3
49 :ILEARN
0.3148261572278366	0.396678078376659	-0.07812579328504832	-0.09891029456677128	-0.4350329358315672	
-0.5266124587250882	-0.2191570945563665	-0.1615729226279501	-0.11644965647189506	-0.11865189892211074	
-0.15301979331536067	-0.0830548373044942	-0.21662806825874198	-0.0749781458065086	0.16625290587229136	
0.40887880845384567	-0.05436753795694074	-0.14544747154259574	-0.3611332346027851	-0.355508184302968	
-0.20189361730345312	-0.16336343799755912	-0.10853431153346847	-0.0402881342517529	-0.11405141682583163	
-0.08002377056647281	-0.43750005016144916	-0.558831459210378	0.12651909332442876	0.2672761191676055	
0.16181220930583445	0.2708183266040634	0.32692132184185996	0.25530056015465086	-0.13731149600902087	
-0.39249364226729344	0.05129630506151153	-0.018600076203686235	-0.13017074288120198	0.00821404024473737	
-0.15328369484139853	-0.24299469036999483	-0.2355607654679342	-0.12182188281243438	0.00509689315430778	
0.04752893555634645	0.15627240421587055	0.034874243170150344	0.1907263557916284	0.12951177754793236	
0.06826603927862172	0.2154536749213799	0.12966026342337025	0.15278858127671358	-0.1333475219726861	
-0.27546360299954414	0.02370759360678629	-0.1050962337493446	-0.02163902477582388	-0.05559276178770559	
-0.3138647827925384	-0.420791262155416	-0.012671168101758432	-0.023880372032491135	-0.13877473096853354	
-0.17944640529934994	0.05159808997516907	-0.018506877395515483	-0.36438284346150673	-0.35643645095375787	
0.4294443171809208	0.3258558364028062	0.2541270091670551	0.42742230409390536	-0.05034813145810855	
-0.13554058292256232	0.36812839075016807	0.2851147260803482	0.15068488500249366	0.1273572033707572	
-0.1659988000598239	-0.34759088432721075	-0.4597085146409804	-0.5407087021891298	0.2230445359151299	
0.37001777883249115	0.0018199074500292942	0.2904279853735327	0.21852975476662045	0.12565715271787084	
-0.2519096923503043	-0.14383263794254894	0.024142531178241666	0.07956020271936243	-0.05688368546568698	
-0.1276286448652475	0.07427342356074085	-0.07072127737680495	-0.3586433628849661	-0.35001663953237416	
-0.11795169158625858	-0.1540020336313444	-0.6738023600185283	-0.8140619164719917	0.08748990061371825	
-0.07012648655906363	0.04084018129440822	0.12689025890587755	-0.15180446748073995	-0.11675176772723884	
0.05973777614550203	0.06844146444729811	0.27877373684037215	0.23933693597001293	-0.15285893733017808	
-0.16828538025620615	-0.06309253908314648	-0.20159264726536272	-0.1375946077994669	-0.37152376272209303	
-0.0857917191724029	-0.15537196811346204	-0.4531609856233523	-0.44597044085926574	0.14151145432319573	
0.10471637431779005	0.2545735585766121	0.28314654552881036	-0.07257913033814595	-0.10308918666736913	
0.14755299406827482	0.2497416161692554	0.20779919675997505	0.09572856838133405	-0.029635583277367573	
-0.19921422238172828	-0.19348493485864168	-0.1281563521883089	0.02834207557930006	-0.07030530139762864	
-0.2470533666720091	-0.4982564387475516	-0.5552671777023164	-0.5468677870899797	-0.04373704448429685	
-0.08946756837114668	-0.25500692628817534	-0.2006019978196814	-0.03742381481703173	-0.03768907995284988	
-0.053508106918319344	0.0805700182296012	0.08562112512932905	-0.05936511352880932	-0.07095323270443017	
0.026401772866698796	-0.04740503191476645	0.07657334771244168	0.13803761698472053	0.03829854879628047	
-0.006536750901321098	0.031325252467833596	-0.67262058166691	-0.6964030157307383	-0.015679282641239828	
0.009616402012881733	0.21862340010360046	0.31761615302005	-0.1391328952329938	-0.17530977543785126	
0.023347115488770557	0.14121618330204358	0.21604165770600842	0.1482108172191596	-0.05790826157603307	
0.06008554723888234	-0.014731369485321054	-0.08817173194426571	-0.21006546975105805	-0.2460414628406863	
0.02874245366102506	-0.15598956287515908	-0.18837873866202365	-0.37006534193964263	-0.10563707228883171	
-0.06441947523182967	-0.10655951086516827	-0.03852517855641334	-0.050512526611489215	-0.04858571109992571	
0.30264437221571405	0.28368143421194525	0.0775496646482967	0.04315186881581296	0.05251288419186364	
0.05598695746075396	-0.15627192584700575	-0.12563933650365128	-0.1432130578028238	-0.16823438808294072	
0.07712439724075396	-0.05620612588077901	-0.5616997295425141	-0.3944703995544323	-0.0025882999830678945	
-0.023181007117096693	0.23710083971574303	0.23309986375666747	0.5612032115675422	0.49562099257293085	
0.1762406035197249	0.34639539501151484	0.16457955271969782	0.203465264323845	-0.34016037525443515	
-0.42505260580962917	-0.658969776157193	-0.5425117067649032	-0.03103310209606667	-0.2740328052048238	
-0.3718553977461496	-0.4231805824290528	-0.3318090214899895	-0.0957943435444358	-0.15645798532567112	
-0.0741129546687902	-0.1463797648806553	-0.1746986488667544	0.2783310063229324	0.27993627844099717	
-0.04754783704816627	-0.08442954377902463	-0.044650179868908485	-0.1876636086353876	0.17969306953734723	
0.12374940293368338	-0.05238389515923848	0.05755331953386282	-0.12498183840372555	-0.1044248496053328	
-0.14898437744255472	-0.07222292968436718	0.058374023540708336	-0.05703774487723118	-0.08123556130742164	
-0.12648082798313148	-0.06659676860950146	-0.06330805780343463	-0.33020070904260684	-0.23977834348308957	
-0.04475845801256259	0.06957601053151627	-0.32559772122329383	-0.2830799088174247	0.12704024015918056	
0.14174493322133433	-0.11079208730492132	-0.19641441393008727	-0.23736949693161588	-0.23367385958558168	
-0.05101380147451096	-0.04161563999872334	-0.18062608904038296	-0.2650235719994971	-0.007967873087412073	
-0.14444304717922188	-0.18899425080175142	-0.2644538346715952	0.011252134314340644	0.004655792255315537	
-0.05800830146121888	-0.047832202590084645	-0.0018124509956924022	-0.011202901203227854	-0.0735217786218529	
-0.1912133255665168	-0.1710810157369703	-0.21057661218465923	-0.25329405061273386	-0.19951867400772264	
-0.5018024101105184	-0.6783323285055828	0.06336830144980272	-0.08797174113567306	0.01502995205149116	
0.09067986098059339	0.029820481888260742	0.044688360403766815	-0.0750636409922921	-0.11698362423575201	
0.02441818340291177	0.0013891225012074358	-0.39961329154887726	-0.4893296592591709	0.06650690061816891	
-0.07261888467680602	0.2706175597005311	0.1795724522685431	-0.3508431472210516	-0.5290733851154265	
0.12411641312001238	0.19350551219600873	-0.19988142506609372	-0.3492358577316182	-0.04311339488791685	
0.051983920865187425	-0.03840435082330617	0.015212733453867724	-0.19269701011155527	-0.3095724225417227	
-0.1056368132344189	-0.19176604036583414	-0.10450060434954075	-0.10606171503658257	-0.11691050209329726	
-0.007521706191145792	0.09653649062631432	-0.014389105514923322	-0.6761537611438307	-0.6155270161224117	
-0.28987297891333114	-0.3192080330084596	0.08450440700254182	0.026156949638901524	0.1108873164383151	
0.06619488475506465	-0.009929770154323617	0.048525473374764434	-0.19692919393717048	-0.2679884930822686	
0.019319374959091327	0.12053220107838306	-0.15769261100455245	-0.146143876589294	0.09545684894579112	
-0.08310952892409977	0.1346368990086654	0.21517248027143096	-0.06527514405825408	-0.1398731783146586	
-0.5669042368561994	-0.5980758852516715	0.325041823506971	0.33365287081494743	-0.5003590692392244	
-0.45438919474461353	-0.4947367484648746	-0.5559704600931761	0.1379896340203242	-0.031072113275807438	
-0.1124454559268639	-0.17175683496929148	-0.3745628037989426	-0.41815143643886166	-0.040096227347120185	
-0.08596719584028395	0.5082165420658403	0.4593202287865229	0.008877252876558486	0.03379392192433913	
0.27438714985883955	0.3413614457528426	-1.6207124945070948	-1.9605720850504003	1.036131230763828	
