            A        R        N        D        C        Q        E        G        H        I        L        K        M        F        P        S        T        W        Y        V
 1 A  -0.0553  -0.0171   0.0114   0.0021   0.0008  -0.0089   0.0109  -0.0293   0.0424    0.064   0.0261  -0.0121   0.1183   0.1028  -0.0187  -0.0332   0.0295    0.055   0.0698   0.0008
 2 A   0.1467  -0.0502   -0.002  -0.0074   0.0035  -0.0004  -0.0009   0.0402  -0.0288   0.0209  -0.0032  -0.0267   0.0376  -0.0156    0.182   0.0718  -0.0167   -0.005  -0.0103   0.0235
 3 A   0.0567  -0.0746    0.014   0.0282  -0.0166   0.0274   0.0903  -0.0341   0.0589  -0.0029   0.0064  -0.0255   0.0585   0.0465  -0.0579   0.0371   0.0317   0.0333   0.0365   0.0455
 4 A   0.0278   0.0239   0.0448  -0.0115    0.033    0.035  -0.0164  -0.0084  -0.0023   0.0329   -0.018  -0.0016   0.0209    0.046   0.0648   0.0304   0.0234   0.0007  -0.0357   0.0694
 5 A   0.0308   0.0516  -0.0075   0.0318   0.0092   0.0262   -0.002   0.0474    0.004   0.0288   0.0177  -0.0407   0.0412   0.0319  -0.0192   0.1084   0.0031   0.0186   0.0134  -0.0356
 6 A   0.0142   0.0087  -0.0091   0.0794  -0.0326   0.0424   0.0353   0.0237  -0.0163   0.0607  -0.0278  -0.0159  -0.0099   0.0436    0.056   0.0333  -0.0026  -0.0041   0.0177   0.0625
 7 A   0.0301  -0.0102    0.046   0.0003  -0.0066   0.0112   0.0139   0.0292  -0.0012   0.0112   0.0688   -0.006   0.0112   0.0445  -0.0054    -0.02   0.0392    0.054   0.0325   0.0168
 8 A   0.1191  -0.0173  -0.0548  -0.0045   0.0003   -0.021   0.0191   0.0024  -0.0168   0.0475   0.0003   -0.018   0.0554   0.0013   0.0907   0.0175    0.079   0.0029   0.0007   0.0555
 9 A   0.0136  -0.0203  -0.0032  -0.0015  -0.0015  -0.0023  -0.0237  -0.0102   0.0583   0.0077   0.0737  -0.0511   0.1248   0.0914  -0.0223  -0.0097   0.0029   0.0175   0.1521   -0.037
