            A        R        N        D        C        Q        E        G        H        I        L        K        M        F        P        S        T        W        Y        V
 1 A    0.282   -0.709   0.0796  -5.8466  -0.0919  -1.6184  -3.8724   -3.144   -1.697  -0.1935  -0.7202   1.8294   1.4885   3.5346   -999.9   0.9213  -0.5787   0.4437   2.8021    -0.79
 2 A  -0.7249   -999.9  -2.9507   -999.9   -999.9   1.4064   -999.9  -5.4002   -999.9   2.4995   3.5277   -999.9   3.3205  -1.8582   -999.9   -2.085   1.6761   -999.9   -999.9   1.8594
 3 A   0.3369  -4.9979   1.2218   0.5355  -1.1149   -1.707  -2.6421  -4.2218  -1.5127   0.5033    0.241  -3.4527   2.0932   1.7939  -0.1553   1.5599  -0.7468   2.6545   1.9943  -0.2052
 4 A  -0.0849   -2.325   0.4192   1.1743   0.6269  -1.9532   0.2024   0.3968   0.5566  -1.4853  -1.5668   0.6985  -0.3429  -1.0922   0.8632   1.6326  -0.2936  -0.1951   1.9658  -1.1989
 5 A   0.4107  -0.6908  -0.1935  -0.4133  -0.2252  -0.9496  -0.6389  -3.3839  -1.9213   1.2006  -0.0178    0.385  -0.4135   0.5341  -2.8676   0.9128   0.4904   1.5004   2.0385  -0.0417
 6 A  -1.5343  -2.9711   0.5937    -0.88  -0.0176   0.2675  -4.2915  -2.4467  -0.2965    1.466   1.2706  -3.2212   2.9938   2.3846  -1.8187   0.2311  -0.0838  -0.1879   0.7178  -0.3648
 7 A   1.7887  -2.7699  -0.1788  -0.6604   0.1573  -0.9962  -0.7994  -3.5131  -0.1622  -0.7315  -1.0011  -0.8202   0.8796    1.593   0.8979   0.2117   1.7951    2.739   0.9556  -1.1075
 8 A   0.2934  -1.8928  -0.2177   -0.292  -2.2369  -0.6832   0.4831   0.3221  -0.9585   -1.099   0.3729  -1.3505   -2.149   1.1466   0.5207   1.2947   1.0497   1.9544   1.7662  -3.0054
 9 A  -0.0915  -3.8588   -999.9   -999.9   -999.9   -999.9   -999.9   -999.9   -999.9   3.0341   2.2131   -2.465  -1.1967   -999.9   -999.9  -2.5503  -0.2651   -999.9   -999.9   4.8761
