TESTRUNID EPOCH: 40 L_PCC: 0.9686733980934447 L_ERR: 0.0011909283891732819 T_PCC: 0.8737315046853815 T_ERR: 0.005587636977705888
180 LAYER: 1
5 LAYER: 2
1 LAYER: 3
40 :ILEARN
-0.15094450936160622	0.027192408410735915	-0.2041605108127478	-0.15177624084523542	-0.17541839134169895	
-0.3267816982448506	0.3223066678999057	-0.2812402315389446	-0.33722206159774043	-0.2861621869689028	
0.21793893077512053	-0.11423371930128831	0.15253851207527697	0.29092461859846674	0.10936215021755376	
0.3594215382999467	-0.3256781196855527	0.3087280063850991	0.24125739084337774	0.2119927091006379	
0.040911239210503825	0.09679251007833976	-0.04779477186092189	0.01483089907073719	0.04503370803217422	
0.0009138139210675227	0.05339235572392556	-0.16849265515875467	-0.18446304945939007	-0.028358418278688294	
0.01024985448812133	-0.08468071509805739	0.183154819701126	0.0848408619883434	0.10801156372669055	
-0.202999352444779	0.19281138191695799	-0.09733881071368165	-0.25894137015581264	-0.13366259753306078	
0.2862797655538246	-0.0670776015060726	0.169879990340772	0.2333783081742643	0.13139380560075237	
-0.030107719985160507	0.070818055728885	-0.043819812397646284	-0.04517117122763224	-0.0896218054429282	
-0.1400208088003645	0.06473071919645497	-0.08500815093027322	-0.07886996161892808	-0.04330862038000084	
-0.2905523546199491	0.3012637586562532	-0.26640046200485024	-0.24422834156481663	-0.20697785895589188	
-0.14129929486872458	0.045200022894835545	-0.00592560911934535	-0.07620049117975476	-0.14407750194628716	
0.03908700286820743	-0.010154216115661986	0.049507962403982364	0.14912692197839392	0.08007086252282136	
0.2740505793294709	-0.18920018841003397	0.09983697650002318	0.24989315146456595	0.159157663184957	
-0.10620891268845326	0.11420421130537009	-0.09366754656898509	-0.044536551342364505	-0.0313175275724299	
0.07626924291822909	0.030285636506483252	0.0343147899029975	-0.061037260966245226	-0.07175439834824353	
-0.2116013464545376	0.2748082413011442	-0.17995390654917431	-0.24304719348520665	-0.2672793182415071	
-0.14231955675770067	0.18296196363422138	-0.061637605877084375	-0.06797306285225571	-0.07281866547090703	
-0.1277013167244101	0.11359757218014054	-0.04497545705125438	-0.1692992387905365	-0.05092993556883205	
-0.08265050415878172	0.037142472628039325	0.033691263761533176	-0.07768445325948353	0.030708369759012685	
0.03478470617006117	-0.0077053166305799965	0.0960814614586837	0.020884496342602886	0.09247934803265988	
0.0419788650130664	-0.10813302734391994	0.18611924110021286	0.15104827693321826	0.00699607413547706	
0.003976333751548726	0.18184234793367715	0.02975453585487702	-0.02561472445947218	-0.18944562501132925	
-0.13127189898676703	-0.05929800656353901	-0.12877756664387502	-0.09457776148138516	0.028979501688801364	
-0.007260695002422496	0.13870568113302614	0.052768445930725716	-0.10952945987683846	-0.08252298527735866	
-0.7171219204824892	0.8309575229802464	-0.6995971590777583	-0.9385631303519015	-0.7848606655464502	
0.07310636570811176	-0.04628300880084234	0.10022056528363411	0.23866782296046618	0.17728192024777978	
0.11948147779323641	-0.06362538469982011	0.016301015526178124	0.024231921013959698	0.007812539282211331	
0.02177954695089515	-0.17621730234387986	0.1389124224713394	0.12161888053342822	0.011271362146415073	
-0.09034534182724656	0.09981160803651801	0.007132946871831421	-0.07533196568257772	-0.06636745713695473	
0.04277116804328989	0.0403768409841151	0.010845750127798544	0.07117982160997967	0.052078712189596824	
-0.060418212399473016	0.007659192959231071	0.016222214416038567	0.05129747811167496	-0.07851309446878268	
-0.14264705552539617	-0.04790112505966691	-0.04177442251512263	-0.04606165591108303	-0.047843872353370634	
0.08114471646122932	-0.046855804556554616	0.14675101507758417	0.13805659193413924	0.16807583730420378	
0.24246801605774543	-0.13426951878597157	0.14240637964477698	0.1269347448803769	0.18662393312126907	
0.15884136936021812	-0.20264778569674133	0.17229594490128003	0.04750469197006162	0.10085878630938794	
0.0420896523918779	-0.007649236174923701	0.013266261204727096	-0.02358595675521328	0.04998339646533466	
0.10198824338652143	-0.19018408210771665	0.19824062612013824	0.1997854972762899	0.23265999042488722	
0.07120987609188281	-0.12678485152371285	-0.06823577461815226	0.0015759943465629253	0.07485384589962131	
0.056194574764259944	0.06344393289468934	0.057420417024513316	-0.023857823055847452	-0.04826435390683261	
-0.14789070441385677	0.20180776095115374	-0.1169333875190387	-0.0691590804353146	-0.08645654985249288	
-0.06525623766714944	0.1008198367761285	-0.10170001060612109	-0.0706824682884307	-0.11556496729780376	
0.19231260229596403	-0.230017779651465	0.2648655800577858	0.27802694001986145	0.10946784423999169	
-0.1743836963605928	0.08797396810988573	-0.17412535044855776	-0.05389309644340122	-0.17028567869719063	
0.02558805160706922	0.11747819318487462	0.02315359219704472	-0.0008504023668858527	0.007706764084899622	
0.02165619066867943	0.0142128426970578	0.09219309943159872	-0.006944177904014913	0.026560048946815514	
0.03901888574106473	-0.08600181752912024	0.0406975531308599	0.015323412717949746	0.10236243661713236	
-0.06359310778863582	0.11372103572963774	-0.001925875513807788	-0.06576137564297982	0.036018010587084634	
-0.02517098591440361	-0.044828327936367714	-0.06768551782316654	-0.05119396777173993	-0.02206487151251142	
-0.16024843238417036	0.1556393082545656	-0.08462414633086779	0.004678563125665623	-0.08185599330854566	
-0.09658419781393743	0.2237539808452511	-0.11683899262918392	-0.22372882554592868	-0.16690917309129563	
-0.02697901548787735	0.14031767553955324	-0.022065883522322208	-0.059245731465398105	-0.040066153079205157	
-0.07352214803375737	0.05979193774336235	-0.046553254584375876	-0.04659389974335967	-0.05667785941466543	
0.06333665420422743	-0.06377162528599971	0.10597073393376553	0.06233542323700872	0.1922342493026143	
-0.125611169788786	0.1285792036243414	-0.1631855972072912	-0.18617892562139843	-0.09613770458252469	
-0.1238782089035541	0.29805502031609243	-0.15325522337208994	-0.26079831611154847	-0.26755205178143715	
0.034930527967423124	0.0679007924562082	0.032048001733199494	-0.02386506917579611	-0.003770333314477329	
0.010059291956730828	0.04520858884003756	0.02288498835178388	0.012259888493727531	-0.02202111495976156	
-0.15023510270448512	0.03030163962539524	-0.14939210753243692	-0.006231772298398238	-0.18754140995716656	
0.07802457657759573	0.1832937828842421	0.03182218693132739	0.007866731937406878	-0.041962106482373696	
0.005723428376108747	0.001923085462872833	-0.06678490560515724	0.028773167238965423	-0.058693818398334326	
0.22629155504075316	0.02193519167811487	0.056461996479973416	0.027522990639790797	0.02812253844831273	
0.07716311735753424	0.043724618388153336	-0.028018307962845664	-0.03542963262268587	0.03577494492335462	
0.00887828599419116	0.04600489192987192	-0.02843189440382886	-0.04767262514917918	0.02279401709861854	
0.022725304945059064	-0.056777785712102305	0.026852021497680102	0.01215536916501142	0.02242495233918874	
-0.023334126660594912	0.049746298814278785	-0.06121462605410804	-0.000764684363908415	0.021661164800145568	
-0.10250183435337101	0.08752558150973908	0.05193466239208807	0.032125941875046964	-0.0373885296653049	
0.07359560778913615	0.14752026960223066	0.04823435110938029	0.049292851788722794	-0.1232408146917184	
0.0874383263989398	-0.08146425985682629	0.12374782532768806	0.16895078737550098	0.04494403904052866	
-0.07431423257581399	0.07038648947297975	-0.11569804846770526	-0.10038893101723463	-0.047116744662450985	
-0.021513648084410638	0.09905107883924212	-0.025794726197819383	0.06313406458144406	0.09143731124773388	
-0.0859720369784755	-0.0882276588566831	0.07384714105332388	0.011301699754232425	0.1004776581068233	
-0.023678188347310152	0.10058638527668716	-0.010154041284504794	-0.012224904878002655	-0.10913623080806037	
-0.15305670406492203	0.10492014912774844	-0.1803251883526512	-0.1298747990967416	-0.2388023275435101	
0.05866632449985462	0.07710881144897085	0.09108302562034934	0.10125137560992488	-0.015818731072905438	
0.1369415919895546	-0.11524137963105152	0.22220164034832254	0.09195904640506172	0.07079947518236768	
-0.08889771227560025	0.08690115560483555	-0.05481385018421457	-0.14315437674773263	-0.07303864043540481	
-0.060795947741835304	0.061738300717570194	-0.037964417692709265	-0.09324141117029285	0.011884466261647984	
0.15777673257053118	-0.15078002333542828	0.16188475969272043	0.12765121868818186	0.16068893772179463	
0.052874699052789756	0.15175010795480506	-0.12533910544302673	0.003438036802559772	-0.04887297258681311	
0.02134046092038325	0.08789307597076959	-0.14245104962475647	-0.17217859680531417	-0.12098042499188913	
-0.035686923281189685	0.07658320073285084	0.13315167588660773	0.12546310009069345	0.16212655621961042	
0.11338893093063876	0.03618388847503812	0.16962350249941757	0.25139367827537407	0.243774694172892	
-0.0903400122411871	0.0036988186974279097	-0.10678717544370989	-0.09588405337461343	-0.018956577982668782	
-0.10125297381825754	-0.004142006418655166	0.0301550015108502	-0.05573048284112109	0.013145024193415688	
0.11832429341639278	-0.09068544523473966	0.15203967821268746	0.1449489643254013	0.22491966805973249	
-0.04086614794309508	0.15864926867423543	-0.09893898449928129	0.0374491719615203	-0.09529707894281332	
-0.048002928037247865	0.14863461744347276	-0.06611021444181878	-0.14731086412465288	0.05273408435445137	
0.0915081599270762	0.1212392487732181	0.08244554202784327	-0.07105912235134369	-0.05724682538958552	
-0.060679089695778135	0.04532806816778662	0.06187346966982895	0.06921083096900894	0.026346779333040776	
-0.018196837148626386	0.2274273681041575	-0.08954183355912601	-0.128361203572272	-0.1518369354915451	
-0.10668175260203033	0.14009480970574842	-0.11762612480068636	-0.09972321368681787	0.018570658006300374	
-0.1858929461355816	0.243505712383202	-0.1993320238835709	-0.09972847192315736	-0.18738417071952773	
-0.14697414939955783	0.3796256885942064	-0.22615517072932942	-0.24049357785076386	-0.18846033506095303	
-0.19728552717061887	0.23963442436322083	-0.008683115785842297	-0.17540271942387078	-0.07537676795103625	
-0.04721759612011067	0.12078589776756998	0.010542745560126835	0.031073185444347545	-0.006028589260969193	
-0.016498738085126138	-0.3812729293320085	-0.14434826395539943	-0.07377686349294518	-0.23001239524532893	
-0.3208845281165058	0.6361453977362235	-0.34738343728847315	-0.3250286133708702	-0.3482319051619619	
0.10683603742527546	0.14389281923281572	0.07983722453864965	0.09575340865156759	-0.03170232603132177	
-0.05103233384344145	-0.11303750534269251	0.0005728623158893039	-0.012648923418327546	0.05747199356851305	
-0.10578108914513765	0.16978012493083977	-0.13345325551561735	-0.051868058367831364	-0.149143439934014	
0.04877793192309512	-0.09414625778421908	-0.08736307168244112	-0.059630310422447964	0.04808090943566696	
0.11134477297677392	-0.10704046340576785	-0.023630637709480568	0.06942776981263117	0.20397397549679808	
0.03675498709974544	0.06031738658699404	0.08594986295987751	0.06949678337655019	-0.014715569678101677	
-0.18929354632478376	0.10492202561491883	-0.1878466904767452	-0.12937881719602043	-0.12503953028132334	
0.09214798639455095	-0.03825861490070727	0.10082020711244134	0.04017078368419242	0.10200237584799167	
0.12584356160654964	-0.10618917431766825	0.030209338533773354	-0.059058215361356	-0.006625934205618394	
-0.005852458633284958	0.0501777035488188	-0.02023748937218963	-0.026746035557050088	-0.1002413950863003	
-0.12330217399427273	0.16104191342584298	-0.028839555037525645	0.11245981834890585	-0.07542446474530279	
-0.04704404405065073	0.09137547705642673	0.057476651801447634	0.006188434863741516	-0.07235695081483388	
-0.1635782726337016	0.15371007208116835	-0.06888029451401226	-0.0906169122968505	-0.2069066599725657	
-0.044003799055263665	0.02908499956881907	0.12401793758783092	-0.02632122751037284	0.10378137434233918	
-0.004523156753587531	0.02501134838852068	0.0656175612321486	0.016886865914793672	-0.15332844884460922	
-0.07526206007354874	0.15435346524779264	0.03001590766125719	-0.056867148951064164	-0.04849515086468647	
0.01122863815001219	-0.08581020411080703	-0.00276989003840931	0.017474391243431402	-0.04078057099670447	
0.03779957001662807	-0.07668980926793469	0.0338099420546862	-0.06572866298350254	0.04616245767667906	
-0.04949449012673275	0.1298197441470658	-0.056344218772601734	-0.08274706302209495	-0.016834509142277028	
-0.02042407942950131	0.00888221360173662	0.07249740352143885	-0.003847068731837415	-0.07065382223402016	
-0.07458609079734632	-0.00019325111436341693	0.004803944940912325	-0.04756249337779455	-0.07388026956583335	
0.10026282508363761	-0.015053479362362947	-0.007133658161602436	0.05022138057582371	0.027980846021440648	
0.08848080638208762	0.03998464980627639	0.021843493475764572	-0.010432051723484081	0.07774074641955148	
0.053628890471934726	-0.008882242229649727	0.12382106022968863	0.07018406938045198	0.03242598305360494	
0.2597073956678007	-0.1925273490939502	0.09819659320039707	0.15863746812176893	0.1621465271045521	
-0.329906443704296	0.2681660078190992	-0.3101915636446439	-0.20569963500684446	-0.23387596521440973	
-0.044519556294659826	0.027254859051480625	0.06091638047254745	0.05131012834613235	0.029748339230355872	
-0.0013924744404531836	0.026048140843038355	0.13073717452594694	0.0384857458031025	0.10067388927258861	
-0.04245001573644525	0.0296126119363943	-0.014831289300680062	0.03579696381891294	0.027119144792439508	
-0.07716946688129052	0.04655930630295558	-0.034152808482231456	-0.011875416147244716	-0.0073399596607939335	
0.08094165368314989	-0.16742852511612866	0.07357433282556806	0.13732794714228883	0.08059455401958822	
-0.06543237308142591	0.04388886356139993	0.0026127939220702786	-0.1593887178006819	-0.014336573965291605	
-0.014990183338533013	-0.028126537475174414	-0.03589080140345517	0.14086960070637677	0.006035845025420535	
0.015034109904610295	0.0874004548422405	-0.07078936113177531	-0.011926681874357444	-0.09247705693806901	
0.013979144868182747	0.04451771871062586	-0.136606426138057	-0.03863212037993083	-0.1939635117483963	
-0.22667211257373765	0.3546873624881073	-0.27441718350412597	-0.2317788485686856	-0.2751064666510022	
0.0874442409600646	-0.08202451682747602	-0.09848668940629526	0.11706298698742393	0.07916934837875132	
-0.09076659493366857	0.09410466316775234	-0.06481530894623236	-0.04544362593299856	-0.16405089449222135	
0.03610817513240307	0.07380835593802491	-0.01288676310679188	-0.08086532325383826	-0.00955406550996841	
0.0018902812702006693	-0.12035374356622895	0.13952660005404494	-0.016698247025654294	-0.012581523162232985	
0.10949623504085168	-0.1833110649820323	0.25697292832953056	0.1794148711593665	0.11211236281988761	
0.06943565214565385	-0.14607907698866945	0.1859046524472149	0.14569864079867353	0.17595252024617114	
0.09989633126965781	-0.003403157281485282	0.09588332134375	0.05565849671724868	0.14419855028875206	
-0.0029647796455311163	0.029668241046304222	0.013783980539100208	0.034238235536409124	0.12917968277755792	
-0.06252534213728639	0.18106991876430184	-0.06569047654325054	-0.06603407368778663	-0.14208662632005722	
-0.01415525904899635	0.11965952391639989	0.03708292453748786	0.07148219923709521	-0.008106111465179424	
0.2122445945216681	-0.1262014826911433	0.11728851294149807	0.19977622192322067	0.33271142263108167	
-0.010833504638023943	-0.012761416493400613	0.05979141252883817	-0.07521420687809026	0.03619214876839725	
0.03341101043936599	0.23598319728949574	0.02879958367115512	0.006189305390750335	-0.08291216738403015	
0.22211451393733514	-0.18101227248532806	0.06872404939540462	0.15085675873669044	0.01664270848933727	
0.10828483256083987	-0.029750728475462777	0.04676113983829118	0.08631643423963467	0.0968291820200458	
-0.03570112872821965	-0.10020980111673096	0.06738861728262675	0.09233046185284861	-0.048530846722144805	
0.2228569702801076	-0.12228621818359853	0.1920743808568679	0.11425570467283877	0.1698025988557962	
0.030355673378813012	-0.03831849796884728	0.055435336537526275	0.04593625946002203	0.024644719674331867	
-0.23073228029152143	0.09514862050440197	-0.13314079017836514	-0.10154310747742648	-0.19400497237857073	
-0.14472435159632926	0.2393927499306598	-0.12844809259700984	-0.2219404057486285	-0.18368656002896822	
-0.06494467542703017	0.03737918409033737	-0.052665298438370894	-0.04647167976468676	-0.04438776527050422	
-0.1791006444420732	0.30217815456458297	-0.16520169709691704	-0.06768400779850375	-0.1394181121657742	
0.010927764431357238	0.0304470650109007	0.040472386413873865	-0.053344369442601985	0.05407854136316108	
0.06354518819132765	-0.16830677367619248	0.004521171943343736	0.07383738750044262	-0.02231581225642279	
0.1133869826686113	-0.1355505806154244	0.08098641847291506	0.15754107099114165	0.12406766849839718	
-0.037317488509939975	-0.02899603450855079	-0.0912175216236915	-0.05770164665174589	-0.14453306132985833	
0.1877187070129975	-0.12137406791897054	0.16012231547916866	0.13758391206826684	0.11400342189389805	
0.0042048230299467524	-0.0897290648768826	0.2286619074956607	0.06005758426565837	0.21037185262959607	
-0.03956345359401611	-0.06482100050150011	-0.010517774530323615	0.05542087325342599	0.11310340652909044	
0.36160894743101446	-0.23314299923472293	0.33506049539398286	0.22611907952131666	0.11737417171644113	
-0.0696067740109838	-0.14678496763507803	-0.08859434407544789	-0.030659775560267374	0.04580245157784711	
0.128934072804591	-0.0388394368818192	0.0642444304036028	0.03455535856836311	0.1453906899608825	
-0.19403335243051373	0.08466513549732979	-0.23614038564956444	-0.30459265956764403	-0.21508336068625664	
-0.03305086885387027	-0.09617722763588334	0.04581287560364467	0.1099130456325842	0.19157959075370856	
-0.2675827096384493	0.22386143244519127	-0.35680815433818003	-0.256689465102129	-0.38671976337573777	
-0.23918799902001162	0.2838403441483711	-0.2891413289328301	-0.35317869982900635	-0.36812460042585676	
0.24448913134653216	-0.05223093377453265	0.20250649031600332	0.06631360155344587	0.21231327009880638	
-0.2311847349724883	0.11964979062467213	-0.23998339140335473	-0.2037391682034389	-0.19021749904553564	
-0.16792608087660085	0.4116174829405654	-0.13764239249038682	-0.25758717050019847	-0.0898281100866571	
0.037290147033893745	-0.12270664530834342	0.12221264836242503	0.03123655240946135	0.1634506140742707	
-0.24551618643336576	0.08163166487179888	-0.20922963243176662	-0.13352591657010893	-0.07940575594924634	
-0.3179471896415581	0.21131586666555724	-0.2255864484364916	-0.34095458828417263	-0.19787060971482648	
0.08453102537242381	-0.0906105245034859	-0.03198549265437869	0.12976474860885748	0.10071789842001534	
-0.11690714852331228	-0.03428445217491888	-0.04400997699938064	-0.05278228087646218	0.15597444344799938	
-0.2408760861264395	0.2078873698805394	-0.2380933781259396	-0.15523988695989166	-0.33819512840113036	
-0.015808162940119653	-0.024885944141999742	-0.06163220449609488	0.13889516570049304	0.0912110800424554	
-1.1021669677286896	1.627475983072973	-1.1192862213081058	-1.120383797519841	-1.158853087118127	
0.48198409383942176	
