            A        R        N        D        C        Q        E        G        H        I        L        K        M        F        P        S        T        W        Y        V
 1 A   0.0391   0.0108     -0.0  -0.0019     -0.0   0.0001     -0.0   0.0032     -0.0      0.0     -0.0  -0.0048     -0.0     -0.0     -0.0   0.0042   -0.001   0.0028  -0.0003  -0.0002
 2 A  -0.0062      0.0  -0.0016  -0.0002  -0.0058     -0.0    0.071  -0.0001  -0.0001     -0.0  -0.0029     -0.0  -0.0003  -0.0002     -0.0  -0.0003  -0.0015     -0.0  -0.0001     -0.0
 3 A  -0.0003      0.0   0.0375   0.0001     -0.0     -0.0      0.0      0.0     -0.0   0.0002  -0.0002   0.0005     -0.0   0.0027  -0.0023   0.0032   0.0109     -0.0      0.0  -0.0006
 4 A      0.0     -0.0   0.0124   0.0087     -0.0   0.0001   0.0039      0.0      0.0      0.0   0.0091   0.0032     -0.0      0.0   0.0013     -0.0   0.0009      0.0      0.0   0.0122
 5 A      0.0   0.0039   0.0019  -0.0001     -0.0   0.0007     -0.0      0.0      0.0   0.0001   0.0102      0.0     -0.0      0.0     -0.0   0.0032   0.0009   0.0312      0.0  -0.0003
 6 A      0.0      0.0      0.0   0.0011      0.0      0.0   0.0106   0.0039      0.0   0.0003   0.0001     -0.0      0.0   0.0009   0.0018      0.0   0.0031      0.0   0.0023   0.0275
 7 A      0.0      0.0  -0.0001      0.0   0.0032      0.0      0.0      0.0     -0.0   0.0005  -0.0007   0.0001      0.0      0.0    0.002      0.0    0.031   0.0001   0.0155   0.0001
 8 A      0.0     -0.0  -0.0001      0.0     -0.0      0.0   0.0032   0.0002      0.0     -0.0   0.0111  -0.0001   0.0001   0.0014    0.002      0.0      0.0      0.0   0.0039     0.03
 9 A   0.0128   0.0009     -0.0  -0.0051   0.0002      0.0   0.0005      0.0      0.0   0.0039   0.0059   0.0006  -0.0007  -0.0001      0.0    0.006    0.011    0.001   0.0041   0.0107
