TESTRUNID EPOCH: 5 L_PCC: 0.8730419038355527 L_ERR: 0.009914391185913822 T_PCC: 0.8453561306516766 T_ERR: 0.012086616288535553
180 LAYER: 1
2 LAYER: 2
1 LAYER: 3
5 :ILEARN
-0.3413525621129321	-0.4641846587261704	-0.3047554653495011	-0.264925621049629	0.3386976040050065	
0.45617528503670596	0.9405466685673685	1.245342824797051	0.055565026957366814	0.09368297651290343	
0.07907755515877578	0.29838578878617106	0.5652592465203266	0.9204501602361067	-0.19048721305049132	
-0.15053030080161692	0.052703547907326044	0.020291631641838163	-0.17953529278667937	-0.07988564138787341	
0.06571281671955209	0.08369227358481446	-0.31374739110840094	-0.3529179378470667	-0.45306518258484013	
-0.5724604207282005	0.44692321095065213	0.5283168699986809	0.6812568421368586	1.0602242584516701	
-0.614859312744385	-0.8445685092293427	-0.3865974465902436	-0.5128896008861749	0.37287764955829383	
0.3779371765165996	0.22822646435488703	0.25333754093244787	-0.40229980140093136	-0.25180522838821706	
-0.3206324349073323	-0.4848570760443993	1.1379855929601737	1.6010659134932927	0.4796847547474541	
0.7208981003423454	0.3436291368245089	0.27998468760310413	1.0864632625325916	1.3765308853703886	
-0.28632214892991575	-0.30606777868070734	0.34838610075102566	0.4652965160076645	0.324561192135552	
0.3088370927693325	0.7474762743003135	0.8765773126842461	-0.7651951648328411	-1.007700264819717	
-0.4497514334937829	-0.3661120958591507	0.36735552779097297	0.38950884430955623	-0.6664932473640781	
-0.7595869021160072	0.10638131643415252	0.2323637592352719	0.5448778271216287	0.6391553909364512	
-0.590454808711877	-0.8908656537037172	-0.8460145579450559	-1.0632359579139845	0.04206897579092642	
0.013786413070762999	0.5518897881451165	0.5886201207131878	-0.9208159347860955	-1.2533590005514634	
-0.07912010452001252	-0.19423545563708883	0.663354003636598	0.7265489045582478	-0.16664566330444877	
-0.1292435707725671	0.3430458304073514	0.4477491364355159	-0.03199864380298213	-0.12794182489396558	
-0.13123175577839244	-0.023912682122807012	0.33243637784840663	0.5206223369271911	0.3855612778015809	
0.4411385617924073	0.3678676217170734	0.3813300092882442	-0.15748965234526516	-0.14217808880775837	
0.020287827980040987	0.07040013539308689	0.6119014272746537	0.6673530841000204	-0.5580382353384089	
-0.7315754707651527	-0.6598676103404664	-0.38050714639967165	0.5521177164060416	0.8072223064067111	
-0.025603289000971603	-0.07083161270312985	0.15581917944133683	0.1912276858654842	-0.10210088608365174	
0.0745588485350141	-0.5300835069710704	-0.5856684894729149	0.3069250496347733	0.13460575091124138	
-0.09210623662043008	-0.16123627236923183	-0.017628854468135717	0.07478892577027758	-0.04228400916853636	
-0.01081885278746928	0.04160060291659741	0.14207963364769197	0.02654966751802014	0.04566090881594589	
0.15176956733913047	0.2756229956925041	0.19061545666175977	0.23431790951012849	0.31917524770568234	
0.20282070494927681	0.1539040099885823	0.09648030362404714	0.1117476438439942	0.05418442178821581	
-0.010559413588124018	-0.048241077183813735	0.24249204965763216	0.35023530333740205	-0.3436345278242046	
-0.4142891973514849	-0.2293682969573875	-0.23566787422977797	0.09935315220335161	0.0972302484901077	
-0.1392413439898057	0.020951280046418518	0.18118265038040515	0.125437525287668	0.042764123405865224	
0.10899710680671593	0.015051599176355613	0.12154558802533587	0.2694206548759167	0.24460381584270702	
0.14664860290777293	0.2393010714231744	0.15212238190915134	0.275004987423801	0.17604472673597804	
0.09016371307546847	0.25732430992020433	0.5081714953235664	0.1139859134824405	0.08006296106576083	
0.2038145308437546	0.4772980973542218	0.27978600266699843	0.2223080814945964	0.1780124317801869	
0.22000188701284085	0.035580841076900654	-0.10168329204937003	-0.047921358524168706	0.021460588116262242	
-0.08047546678822512	-0.00488427625534383	0.44415662765381275	0.24456748471392567	-0.18767384181585997	
-0.13514376613547976	-0.34145829810506517	-0.15464589566423506	-0.10262421812575756	-0.07445142242154972	
-0.013300313181614249	0.04158507110716416	0.19623241933549918	0.16215913544407043	-0.1394532171258453	
-0.1837685840646287	-0.15269464520019804	-0.046771514899094285	-0.1338824536995227	-0.15148158975511242	
0.09485341867642641	0.017577308419270247	0.07921419440569696	-0.043111621662768405	0.1848695258528131	
0.1699575190255652	0.5585728749049743	0.6010324919569168	0.11623540176978266	0.10964382592191568	
0.12059588517425733	0.27920328119335264	0.3787179600639353	0.4344013817478943	0.09275465855075436	
0.21287896282985416	-0.015193082288265884	0.22575106207240103	0.08922769975476533	0.006938555869313964	
-0.1159244103720182	-0.08151217448349193	0.42201136407329065	0.6474185586115402	-0.20032522198558844	
-0.08552451091278947	-0.3475177956953737	-0.4116396321776229	-0.00546825178809218	0.036961384396547746	
-0.01302390107692563	-0.04395178618810236	-0.05930688616113928	-0.1292724680586361	-0.110224702833194	
-0.09575032819104262	-0.103199693499572	0.12453275238076772	-0.01442668798873959	0.08647895181171389	
0.01562892831113761	0.11766959133796431	0.4635780910352199	0.5596652346109381	0.25301628909284735	
0.29687463944308573	0.38117323641156575	0.5363992280661796	0.4211388994216352	0.46022734078092503	
0.25695635625977503	0.503080030585026	0.27782401792243167	0.5327229622638389	0.13594741112396808	
0.21474915260941707	-0.12357666718677171	-0.14253751119920502	-0.22109441874092947	-0.2053828881685122	
-0.3564790354804309	-0.424475448467377	0.5962298576801269	0.6694810946914669	-0.12227490201514844	
-0.2891157543443173	-0.2829786374795193	-0.42527254133556086	-0.15472999440275675	-0.11233435697080267	
-0.03241052155345171	0.04184529096759041	0.12219450595221343	0.2075188074725856	-0.12270864098878188	
-0.18581274281258828	-0.21279806063915266	-0.28281021352045704	-0.021768468984610812	-0.009699585897197117	
0.061327464506912316	0.17313931617777656	0.03641185142795912	-0.0604374127724911	-0.08219884589006038	
-0.008305811776579512	0.5230008201957461	0.7430004052606509	0.017730970082183835	0.034720330641928365	
0.065795303685763	0.07939039870660773	0.1603636566083041	0.05173660460196742	0.24232123132153427	
0.246974628176591	0.21489879390537459	0.16384162923614945	0.49925746519181724	0.4914748120483574	
-0.1707426711256123	-0.17031283546554632	0.3075044174333291	0.3133325608934524	0.04050073318948298	
0.1481879408111751	-0.38800747852774614	-0.45240719382023464	-0.1046666175679452	-0.2662864159421594	
0.11332116800634578	0.007988720048182414	0.0871429981493214	0.13293026615633324	0.044706591192499485	
0.12036715939290629	-0.3278497383837684	-0.48796764841639384	0.014236777771241854	0.3507017067556578	
0.20028637116078823	0.22307810811293438	-0.9828707819234206	-1.3682106798485278	0.02539037270792795	
0.020344425024818827	-0.027460785256433404	0.07626377763068073	0.46703768193515005	0.6178334557925609	
0.15592281646514933	0.3353110518842452	-0.00911414631723724	0.06511459992402212	0.48547599981799505	
0.4378729767842684	-0.2417445577626123	-0.21563131037723043	0.7151432401607477	0.7909368992467879	
0.5317695896987911	0.7382361118807509	-1.9510989040120623	-2.523239965323002	0.3083569737042679	
0.5087037245220785	0.4563502211187066	0.6208255406193803	0.10640610776338337	-0.033529715438441965	
0.41886415835921775	0.49673560140401124	0.5681995165136238	0.6932295827780964	0.6986548355338709	
0.837115180602947	-0.9594864398071682	-1.1046702198801495	0.4071656166815688	0.5733788324888524	
1.1894003795616932	1.5088869219488668	-2.2320775785990707	-2.8374949613545177	1.8317001930249637	
