            A        R        N        D        C        Q        E        G        H        I        L        K        M        F        P        S        T        W        Y        V
 1 A  -0.0943  -0.0779    0.027   0.1817   0.0091    0.028   0.0722   -0.121   0.0111  -0.0234    0.009  -0.0941   0.0291   0.0127  -0.1242  -0.0331   0.0141  -0.0146   0.0203  -0.0543
 2 A   0.0856  -0.1366  -0.1432   0.0315   0.0584  -0.0826  -0.0679  -0.2332  -0.2471   0.0653   0.1333  -0.0129   0.1183   0.1158   0.0559   0.0558   0.1206   0.1068   0.2745   0.0816
 3 A  -0.0303  -0.0046   0.1007  -0.0502  -0.0172  -0.0574  -0.0617  -0.0653  -0.0376   0.0366  -0.0233   0.0258  -0.0009   0.0144  -0.0655  -0.0123   0.0531   0.1217   0.0933  -0.0189
 4 A  -0.0218  -0.0095  -0.0677    -0.05   0.0162    0.008  -0.0167    0.034   0.0063   0.0426   0.0391   0.0336   0.0605   0.0241   0.0235  -0.0132  -0.0442    0.076   0.0642   0.0436
 5 A  -0.0352   0.0895  -0.0736  -0.0393   0.0383  -0.0418  -0.0321   0.0721  -0.0126   0.0714   0.0201   0.0452    -0.07    0.086  -0.0364  -0.0428  -0.0006   0.2284   0.0966   0.0595
 6 A  -0.0585   0.0817   0.0374   0.0245   0.1088   0.0746   -0.048  -0.0096   0.0808   0.0265  -0.0017   0.0062   0.0297   0.1004  -0.0212  -0.0174   0.0312   0.0212   0.0447  -0.0478
 7 A   0.0156   0.0234  -0.0348  -0.0726   0.0868  -0.0201  -0.0799   0.0033   0.0027  -0.0049  -0.0503  -0.0825   0.1178   0.0687  -0.0111    0.003  -0.0408   0.1323   0.0665   0.0058
 8 A  -0.0002  -0.0817   0.0143  -0.0212  -0.0512  -0.0259  -0.0521  -0.0637   0.0781  -0.0816   0.0264  -0.0277  -0.0844   0.1368   0.0479   0.0226  -0.0161   0.0233   0.0661  -0.0353
 9 A  -0.0024   0.3381   0.0196   0.0539  -0.0562  -0.0788  -0.0704  -0.0022  -0.0688  -0.0249   0.0108   0.0958  -0.1052  -0.0584   0.0083   0.0402  -0.0506    -0.01   0.0193  -0.0062
