            A        R        N        D        C        Q        E        G        H        I        L        K        M        F        P        S        T        W        Y        V
 1 A   0.0184     -0.0   0.0073   0.0122     -0.0   0.0004     -0.0     -0.0  -0.0008      0.0     -0.0      0.0     -0.0   0.0002   0.0018   0.0386   0.0193   0.0164   0.0038      0.0
 2 A  -0.0032   0.0001  -0.0001     -0.0  -0.0016  -0.0002    0.121  -0.0002     -0.0     -0.0     -0.0     -0.0  -0.0003      0.0  -0.0014  -0.0002   0.0031   0.0006      0.0  -0.0001
 3 A   0.0291      0.0   0.0414  -0.0006     -0.0     -0.0      0.0     -0.0     -0.0   0.0004     -0.0      0.0     -0.0   0.0164      0.0     -0.0   0.0016     -0.0   0.0192   0.0101
 4 A  -0.0007     -0.0   0.0022   0.0286     -0.0      0.0   0.0136     -0.0      0.0   0.0246   0.0213   0.0013     -0.0   0.0025   0.0037     -0.0      0.0      0.0      0.0   0.0204
 5 A     -0.0   0.0131    0.017   0.0194     -0.0   0.0001  -0.0008   0.0002   0.0254      0.0   0.0094      0.0     -0.0      0.0   0.0005     -0.0   0.0063   0.0232      0.0   0.0037
 6 A     -0.0      0.0   0.0004   0.0001      0.0      0.0  -0.0009   0.0136    0.019      0.0   0.0006     -0.0  -0.0006      0.0   0.0038      0.0   0.0417      0.0   0.0101   0.0296
 7 A     -0.0  -0.0005   0.0026   0.0001     -0.0      0.0      0.0      0.0     -0.0   0.0193   0.0138      0.0      0.0   0.0255   0.0191   0.0035   0.0148   0.0004   0.0199  -0.0008
 8 A  -0.0008     -0.0   0.0191   0.0004     -0.0   0.0255     -0.0  -0.0006   0.0002     -0.0   0.0095      0.0      0.0   0.0005   0.0167      0.0     -0.0      0.0   0.0136   0.0335
 9 A  -0.0011   0.0002  -0.0003      0.0  -0.0049     -0.0  -0.0001     -0.0     -0.0   0.0136   0.0331      0.0   0.0124   0.0001     -0.0  -0.0001  -0.0003     -0.0   0.0652  -0.0001
