TESTRUNID EPOCH: 8 L_PCC: 0.8959087523607276 L_ERR: 0.0049486291191719696 T_PCC: 0.8097901328140626 T_ERR: 0.008994329244511663
180 LAYER: 1
3 LAYER: 2
1 LAYER: 3
8 :ILEARN
-0.43607749477934343	-0.32256684613665115	-0.3990343362119417	-0.7540455146498521	-0.8855058068457844	
-0.7269708583287829	-0.013109169876972734	-0.023188449853473844	-0.020709026291021615	0.5142506281451847	
0.5403962312217166	0.6339707232996702	0.045147082632861296	0.061840139982262864	-0.06784545557145263	
0.339483693080954	0.506814932415477	0.2646802627401765	0.2317144070694111	0.43355932366035127	
0.5328250449216876	0.14040493360228343	-0.21447253030241997	-0.22980439383307374	-0.13835760073452333	
-0.29095135989211035	-0.44321961153569644	-0.31108209203030524	-0.25535881028130986	-0.09363886529086844	
-0.4560226590555863	-0.30409473040059903	-0.19754241751415436	-0.4752673659424993	-0.40309896556278535	
-0.45206892557300093	-0.07903458731676037	0.0417906983674789	-0.2670154821157045	-0.20446408119912812	
-0.07776913590538331	-0.035439639089743465	0.19250277736070556	0.3435472376023292	0.2460046142502414	
-0.42750080513463923	-0.2747362933297563	-0.2835221305280245	-0.1401462196341545	0.004012343614598522	
0.1252908936305673	-0.10389923065210525	0.01019537549604308	-0.29569434413350937	0.04452453039083948	
-0.12874034751693683	0.03836919139773204	-0.23057178437214013	-0.14503861080321442	-0.012704271749273948	
-0.44680458299129355	-0.5372468123957941	-0.3543527637192693	0.11711502924053102	0.1286092316829025	
0.24921682958143127	0.31148224166539834	0.211723883390386	0.3334881712717841	0.15891503567492937	
0.1663845909422271	-0.04589055418729411	0.10222242047178816	0.1482352968179636	0.1795964491149117	
0.06412234619595186	0.27790483612135647	0.05236190657371096	0.10045325912556714	0.1526636519748116	
0.08279095779072461	-0.017706298829680223	-0.11702394798293951	-0.0706667911607451	0.2374799496043219	
0.3912884431981091	0.2633105397303606	-0.20801505471431161	-0.38709602218138767	-0.3812327888942103	
0.040148258919745425	0.25553248406921664	0.051112444596917085	0.040200281064535916	0.04404905528108632	
0.013159473832375241	0.17166731619877673	0.1726420582181241	-0.12006834487772979	0.29153546297024285	
0.1912754273072348	0.2957252717823613	-1.4528045192735288	-1.3867587240649752	-1.4006070295674498	
0.18832858194462512	0.002909471637918794	0.27770151351041084	0.22079236768017174	0.28806099754835485	
0.14840201042282367	-0.09577710998498311	0.018020162131461043	0.013561731888416896	0.20177040527183648	
0.2588306421775932	0.37560851096653464	-0.2918423801562968	-0.47554434870149265	-0.5219109374124329	
-0.5244576155066779	-0.6715354722680313	-0.5849056729629307	-1.1489960201705902	-0.5224762056105742	
-1.2406128004601646	0.07022398269329606	0.19250943900350675	0.0731693122307733	0.009602752416032076	
0.14133075074272056	0.1390225774216353	-0.17044749128493383	-0.52553005695015	-0.16927085031096986	
0.1734627574832208	0.35038916286380867	0.21962928483323962	0.17589097165724202	0.3336146835559538	
0.17398970143291853	-0.0942900027849968	-0.4448058828214763	-0.18296156672091607	-0.1992867863991768	
-0.08227849298508558	-0.004370549043425989	-0.08067475276162106	-0.049889757514392695	-0.029387567253523317	
-0.0005248208429364807	0.20816424606306422	0.28913256733600284	-0.037845553184687214	0.292481022732785	
-0.08518619057487654	-0.20965872945592184	-0.09689708304112679	0.11541032689264406	0.24904516467244064	
0.201575037710591	0.4509946235301395	0.36195623120534337	0.23013125811583682	0.10776099252290884	
-0.0014326164815890502	-0.16773786900542756	0.06732927474555332	0.19878748143143976	0.07723131925441974	
0.14123369835419677	0.12004445472947456	-0.3389446615735907	-0.20655415058764487	-0.3091682807993117	
-0.11238821005335407	-0.09574351284698135	-0.43718799000963077	-0.44544838429869876	-0.2677613253567261	
-0.0704558600675799	-0.19526621977552241	-0.03373541827096533	-0.3916442426278963	-0.43323332283004534	
-0.26997410263943383	-0.14447219034567466	-0.1619594445917756	-0.20227635064656738	0.11529783182202864	
0.06027624140649635	-0.46267328807763025	-0.21065568809569932	-0.25078722638718903	-0.24040091594954904	
0.250727587986744	-0.13495531266995336	-0.10948221368106582	0.28187313658595553	0.2957299236706305	
0.07125214095859907	-0.146139244080101	-0.07926791311907637	0.1100773227793399	-0.01277476497104807	
-0.1985621101548166	-0.08557941069504563	-0.0754328599467424	0.062819804107054	0.16607977792272294	
-0.22853090127036896	-0.3578120946691485	-0.37942780488461486	-0.2971479257064653	-0.31837614383341917	
-0.23353230050143226	-0.19427379948548065	-0.25079971388391925	-0.0687447815028636	0.013619786773908458	
-0.0843024748635026	0.04687546453262889	-0.2238616089247503	-0.054946657393173046	-0.14237463183421648	
-0.04171281595356463	-0.36489990123059335	-0.17124521731178535	0.04133863166642436	-0.33620704197521023	
-0.18120735059115728	-0.20735573114736844	-0.2960594734018622	-0.3307432888521568	0.03828873849897366	
0.009218148441054319	-0.17220499384506757	-0.08584903684820913	-0.08245146649380429	0.07683697762221993	
-0.15479750399307227	-0.04342250522907356	-0.20627723780376456	-0.5988941958721188	-0.9335560546008355	
-0.6751812738100236	-0.3377818163440026	-0.3907916069365866	-0.20280689047837228	0.3345019728270253	
-0.11021862880723446	0.14253835361507583	-0.20946224204125843	-0.09185501287424852	0.1574568472785754	
0.5574621632366161	0.16605366118702714	0.5499876893880973	0.18929303084491136	-0.22453298272846045	
0.12811518648352307	0.3257944742382408	0.13913233896540506	-0.20646060693108556	0.08963391484375871	
-0.4067761903350172	-0.008326118168824366	-0.3125663509199354	0.32054870278476394	0.13370954267188995	
-0.2052612155793837	0.05816073139320242	0.09011617070335906	-0.05878540379281377	-0.3192790157488607	
-0.12437405660867266	-0.3646041460058896	-0.13275138112774795	-0.10715998618572008	-0.18309723278669635	
-0.2095502902236107	0.06598030502609824	-0.07230556461838492	-0.03359630780717493	-0.32535162700126646	
-0.1144361486626527	-0.38534206054961456	-0.23399770765569347	-0.06015411151675025	-0.055171346420862716	
-0.027488796543025343	0.027613168619150006	-0.25338090760827275	-0.041694880041651707	-0.10336319831505578	
-0.2904704195640502	0.14687848163942277	-0.4718344321118202	0.2885308687278777	-0.039460893823618004	
0.30293808887224183	0.19374861097493118	0.42597060867319475	-0.5305784475915079	-0.984783592528963	
-0.8934207662288814	-0.2676023641455819	-0.4463522715691416	-0.10729384013658047	-0.07758082512251421	
0.08861180612003942	0.40203626542610904	0.20825193632789848	0.27677397661794356	0.41836049054419905	
0.6676018597174671	0.5211293895171751	0.2582962903128793	0.28048396108083584	0.31512807889193817	
0.28581209869128077	-0.2878182977080742	-0.5044353331078357	-0.47745580103949686	-0.11659650977955277	
-0.3253885463973792	-0.26450527189708484	-0.15854490477789873	0.04362649370003707	-0.03563552433448461	
-0.24747901643301945	0.17691169514348354	-0.33028706862119656	0.2879528907110129	0.04270593372413303	
-0.19536371578358044	-0.2055295354131364	0.04095772079197889	-0.30128304994446226	-0.1976662083257792	
-0.03627313574901221	-0.09004402625363109	-0.06910849177981582	-0.07985705490976516	-0.2252775709432982	
-0.03890748342080781	-0.049286683966331166	0.13367851358182906	-0.6339368123343965	-0.7337476750857852	
-0.4581966984097169	0.28970539384466615	-0.10678519066987233	-0.18106416394002603	0.2768666194823964	
0.07515557639981366	0.3013527286048716	-0.2518197333318942	-0.02964160108415259	0.04844737921797394	
-0.059524785128184994	-0.2681891413670493	-0.08857665803479764	-0.181074492319302	-0.2602398685017187	
-0.5775139688933826	0.09521260169217448	-0.2520283487960351	-0.005591633576030234	0.18933942165517761	
0.19819844019993985	0.247442829513255	-0.2542912500994731	-0.22635405388415633	-0.3489502518029831	
0.2763919604676069	0.3956962349159656	0.11357970142935708	0.15795376641247838	0.09789589299392948	
-0.02181405484333419	-0.20125400490019169	-0.18793061347917528	-0.33533455241148014	-0.1851530545463456	
-0.3048352809794294	-0.27108604479366444	-0.03693921158424418	-0.17782608251525506	0.17981270822619308	
-0.41574257091806827	-0.2873147916829567	-0.316218338962482	-0.029059301882178958	0.05822120853747737	
0.0021123962106638266	-0.07491409064382124	-0.06904626871518321	-0.09851751824199925	-0.1699995872176887	
-0.1029440741829365	0.018312854494937286	-0.38273043366425935	-0.06019763161446365	0.002540965391637503	
0.1244709717418662	-0.33615300131465115	-0.1391450625753739	-0.11955568181352398	-0.4146260986171409	
-0.15807960982615407	0.10936469074227637	0.14877181492175312	-0.03733903059796454	0.18928246618840774	
-0.07111196572325397	0.14917655359007007	-0.014142445600788821	-0.09719256672699075	0.11461490480875687	
-0.44833535045271306	-0.6378597268892043	-0.6305312512230773	-0.12713399096245773	0.03087992387875175	
-0.3214831497092819	0.2659680805221162	0.2801443120702452	0.5606335046096083	-0.11245480926828139	
-0.2310177683366844	0.05351730722287747	0.19579126059634983	-0.02263978912488764	0.171441343709467	
-0.18955965023077126	0.10194643999868623	-0.25963355320533615	-0.018421829887676912	-0.024183248606898685	
-0.03243029671400198	0.08001051836741241	-0.2383088431205019	-0.19692701506549248	0.10681081244300951	
-0.13647857093180904	0.011428276426572062	-0.13848384293308894	-0.01577240964812625	-0.08555617027762	
-0.3334023784309721	-0.07530392861240782	-0.1278158807909484	0.3466356630046884	0.4307363311828413	
0.14651809097598412	-0.11744820452707663	-0.051093796043757876	-0.23997948463983995	-0.06947331689739578	
-0.29293460143533223	0.03887687127609936	-0.7253634244669	-0.496921017639469	-0.43444203213792587	
-0.64287258848984	-0.6430563371116462	-0.8119836238225644	-0.2382199794918425	-0.15300075484571377	
-0.07396252183264128	-0.020445263819515936	-0.09506735500604448	0.007942455865796512	0.35046227326776974	
-0.05714682789592369	0.42201175670288193	-0.21601618023109478	-0.12622213755999165	-0.13003505290411627	
-0.3121937378531157	-0.08213228398323742	-0.10694875153516889	0.22743577392739184	0.12878883385082673	
0.28080509970694545	0.043747852641829954	-0.00015959934313411234	0.18287185695794791	0.06336763915105656	
0.05223762325382234	0.2108108106266871	-0.22769358256979497	-0.3506036611786021	-0.3079105539328091	
0.15439048594963603	0.054734708092095526	0.13916485247461793	-0.08493523274493253	-0.2560723813868878	
-0.22721834497814214	-0.2743583076146919	-0.19055033393536935	-0.24783591447530526	0.019920757622502592	
0.03886209563957246	0.15894971111647055	-0.13814941089279403	0.051367047613287684	-0.10328571850742355	
-0.6146964111322895	-0.7446428285269818	-0.9742543031072548	0.20004227896680207	0.22949729101467753	
0.29420859333264054	-0.6733485366247774	-0.6922463905584936	-0.7277878037039336	-0.5463755740062353	
-0.3742050365061577	-0.6519226807685039	-0.021309656140266784	-0.009429301517181701	-0.03059213545637999	
-0.08725895097976086	-0.13109023529764888	-0.08271532684226036	-0.06853384863653418	-0.1592165092523385	
-0.01942816876940165	-0.13147083682039173	-0.1864340190819769	0.0066833509852108185	0.6747955615256049	
0.7659673938222384	0.8854026824481483	0.14823322661233426	0.06485528952700069	0.17972824096199594	
0.4519431917462833	0.5668157724804455	0.47297053425536517	-1.2219962188958156	-1.28386743403218	
-1.4013905628445025	1.2260883622391532	
