            A        R        N        D        C        Q        E        G        H        I        L        K        M        F        P        S        T        W        Y        V
 1 A   1.0982   1.4311  -1.0586  -4.1647  -4.6956   0.4972  -2.2523  -1.3025   0.0649   0.8963  -0.6936   1.6295   1.9205  -1.3666  -3.1918   0.9313   0.7297  -3.7926  -0.2564   0.1925
 2 A  -1.1718  -6.3554  -4.5304  -6.7865  -4.4011   0.0614  -6.2142  -6.0722  -4.9433    1.758   2.4829  -6.0909   2.4466  -0.8669  -6.6743   2.1051   2.8664  -6.6664  -3.8042   1.9064
 3 A   -0.616  -0.0781   0.8226  -1.1936  -0.6615  -1.0943  -2.9124  -1.9408  -0.3875   0.0866   -0.184   -0.246    2.039   3.0314  -2.0899   0.4846  -0.2641   0.7808   2.5313  -1.5536
 4 A   0.6116   0.0843   0.8612   0.1067  -1.8003   0.9014   0.5091  -1.8759  -1.0031   -0.415  -1.0215   0.3221  -0.6323   0.6317    0.151   0.9338   0.2337   0.2934  -0.2234  -0.2895
 5 A  -0.8764  -0.0315   1.0494  -0.6539  -0.9955  -0.1668  -0.6319  -1.3087   0.0926   0.0479  -0.4627   0.7318   0.3501  -0.1658   0.4342   1.6374  -0.1026   1.0673   1.1898  -0.7614
 6 A  -0.8692   0.2613   0.5271  -2.1506  -0.6406  -0.2099  -1.4812  -0.9466  -0.4374   0.4079   0.2032  -1.1093  -0.0532   1.2233  -0.7554   1.6945   1.3673   1.3836  -0.1856  -0.4162
 7 A   -0.216  -1.2701  -1.1275  -2.8019  -0.9502   -0.256  -3.6694  -1.7903   -0.465   1.3997   1.2492  -1.5054   2.6835   1.5743  -0.5708   1.1049    0.622   0.3253   0.2092  -1.0346
 8 A  -1.1249  -0.4013    1.221  -0.8033  -1.3779  -0.1718  -0.3777  -1.4602  -0.9875  -1.4579   0.8679   1.0258  -1.5962   0.6793   0.5661   0.7614   0.7101  -0.1439   1.6554  -1.1136
 9 A  -5.1864   2.9339  -5.2217  -5.8912  -7.7609  -3.7841  -4.3959  -6.5973   -1.499  -7.0217  -6.1957   6.6166  -5.9617  -4.7725  -6.0907  -5.1954  -5.6438  -5.7394   4.3731  -5.4725
