            A        R        N        D        C        Q        E        G        H        I        L        K        M        F        P        S        T        W        Y        V
 1 A   0.0631  -0.0589  -0.1119  -0.2013  -0.0052  -0.0044  -0.1173   0.0093   -0.077  -0.0108   0.0103   0.0184   0.1287   0.2888   -0.164   0.0432   -0.048   0.0049   0.0592  -0.0761
 2 A   0.0292  -0.1287  -0.1492  -0.1568  -0.0225   0.0781   -0.083  -0.0224   -0.066   0.1207   0.3367  -0.0158   0.3203  -0.0455  -0.2597   0.0436   0.0719   0.0458   0.3227   0.0676
 3 A   0.0883  -0.0041  -0.0007  -0.0815  -0.0529  -0.0252   -0.129  -0.0514  -0.1113   0.0568  -0.0401  -0.0423    0.106   0.1038    -0.03   0.1118   0.0617  -0.0504   0.0938   0.0202
 4 A   0.0199  -0.0747   0.0114   0.1167  -0.0104   0.0388   0.1219   0.0436  -0.0484   0.0473  -0.0322    0.024  -0.0406   0.0203   0.0577   0.0573  -0.0441    0.007   -0.039     0.05
 5 A   0.0483   0.0123   0.0201   0.0343   0.0448   0.0577   0.0906   0.0081    0.116   0.1463   0.0281  -0.0362  -0.0341  -0.0262   -0.073   0.0165  -0.0536   0.0051   0.0951   0.0391
 6 A   0.0213  -0.0613   0.0528   0.0138   0.0103   0.0929   0.0157    -0.02   0.0126   0.1088   0.1555  -0.1037   0.0218   0.0826   0.0159   0.0951   0.0796  -0.1126    0.093   0.0148
 7 A   0.0206  -0.1313   0.0544   0.0375   0.0587  -0.0229  -0.0023  -0.0245   0.0456  -0.0579  -0.0376   -0.151   -0.006   0.1112  -0.1256  -0.0022   0.1097    0.084    0.151    0.069
 8 A   0.0149  -0.0365  -0.0326  -0.1623  -0.0395   0.0125   0.0253   0.0405  -0.0907  -0.0287   0.0247  -0.0505  -0.0647   0.1101   0.0259   0.0662  -0.0331   0.0379   0.1038  -0.0538
 9 A   0.1114  -0.1132  -0.1323   0.0658  -0.1634  -0.0963   -0.086  -0.0027   0.0213   0.1783   0.2353  -0.1355   0.0796  -0.0101   0.0102  -0.0759  -0.0113   0.0563   -0.105   0.2601
