            A        R        N        D        C        Q        E        G        H        I        L        K        M        F        P        S        T        W        Y        V
 1 A   0.2876   -0.577   0.4236  -4.3368  -0.8773  -1.1446   -2.928  -2.3375  -1.7776   0.2566  -0.4011   1.4786   0.7018   2.8442  -5.1853   0.8572  -0.4272   0.0491   2.8066  -0.4008
 2 A  -0.2854  -5.0278  -3.7057   -5.783  -4.3848   0.7315   -5.018  -5.2715  -5.4371   2.5739   3.3113  -4.8312    2.862  -3.1953  -5.4789  -2.1532   1.2943  -5.2587  -4.4227   1.7984
 3 A    0.479  -3.7864   1.3874   0.1419  -1.1704  -1.4827  -1.8239  -3.3415   -1.522   0.7571   0.4618  -2.4021   1.2918   1.4358  -0.5192   1.0577  -0.2798   1.8658   1.4813   0.2361
 4 A   0.3544  -1.4654   0.2537   0.9837   0.3574  -1.4612   0.4911   0.7124   0.9819   -1.201  -1.7928   0.6596  -0.4216  -0.9089     0.31   1.5678  -0.1671  -1.3036   0.8121  -1.1691
 5 A   0.3615  -0.7467    0.152   0.1592  -0.3035  -0.6864  -0.4436  -2.5017    -1.84   0.9773  -0.5155   0.5557  -0.4737   0.5033  -2.4279   0.3924   0.7316   0.7322   2.1558   0.0075
 6 A  -1.1103  -2.3099   0.4099  -0.5779  -0.5619   0.6776  -2.9878  -1.9384  -0.6523    1.325   1.1955  -2.2148   1.0851   2.4976  -1.3848   0.1354  -0.2213  -1.1503   0.7332   0.0923
 7 A   1.5796   -2.469   0.1472  -0.4873  -0.2686  -0.7418  -0.5941  -2.5893  -0.3706  -0.4022  -0.4251  -1.9045    0.322   1.2333   0.4256   0.4627   1.9947    1.335   0.9111  -0.6683
 8 A   0.1257  -1.2241  -0.4671  -1.6396  -2.5346  -0.3369   0.2328  -0.1013  -0.8597   -0.837   0.6124  -0.6148  -2.0177     1.25   0.6619   1.0342   1.4211   1.3498   1.4633  -1.9723
 9 A      0.0   -4.888  -5.8515  -6.1698  -4.1776  -5.1534  -5.5557  -5.9745  -6.0497   2.9014   2.2766   -4.772  -1.4826  -3.6787  -5.5712   -2.694  -0.3643  -5.4628  -4.4869   4.5022
