TESTRUNID EPOCH: 8 L_PCC: 0.8896441572730593 L_ERR: 0.009812612952001467 T_PCC: 0.8604653256725765 T_ERR: 0.012291085600060305
180 LAYER: 1
3 LAYER: 2
1 LAYER: 3
8 :ILEARN
-0.19515269417699527	-0.06700889888933542	-0.2300496161864444	-0.16877921523432168	0.00537869223147113	
-0.1880547104566375	0.0898018203787184	0.3206075381294042	0.13430581443473294	0.628553683112862	
1.2897667411747469	2.120886154011217	0.24510394018773687	0.5318198697176064	0.7168206107104951	
0.1129617879040167	-0.003966830608064256	-0.011155586751375159	0.6696393157475979	1.1261878292189706	
1.374329763421485	-0.13987379910750833	-0.030315096780597323	0.2497510611707036	0.15837950746657298	
0.08845357940860982	0.038054560050297954	-0.577565632998154	-0.44682399705413145	0.2980609098081743	
-0.039756137301022496	-0.31018977233501716	-0.22875515601725904	0.03939154949810001	-0.5437442465077303	
-0.48570351998366823	-0.28807670231484045	-0.6928376601840042	-0.9438856272987692	-0.469720055823063	
-0.6627844465138515	-1.5440919802038484	0.777204569664564	1.3618524101591911	1.7562104211094056	
0.008772133499059939	-0.44212103763925276	0.3728889808625321	-0.12416720343303604	-0.06450077698543157	
0.20557993184709814	0.09401944539310687	0.14962741808871186	0.23640675223117344	-0.6037620508757208	
-0.3510807647048631	-1.4016057196453684	-0.1418827183702463	-0.12250019804138187	0.10772178884341603	
-0.08251123813065561	0.0008043897032115849	0.07265008553483436	0.4001518863850786	0.6216957197270443	
1.040794163689079	0.5712301205954547	0.7378432658510552	1.3849295280125327	0.08204870327972683	
0.17912718581493256	0.05732106663389507	0.35256097529479097	1.0081520787575105	1.3003723432137824	
-0.4486415471881026	-0.572842535522058	-1.0004247928407608	0.4649288135541794	0.6815231182132911	
0.8478849392692333	0.33827928316826145	0.6135128171282791	0.8453970787501723	0.54580682525525	
1.0036330597522105	1.2256770874359637	-0.5068947162027878	-0.9656940216490577	-1.1135718365623861	
-1.0474134733195979	-1.5165266156306645	-1.7335979915123687	-0.038558141868238645	-0.0861357691441959	
-0.16329780532716368	-1.02096662989205	-1.3644192644209898	-1.9054947418885047	0.1823789708668994	
0.27129834123514474	0.4042658230011755	0.8103192028599598	1.1129822882246876	1.2687286865072451	
0.054951521478456083	-0.05598221738064097	0.16776418325515985	-0.22472938154505906	-0.13822898180255117	
-0.6150796843186246	-0.0780911673599411	0.08501311897013024	0.040851882963410885	0.3089633887231534	
0.7570044303508544	0.9329114889126902	-0.2935389383902461	-0.7250351883187044	-0.09442952954587815	
-0.16903530663651498	0.10079954734513566	-0.19653495498556203	0.25540229923220414	0.5263611030231278	
1.084594226008318	0.3397322149110408	0.28084263166807016	0.011190846118761474	-0.03646557948942902	
0.30334820341520413	-0.19598286310509586	0.2651373036924536	0.13439627453374314	0.8900087327786126	
0.06496397014166275	0.3197670702743383	0.03309913715174381	0.5024091003719785	0.5652769686980861	
0.9167488867730742	-0.001252506443901041	0.26909722354006915	0.6940948968573779	0.23427380571792272	
0.4031988478257324	0.42707166433040933	-0.3253955802883682	-0.3079491850402079	-0.3609792406449185	
-0.6644172022914927	-0.05209232371288601	-0.45639137125452467	0.5780696351704301	0.8664967441533031	
1.0970292214420894	-0.5144653373930667	-0.595747534509101	-1.1457073789755288	0.06745041819464741	
-0.6556157973967884	-0.447748672754468	0.16249477172615942	0.2432116778357659	0.3991688904864278	
-0.24843991534804988	0.08361013592843994	0.037058769093466726	0.15417509414104397	0.22863471731367777	
0.34914700725270664	-0.2826668490059765	-0.6789197109260371	-0.34435153893040027	-0.3079905666188133	
-0.793107544735447	-0.41923602808702126	-0.14455638978952398	-0.2273450898513745	0.34716701114277654	
-0.06267652429519498	0.052131001714751296	-0.08861035811780354	0.09924768994772276	0.5429905348104792	
0.6251325235359114	0.07148078292540531	0.16779145005610516	0.15007666112051726	0.09688015820364168	
-0.11079539040189904	-1.0422080942397633	-0.0577507903589889	-0.03712540619568992	-0.30014655026918846	
0.2684705884205825	0.03711625998555632	0.1804012621505279	-0.3374475335929383	-0.6919286608740147	
-0.02757212646974821	-0.3238728392379074	0.2661634378972421	0.07907950452688997	0.32507676166512667	
0.48733261750056384	0.04975113143171596	-0.22365752842659478	-0.23471043488590182	0.8519297780702302	
0.05090714043957603	0.07683440928200438	1.0429779924145939	0.0754630841466077	0.19994238481128018	
0.19509536326567214	-0.17163397326309537	0.11215225857893557	0.5683448625903731	0.17064928914510985	
0.37929923879855	0.23132630127581297	-0.06908585946698811	0.16720420469200453	0.2300993267683587	
0.32201453820884	-0.14858790840617997	-0.21919504690758204	-0.017678278726512668	0.23265035124335753	
-0.055071761608724165	-0.09706508789990412	-0.14175087300474676	-0.22188814824412703	0.21018946047916479	
0.07715788034829928	-0.13389703980662687	-0.06375160017038539	0.03496799638785273	1.0268300592802904	
-0.07195255573950318	0.22790248082354234	0.13690360421635508	0.027657196591178792	0.27350380064524016	
0.4020979621267203	0.12772945076501685	0.4669767968236772	0.3570713645177396	0.1605957694266463	
0.13094195806151804	-0.00870751401823483	-0.12542085374453432	-0.11302215431895869	-0.2305088373924945	
0.16117459928264813	0.185865050521755	0.8522226629314525	0.14751893002875738	0.30024499821136086	
0.06618591961629415	0.14484926802599485	0.1901450330512582	0.3751722097595227	0.30572977694643655	
0.06803855016403305	0.11138570233054544	-0.36166400489493944	-0.17197104846180855	-0.18284723709455758	
0.16030493435266158	-0.24762996256065323	0.3594675341976143	0.19585789984824137	0.598507870445336	
0.3211047534258096	0.11221162462661138	0.04742196025188765	0.2593011911903205	-0.38521323156743614	
0.13434946244029797	-0.505867325719563	0.4614030595892387	0.6183094716661828	0.5609651261331303	
-0.10285856902712531	0.0544242116467796	0.12970074098412396	0.3293718779374154	-0.6591728673377452	
0.8603020883893397	-0.1788657549355665	-0.21812656405409087	-0.5964816602874015	-0.2928648618508002	
-0.21646271288534807	-0.5813117979707155	-0.43990798057687414	-0.2697156911777022	0.599882846952938	
0.1951189497142821	0.05687559495991709	0.6070867603565097	0.266934255803385	0.48991659719197417	
0.7869671021966081	-0.130848038578137	0.2864926727059813	-0.18537166020364448	0.08214917403715495	
0.3892945048018611	0.36124283001004254	-0.08977448747249396	-0.08759435090145426	0.09633191398707587	
0.11683325876019293	0.31923937689192294	0.29108686542778284	0.00254171990712454	0.23573356687882005	
0.537818262660389	0.26972481206170507	0.029648574245209034	0.8254107118794748	0.2184107155505524	
0.2662361773964939	0.1495213039790543	-0.09366878165579537	-0.43415161335299096	-0.5402163213755035	
-0.6939855700133594	-0.3466228690609043	-0.2757276374522911	0.5264048808859538	0.6581373534327208	
0.531672493937308	-0.1196464392330911	-0.05445077536666389	-0.20909717122362542	-0.13717861766649397	
-0.5647846909257463	-0.2722556266584077	0.035970086641228985	0.16092961890159407	0.04589250624694209	
-0.11285795057646915	0.10798186054445523	0.2026647769976798	0.04843361371969697	0.1597464760990658	
-0.45647913468382306	0.29452809980089917	0.35116886977879025	0.2890009284832746	-0.07824982602781799	
-0.13607111543151826	0.03567960299702931	-0.19230165666865087	-0.5003742002942922	0.10312844213262193	
0.09550089942840902	-0.9509451326780839	0.5720582383767551	0.36022977425018343	0.7743196953330274	
0.9784275883694448	0.2746825189359383	0.5887112002889523	0.35629481961638587	0.22676969282082274	
0.4696815588918771	0.26399528046591736	0.0652855669616967	0.3623483460975256	0.2045730312847793	
0.027157536381073946	0.25235596045936026	0.29334930312960444	0.12495328789709576	-0.07213323973386024	
-0.007194271630549767	0.3929095097089523	0.5761713533342884	0.9562463633089924	-0.09371382229647063	
-0.15045620890678416	-0.01972882874085487	-0.38053768652684994	-0.6217215908238987	0.23299108809988464	
-0.11688991070509538	0.06901855103891621	-0.3737332533019098	0.47658793115930626	0.8310887485327481	
1.531332116939852	-0.21045805441232682	-0.08177967509645746	-0.0675100842074202	-0.37959029146791845	
-0.2179114347017812	-0.8251163002262599	-0.14715015619203145	0.07328239695898826	-0.4346923976295907	
0.32007330898597236	0.06211105140531127	0.29785832841116133	0.1737626831384813	0.054439451307037715	
-0.07956119182112403	-0.27335516107130253	-0.16184920616041287	-0.7403069169556342	-0.3839843719126233	
-0.5225358554402894	-0.28595226482573566	-0.5207196161004406	0.08828444222469246	0.118861861806383	
0.16844812888857796	-0.07533907152641031	0.13777696395324382	-0.08622436736866092	0.2262806568974236	
0.5223646455416179	0.1107833640615736	0.46183115862561863	-0.032613543341496465	0.2308445324335549	
0.5075435635592287	1.1044949730190745	0.007404493291968536	0.05808111521153088	-0.14591918232369516	
-0.08503713169010316	0.2183977153030745	0.16939873792462407	0.06625618674694438	-0.15157080723924496	
-0.29106945873412343	-0.2593419690467387	0.3656241229700965	0.13275097438168787	0.4159807138048918	
0.58557683069845	0.5631231270688485	0.011571193933888542	-0.4724288626389729	0.7842961013478363	
-0.5866851438449798	-0.029710564939144948	0.2040302959193616	0.40121526283270803	0.3117507883405305	
0.3729412441508048	0.08415097257695406	0.15033959536789468	0.0021551121158087144	-0.2512657903458118	
-0.4257849588193712	-0.36364649532839666	0.054784841791896924	0.13477958723235528	-0.6897213052748451	
-0.2288579403802845	0.2125333191996883	-0.1355610301954417	0.13710757639482665	-0.5563438195131033	
0.3830777113833187	-0.11711239377108792	-0.2667875823462178	-0.26442032562726414	-0.12453317171372447	
-0.5227244116032258	-0.4937301121329759	0.369401320868354	0.12841677010495708	0.94350622040857	
-0.7134355529043761	-0.6013924435874747	-0.7901845924655169	0.5464285292527968	0.7766569807800786	
1.2776746309711213	0.08436765830883242	0.08630089445130197	0.1901814070476725	-0.02363650814393355	
0.029317816600106388	0.11800919913635899	0.252480642784453	0.732586257847961	1.3185484650863748	
0.12997647964214512	0.16589425322083787	0.20582591636485967	0.13424716644458823	0.03628565523062765	
0.002636835521916729	0.07299806704360184	0.1749380441171691	0.2615967706680861	0.20504118470733007	
0.24935260644423207	0.42657009546715213	-0.5410345233153618	-1.284650311765418	-1.3033252690315975	
-0.6413514597959945	-1.0738483184952234	-1.164419052697858	0.5777061959015022	1.17546661974962	
1.2956475191102028	-0.2858201816403888	-0.7356599456710622	-0.4280424286227963	0.2716247804133853	
0.7498663265603611	1.1775876279918518	0.1274150928552986	0.13333580873424386	0.09966385632999944	
0.06311986436875688	0.1716519695965396	0.2324563642621053	0.17088931630065812	-0.13195655984121904	
-0.5079235535889235	0.39725692286529757	0.7966710060858649	0.8880741386904923	0.5404482858355206	
1.064572425215065	1.4956832932782897	-1.009822733379991	-1.4690024852756194	-1.789115873747523	
0.3245356599452896	1.1574602508592893	2.928988481388838	-1.5374918377784879	-2.2751431138047264	
-2.6535247175690797	2.645215740679501	
