            A        R        N        D        C        Q        E        G        H        I        L        K        M        F        P        S        T        W        Y        V
 1 A   0.3579   0.0309   0.3382  -2.0511  -2.3081  -0.0061  -0.4675  -2.4669  -0.2455   0.7731  -0.1532  -0.2168    0.288   0.2362  -0.0943   0.8837   0.7544  -2.4565   0.4906   0.9088
 2 A  -1.2635    -2.35  -2.7757  -3.4814  -3.3575    0.876  -2.2101  -3.4441   0.0784  -1.8111  -1.4122  -2.3064   0.1298   3.7053  -3.4602  -2.2565  -2.3293   4.5466   6.3376  -1.9217
 3 A  -0.4187  -1.8075  -0.1799  -1.3284  -1.0573   0.5635   -0.073  -0.8603   1.7424   0.7358   0.6109  -0.3556   0.7426   0.2731   0.6119   0.0856  -0.5693   1.5309  -0.0084  -0.1258
 4 A  -0.4802  -0.2436   0.6255  -0.2697  -0.1741  -0.0925  -0.4608  -1.6392   0.0134  -0.0415  -0.1381   0.8394  -0.4004   0.6077   1.6857  -0.1464   0.4974   -2.454   0.6582  -0.3487
 5 A   0.2125   -1.371   0.8876   -1.511   0.9088  -0.3221  -1.3493  -1.7784  -0.9214   0.7732  -0.0739  -1.0777   0.6241   1.0893  -0.3038     0.33   1.2907   1.9413  -0.1238    0.179
 6 A  -0.3203    0.552  -0.0395  -1.1836  -0.7438   1.3956  -0.5245   0.1782   1.1913  -0.0776   0.0778  -1.3168  -0.3454   1.0791  -0.5817  -0.5761  -0.3529   -2.112     1.25   0.2162
 7 A  -0.8749  -0.6438   1.0929  -0.1417  -0.3852   0.1222  -0.0336  -1.2437   0.3144  -0.8561  -0.6973   0.0203  -1.4484   1.7401   1.6167   0.1223   0.0955   1.5292    1.579  -0.9125
 8 A  -1.2021  -0.2202  -0.2026  -0.6374   0.0854  -0.5971    0.081  -0.8739   2.0069  -1.3287    0.677   0.1256   0.4505   0.9659   0.2447   0.1402    0.565   0.5194    0.729  -0.6916
 9 A  -2.3861  -3.3507  -3.8553  -4.1653  -2.3807  -3.2759  -3.6732  -4.1548   -2.784   2.8337    2.723  -3.3668   0.3877   3.4401  -3.8714  -3.1301   -2.023    3.382   1.0626   0.3352
