            A        R        N        D        C        Q        E        G        H        I        L        K        M        F        P        S        T        W        Y        V
 1 A  -0.0281  -0.0403   0.0242   0.0066  -0.0262  -0.0058   0.0398  -0.0442    0.008   0.0246  -0.0039  -0.0556   0.0191   0.0103  -0.0767   0.0481   0.0263  -0.0508  -0.0013  -0.0305
 2 A   0.0777  -0.0515  -0.0242  -0.0527  -0.0495  -0.0457  -0.0449  -0.0812    -0.04   0.0478   0.0553  -0.0534   0.0256   0.0213  -0.0472   0.0654   0.1461   -0.047  -0.0205   0.1127
 3 A     0.03  -0.0281  -0.0334  -0.0587  -0.0187  -0.0388  -0.0365  -0.0323   0.0063    0.058  -0.0324  -0.0023   0.0118   0.0725  -0.0349   0.0497   0.0024   -0.053   0.0114   0.0543
 4 A   0.0266  -0.0318   0.0092   0.0212  -0.0588  -0.0299   0.0037  -0.0233  -0.0197   0.0183  -0.0026  -0.0294   0.0017   0.0539  -0.0199   0.0195  -0.0132   0.0002   0.0046  -0.0141
 5 A   0.0022  -0.0113   0.0123   0.0053  -0.0297  -0.0478  -0.0053  -0.0224  -0.0337   0.0623  -0.0116  -0.0659  -0.0177    0.024  -0.0293   0.0385   0.0045  -0.0459  -0.0114   0.0329
 6 A  -0.0026   0.0157    0.006    0.001  -0.0609  -0.0387   0.0018  -0.0354  -0.0054   0.0183  -0.0002    0.001  -0.0174   0.0174  -0.0373  -0.0009   0.0211  -0.0224   0.0138  -0.0032
 7 A  -0.0007  -0.0312  -0.0103   0.0116  -0.0164   -0.024   0.0092  -0.0118  -0.0327   0.0461  -0.0002   -0.016   0.0102   0.0482   -0.018    0.048  -0.0131    -0.03   0.0118   0.0403
 8 A  -0.0357  -0.0035   -0.005  -0.0332  -0.0305  -0.0207   0.0179   0.0159  -0.0349  -0.0113   0.0512   0.0144  -0.0238   0.0379  -0.0138  -0.0172   0.0312  -0.0306   0.0514   0.0066
 9 A  -0.0513   0.2989  -0.0464  -0.0376  -0.0393  -0.0743  -0.0686  -0.0726  -0.0428  -0.0394  -0.0423   0.3054  -0.0255   -0.041  -0.0466  -0.0504  -0.0108  -0.0484    0.104  -0.0467
