TESTRUNID EPOCH: 47 L_PCC: 0.8159492217730753 L_ERR: 0.012113483018656843 T_PCC: 0.6646639325050381 T_ERR: 0.020749418065171013
180 LAYER: 1
5 LAYER: 2
1 LAYER: 3
47 :ILEARN
-0.033544236653231106	0.06856443791827854	-0.12113301359520984	-0.008567246427610713	-0.08850471024854185	
-0.21394267486699284	0.045547464696956926	-0.12435606382395743	0.07107916319290936	-0.13524432830468586	
0.10262564634843285	-0.02136953872571934	-0.030236362599013696	0.05579902814534471	0.09682214395684091	
0.10852370605300886	-0.030502046107017945	-0.0032069280506596682	-0.05266541139354104	0.07275161564248078	
0.1312206523638518	-0.014844979703557743	0.013434794677105129	-0.06304877985778554	0.04198168760213281	
0.06093702211988199	-0.03563720019635934	-0.13200212052825191	-0.015750041091177638	0.08330765998845094	
-0.1368127523345751	0.05995268394316613	0.01928543964384088	0.07010287253616329	0.0013306060609380608	
0.0875124061783287	-0.030809771854329884	0.1160930212808039	-0.1243493068456041	0.21111315685647522	
0.14354970682791762	-0.014190326835251295	-0.000720397269746888	0.009567001013019105	-0.05349779321375529	
-0.12593353449378236	0.1312581219166739	-0.08056988479281704	-0.017203073824393025	-0.19727448796686908	
-0.1755431377026736	0.05146761585302307	-0.06973181072179853	-0.05081974406512506	-0.10907948004530844	
-0.26196827531562106	0.16760602237476382	-0.20989547523334998	0.1476411232612759	-0.1331742199320331	
-0.06031253103508926	-0.04894290370103823	0.0754068150820352	-0.052095843902726535	-0.06985285381849989	
-0.11997568629146219	0.04286039288386124	0.011441380193502495	0.061416764730924375	-0.17006089404131502	
0.08544241639448709	-0.05375840418125198	-0.1090824127365836	0.08980246385837777	0.008942068860657208	
-0.12372613303534556	0.13101073823375553	-0.09880157716004903	0.11357852090826606	-0.02456649698183378	
-0.05770549630101347	0.10430654097209624	-0.042875427736457764	0.04227751881671588	-0.20143169491294	
-0.044712974360797374	0.04522403101343314	0.053377127151161594	0.062203709286309604	-0.1205847530029899	
-0.2580601562314985	0.17459761237716645	-0.06534995261250034	0.055586326779802936	-0.24982435293784863	
-0.17964212313248207	0.14770723594508864	-0.042928775332967586	-0.059686824893028304	-0.12402183054464475	
-0.08571215227144979	0.029389215021494938	0.05341571121853544	0.0014855001262439364	0.03571661182677936	
-0.07672430463363868	-0.029952086010624938	0.028950061631643004	0.0952657060314508	0.0010677622200503912	
-0.11005318088952032	-0.04904758433868656	0.06706874349748211	0.06306043505078979	-0.12104133236510489	
0.02051878851112914	0.05885607510226846	0.07779790979829443	0.05711744320293354	-0.08979271439471798	
-0.005432649404875689	-0.156696175825917	-0.024374499835293623	-0.09369146182780672	0.17152698537363822	
0.004341006619166138	0.00113831259136259	0.08862871464567658	-0.05271253081757207	-0.01415367814987681	
0.021575230793511327	0.07864221006555992	0.02940538222276111	-0.09741925723592533	0.080458895246417	
-0.10803313076755094	0.07891348231900276	-0.053708335215088214	0.0937266199689159	-0.005515268081297098	
-0.1342971955304021	0.030799012984784987	-0.18881220915559713	-0.032035350296552745	-0.2568331534748736	
-0.10732491158174201	-0.0365118411983904	0.026466162853027567	0.025733606519950172	-0.14953583677010013	
-0.039851332459862866	0.0633834434619751	0.04656667914595775	-0.0794432282277741	-0.0130646214784496	
0.027451350773622266	-0.05195120003073985	0.015336716182243202	0.11742256255381803	0.07034910128959003	
-0.14389934711215263	0.055092473129073234	-0.02911979621302788	0.12142717145898815	-0.18866653081951626	
-0.24634134168797842	-0.0020393799766273706	-0.10949659753667201	0.020676005838396048	-0.22237893382068552	
-0.07534913248956568	0.10578066525275891	0.0005826114946364891	-0.009771898853833871	-0.02601840937795994	
0.06399770595182028	0.019495496248117375	-0.02032422038033004	-0.08898854138380205	0.014502688154750589	
0.08078320741510876	-0.09201888214478714	0.09733548561074208	-0.10099896514419349	0.02853101397030756	
-0.1602320817502853	0.0465919388484114	-0.1635768710820623	0.09634655379286464	-0.20502344590022595	
-0.6230281403377841	0.2869177481998122	-0.3420839055100787	0.27044314754617094	-0.6236376186462399	
0.03470528611367074	-0.05954906161227096	-0.08516875929817147	0.055001969261706266	0.01915516703495368	
-0.051991291117417356	0.1384918508800069	-0.023050629731038864	0.1420914898006697	-0.11978754357649514	
-0.002779687029369352	-0.003477151046145651	0.029922450511290905	0.05336625527972785	0.15038364960596806	
0.08612729325011219	0.05906088861931457	-0.024006932694177103	-0.08047121758090109	0.08970358891018132	
0.15963163779559486	-0.18137981133369896	0.17878331372081505	0.01250836659135795	0.14171212924748922	
0.032987929435696	-0.0704895653557147	-0.05313006410306328	0.05212331649965288	0.07944970402676885	
-0.03474133956404399	0.07685719181430109	0.023897617818733397	0.10977975901994963	0.01610436530754543	
0.008006306741382968	-0.030195109579973418	0.09161850863004004	-0.07016761504384227	0.1081780805814067	
0.07569197515408173	-0.09683851696685321	0.017181247438519148	-0.0006104280389796442	0.11838413159435854	
-0.19571819064496618	0.1366155844564382	-0.05284608743527801	0.0016609084928163077	-0.12240744875665456	
-0.0744868605333324	-0.02476785150865438	-0.06557210300437792	0.06046142471506839	-0.07909876868953741	
-0.15245195175577686	0.0845271579827373	-0.013791948486878832	0.051980565516758344	-0.09892446498701793	
-0.08203148259831729	0.10251681638507336	-0.049044678169871285	0.014728857332384477	-0.08263217740157958	
-0.07771842478777638	0.1253653388656743	0.004580647309030602	0.056097003169775804	-0.10159089888234099	
0.0007852069580453264	-0.06993277904155426	0.047630814395778015	-0.1075846315203842	-0.06592016927126733	
-0.2458934019826173	0.12253644990755942	-0.15766945178570194	0.14385872735743505	-0.17111708126852174	
0.006015757539207889	-0.012954282022232705	-0.057375850648529965	0.021663415627229926	0.07688464224457439	
0.13466546989007988	0.06653782325352131	0.04511869026992905	-0.05116730447514854	0.049624365789965784	
-0.050354995447638225	0.025878128678037838	0.003250669365865138	0.03420235971430272	-0.09894479517860091	
-0.008181280627092509	0.016750925961272076	0.030734524416934268	-0.02620997389041546	-0.07088877325553135	
-0.14474020880886543	0.02934905077761734	-0.12430418292950147	0.120885683951487	-0.14644036348831316	
0.022817349195796966	0.09359700463017405	0.011691160297819265	0.025252592122256858	-0.05262767792014283	
-0.043032564203753176	0.0201402248968621	-0.08553579683649537	0.06761288005409082	-0.0601093451845245	
0.1814253097960702	0.05475446070294756	-0.0345405220695257	-0.07628057191086594	0.09021310995236158	
0.13762162803692501	-0.00839183799651769	-0.017371426487545277	-0.06018407778986943	0.24817947803943438	
-0.07501633097923575	0.05467646901584735	-0.07115923673272848	-0.05952909581151828	-0.03179293776076215	
0.14311223447162166	-0.0950536464592696	0.06786552349116735	0.005307046827977673	0.19650591382365823	
0.03160415284203975	0.03543578626925577	-0.034211215247699135	0.00790180269790541	0.18325676493363952	
-0.14499212288745075	-0.005613868264475884	0.036114935115862765	0.10168609292695452	-0.011942880590338625	
0.06662700026164181	0.10990252669852055	0.04799797007052191	0.07731845353286443	-0.048699321337724456	
0.0203106622858667	-0.01005612437673867	0.030417474159468327	0.01047160625207706	-0.15131795424982597	
0.04977345448878757	-0.006218090591344392	-0.02840300482402342	-0.09386535390555233	-0.028699844469699306	
-0.03222566235944282	0.11346593019261499	-0.034456619479694195	0.11042275918327875	0.11586229759553147	
0.08052659006923935	-0.17011671413194968	0.1485475030019989	-0.07305015410951445	0.18689232120051807	
-0.07766564762513103	0.08581913025824395	0.003656464152829229	-0.030027347019835365	-0.23806612307430755	
-0.05061652241776535	-0.049295344015704005	-0.11290822832258565	0.078172378778196	-0.14986383528548203	
-0.0012897104459902947	0.07153464811187173	0.04841093262354504	0.052004934166900774	0.03341449613867131	
0.032497939146002845	-0.012985239593987036	0.1255489934648936	-0.07304298117261411	0.036878439570227614	
-0.09526417531815279	0.06127347039832025	-0.027453612258745805	-0.08040715357405315	-0.07855639064471635	
-0.16826648726797455	0.09692892336774726	-0.08661132594012441	-0.07133912476600922	-0.11587014694836052	
0.032024757095276024	-0.04832888756242784	0.04058525918970374	-0.023475404786314664	-0.05072306701104689	
0.07311739081287758	0.0876149739041177	-0.1136215502129118	0.07045987004606918	-0.030244802726801485	
0.10092818027016236	-0.0724521319160233	-0.021021120952423797	-0.09574611021820047	-0.0036273130913039436	
-0.2018040254041269	0.10253695174492201	-0.02162260954199488	0.09003753183938924	-0.09755225840170766	
-0.06020740758388055	0.09739350071230479	-0.042760787498617114	0.08828914456342696	-0.03902759783805932	
-0.17802928835353116	-0.05034177395689065	-0.16825376725970725	-0.08255513630497255	-0.08580422824912462	
-0.08539199981293628	-0.07427923690519833	0.0573727776674054	-0.0026303123163705366	0.02883423329780588	
0.09773186320692906	-0.07787158919687182	0.07025417846709685	-0.046787630433894035	0.14736475234235488	
0.010726841832084116	0.07346548940293689	-0.09112840370084364	0.04965120056607507	-0.04492651713490142	
-0.05931870134953253	-0.05084208218281753	-0.018835330152262533	-0.0772167882838467	-0.05983005515468713	
-0.051591490017084914	0.13161856619673684	-0.021175244414748235	-0.003674140402387035	-0.1718017127074408	
-0.14922141441106684	0.05996854485751937	0.022687397172359212	0.12555845558511514	-0.02910428951215271	
0.057848449704988245	0.07194900363699705	0.004696027709133004	-0.05509337386415809	-0.0552024356402299	
-0.1784427991360416	0.11992429281778401	-0.1374260757284721	-0.002972866235558328	-0.025998125517220406	
0.06888154565911121	-0.042792968201452036	0.04317650128612496	-0.09675096164648453	0.003880023641804003	
0.20614805017108065	-0.06989469424400264	0.04755807686996232	-0.016509565284799646	0.18491452806560452	
-0.07796294639751945	0.04745145841633623	0.0677010047302142	-0.08955286220002509	-0.0017678760201687352	
-0.10994191455296262	0.12478907152741649	-0.06555963881375365	0.08693359637900344	-0.10446369764425051	
-0.06586672287756308	-0.021172370927631794	-0.1157631198576571	0.03407691410038915	-0.1776947188693371	
0.010575561295829674	0.03929724074514783	0.01504750400050814	-0.08297902649293676	-0.07849741642635967	
-0.0410491090804146	0.16601456154045496	-0.03764629075716547	0.1576209980629206	-0.14721538383628163	
-0.09888378591563139	-0.01176713150892922	-0.06618350363307594	-0.0234086255554266	0.02746410753300803	
0.11244930557884096	-0.02277814477870041	0.01988807532696262	-0.022389801266758973	0.09063446411232245	
0.03803028370808902	-0.01520996040904632	-0.11562875978615689	-0.03589328803104333	0.07953138447815962	
-0.007749859993134579	0.007187009111867078	-0.07670450062064615	0.017578078405074166	0.10900231930059558	
0.06076324114196358	0.03998860798807595	0.06431804225461601	0.10305447696286477	0.035744437459974215	
-0.04835244291240571	-0.09948936499259571	-0.06269489955544766	-0.02588427955032351	0.006494273669232897	
0.08692573818083187	-0.0706666177656202	0.09552942046637618	0.041982153528728486	0.061763472395751466	
-0.08514344435837125	0.10695824768886616	-0.08503646335147848	-0.03000997837038485	-0.1377918610799127	
-0.1212048435699907	0.0852645675563901	-0.07073691383290258	0.02602511855172206	-0.29387035046933113	
-0.06020920287860301	0.03256778865258934	-0.01498117178591192	0.07875214453183595	-0.01713976784895623	
0.005536179037686868	-0.060783559118850104	0.10158603790329823	-0.07451896983429421	-0.08158458528102178	
0.17423572780783564	-0.12241570683642619	0.16057611494544638	-0.030551079448639752	0.1785579554180529	
-0.08962495983610667	-0.01914061278093201	0.07763282137318434	-0.1263464064562824	0.0031264078933326274	
-0.09338235281040348	0.025856090050178783	0.020159364930028085	0.053103938470016536	-0.2721687365850185	
-0.15488286099561524	0.1595641173625126	-0.02951910721625377	0.10427364496429443	-0.12877392658295633	
-0.00904282756048633	0.010837979259345409	-0.035219015964150155	0.09421154919448008	-0.0041800696359938876	
0.006722193706348754	0.0003128385075386568	-0.01275300828212337	0.004732271233238336	0.01540837255403908	
-0.15766165205525132	0.11748478382355484	-0.10507773162749438	-0.01740409887659217	-0.13732328751376727	
-0.23820201495034707	0.13544251734137416	-0.0563636087849191	0.014983080069919118	-0.3312811466079088	
-0.08213323416989142	-0.04021629508810945	-0.04468591283452912	-0.07316985714958045	-0.09220672443449253	
0.106494939841299	0.020504072603078436	-0.03780839496687583	-0.07498408179678527	0.03859961135890323	
0.20144971229436937	-0.025622322501941106	0.0935942710840647	-0.09338538286109074	0.23485718565734	
-0.1791520550250489	0.1836620353255796	-0.04604576948323133	0.07115773484693053	-0.19276876100679047	
0.019369049399215927	-0.03185155718809654	-0.08190018182248605	0.014314337283015729	-0.04585168736465091	
0.03211022575554685	0.0026220396894465164	-0.0179646933071693	-0.014074165208795439	0.13732471389345083	
-0.04225094244685126	0.019109501713354595	0.06551269770622987	0.033394849485157314	0.07339650646576909	
-0.00443740162684097	0.026670529369760106	0.12252353349856511	-0.031605564429281405	0.14274388110508188	
-0.06124201778709254	0.04404185774107511	-0.043375395418938326	-0.020563770616920937	0.03287909056333431	
-0.13196433973836133	0.1185864412617734	-0.05375423339161178	0.03779182199013914	-0.03758685990978551	
-0.10205256114805421	-0.07692662491404031	-0.10822007691983704	-0.014494657882799376	-0.15268271641803663	
-0.04391788493275806	-0.09067024253026039	0.03793427688322142	-0.08259192736400787	-0.01867426490749901	
0.1329934086633955	-0.09693224003846007	0.025931575919467275	-0.023016557790136165	0.22602054818293446	
0.05052604867012842	0.009622576277159393	-0.06365936489852361	-0.015146192402784309	-0.06784119922346502	
-0.03040083331577033	0.07483118566251926	-0.11218232206289949	0.0712020107966505	-0.270054577828357	
-0.050389350722347764	0.0863755847329191	-0.11531150290601243	0.12424240911552285	-0.051174979018009485	
0.11782018390463839	-0.039966155723711386	-0.07489142711378632	0.09186555543648348	0.1285417300077495	
-0.00650696714942026	0.03232899670287855	0.017376953673504548	0.07984427057669419	-0.08557734974364546	
-0.04313139948618627	0.08182325819799255	-0.031195747123267878	-0.005781274347359496	-0.0736706636036385	
-0.07303921791253187	0.004965092548311829	0.12588953373022546	-0.12187195042966438	-0.07081579852161121	
-0.05329284922269045	-0.07542070892126569	0.08178091677670943	-0.022933903645899745	-0.10145273490287653	
-0.00721965670809813	-0.0784612835216507	0.06983444018799981	-0.06105629047121798	0.07605322155906982	
0.044303442903905386	-0.004629459888104872	0.042040769038970444	-0.0774953707851821	0.053604987299685096	
-0.106772340237526	0.004670301868000653	-0.03567605957523635	0.03128010265842165	0.008056563760911434	
0.05867154971482313	0.013694117743001397	0.06234553148295504	0.005515763953407977	-0.00783714692752778	
-0.09857129036323416	0.12459121070259337	-0.0360044399137223	0.08271740780702895	-0.10227194566117012	
0.08003736431357865	0.012732984220721269	-0.023158466801760185	-0.01801189563358794	0.1513863022623713	
-0.030298171742305185	-0.04988070291724833	0.06705713220051907	-0.032691771729468966	-0.022168658366791435	
0.11218730299618379	0.04690247699523397	0.04098369482248464	0.046849987632584744	0.03639267238244032	
-0.07092236972577926	-0.007336063194063348	-0.12570489976846247	0.137598031489087	-0.3346327023884542	
0.10466206230977534	0.0323098895785456	0.02457984036081064	-0.08946492977821098	0.13273344092501566	
-0.18461024243547422	0.05168439760783794	-0.030698758967284946	0.17888304742528802	-0.16147397973428676	
0.13545199199429736	-0.09703919261429084	0.10733984403969853	-0.07463115780387197	0.03156959358117538	
-0.11419060081095721	0.12930530657912762	-0.0759188372034245	-0.052471854542880676	-0.09458047044802537	
-0.25381074160725364	0.11670819114949951	-0.11510364308035628	0.10473105552614952	-0.21788964383172363	
0.01047821845886757	0.06650363180001921	0.03940600490176204	0.000263889412163643	-0.021531969327910284	
-0.07946877258528287	-0.02765197161867825	-0.05322399020442362	-0.018782414022638094	-0.0854219619606314	
-0.1260827767370865	0.1648765933202713	-0.07889451464137061	0.13701972621161623	-0.10141182801519938	
-0.027798721478258834	0.0492236894082453	-0.012058969703773407	-0.062103351927844865	0.018759700551267147	
0.0409517302155582	-0.11017315665279881	-0.01172795425485468	-0.03155670529960179	-0.0468375483909337	
0.12193320282882983	-0.09419043035648057	0.060866821856609736	-0.05297966496613957	0.15953232493080063	
0.1574428330144161	-0.11995744847422234	0.07059232871371458	0.03667405916348102	0.07810606979696821	
0.223126127426034	-0.12095998507219577	0.10247884475359605	-0.006902266225328055	0.09990688032045632	
-0.0227376960799551	-0.07379761440081588	0.14024859677364293	-0.06391409313256798	0.13129584518137907	
0.023209125987432938	-0.09548712731150515	-0.019364618726317298	-5.837688096608964e-05	0.13515297472261337	
-0.017374379047666207	-0.02947834998034305	-0.0009410689254848695	-0.04146565679593306	-0.08281110319893474	
0.18925709894182513	-0.16619601379421864	0.04521321096033232	-0.07517687296822675	0.28050845485949627	
0.1101777926405438	-0.02754947219696755	-0.016427311060666795	-0.10444458388321587	0.09342268900768867	
0.11422746036294244	-0.10252852263359848	0.018224199412561457	-0.03672425347622908	0.030986062528830204	
0.09861011744239222	-0.12967262592987766	0.052928888083746364	0.013541391256966366	0.22234212591198427	
-0.13773279865948612	0.07980703832477735	-0.13799270194883817	0.025746282407019514	-0.1631069275934196	
0.09027697274200164	0.015151380984281603	0.015112028850465978	-0.1260728405160306	0.02714729542508746	
0.22500001755874657	0.01658329877997821	0.1077614530701829	-0.11373787961620085	0.17867669321904053	
0.11643988263044153	-0.0936617391463287	0.05055834324251449	-0.06945079694072087	0.18211452109199514	
-0.24124053935083178	0.20315018736511542	-0.10377606648574425	0.07150351312534453	-0.2633422821925348	
-0.08052587548985375	-0.08001787450802446	-0.005453988579654955	-0.08587317448139477	0.02783637406035203	
-0.017907821308081225	-0.09269768562854695	-0.04430360426030499	0.010612342427159352	0.10853808923644233	
-0.005443202072149836	-0.08033883443658967	0.05793234183485302	-0.04916137045581024	0.08286056284378204	
-0.05078743280538923	0.02315749128066868	-0.10267066329632227	0.06215989329089147	-0.11245354445340287	
0.08268662969738773	-0.07730357680017648	0.06712956151909205	-0.02698242812035507	0.21503802056048313	
-0.0835021836099594	0.07654847034798275	-0.014342296669374713	0.0788380681942327	-0.07624670700252963	
0.0178213318072467	0.06671822680306194	-0.04675089238750902	0.07447125791645554	0.10183060882680955	
-1.3363272906778318	0.8625154506587267	-0.7051164643771474	0.7264528404376747	-1.5968401323298378	
0.27044357344482156	
