            A        R        N        D        C        Q        E        G        H        I        L        K        M        F        P        S        T        W        Y        V
 1 A  -0.0024  -0.0611  -0.0238  -0.0568    0.013  -0.0384   0.0214  -0.0176  -0.0124   0.0706   0.1878   -0.014   0.0318   0.1135  -0.0306  -0.0485   0.0101   0.0091  -0.0245   0.0276
 2 A   0.0292      0.0     -0.0      0.0  -0.0066      0.0     -0.0   0.0035     -0.0   0.0131  -0.0668  -0.0074   -0.041   0.0026   0.2381  -0.0136   0.0102      0.0     -0.0  -0.0063
 3 A  -0.0245  -0.0399  -0.0538   0.0063   0.0216  -0.0408  -0.0552    0.004   0.0165   0.0144   0.0318   0.0247   0.0152  -0.0024   0.0373  -0.0125   0.0204   0.0469   0.0954   0.0496
 4 A  -0.0013  -0.0055  -0.0274  -0.0071  -0.0408  -0.0212   0.0861  -0.0271   0.0388   0.0034   0.0512  -0.0133  -0.0238   0.0246  -0.0059   0.0349   0.0522      0.0   0.0243   0.0131
 5 A   0.0622   0.1174   -0.045  -0.0438  -0.0484   0.0217  -0.0849    0.064   0.0321  -0.0556   0.0413  -0.0025  -0.0423   0.0246   0.0485   0.0528   0.0288  -0.0066  -0.0228   0.0135
 6 A   0.0364  -0.0519  -0.0158   0.0712    0.053  -0.0137  -0.0351   0.0419    0.018  -0.0869   0.1179  -0.0439   0.0036    0.056   0.0333  -0.0001  -0.0343   0.0157  -0.0334   0.0229
 7 A  -0.0047  -0.0276  -0.0199  -0.0449  -0.0158   0.0403   0.0059  -0.0312   0.0239   0.0638  -0.0129   0.0074  -0.0231   0.0488   0.0257   0.0351   0.0154   0.0406   0.0226   0.0055
 8 A    0.027  -0.0096   0.0034  -0.0128   0.0061   0.0125  -0.0022  -0.0159  -0.0032   0.0592  -0.0067  -0.0031   0.0214     0.03   0.0054   0.0378  -0.0099   0.0097  -0.0015   0.0073
 9 A   0.0431  -0.0273      0.0      0.0     -0.0     -0.0     -0.0     -0.0      0.0   0.1564   0.0236  -0.0227    0.015   0.0181      0.0      0.0  -0.0676  -0.0233  -0.0718   0.1114
