TESTRUNID EPOCH: 22 L_PCC: 0.8784896079508527 L_ERR: 0.0036180123074802135 T_PCC: 0.40743141956810347 T_ERR: 0.016009859106694297
180 LAYER: 1
2 LAYER: 2
1 LAYER: 3
22 :ILEARN
-0.20092759039622352	-0.08932931335398857	-0.09799627500983708	-0.04678017776157516	-0.19229967014510685	
-0.20817601316328507	-0.2193499339977832	-0.26026090868654794	-0.09527431363723103	-0.033844794661082166	
-0.12485968588951321	-0.06866270947183459	-0.13518166935610762	-0.021112505080313423	-0.23239546023863333	
-0.10373886564538201	0.15138258685056236	0.18867360961525112	-0.04029470628952326	-0.016734734636302807	
0.08214347938935139	0.1335824666088933	-0.12713397893216788	-0.047632759798458456	0.0850611284760625	
0.11526709599419785	0.06565101258568055	0.08892125325683015	0.06149692476430335	0.16137889127775504	
-0.2564899122786403	-0.14984129964407897	-0.026368002971955854	-0.06862038817166956	-0.239517744588587	
-0.25940851454503544	0.09128277247830456	0.14851190858626237	-0.09688466414178874	0.07075033780163976	
0.05364761686607558	0.012724931225880916	-0.09693367766369765	0.029366952252798263	-0.04499500444464042	
0.02427387799098753	-0.15716700291495647	-0.2650582140910428	-0.047764656863326906	-0.08613639743081533	
-0.39123383764097147	-0.21675151402112167	-0.8870209522480397	-0.781368826103674	0.14958215590678245	
0.04890421008273113	0.04262004454484344	-0.03244403851561309	0.1189011422862236	0.09141587805243634	
-0.0970159315555197	-0.06015716441960483	-0.14335049805689623	-0.1657034541306669	-0.1020914990442516	
-0.020261466934940603	0.07616416637684857	0.028248207818205265	0.21732715551975665	0.1568159189177715	
0.21473781178474183	0.0679676458784351	0.027249515968686033	0.15902848141726475	-0.07519773190973465	
-0.12232487532129178	0.23972210258460624	0.10863919449226553	0.07356573052345905	0.036730979402503444	
0.051708371557993224	0.0032433855589514508	0.05379503146492917	-0.02506689576208099	-0.2028392166953952	
-0.10676313184958304	0.06395702099064544	0.12394806650988038	-0.07727119701467611	-0.0896051033297153	
-0.05587972574872696	0.10136711706890571	0.0248159086597373	0.037236492808009725	-0.09316826048509512	
-0.14654932258488446	0.0414551754076695	-0.02415980029754112	-0.1319280957216024	0.012876776084310395	
-0.04737685259712521	0.009225811352953346	0.11293735400850442	0.006348388352662163	0.03976611813808135	
-0.0006272274606857562	-0.14120854306823674	0.07326345478221845	0.06745482100403288	0.1128369129290175	
-0.13738038577931694	-0.17998017632078134	0.08112874719596393	0.015066999591365787	-0.10816536763656737	
0.052417344378308306	0.06820439179703203	0.13460143588745357	-0.005320619225988839	-0.10374863229565745	
0.049857868312323424	0.03718755859772687	-0.14944831491946553	-0.10977954293152811	0.08065775212405916	
0.027187780857562495	-0.01658145503207128	0.07027616037238116	-0.08032269648498992	-0.05942430273063676	
-0.0168941621485192	0.07292297992016487	-0.009290768652597066	-0.10017095387315555	0.014294915049466315	
-0.13970325290915184	-0.0003308318102016607	-0.0819644900733292	0.10797960461561103	0.08849801104001469	
-0.1937040695034705	-0.2708262711144873	-0.11375578584876093	-0.10436369771846331	-0.19596123885717728	
-0.1778815422328424	-0.17774427005076757	-0.08607441287441937	0.18781286166433359	0.07024975620814562	
-0.031135809875900512	0.139831027782351	0.05640732068793462	-0.01866304938160943	-0.13727166083791983	
-0.040188224714971875	-0.0946493217010957	-0.019085722981628746	0.20316124058302967	0.1774312775667874	
-0.08642697723143826	-0.0434052247951371	-0.0656941507094008	0.017931258378539358	-0.06575805111162301	
-0.051399463382912625	-0.08471997413246096	0.044211891336849427	-0.005335976071611457	-0.01943409405279383	
-0.08229536822786448	0.07633795429616044	0.0225028920507328	0.010827659718050636	0.012718864560824446	
0.06124531777291255	-0.1407392397988091	-0.14732398305039318	-0.025472568230904078	0.0027351927971929514	
0.1594837664353413	0.051184313692003824	-0.0002875102833135904	-0.09851923576106476	0.02395526999034251	
0.11741063103366392	-0.13982433894522345	-0.05814366642265181	-0.22872035609911368	-0.15137094696200787	
-0.13920740908054008	-0.16378573745362038	0.016734616483808848	0.018990189325847003	0.035551046641842714	
-0.05226944006117629	-0.2712429923921473	-0.20520309168633105	0.057161137049962035	0.08561560568571797	
0.11772763006590148	0.04396572254062912	0.06597411402012787	0.020438553985925315	-0.19384538642863247	
-0.15283419997000788	-0.05526570550586048	-0.07954622209045337	0.15945824337403744	0.17923279818688406	
0.024682138648462387	0.14556790916529733	0.16012647537937907	0.14099043721100282	-0.25676819581803956	
-0.1608682328374216	-0.14815779259409806	0.06743951650988106	0.10234982369895008	-0.09856156948777922	
0.01516106908091193	0.024002450251331683	-0.05658482334039343	0.08925718053266722	0.08173096873796318	
0.1841148115182608	-0.05962374981413223	-0.007925269166711567	-0.09560321362115773	-0.06592657294924595	
-0.17685903564973127	-0.12736440171623722	-0.1427255269253628	-0.2063931168620303	-0.09352354599514746	
-0.07782528173667838	-0.2104877285344253	-0.10170941207829068	0.06725117446057857	0.10567367828033154	
0.03173583796969958	0.13578814883439083	0.04753646508554363	-0.08656280398829627	0.31760617392554047	
0.28706477104243766	0.06796652079127072	0.15155278435947817	-0.06559284291200565	-0.051121007608272824	
-0.06513180932566555	0.11552164763970224	0.027097538476258565	0.1356854749963535	0.0654445255047139	
0.11316476713142558	0.09349900923012637	0.10323047259633314	-0.03403041890650473	0.03208173418934424	
-0.046991594224415595	-0.02576297088858522	0.07476470440595807	0.03561528236416936	0.04620179593971742	
-0.06109494977548298	-0.033038164366698104	-0.060661798005926706	-0.2789750427615261	-0.23518583668776427	
0.09654735102836366	0.05809244560234688	0.20241853338553992	0.11843371873210447	0.08050004994814514	
0.019733205628883147	0.030353813031510888	0.0801660857227353	0.01800640471305134	0.09322851944558037	
0.18638424909082485	0.18346976356369613	-0.018160875975531548	-0.09351173018633292	-0.05486534274278889	
0.09599303208819107	-0.08165156802704027	0.003732214048287846	0.002292167851658025	0.02548379871393547	
-0.1375590586163394	-0.060348771934096344	-0.08510359079247004	-0.08604064141426568	0.06491579575914204	
0.018035465374159874	-0.05473379023534015	-0.10017289967282315	0.16437442475520403	-0.03869802471362774	
0.06733076131085837	0.06709276221268663	0.05530951431214083	0.03918006245855888	-0.04318849293632524	
0.00999399058319949	-0.13384990832842764	-0.17981440365204854	-0.1724010416011647	-0.20015752577740434	
0.037315887135984244	0.05672628619557091	-0.16531891622285153	-0.17389157543534275	-0.20234237080442963	
-0.15410753097533814	-0.07271583921499003	-0.20666754594853498	0.005853900642229371	0.07697233473814037	
-0.02770195388511455	0.003670949301718073	0.07632052278068688	0.019364061489398905	0.011642945351754166	
-0.023766466207294022	0.02667384297155117	0.09054400348444756	0.07601256589864422	0.0947014418932401	
-0.1069077442219608	-0.0036599710357333227	0.044503116892148656	0.08329754875482318	-0.032226398811483196	
-0.19938959920159463	-0.13257895347389856	-0.07112676488277159	-0.06763425770969932	-0.10146120293359147	
-0.09059098823196929	-0.027351605397312923	0.16108855145976525	0.14393495039655096	-0.39466308561347946	
-0.24682251352712123	-0.18626403474560257	-0.1981955210357992	0.02842224762510946	-0.14092228727422668	
0.10047280346867123	0.07214657907002357	0.0037088404252565415	0.001064158060527821	-0.20307780746426365	
-0.2578005766337157	-0.13502954223255054	-0.27437987795509394	0.04637079017941904	0.09712561513289669	
0.04714992668675268	0.024224492819293942	-1.5239373857325547	-1.4248012403165573	0.5267127850132511	
