            A        R        N        D        C        Q        E        G        H        I        L        K        M        F        P        S        T        W        Y        V
 1 A   0.0961   0.0618  -0.0215  -0.1129   0.0054   0.0156  -0.1074   0.0236   0.0204   0.0514   0.0215   0.0919   0.1044  -0.0192  -0.1208   0.1655   0.1349  -0.0075   0.0015   0.0835
 2 A   0.1361  -0.0164  -0.0311  -0.3635  -0.1522   0.1309   0.0941  -0.1271   0.0234   0.1511   0.1407  -0.2591   0.1184   0.0374   0.0745   0.2148   0.2483  -0.0497  -0.0094   0.2573
 3 A   0.0889   -0.018   0.0826   0.0315    0.038   0.0777  -0.0348   0.0214   0.0766    0.105   0.0911    -0.05   0.1783    0.189   0.0047   0.1215   0.0289  -0.0154   0.1315   0.0309
 4 A  -0.0254  -0.0858  -0.0907  -0.0784  -0.2169  -0.1437  -0.1223  -0.0977   -0.057  -0.1256  -0.1093  -0.1495  -0.0699  -0.0537  -0.0716  -0.0823   -0.076  -0.0427  -0.1143  -0.1123
 5 A  -0.1027  -0.0774  -0.1327  -0.1482  -0.1331  -0.0892  -0.1274  -0.1002  -0.0729   -0.083  -0.0901  -0.1052   -0.067   0.0129  -0.0779  -0.0769  -0.0714  -0.0235  -0.0676  -0.0617
 6 A   0.1083   0.0987   0.0382  -0.0019   -0.003   0.0248   0.0451   0.0607   0.0664   0.0732   0.1133    0.033   0.1376   0.1755   0.0353   0.1154   0.0955   0.0473   0.0976   0.0935
 7 A   0.0485   0.0219   0.0787   0.0191   0.0187   0.0391   0.0353     0.08   0.0831   0.1233   0.1262  -0.0061   0.1703   0.1976   0.1221   0.1061   0.0825   0.0423   0.0924   0.0969
 8 A   0.1176   0.1438   0.1275   0.0245   0.0771   0.1212   0.1147   0.1405   0.0749   0.0477   0.1728   0.0599   0.1587   0.2019   0.1662   0.1169   0.1119   0.1826   0.1785   0.1461
 9 A  -0.2789  -0.0283  -0.2682  -0.2855  -0.4156  -0.3571   -0.149  -0.3351  -0.1816  -0.3031  -0.2295   0.1922  -0.3446   -0.213  -0.2707  -0.4353  -0.3698  -0.3021  -0.0566  -0.2365
