TESTRUNID EPOCH: 51 L_PCC: 0.8091894204717607 L_ERR: 0.012702751673588057 T_PCC: 0.6954945211871644 T_ERR: 0.01922574861199406
180 LAYER: 1
3 LAYER: 2
1 LAYER: 3
51 :ILEARN
-0.036352594424802785	0.016305098470644153	-0.12325570994117516	-0.1837667350194355	-0.21015092476351152	
-0.23255406781747817	0.1699485467941292	0.06068981502418216	0.06907985750961505	0.18137705779072816	
0.021856188628240965	0.06831776603194796	-0.07701513679079407	0.1466049246041182	-0.019386223753395413	
0.053802670344765255	-0.031029336623064892	-0.026774890321672774	-0.10305898547929104	-0.14132606244606152	
-0.02016384274070375	0.2771892032601351	0.052657023865081504	0.1263079461081836	0.12218128205468932	
0.10772387535657718	-0.048364690444181235	-0.23949700535521345	-0.1500277220764374	-0.012019047321647039	
-0.19230646068038826	-0.04270625878580035	0.03483595391555467	-0.16546599386461802	-0.15189817517416762	
-0.23431155825651923	0.05094240545940286	0.11615697653681824	-0.0744459639499063	-0.19497479159704528	
-0.014354611082894559	-0.02576817828968341	0.07505978420336777	0.055878976923058196	-0.06318575120283429	
-0.06031749812808738	0.0035478747551973794	-0.10826292676427626	-0.17899523904196213	-0.2032311092146326	
-0.21398747369038196	-0.13298967288532865	-0.17042007723268035	-0.1513838712217976	-0.2770350740406024	
-0.26120854382634995	-0.12985041189021332	-0.24429114884973427	-0.0836338905406702	-0.06433269884116774	
-0.11844925758110454	-0.05557066377645676	-0.003316569239404341	-0.11263009554731532	-0.17935610085789674	
-0.07554462562786284	-0.0008267687885060552	-0.03639102284913008	0.048315752673341275	0.013343600488368575	
0.060168059893262696	-0.09465923251280679	0.04323645353248453	0.1309510764659517	0.05161573623427127	
-0.045944302890983425	0.10267214258018632	-0.02211992283773962	0.07549078021769035	0.0500010914171329	
0.08628388756519198	-0.019291911179205097	0.00561692534570856	-0.08173550212345909	-0.22550117137594852	
-0.08788609314579113	-0.16452171183388342	0.0423807044156907	-0.022447434922727723	-0.01820068117317699	
-0.04462262230244433	0.09903828981304598	0.01398966958420286	0.01949732601329504	-0.027801133586086484	
-0.06381756674811831	-0.0645200139285777	-0.10387900338452118	-0.2096082445127725	-0.2200206416829253	
-0.2255012288343936	-0.1420886629698181	0.05357985043189668	-0.062463203757364236	0.04793344384205573	
0.06132959737389112	-0.06833038383575889	0.11279492429039922	0.11861993738681921	0.15979437045741268	
-0.005053006916401142	-0.3269823050915058	-0.040794980318458934	-0.1531237731864004	-0.8077679510558449	
-0.4860601379454812	-0.4747127113827168	0.02182053133390259	-0.017349671440713043	-0.1304233171662664	
-0.16075485075798054	-0.16892425386073046	-0.19176095087671108	0.015078534567084132	0.09930663797305916	
0.07286613995062324	0.18373128819875847	0.1791111180797844	-0.003368681572222415	0.18347363723691754	
0.15972682217376027	0.2331754998843675	0.15370099188147693	-0.033012271219386685	0.06644295983385015	
-0.06920288989440179	-0.018402254819703562	-0.04558426592706813	0.15690182267286695	0.04407723181089803	
0.058235927041333464	0.07705109709700922	0.03727578422093682	-0.024161323589490497	-0.2387180229805126	
-0.21648353664783726	-0.14814353673790134	-0.12798151965690338	-0.09376231857701801	-0.1963877462258892	
-0.23894274908181756	0.0054235701664696375	-0.02857891607286789	-0.11343078805829362	-0.15223769007733157	
-0.016313869550070022	-0.2541190237188297	-0.12636197736468863	-0.010601869475782748	0.025344306517717564	
-0.05593331530716275	0.02112711334211716	-0.18422111658372925	-0.17171845374148484	-0.3026461969606419	
-0.01323029911935636	-0.07506823122427295	-0.008716864443410435	0.13305676660585175	0.06305060661811818	
0.00608986128991879	-0.0625952915451618	-0.09863035165770444	-0.12362466217095375	-0.004288592542760265	
0.04231560607513868	0.05196267173789849	-0.14261306462628187	-0.14869365024403733	-0.09075001539410332	
0.014347431762961854	-0.11172907102495727	0.009973714828230519	-0.0817397996530277	-0.04168260490620719	
0.047606202420352364	0.03002114363397276	0.08820355161873139	0.06271493643741234	0.2562276109647849	
0.042723003533954446	-0.008307207950191775	0.012702304496103257	0.0012196858083072743	0.05577535587693849	
0.30639725749610996	0.04666532610995586	0.06719555798570163	0.1580755612680227	0.17371351886568676	
0.1420512476523066	-0.05870864889363255	-0.002537339751660508	-0.04118910769241587	-0.05671521855335723	
-0.0023980136542096782	0.03144455946166395	0.016534869183238824	0.09560128584633426	0.08846717548135945	
0.012925796378052034	0.12803316577556867	-0.030812633879002568	-0.05780667275332591	-0.06803145114711147	
-0.014661158375676367	0.06328295512851245	0.23892742894920627	0.18884721429307894	-0.26083735472858366	
-0.15436123720339953	-0.09226796969475398	-0.15533593753865282	-0.0051964893245295875	-0.129866101430051	
0.1266534891863343	0.015697875460173573	0.08385024383780429	0.11907323280758916	0.1253459317719653	
0.03005123549137239	-0.04288400133867176	0.02006935026241921	-0.08030522370137302	-0.149308776774337	
-0.06553745424667307	-0.17364884387474194	0.009000013032146219	-0.02477686275290181	0.04168521973674959	
-0.09627608644746777	0.03691715087709854	-0.03343906638042966	-0.03899050393953596	0.070121865867876	
0.04396292850658314	-0.23972625627770586	-0.1584150468954191	-0.08950447862718319	0.051853249515721754	
-0.14003544472659363	0.04767251912277505	-0.2153652548736715	-0.006279644210459097	-0.06900734426020251	
0.06457056872435073	0.0071428512405616726	0.02169699367534149	0.07006634679019826	0.12665467124689914	
0.1539672326720212	0.06452948423002947	0.019792111445897542	0.017756612313450736	-0.03670300018210617	
-0.11869763676422614	-0.024332171816656593	-0.06930713146064205	-0.13368257628545055	-0.14058910398282523	
-0.05745831446152355	-0.13334325647747863	-0.06228467097812591	0.018941136448667094	0.11309450462540932	
0.058244940920829665	-0.12236915640675743	-0.12902953008259277	-0.1357229797038413	0.11165482712082674	
0.17491125560130805	0.1791647672765088	0.24542460052123596	0.10198247953925917	0.06712633514800892	
-0.007776278693491177	-0.028198407441295058	0.012236891883211191	-0.14122821183458764	-0.06069569295845772	
-0.12877300032067196	-0.11713394715983398	-0.07009674350341122	-0.08796925910231108	-0.05507919716506577	
-0.06968993133449074	-0.003863524478074181	-0.16532704114884522	-0.00786490171662623	-0.18874553526023463	
0.08251279631739615	0.06469143642243144	-0.002543343965753609	0.14380942147401277	0.061802669675371714	
0.11735944841990477	-0.013570451582808382	-0.02815067611201525	0.006444568127356749	-0.018960565744183613	
0.10906204369604447	0.09820159498195367	0.0033279850441588826	-0.06023001811470091	-0.054203716574580625	
0.05357005099555403	0.1078427751590846	0.01736034692212185	-0.049739869381108505	0.11256697734272272	
0.02662351903764456	-0.09736596411786524	-0.1799232551473188	-0.18524088947539555	-0.2143395311411482	
-0.0967435549392422	-0.1544153013223953	0.07028529116285082	-0.01760859506594192	-0.007444919460664442	
-0.04387744048165983	0.07826344788904893	-0.03501291070845702	0.2488202982688994	0.28269871073489933	
0.11508346709379538	-0.05283510554166288	0.059544943721505775	0.052649142143488974	-0.1598845976859927	
-0.06065256036150767	-0.04795941028452186	-0.0643986885856151	-0.049475163128879715	-0.1783609535766928	
0.08174041650691402	0.06299632064988311	0.001797153980326927	0.02768002157484335	-0.13211375423333155	
-0.018591230498929117	-0.14061138690949535	-0.2094225214577012	-0.19330599124430156	-0.26120830271480594	
-0.2544752454585015	-0.1491470360413195	-0.0216180400948773	-0.020383330707683046	0.006392295596098078	
0.07472578381425438	-0.00928957525095626	0.15553497581528525	0.1704251585104412	0.17072183089762816	
0.13659487774524146	-0.11903945468470226	-0.17152474069141718	-0.17255201406419554	-0.06741171614095562	
-0.06829016810644956	-0.11532976842861904	0.0553829894369026	0.1492048658056972	-0.030262628774074755	
0.05773544314265427	0.06896359808170127	0.06831086305630754	0.17834401788196452	-0.026230058516890368	
0.0609339218739607	0.062312028567322826	0.10733200122482053	-0.05408424464750894	-0.17879108913576114	
-0.14202519824334822	-0.03249021090254144	-0.09324413741658029	-0.1045209916777071	-0.024185115179367066	
-0.12259671740974697	0.06404815839560772	-0.06038378172391528	0.22668790823366192	0.15681034389354276	
0.24216639706573717	-0.03710674719043215	0.09368713974910517	0.015792977756430293	-0.25655072287894903	
-0.009196567913308088	-0.04237240345431233	-0.10899061070552148	-0.060524042244014496	-0.12351176059069062	
0.14227200922091576	-0.03515022204427105	-0.020873409130848248	-0.13468878612315285	-0.04498872934356504	
-0.09699137067386691	-0.15045165193264382	-0.05700902504041067	-0.05360134575106048	-0.09468290763824432	
-0.045831270435109296	0.07920648291510624	-0.048593389682145584	0.08527409923982565	0.04518114200070942	
0.025609571237206148	-0.012451416515454686	-0.017737496156954292	-0.06866072787024541	0.03001490769475258	
-0.037677542153337316	-0.19607279208962053	-0.00014362522865825017	-0.06454021083907042	0.1463630220903351	
0.06111432296020316	0.05379758113327468	-0.10580743719161477	-0.11595956797110263	-0.05362432569781507	
0.07850107704798122	0.13863538393649127	-0.022839002285513228	0.02253619990702559	-0.10551532221064697	
-0.0263244389262119	0.030270294565602523	0.09851611726139664	-0.01714260882330789	-0.18120911979206275	
-0.13124583214121172	-0.1564272437281602	0.15864642552872785	-0.0007830412112022437	0.017945949881559314	
-0.2247189180685836	-0.15993876119186126	-0.06562397086903606	0.1390853168493664	0.11300111854281908	
0.11223503081582956	0.040382655095441804	-0.08562859845696816	-0.08383564444202121	-0.30960258129796625	
-0.23708157636442453	-0.12839199910074392	-0.032438830138150486	-0.0689381432651407	0.056803559481534864	
-0.07221139064017577	0.06996739775833848	-0.05328151005376671	-0.11793257136389929	-0.14686883424564617	
0.0013227326377086928	-0.04504789873591118	-0.032007312492383935	-0.039214636608244195	0.08926870217229102	
-0.055647227110535526	0.05497936553372401	0.1782756878229418	-0.006118910910763255	0.10458171031116473	
0.08726827287194382	0.15947376749073208	0.09380546027603176	0.19524471998213835	0.11398075139181872	
0.14505794898314167	0.05620938291339392	-0.03303508640983759	0.07912740073432371	0.08192858792869831	
0.08224007087817208	0.15794966672808394	-0.05227019436273642	-0.09191650179179675	-0.07016078846935524	
0.31947175475615086	0.29151759923630305	0.2631796780122875	0.1883704013663338	0.02790495628864044	
-0.006283188177894975	0.00442727237950518	-0.0038175153086571333	-0.03555979499608731	0.18886182845912633	
0.13087328717242144	0.2025265559525733	-0.1756059660538265	-0.059470295930553516	-0.1447758909978755	
0.026066746171263793	0.025272220389271485	-0.04791031506424106	0.09968899242319193	0.14633751506763001	
0.11224552220571164	0.09565768818177962	0.0695769017043892	0.13404388503311182	-0.2636877906902705	
-0.22695725326125055	-0.2638536686784292	0.12695183795152978	0.08335616064023152	0.022751169760026294	
0.007227317408187287	-0.009020757810999586	-0.019832214894102463	0.03039402507136063	0.0022548093817639013	
0.11888914577150045	-0.18428018273205243	-0.003626979355850738	-0.03559745410305479	0.17264209209203824	
0.12699273722775103	0.13198745193225583	-0.033108663452246806	-0.1356971360566366	-0.06271745727159045	
0.05536411114320295	0.11933158995548125	0.06689910003409234	-1.6994294209527427	-1.1798835044777785	
-1.0963307847247374	1.2034088849882296	
