            A        R        N        D        C        Q        E        G        H        I        L        K        M        F        P        S        T        W        Y        V
 1 A   0.0784   0.7404   0.3507   0.1662   0.1133    0.605   -1.564   0.5688   1.9402  -1.2071   3.5707   1.0392  -2.1449   0.8116   0.0579   0.3718   0.3696  -0.6966  -6.2022   2.7663
 2 A   2.0784   0.7873   1.8895   0.2623   0.4741   0.5641   0.5528   0.4403   2.5803   0.2969   0.7262   0.0368   0.2924   0.4299    0.586   0.4012   1.3515   0.7024   0.6684   0.6027
 3 A   1.0714    1.041  -0.4689   0.0811   4.2286  -2.6201  -2.7734  -4.4242   1.6691  -0.3776   0.2271   -0.404   0.8604  -1.3442   0.3872  -1.3081  -0.2032   0.9207   1.3711   0.1529
 4 A  -0.7203   0.5036  -0.0999   0.2826  -0.5727   0.9283  -0.2159  -2.4895   2.3268  -0.7688  -0.4788  -0.5236   1.7069  -0.2262   0.3232   0.8463  -0.2932   0.0292  -2.7555   0.3808
 5 A  -1.2265  -0.5616   0.0194  -0.3895   0.3956   2.6028  -0.0063   1.0814  -1.9397   0.0091   0.3508  -0.2525  -1.6824   0.2879  -0.0409   0.2187   0.5631   -0.359  -3.8011   1.9726
 6 A  -0.0121   2.0158   1.0687   1.2653  -2.8294  -0.4001  -1.5109   2.7804  -0.2553   0.4996  -1.4364   1.3041  -1.8695   1.0563   1.0641  -2.6096   1.8291  -2.2206  -1.9039   0.8405
 7 A  -1.6321    1.244   0.5775    0.338   1.1957  -5.5717  -3.8377   1.8165  -0.5747  -1.4906   0.4991   0.4423  -2.2353  -0.0664   0.5561   0.4905   0.0561   2.1581  -0.4407   1.2419
 8 A  -1.1647  -1.0546  -0.2592   0.4072  -2.4157  -0.2679   1.1936   0.7916  -1.0081  -1.8724   0.1004   0.1635  -2.9619   0.0464  -1.3693  -0.3954   0.3262   1.3241  -1.7321  -0.1372
 9 A   0.2852  -0.0914   0.3374   0.2204   0.1896   0.2038   0.0638   0.1492   0.3661   0.2976   0.3046  -0.4433   0.4099   0.3689  -0.4005   0.3569   2.1937   0.2156   0.0245   0.1346
