            A        R        N        D        C        Q        E        G        H        I        L        K        M        F        P        S        T        W        Y        V
 1 A  -1.8522  -1.1609   1.3087   0.8827  -0.0042  -1.2329   1.3946  -4.1096   0.0107  -0.4903  -1.3607  -1.1535   0.7456   3.0674  -6.0125   1.5402    0.958  -0.6413   2.0386  -2.7015
 2 A   0.8436  -6.0052   -1.517   -5.258  -1.4415  -2.8818  -5.9072  -5.4528  -6.3478   2.9561   1.5987  -5.6892   2.1292  -4.8472  -4.7659  -1.2663   3.1759   -6.342  -5.4882   2.5348
 3 A   1.0475  -3.9922   2.3391  -0.8369  -2.2104  -1.7357  -2.9446  -1.9234  -0.6993   0.6298  -0.9526  -2.4317   1.8601   1.7303   0.1224   1.7631  -0.8001  -0.0111   1.6162  -0.4008
 4 A  -0.2443   0.0707   0.4649   0.5366   0.0021  -1.9679   0.6218   0.3744   1.5428  -1.4263  -2.3551  -0.4508  -1.5872   1.0935  -0.2803    0.708   1.3398  -2.9958   1.7265  -0.9321
 5 A  -0.2761   -1.674   0.9046  -0.7103   0.3317  -1.7383  -2.0086  -2.2642  -1.6407   2.1223  -0.4303   0.2525   -1.358   0.5319   0.8028  -0.3157  -0.3263    0.527   1.5849   0.7905
 6 A  -1.5037  -0.9965   1.0313  -1.5435  -0.6765   0.7296  -2.2951   -2.283  -1.6476    1.961  -0.0661  -1.2217   0.3633   2.7654  -1.7722  -0.0344   1.5144  -1.6217  -0.1364   -0.302
 7 A   1.2578  -2.9826   0.4251  -1.0403  -1.0805  -1.6768  -0.6671    -1.93   0.2432   0.1259  -1.8562  -2.3823   1.3521   1.2448  -3.0831   1.2749   2.7588   2.3714   1.8765  -1.3563
 8 A  -0.0314  -1.0101  -1.3596  -1.5387  -0.6736   -1.352  -0.3736   0.3522  -3.8494  -1.4058   1.4871  -1.6271   -0.922   1.6454   0.4844   1.2958   0.6249  -0.6975   1.6017  -1.4046
 9 A  -0.0276  -5.3488  -6.8106  -7.1063  -5.0799  -6.0812  -6.4953  -6.9059  -6.9221   3.2426   2.0199  -6.2082  -0.5263  -3.8513  -6.5012  -3.2402   -1.212  -6.3129  -4.1339   4.7044
