            A        R        N        D        C        Q        E        G        H        I        L        K        M        F        P        S        T        W        Y        V
 1 A   1.5322   1.9716  -1.7558  -2.1999  -2.3657   1.2439  -0.1762   0.3487   -0.972  -1.3214  -1.7498  -0.6569   -1.365   0.4038  -2.3373  -0.7941  -0.2335  -1.3358   3.0186   0.4547
 2 A   -1.798  -2.3385  -2.3813  -3.2043  -2.4819  -1.8677  -2.4385   -3.341   1.3093   -0.452   0.1057  -2.3153   2.9659   3.1244  -3.0467  -1.6406   1.0298   0.0175   4.9128   0.3004
 3 A  -1.6733  -1.1508  -0.0647   0.6185  -2.7178   1.1726  -1.0225  -0.9613   0.8308    -0.29   1.2181   0.9982   1.7185   0.1134   1.4859  -1.3681  -0.3728  -2.2769   0.4509  -1.1627
 4 A  -0.5024  -0.1187   0.8689  -0.3238   0.9691   0.1756  -1.2775  -2.3573  -1.4122  -0.5031   0.2111   0.4611  -1.0084   0.1153   2.4409   0.4162  -0.0921  -2.1359   1.4977  -0.5612
 5 A   0.0767  -0.0221   0.8572  -0.3546  -2.6676   0.1685  -1.2929   0.3309  -1.7132  -1.3611  -0.3415   1.0171  -1.1982    1.681   0.1111   -0.293  -1.3575   4.2115  -0.6853  -0.2202
 6 A   0.2417  -0.6092  -1.9289  -2.6491   1.1102  -1.7511  -2.0828  -0.8629   1.9972   0.1754   0.9213  -1.8157  -0.5122   1.1651   0.1131   0.3451   0.6425   -2.059   0.7402   0.8365
 7 A  -0.3883  -1.1951    0.342   0.8549  -2.7294   0.4591   0.1431   0.3763   3.7104   -1.665  -1.1383   0.4756   0.2797  -0.2951   -2.354   0.9742  -1.1514   2.4453  -0.8221  -0.3823
 8 A   0.1609  -1.2291   0.1006   0.0051  -2.5359   0.4976    1.367  -2.2263   0.9282  -1.4902  -1.8024    0.516  -1.4196   1.7291  -2.2297   0.1229   1.7406   2.5745   0.8998  -0.1386
 9 A  -2.3797  -2.3635  -3.2148   -3.645  -2.6645  -2.6951  -2.9236  -3.6078  -2.2492    1.171    1.655  -0.3374  -0.0095   4.9112  -3.7139   -2.696  -2.1023   4.3969   1.1142   -0.467
