            A        R        N        D        C        Q        E        G        H        I        L        K        M        F        P        S        T        W        Y        V
 1 A    0.009   0.0201   -0.001   0.0129  -0.0098  -0.0152   -0.024  -0.0173  -0.0002   -0.021  -0.0153  -0.0123   0.0057  -0.0158  -0.0312   0.0228   0.0098  -0.0007  -0.0081  -0.0049
 2 A  -0.0074  -0.0031   0.0144  -0.0167  -0.0013  -0.0008    0.106  -0.0328  -0.0064  -0.0046  -0.0132  -0.0174   0.0004   0.0313  -0.0156  -0.0218   0.0015   -0.019  -0.0039  -0.0199
 3 A   0.0143   0.0034   0.0155  -0.0122   0.0158   0.0035  -0.0277   0.0001   0.0347   0.0024  -0.0077  -0.0368  -0.0013  -0.0006  -0.0124   0.0043   -0.027  -0.0226  -0.0273   0.0678
 4 A   0.0106   0.0143  -0.0311   0.0277  -0.0192  -0.0191   -0.004  -0.0204  -0.0047  -0.0009   0.0349  -0.0289  -0.0148   0.0211  -0.0097  -0.0001  -0.0081  -0.0153   0.0033  -0.0019
 5 A  -0.0093  -0.0051    0.001  -0.0184  -0.0332   0.0208  -0.0119  -0.0273  -0.0195  -0.0115  -0.0203  -0.0025  -0.0036  -0.0132   0.0266  -0.0195  -0.0055   0.0125   0.0096  -0.0106
 6 A   -0.003    0.006  -0.0203  -0.0024  -0.0391  -0.0347  -0.0144  -0.0025  -0.0075  -0.0118   0.0102   -0.002  -0.0147  -0.0172  -0.0398  -0.0187    0.011   0.0021  -0.0226   0.0384
 7 A  -0.0223  -0.0045   -0.004  -0.0029  -0.0027   -0.006   0.0161  -0.0099  -0.0087  -0.0119  -0.0112   0.0102  -0.0179  -0.0016   0.0164  -0.0158   0.0285   0.0038  -0.0199   0.0115
 8 A  -0.0306  -0.0051  -0.0049  -0.0025  -0.0113   0.0048   0.0163   0.0435   0.0036  -0.0314  -0.0013  -0.0081  -0.0202  -0.0158   0.0059   0.0213   0.0138   0.0044   0.0007   0.0498
 9 A  -0.0058  -0.0361   0.0113  -0.0075  -0.0143  -0.0164  -0.0129   -0.008  -0.0162  -0.0134  -0.0317   0.0168  -0.0076   -0.003  -0.0214   0.0001  -0.0089  -0.0261   0.0809   -0.013
