TESTRUNID EPOCH: 14 L_PCC: 0.8950794067392426 L_ERR: 0.009324753672351478 T_PCC: 0.8614113670089784 T_ERR: 0.012315087500352184
180 LAYER: 1
3 LAYER: 2
1 LAYER: 3
14 :ILEARN
-0.3179133215329465	-0.3472155200457693	-0.768792916758712	-0.09159093416724925	-0.044931985589131924	
-0.7621344050746751	-0.17873841352499809	-0.6745650105757424	-0.5531406374231097	0.3112461280009611	
0.4285230951504386	0.8998544079671434	-0.29816316960358313	0.03561148430239682	-0.1638150707899602	
-0.041272642583374514	-0.26666969885757824	-0.343769891704984	0.6060103568078151	0.29943416341483636	
0.6521743290478529	-0.5921974419184807	-0.5367174104035456	-0.9270995161886855	0.21145827337221243	
0.2620718961393063	-0.33915943188777803	-0.3608881425966	-0.6511505965035489	-0.3501839175442324	
-0.39445742777473464	-0.14969589905030678	-0.2995815822246739	-0.6769413533918356	-0.8198439601607626	
-1.5049502164209594	-0.21248631515582933	-0.22780653870368447	-0.45789523322047365	-0.7250729881664187	
-1.0235292688686426	-1.425124778570749	0.12923523725682406	0.4001731191785706	0.4583111394007875	
-0.4701906209986368	0.0775664705975531	-0.4806242684221716	-0.13846495020223268	0.13584608140681662	
0.07190199686160238	0.3167000205253255	-0.7091160752030576	0.13246224432566447	-0.016401936470435877	
-0.7631947470295166	-0.4937291424701838	0.11098269598136297	-0.06723289700057293	0.20210685307408305	
-0.2753348344380215	-0.42833057212596687	-0.2493940433664884	0.16626095396911347	0.1827022439862032	
0.1473765394467134	0.3710825291923904	0.25849636910682405	0.5566334898332345	-0.09060517757583694	
-0.06507427914959463	-0.3981113709073955	0.39088519516427717	0.006522440568857742	1.0234705069840637	
-0.8336642553068515	-0.7684670793334926	-1.3829875129962699	0.2315026330020116	0.09688866674886643	
0.14122443704866314	-0.042874260321681054	-0.10713741964467709	-0.14172904743636594	0.4183527501345838	
0.6457762769968979	0.6231786882943129	-0.3653222107368753	-0.49719178316337315	-0.5227279007469011	
-1.5756888651743457	-1.2172120757012068	-2.199283738898858	-0.1716309525861125	-0.3034669585695706	
-0.5633732089391807	-0.5930454470716261	-0.7563714400197143	-1.0661507818788123	-0.04996412275304624	
0.18961149709286448	-0.15742296857141533	0.5915044281498352	0.3241005685073778	0.18497282847158764	
-0.2294664066597933	-0.46731116672856493	-0.39540391285842696	-0.271772683525447	-0.20855369643851354	
-0.85820255013867	-0.29798983197797463	-0.07168003622890981	-0.5186841868430492	0.4428826370257647	
0.7486601759869906	0.8179799806737299	0.16226184150071427	-0.05095377770566847	0.23072487195446093	
-0.40314721833075734	-0.6300246454617764	-0.5763455034708417	-0.04913345601784532	0.5112114988161746	
0.14341179933453485	-0.011703186948600215	-0.34875760524844696	-0.43682437868597496	-0.4391741132057322	
-1.0247774164445125	-1.0295601250498259	-0.07453007764390839	-0.47669031647223675	0.396409141003177	
0.21587383490436868	0.09918421756676506	-0.510293014028734	0.7115150056562691	0.4634754946261517	
0.34751977074489787	-0.054422130894261254	0.3899291168706573	0.1417423255305444	0.14265973211272492	
0.5296661816804256	-0.041857445173742465	0.1333109972778842	-0.37531021193327996	-0.12916622683314244	
-0.10275658779403048	-0.5436847654945987	-0.2675730584122996	0.45934705923067287	0.6277483646013013	
0.531070230273937	-0.3383476545383047	-0.8382899976682506	-1.3323997622983428	-0.4639560560360162	
-0.5633462396565001	-0.3659357786374057	0.3001500584881839	0.376646875486623	-0.9790840195437964	
-0.34284168948100735	-0.7159984434508627	-0.475726092675863	0.5122365718197218	-0.08622707654216656	
0.5912018681028598	-0.6826286754676143	-0.22314178826828726	-0.6081666287647881	-0.5761146040890607	
0.2910180375873318	-0.2584504875469372	0.2128530745493444	-0.11944041673326669	0.5254522923957069	
-0.15623478014068012	-0.045766524752274954	-0.09749152215777478	0.5155951243425568	0.07376441819328311	
0.22613764778216663	0.1864016538594003	0.16691324441488548	0.27656147156284533	-0.31299971422614875	
-0.7790589171449557	-0.5930089865202943	-0.0034295872722446105	0.05349117523948838	-0.4642611599429323	
0.21983759333782502	0.3545738875646705	0.16604705602779476	-0.7130907331214807	-0.2435883703245413	
-0.4786391579229371	-0.04807466868995842	0.15183462307005824	-0.2247796583288215	0.20998136969295067	
-0.1010854021093036	0.10209693902638473	-0.24772557365396927	-0.17493459862194216	0.29197691461233594	
-0.27497910239803236	0.010251516306153194	0.4071338200746594	0.00898753526592728	-0.14846212538486728	
-0.19339355167113248	-0.43867000362371544	-0.03036942130628386	0.20933898148696845	0.08948260764031572	
-0.16965862856835767	0.0833299868584337	-0.11497276689762846	0.155264414377025	-0.0644641966707247	
-0.1417110138712116	-0.13291287423134807	-0.29477083543080157	0.2708169294420661	-0.08480847410205188	
-0.07603108841697943	0.040741710482067615	0.18146781387221186	-0.9833769635868875	0.12321587916999194	
-0.048525695991161806	-0.2946559289228822	-0.2746765438041327	-0.1918929479913003	0.20182351449275776	
-0.20879554758814686	-0.4525504895889327	-0.13974953676627655	0.042505094118049834	0.3582477164039932	
0.042112030441743095	-0.2324112359823076	0.28885889512950297	0.2999137623138711	0.01239732541084804	
-0.2973415686177472	-0.6815018043351861	-0.3046614424376594	-0.515027313700054	0.022134863903721175	
-0.015471041117896553	0.6016784395878294	0.12695805537239957	-0.021540303901780408	0.07106600474407226	
-0.022092606949670433	0.05373567440790479	0.028285460892227852	0.1782984071918162	-0.11121892305834173	
-0.09777457323471773	-0.08912312595619705	-0.29389112619705643	-0.250934283109539	-0.11991584662549774	
-0.023498489724833902	0.08966965494983697	0.05355621967257006	0.013551818126400004	0.20218195142840897	
-0.17141884976375882	-0.04196328576565678	0.2398351049814006	0.2505258806335446	0.24107577203388725	
-0.22232066087367017	0.14663230310989708	0.28240270662094347	0.6278935713951115	0.11707619600514171	
-0.253081627532824	-0.009360723077532522	-0.2155366126211682	-0.2648485398296592	0.858849385407672	
0.4900448439597483	-0.26387646948401394	-0.2889008288675954	-0.44952491366821035	-0.33877408792420405	
-0.5612083472910053	-0.40710419055908487	-0.4110615377962904	-0.11275591886498174	0.10348042538873785	
0.12056189612287958	0.163674371789507	0.4873964184669215	0.07978386109221171	-0.12862209323633053	
0.4931491434805277	0.2834656292559019	-0.76967044448211	-0.8034165217983394	0.2364838481364746	
0.03808378949408914	-0.03942061774542636	-0.20745173599181074	-0.35100518424973276	0.30479282799517565	
-0.25898778595110516	-0.2129045703857796	-0.2501207350716908	-0.09174210719159391	-0.08648012349260506	
0.08033968240650735	-0.22136862873922378	0.5746527851068081	-0.32450098373228164	0.1428893417434174	
-0.07567343204353276	-0.1451250444188281	-0.12362167119016819	-0.6079883125126788	-0.3769197440381234	
-0.42200687826850486	-0.6294358103438917	-0.2517568186617989	0.32311824485589996	0.07272626894088274	
0.7226034875676681	0.0008252743051794576	0.09214796684785795	0.0980653980518245	-0.4239763442510325	
-0.4897164689887562	-0.41544727284448607	0.10404084139675686	0.1399201378208184	-0.746741785987332	
0.1259625783977651	-0.12176810963985266	0.2886428324230812	-0.1638278842913	-0.7023787015544366	
-0.24505899404465334	0.043982182398352665	0.5002435169608054	-0.24105374038290928	0.011919093429270803	
-0.17301442032389783	0.18066622102780247	-0.16739849690609718	-0.4286571968887941	-0.042202424793816015	
-1.097567664837482	0.06830422032142018	-0.15022168629416988	0.19186931466917614	0.3492457005256904	
0.38890153760596535	0.12900453926398242	0.15420749770269682	0.05439247057853682	-0.1807553861395202	
-0.02779464430844716	-0.28238344025169865	0.4254146699927344	0.1811024138923258	-0.4823401278525191	
-0.19613815666134624	-0.15660008744199022	-0.13996110996113148	-0.33828615399821094	0.037316808714296025	
-0.5781500392302356	0.04006033602478605	0.20567100004560152	0.5525081412606222	-0.21609387429403407	
-0.44666575917764306	-0.2534835256178785	-0.3333107782566918	-0.2550713235198468	0.11457856975073369	
-0.14746641202952188	-0.012405632162786872	-0.32444298644990527	0.37814453952881416	0.5577411448839753	
1.1225334484634206	-0.1826907129570966	-0.07397273585070602	-0.018012146035039842	-0.24322598996936182	
-0.2890054919419408	-0.7819154095030266	-0.3455999066346441	-0.4095162453521007	-0.4155042126855333	
-0.1548370039727226	0.12104431771529833	-0.0781096697772108	-0.21232187895341853	0.05584075926993023	
-0.4917845968937848	-0.13934649873502283	-0.62206819109463	-0.5072550931687069	-0.1906163870458367	
-0.5120592881626008	0.22789213241996736	-0.4611657534625212	-0.039821225082890925	0.04819838221021225	
-0.09129544118070003	0.01525273822222449	-0.4082105398632606	-0.0797233316269784	0.16712683323326724	
0.03234302965575393	-0.11939546293301313	-0.040755407856912805	-0.20942559858334775	0.3955108842212265	
0.5222500258313102	0.307964375349408	-0.003754089824222547	-0.3014028903028761	-0.3587020663403701	
0.15337733978299908	-0.10695350717366457	0.0841870931736405	-0.1080127262441965	-0.7493114283519172	
-0.8692333578528336	-0.12246501331952506	-0.06811028874648052	-0.3732847389185464	0.5173665773443542	
0.3015546187455613	0.36207396639490436	-0.012864501949305624	0.04474824372565526	0.5258870760890278	
-0.32611868438708724	-0.7567022451629924	-0.42899655200509207	0.2594491168336994	-0.05338391870113358	
0.16456926332287147	0.12879750863680584	-0.35031929358100217	-0.038544534089560864	-0.4390245295765451	
-0.6623963013019655	-0.5167144486830345	-0.3012910969923806	-0.5097523317170702	-0.7019618963729319	
-0.16438417556693097	-0.12844006789826962	-0.3440021767856601	-0.22424275904219473	0.11512326737791444	
0.2744528535748814	-0.39435850811695045	0.23325170212264432	-0.12410289691379676	-0.3618792950208645	
-0.12024536918209706	-0.32790778741367965	-0.06418712578102852	0.22079488837367917	0.591688679318774	
-0.8560655560119844	-1.0819677593033197	-1.2416436137800853	0.19226173479106662	-0.2698805402839841	
-0.08328893876441598	0.5341213232499498	0.35673023047102514	0.7763365400322337	0.14956901565725403	
0.05020037466453618	0.008878406805148535	0.011536065233327857	-0.520545237578331	0.745863382350803	
0.2592695600999452	0.05010592495430652	0.25881555238272275	-0.11273082072519676	-0.6079065956847506	
-0.6557494542745795	-0.040262750670234625	-0.26393901665296504	-0.18882742189224513	0.40079144976005704	
0.36457600771674964	0.6633184663598469	-0.37971732697668265	0.21206607417776366	-0.33805760172755783	
-0.9905511004201514	-0.8102368437424912	-1.6062310147968735	0.5402695161851683	0.5519147765537482	
0.7156050340269283	-0.31452120262631345	-0.2388538380729882	0.0068528596229865775	0.31810365254761597	
0.989908310162074	0.491246903400371	0.27931343134601294	0.22064585673374917	0.08117914124760081	
-0.043615209583554644	-0.4205471791982011	-0.4115468588805877	0.005952370042009	-0.34590952116595736	
-0.5469997758450381	0.09187904682628267	0.2967872755217182	0.12180792251341677	0.3796716997441499	
0.7226660222797723	0.5475973074611695	-0.9088548281099973	-1.0725498770135335	-1.5097843091836394	
0.21931664734880665	0.38273184521732356	0.47840237476453296	-1.4482908166353805	-1.4409374296629573	
-1.8222128358250478	2.0157215689911214	
