            A        R        N        D        C        Q        E        G        H        I        L        K        M        F        P        S        T        W        Y        V
 1 A  -0.5211  -0.4658   0.2196  -0.1574  -0.1295   0.3825   0.2572   -1.257   0.6984   0.3033   0.0792  -0.0445     0.55   0.1332  -1.3871   0.3556    0.594  -0.2969   0.5553   0.1133
 2 A   0.2869  -1.9179  -0.9254  -2.1358   -0.634  -1.0042   -1.749  -1.6245  -1.3152   1.3249   1.0032   -1.609   1.1024   0.3242  -2.1002   0.6922   1.7152   -0.501  -0.6837   1.2068
 3 A  -0.0326  -0.7499   -0.049  -0.8567    0.332  -0.3381  -0.6426  -1.3757    0.234   0.7116   0.2798  -0.1048   0.4821   1.2254  -0.7401   0.1827  -0.0458  -0.0855   0.4855   0.3253
 4 A   -0.019  -0.5873   0.5448   0.1239  -0.3144   0.1798     0.44  -0.4676   0.3826  -0.1657   -0.452  -0.2365   0.0188   0.9601  -0.4177   0.2309   0.0504   0.7953   0.2736  -0.2682
 5 A  -0.2126  -0.5792    0.719  -0.1709  -0.7502  -0.3765  -0.3533  -0.6798  -0.2411   0.5056  -0.3701  -0.4025  -0.0916   0.5633   0.6873   0.5787   0.2112   0.6719   0.3856   0.0354
 6 A  -0.2777   0.0268   0.3057   0.5555   -0.827   0.5724   0.2369  -1.3739   0.1517  -0.0411  -0.1826  -0.0764   0.1588   0.1791  -0.1375   0.3887   0.4591  -0.0665   0.4515  -0.2302
 7 A  -0.2799  -0.6376  -0.2252  -0.2593  -0.0198   0.0626  -0.0653  -1.5088   0.1791   0.3679   0.1109  -0.4504   0.7936   1.1831  -0.4975   0.3297   0.0149    0.656   1.0036   0.0075
 8 A  -0.5767  -0.5069  -0.0624   -0.531   0.8095  -0.3355  -0.3148  -0.8219  -0.0881  -0.1715   0.0958   0.0594   0.1389   1.4178   0.2057  -0.0892  -0.0525   0.2413   1.7207  -0.2896
 9 A  -1.3362   3.3865  -0.8038  -1.5562  -3.2622   0.6078  -0.0776  -2.2428   0.3025  -2.3582  -1.8655   3.7187  -1.3773  -0.7971  -1.7938   -0.829  -1.2155   0.6795    1.787   -1.914
