TESTRUNID EPOCH: 11 L_PCC: 0.8793462673936688 L_ERR: 0.009463803223105803 T_PCC: 0.7872182082950128 T_ERR: 0.016266321120338142
180 LAYER: 1
5 LAYER: 2
1 LAYER: 3
11 :ILEARN
-0.11128319952905444	0.4525993042887366	-0.2395335705674123	-0.07191912637379565	-0.10754223735940503	
-0.42924925765209593	0.2546750050112574	-0.5185690256373935	-0.0201006164560138	0.2959788235672906	
0.17797329025080103	-0.44290977559707956	0.18391157360733454	0.027552429538753153	-0.32829037550936185	
0.8499595341259747	-0.9105826044176806	0.7816509416307467	-0.0876438424874705	1.4678402926668643	
0.014517922468564627	-0.1272279021025275	-0.038423669274057576	0.02441353842671854	-0.1745809870591961	
-0.11061243711004205	-0.05561267738401001	-0.20836623001388085	-0.08489547771039549	0.04095546154298023	
0.6239814951998017	-0.5010669490267473	0.842347935273739	0.003199165092643498	1.0695850732808911	
0.020964227924284096	-0.1390415813996524	0.06901555165832603	-0.11279525162412854	0.4121095899181576	
0.22268025672227976	-0.04476413946974592	0.12581139600534605	0.02908393491358774	-0.14088952132308238	
-0.026707742794330882	-0.3719602336932912	-0.31838192838930685	-0.09884521249195614	-0.27830321491227095	
0.20744681053740374	-0.4017802679735345	0.32729278458475514	-0.08857102322302388	-0.7221711287428202	
-0.5439556575963191	0.12781108922536472	-0.41982435428996734	-0.03480642083034739	-0.6289581401518866	
-0.5017195317615938	0.40077158174853356	-0.3212021553010905	-0.03095864203534663	-0.7217769556402996	
-0.8342457289338362	0.8547111712356527	-0.943848260237761	0.006437095843728001	-0.5776868613294154	
0.9736607917750754	-0.7141087052653056	0.781522185374175	0.055863060732550256	1.419200477215407	
-0.4439611974926588	0.15576326452748268	-0.5107934042516591	-0.01767582176059051	0.4529479664277023	
0.20507442656166497	-0.13557436344092572	0.09746949028223346	-0.08238029453683458	0.023795188786329927	
-0.11531663027269454	0.2067477129969775	-0.10054430493213862	0.03293426645329717	-0.08607968131939277	
-0.31027235674936665	0.26605335177687434	0.011855633371907938	-0.0428705089026346	-0.9519385010590945	
0.11138683663814711	-0.2622525981046236	0.25936557042984115	-0.16770261111191706	-0.002625914950124942	
-0.3139712560324146	0.3588751631642134	-0.2122094165239229	-0.06818670847008389	-0.13608048668380757	
0.4678244211084668	-0.5739612633713388	0.5547630530930938	0.030363964373168312	0.6268111763292795	
0.6710086025008167	-0.8169393185432009	0.9036754124211961	0.001973470910337185	1.0436453947277735	
0.3659939725586474	-0.20431663599380812	0.3899088228065541	0.04087358100236876	0.30216446265672764	
0.962560385406493	-1.246827956210202	0.9421489621589855	-0.07624737688127367	1.4493766152085776	
-0.6489199139111937	0.6144708687400228	-0.4831916807063606	-0.0682081012093519	-1.192763666543917	
0.01715185429165758	0.09391914966393491	0.01220604385114199	-0.0962705421254114	0.060126534536123266	
-0.11673039898179295	0.0609311066841402	-0.0782514119798512	0.06920967700957661	-0.05423452444280241	
0.011248046798083777	-0.072708954867863	-0.08801646209755767	-0.07573130885185253	-0.09108962429104767	
-0.36108910325870897	-0.24662685936205536	-0.18202923811125218	-0.1373749907287032	-1.1641585897710853	
-1.2152081319729346	0.42554452478202615	-1.451285363862848	-0.2895927852665791	0.24624203190215882	
0.04876517081501858	-0.06091410377813625	0.01627178545465155	0.09400399781766247	0.06936576029800706	
-0.546005524271427	-0.0009569261407365928	-0.46727477973383397	0.021213696357960665	-0.35548676146163943	
-0.10474174490198021	-0.09343342998360614	-0.009577437960366156	0.021180581681801064	0.046494652535294674	
0.7812867136816581	-0.5146843365939971	0.8346305529447222	-0.03387800747431698	1.3377503173233856	
0.19089275382044357	-0.007131246259652408	-0.015121623344428445	-0.09466649138582446	0.12686139801893723	
0.07722186618281625	0.035909984522884096	0.2027874955486923	-0.13830601294767117	-1.0335531687542665	
0.06684422699664191	-0.06528240139242858	0.033839826311061375	0.00582970060497232	0.0948920471790718	
-0.042558824316769515	-0.08763991862840442	0.05177572326178762	0.05652164834914214	0.08789831590374113	
-0.405255887807861	0.19251397512066515	-0.47363970985762255	-0.05404710134420708	-0.7189528436185132	
0.28471224401154266	0.2245013426751154	0.33028471235246154	-0.04481452256603587	-0.4922037089516923	
0.315070809805022	-0.503817392572626	0.2930377830745011	0.07416923324525553	0.8535774062227437	
0.3679828976819183	-0.040698127796342375	0.285792914092758	-0.1440602704762314	0.3197912085700005	
0.13667924112430488	-0.260137230242293	0.17263237392100536	0.045183262525309895	-0.11951645394405953	
0.03357398542126929	-0.18256537141525614	0.009851607866521379	0.04967698981921192	0.3439360326754701	
0.0407465981960037	-0.06040827062279188	0.06810336431529784	0.0574942184098945	0.2684413630739641	
0.3706585502933853	-0.2791227785620133	0.4817605760281834	-0.04760237247286279	0.5717479011309243	
0.4908459995479607	-0.35651948978766435	0.45047219898081814	-0.038259015432675215	0.40743718070162055	
0.33817984816326113	-0.20123266885321486	0.32412044223742076	-0.07440976879502281	0.729756596475394	
-0.6315310162678122	0.03606655437130471	-0.5130187782391895	-0.018827136022674894	-0.17545078034562078	
0.17326536051302036	0.3441770822196867	0.43867302669578123	0.00682153704495394	-1.1285552480279883	
0.6301856411119033	-0.23551695972633835	0.5315864961148283	-0.04615810040836924	1.0875301068557512	
-0.6113377533677378	0.7546737293611809	-0.6033506373595138	0.037841406096130355	-0.37841167095088096	
-0.38705052055000094	-0.22370498766546618	-0.2128211586780457	-0.10778264348804738	-0.16811655709512663	
-0.12274300141016112	-0.09406572100135685	-0.12009570334792921	-0.024452317872595677	-0.30020064426237014	
-0.08807913662298587	-0.549379570961993	-0.26332253531408717	-0.07933384947530915	-0.08244865030923114	
-0.03105327371695336	-0.34411184028280545	-0.031543347068957985	-0.08052537323112366	0.01322665863044944	
-0.2587486960338235	0.24973151717395142	-0.31224341618613105	0.01922734668117188	-0.5858263548495146	
-0.31945481412938276	-0.04696218968591054	-0.4042627703293272	-0.060432250948842844	0.033809101953789014	
-0.41419101485373633	0.10498203662621551	-0.5173587698159547	0.0322690736406213	-0.28657095891019313	
0.12834983591679375	0.2387553133090163	0.17385596847012966	-0.05586921763187342	-0.21601984680483846	
0.11052038848131472	-0.13249827351440996	-0.004098888009479602	-0.0021813895141392153	0.27714415080525523	
0.01663169818772352	-0.05484047277397814	-0.12130557797564721	-0.128547553482406	-0.15853422124673294	
-0.009206728870312772	0.05493933806437575	-0.047915769782381545	-0.10610394158205759	-0.4824772960990306	
-0.13321716891180102	-0.053626912762551625	-0.20703717249620665	-0.09524783782288573	-0.054853633078777296	
0.16015300619289913	-0.10691017415661153	0.29190667090491895	-0.01845685697142664	0.07050023458825529	
-0.15267928022881846	0.1436443038180314	-0.14512067171341225	-0.04319252549582988	0.04203488216725207	
-0.04125222911184076	-0.36236128866462985	0.07214891423031877	-0.009393568828222789	0.16900609934367739	
0.08312520908201106	0.06623940471431053	0.12323314156349734	0.04178411410416353	0.06165435474732656	
-0.0002045665297626788	-0.5620137254768557	0.02322554150010549	0.020108566572007373	0.06106068666297172	
0.2603765146757535	-0.5615367245954441	-0.06007332959186512	-0.07017512994185149	-0.2620877322808598	
0.28943142734564614	0.11320241323607501	0.45440457501220793	0.03706312710158414	0.2689689162442695	
-0.14355654481692673	-0.06997231537130409	0.006954181049232504	0.005107396522342179	-0.12155118259824409	
0.1352814674569257	0.13629009245212703	0.15969967033338978	-0.024691495601132596	0.35763052038523846	
-0.2776726240777827	-0.077800605473181	-0.3461323259438701	0.024219858509187973	-0.49647769147432563	
-0.179114793624753	0.4204511791744133	-0.16060201345815117	-0.013826211887938247	0.37717674234144005	
-0.039830425994517187	-0.2788488722445598	0.18237521356798006	-0.09485724603406466	-0.0038480802756240447	
0.018401644064578365	0.09870955284353197	0.020717293513863082	-0.09437973698407798	0.15481130867872137	
-0.2119319169559754	0.13233198598890702	-0.32851086707067656	-0.11920946542000521	0.6269630353537006	
0.11696678756890293	-0.4729250834663739	0.10185948063351664	-0.022837826116459414	-0.2538828512656839	
-0.14665308605506294	-0.03996066159729081	-0.32812459501084723	-0.0044411205888490405	0.1012186230257732	
0.14501342015469607	-0.10317550354157792	0.039510407608287265	-0.11809224852688277	-0.041132790109793815	
0.01682596382334339	-0.006513797479839156	0.08221806405280857	0.02005165379427919	0.6692179018131164	
-0.09111436142341298	-0.05187815945551595	0.009495497355085166	0.02718384163799141	-0.13955492056246657	
-0.042569929109133486	-0.03222515562774122	-0.05356781771310782	-0.09939903047244086	-0.11820129990447682	
0.03659659935508382	-0.052610618520524274	0.14127302032512887	-0.030866992096948518	0.1137855531494308	
-0.06514154241290868	-0.2075872160440425	-0.01861946719511904	-0.04104707389074983	0.013239301601226373	
0.45554085860831134	0.03849372489882053	0.32451739172579286	0.04108031257451769	0.29862140320329555	
0.23950278897910782	-0.042031029701315614	0.15492403203342875	-0.10729347710996666	0.32715161944006493	
0.16748579478323747	-0.06802356275810253	0.10655965958465537	-0.16330053381346696	-0.9015120568560386	
-0.15386265264485077	-0.28443951920447297	0.018598151382489964	0.033913024116528516	0.08252979470171327	
0.3624144499052881	-0.10768488377946607	0.32685732346829527	-0.12057887059237289	0.02341470729839791	
-0.21375975701694727	0.030140979575694168	-0.204331825165134	-0.05822467640348201	0.17254129368468127	
-0.039138379071312214	-0.14941692353978772	-0.043507179167377265	-0.00946173500129509	-0.17025290392875483	
0.32963535755686557	-0.4287778154293692	0.11889438595739246	-0.029339289025667237	0.7627603688760634	
-0.13080809345062502	0.05956982130798928	0.08144323788984473	-0.11292770111153946	-0.15352189419440024	
-0.5889505003605109	-0.3533057290805531	-0.5746383099383141	-0.008509384271406005	0.5688514891274756	
-0.2199415644823728	0.12762510553916784	-0.3527289942476809	0.01341987344253558	-0.2526956285925242	
-0.11324866794212232	0.4539667743998374	-0.0681093806366539	-0.11651150324957657	0.058046268469305086	
0.1590725935423795	-0.15827207696337825	0.20705657275189493	0.044249450574912634	-0.7203719747321534	
-0.2168450883180641	0.053189632221015457	-0.22830980839214637	-0.08776402675154349	0.3070972787869231	
0.3067234069692284	-0.45742003529695646	0.15388700883399647	0.01879396217049367	0.514658046500599	
-0.11166847216079062	-0.13353479364162493	-0.16709526284985277	-0.07598770626176753	0.25564864753815336	
-0.15643737409980038	-0.42699014881380165	-0.14200607279012423	0.011673530304605783	0.21009262441846666	
0.2244637659921623	-0.2501733003493326	0.2603472720697693	0.05315658788068688	-0.01333323724621456	
0.04101706188558813	-0.18928500389793648	0.0760491209814225	-0.04691423088154723	0.21010087693453805	
0.34989799800424026	-0.5116805639655478	0.30628744329307134	0.031591494499495595	0.6345980850951423	
0.21525720690256533	-0.4992151610667481	0.17433848619945796	-0.13249237164448532	0.8166619836811974	
0.13347821677345226	0.045872253965248175	0.09435687141676367	-0.022809905103316416	0.11280025234573922	
-0.6826970503668967	0.2951159243590411	-0.6931149696141208	-0.0224088414679115	-0.09019552175357572	
0.13045388033180275	0.7794708357564658	0.12603244118152057	-0.1235966450437197	-1.0951504301409238	
0.29248138961743475	-0.23269586981555876	0.20120997795114054	0.0380300504533216	0.8198746755523871	
-0.4380865848687209	0.20929867262407803	-0.17740040865801776	-0.11737853671660212	-0.8196414425539844	
-0.19497417095819386	0.592522542519295	-0.0849599946239185	-0.051488597162414	-1.575581269984956	
0.2592746370927752	-0.1976765122941958	0.38140113759965344	0.014576923592093305	0.5582499573158205	
-0.27921001750450414	-0.4291627471000466	-0.18191482049129284	0.0034557664117988315	-0.0031704101728927047	
0.001435018718931101	0.13467881633674986	-0.014803068976214634	-0.06464282877698459	-0.23775782198966916	
0.014994210925141856	0.0005796212240431111	0.0404861590028963	-0.0612411958102021	0.031200639378682265	
-0.016043293535476785	-0.21247439376426336	0.06513268681842999	-0.07193945232716903	0.1639029553521294	
0.04522097755596333	-0.39693356405827923	0.10197807017807312	-0.12602547268732733	-0.41242408529394764	
-0.20653188039971948	-0.11662587198217142	-0.35254119681007257	-0.17744870728619982	0.3275116443974633	
0.6456181786400402	-0.3457266261437352	0.6161207733565601	-0.05801207475833202	0.3360715883812816	
-0.15481386198464075	-0.07907386837889284	-0.12727898019722467	-0.0465661543535215	0.6132917718719919	
0.36363262207309494	-0.1569089737344307	0.2518687753778723	-0.031043210318905837	0.050351338331824744	
-0.029873840428062154	-0.09915295596888447	0.005146243577038167	0.015315369892743652	-0.047969392773378756	
-0.2299306508429617	0.17690395125157304	-0.1455235481638928	0.022736118284721094	0.3742268174649637	
-0.21702672990508978	-0.2871492892377678	-0.031097386187129317	-0.04267350486018214	-0.0014240624397674588	
0.06279292568674513	-0.16873654823851678	0.06702819692681633	-0.043225627252921124	0.5186067685708801	
0.07129661077679472	-0.21510043311303198	0.10506686860870303	-0.006330123956135697	0.25649129334369053	
0.02960788077588275	-0.4057307729560675	0.05785310495560449	-0.021865249368823364	-0.4828763302280748	
0.0339127848191525	-0.0038591943933773245	0.20879315193799816	-0.13400449516989066	-0.4980458121154211	
0.3811757878743435	-0.6810155997744696	0.3547503752738189	0.02019976240435534	0.9515702826311307	
-0.030659089514228893	-0.017488842741923805	-0.09597035406740717	-0.011543169200954266	-0.16053987344326415	
-0.3094200272953738	0.38511295557097786	-0.5274165669249986	0.041125735996998855	-0.6486389851731463	
-0.03548322970221751	0.22372271234490285	-0.03543342014379797	0.019724140536598135	-0.20634695848574197	
0.18839994949820174	0.12368359777668518	-0.1380439595401903	0.04018827560941891	0.285329276373761	
-0.1856220679738128	0.4571520856220647	-0.2980277941141722	-0.020190547525110646	-0.1287723819702984	
-0.07708974996233225	0.02724663201962072	-0.11628465968077424	-0.030794759646247154	-0.5774571162705395	
-0.05590971956641361	0.1257446363596409	0.10026665467086567	-0.07874671252050913	-0.3696640534956583	
-0.2116735099144581	-0.3707125105038514	-0.016876998311976747	-0.0230442072698817	-0.1263144418361438	
-0.3538494849199671	0.17996293759786697	-0.20981063202276057	-0.062437325758366406	0.003652455436808144	
-0.029274844793400707	-0.1649696531768537	-0.043479246421641714	-0.05037337905460073	0.407228148926476	
0.21619305486003312	-0.02828280817205903	0.10753879186772858	0.00012524863589539675	0.4525449294349233	
0.5262446576692599	-0.5217867984273413	0.46666375552177103	-0.0036074472475813774	0.27749879150141216	
0.3825877089843164	-0.24813901010686815	0.3594711767541213	0.05118792881353326	0.1653898815518131	
0.1598280161932446	-0.14453362338222928	0.22326256876669637	-0.02534632138625407	0.39403095253723974	
-0.23056318561636638	-0.34310092486043875	-0.14767546229632417	-0.06959518426062221	-0.20747966846390128	
0.0601617105879678	0.23428057448289571	0.10478002582824568	0.0296605035640766	-0.6278560984822743	
0.12159436633557469	-0.21093702062286343	0.026489010214627986	0.08422120063104659	-0.10383066821847659	
0.16790593193204964	-0.27398341713934066	0.17573210633526795	-0.08356184045019457	0.31022430288110364	
-0.2483025545413645	-0.08246185668638038	-0.07478044583453583	-0.019664068006945465	0.09865798086398266	
0.17535812603587506	-0.1464468941338025	0.20982993475899325	-0.034823521315552025	0.37150919237351554	
0.2437227705469207	-0.25089213104847885	0.29145737894205054	-0.09905022996644929	0.35926236088307184	
-0.30165579463833925	0.230318240670149	-0.11520185505062538	0.022617335991206695	-0.5022471711026396	
0.017025948065858394	0.14290309176121138	0.12395533734514401	-0.03843483464939779	-1.0174220884790817	
-0.20217351473163386	0.30100450725122	-0.4195608010075589	-0.09273012707230023	0.064875727461398	
-0.5210644716640865	0.20840281538092803	-0.6643909253732465	0.018910008558543315	0.6310129963886789	
-0.23946938628140807	0.20316524366170194	-0.19687676861933154	-0.06894771428177181	-0.3185402315361159	
-0.19793401452411608	-0.13513124475584853	-0.21779137386545716	-0.024866066829608065	-0.3045709814992438	
0.3400371639897287	-0.374289004603429	0.12760890762637592	-0.007421173188829716	0.20583546699853686	
-0.4319487889844525	0.32213565198929217	-0.527446225179184	0.06323047613153558	-1.087481684061308	
0.6542778123788766	-0.4613704186697839	0.5778640192909955	0.01916299065020911	0.8031163135867015	
-0.09724649748845665	-0.016655207525860777	0.0876963783713468	-0.03139437803391869	0.055948859096520004	
-0.06505273743451852	-0.031609432739509516	-0.07108045583238065	0.043354162829275206	0.03986152473936283	
0.43371780386844505	-0.4227878157018183	0.5045157747907039	-0.060116969481771816	0.5812950596849816	
-0.025615575666462553	-0.02893841767597556	-0.08846903855174873	0.02632932537318794	0.04146332053633989	
0.022717738900567122	0.0296625512326249	-0.06601185715654845	-0.07011064021222752	0.00283500870517657	
0.07506654527090781	-0.0632093116905556	-0.007432176258348022	-0.014213533194019412	-0.0005421628160967307	
-0.06769784590279762	-0.031511871773037894	-0.04762391917929596	0.0689053886458958	0.06006644915528034	
-0.7474915780611077	0.33880840913589166	-0.8511536801156037	-0.14984592498496022	-1.3152029710802906	
-0.7347078825597966	0.08375608034557291	-0.8041831458272021	-0.17759638738282152	-0.9182227737430264	
0.9094742415964794	-0.5030705421577379	0.8279488377090131	-0.07773716607362732	1.3172077784882068	
-0.06347568952901828	-0.5763366595002519	-0.1155496368408487	-0.0010405694133925941	0.2334587259083987	
0.6564828285933741	-0.48473049449716604	0.6764313393465963	-0.10164351739490629	1.0615942417463242	
-0.0894010914664021	-0.06010089077228773	-0.015449467671087819	-0.07849822476296647	0.02473408219954036	
0.28627356713711477	-0.49075581571158183	0.30992384668953954	0.0008604925016396967	0.41123750762204586	
-0.3551535596972145	0.05199805017427372	-0.24884565794698799	-0.02301155395222311	-0.05895275439003275	
0.02811055290944498	-0.02201636702226265	-0.06421121425327458	0.026035278535086734	0.018861130942959513	
0.7216468081829178	-0.747178223485815	0.7196189302337465	-0.017444311360111497	1.3738986633691452	
-0.9687277340390986	1.0380564518233166	-0.8815285626859727	-0.21625195816373252	-1.601937727531864	
0.11829105857174903	-1.7309862165412893	0.0450766614889139	-0.5862696891892019	0.6309928292111456	
-2.0362136919822365	2.2918204627142176	-2.1717047814104715	-0.0019031163660225264	-3.335887097728055	
1.0866150459467063	
