TESTRUNID EPOCH: 40 L_PCC: 0.9166153218621477 L_ERR: 0.0007013412688293273 T_PCC: 0.6453265046646867 T_ERR: 0.002884061203971469
180 LAYER: 1
3 LAYER: 2
1 LAYER: 3
40 :ILEARN
0.2860890528520205	0.31986230120183057	0.12768933930359028	-0.0717202522980032	-0.12490465769806701	
-0.09536209945845697	-0.423331591414841	-0.39224319727559903	-0.3003455386668819	-0.1261462487777758	
-0.13501227383848827	-0.07336844383419125	-0.14716949164066997	-0.026410235409720758	-0.19019312101358096	
-0.03595288225154406	-0.10516046817852376	-0.03909714279628452	-0.1954533242310789	-0.15912271558019025	
-0.026427525713043156	0.30076856982530636	0.1916732335814441	0.2009806265633061	-0.027322198389153854	
0.010799001545963475	-0.09387300810224126	-0.2828068081631709	-0.31945384897170764	-0.14499809522968263	
-0.23076606677441772	-0.20752327909360185	-0.08100073262296471	-0.0339730277763727	-0.029023114798422654	
-0.0768398236417646	-0.028943606296077208	-0.05308672456248079	-0.19520834228674844	-0.4136722127304055	
-0.2946389381626899	-0.29195962244692375	0.1431797179021093	0.2378282912500987	0.0642961782231378	
0.2131784125938238	0.298511269397657	0.1330763151146649	0.2242080148015319	0.16132002225421394	
0.09987218576006045	-0.1552051597578606	-0.22548020164528795	-0.15511017604979147	-0.13585833403592776	
-0.17240485356667845	-0.04200261445120443	-0.04241179493055079	-0.01930341702555628	0.0033071071805477513	
-0.26819139704491035	-0.20027653453058467	-0.10412894996894578	-0.1399390519351729	-0.20909245618941405	
-0.09871545786437057	0.06912357187660421	0.02374066284580247	0.11160810660845968	0.03726806155165227	
0.08567413858123112	-0.07693501628690103	0.1135272502479708	0.23205790759396297	0.11087867881818407	
0.0848425473400729	0.21793472151922255	0.07350821726616531	0.16885822948042106	0.14290419774065996	
0.14479576091293397	-0.13025256062233753	-0.09884177849596268	-0.14744503362524636	-0.04268208809693752	
0.06981723144034417	-0.022616397290127856	0.0424662765425093	-0.014798228625450138	-0.013614051978879934	
-0.36424871714459384	-0.19952300398108794	-0.22466646261305104	-0.0010808911524554142	-0.02777787522260156	
-0.074336207825285	-0.036393159887614636	-0.10079374197319749	-0.18270374611511836	0.06761696320327495	
-0.03830667969801102	0.00603820084349087	-0.2751766918395587	-0.3449869798890807	-0.20026756279666677	
0.34593140981201714	0.22191669018204546	0.3464788448520858	0.28929517439007135	0.3510565329763413	
0.13238972765590656	-0.09683904062158462	0.01841031465388089	-0.019938170972129167	0.20185551036896157	
0.2879901097580493	0.24093926634880222	0.16938933446538607	0.1266202570343456	-0.009667995197867678	
-0.27199239127677965	-0.25028228019475635	-0.20248627246413514	-0.4928814977719218	-0.39900218724138325	
-0.40458920695367223	0.2627902420676177	0.30204260083785045	0.13277195971362185	0.03533439035389001	
0.0745871252667814	0.16032413950323976	0.16765669664240687	0.07330072137471337	0.17689883110776633	
-0.1859429936756346	-0.11030184222390774	-0.12349848098714125	0.09349797365835741	0.03271988419439447	
0.02324122721718024	-0.07925114274730405	-0.08035125731076054	-0.0661585854747441	-0.032828868266982156	
-0.027578809968668645	-0.008694917077472887	-0.2070116407389943	-0.23305784861472803	-0.28384758092314794	
-0.2028849567499352	-0.04048972703812291	-0.1120670047085142	-0.6914696476136497	-0.7212402015507999	
-0.4645039969691135	-0.06500453923065047	-0.011409444736847237	0.07875404502354094	0.11985365350929994	
0.017284825378664572	0.011617331373857896	-0.07173655963770838	-0.04478023857936859	-0.12437953058475198	
0.04524767074317723	0.04963282801139321	0.11016164451634544	0.1876788273596129	0.17577674403610435	
0.08897023785071684	-0.12697072178744115	-0.18408871624680842	-0.1866094387523288	-0.13759405085943488	
-0.05704408752925917	-0.06746386306189908	-0.23505527981421734	-0.26040088508172443	-0.16076270542642454	
-0.053683293670165805	-0.13855595479076874	-0.014477370653459368	-0.4515753670733979	-0.35085213569056123	
-0.24853247934156222	0.08254798782236417	0.15248265330271624	0.08441373513353463	0.3123661099152445	
0.1841153875979929	0.0846807502688281	-0.08598173210866233	-0.08534841030443616	-0.045274442347474395	
0.19990408618065542	0.03487280537677355	0.04203195909514156	0.13106716208938057	0.24625808762138748	
0.19561120171818278	-0.061715803971935795	-0.021488722460792954	-0.05759339161478347	-0.13539528663519132	
-0.12382418298042548	-0.08614795834048866	-0.005938921031432509	0.027585923853434367	0.06363938203071667	
-0.3172475715347337	-0.2311837218495071	-0.29145996818335507	-0.4706698524230815	-0.430197309554836	
-0.3137976877395039	-0.08318486049515665	0.06871285936037316	0.06892046448118702	-0.26234672633732614	
-0.24401745398784977	-0.15512204961157233	-0.059123990258269934	0.06320682745179063	-0.04472441781911322	
0.04278297362405734	-0.024151800635854457	0.024386493034280463	0.03527014626144832	0.05338088659458755	
-0.04652793675622551	0.01529848509991418	0.06408056038000016	-0.0008589286415377823	0.07835363010069875	
0.08568971689697216	-0.030356508851905988	0.03751723016804166	-0.014546909654638689	0.07304085761185093	
-0.004673395941087158	0.10101853936032203	0.03391483708571861	-0.6570782893571008	-0.5397941515577401	
-0.5086481631239028	-0.02632748073117026	0.0399975778030441	0.023792557633164818	0.3207552229148372	
0.12878839122344848	0.243436563525431	-0.1657574547108605	-0.08050063305227147	-0.11048737040989894	
0.07634991064344328	0.03364002802741485	0.0029206650674828637	0.09864322220435587	0.13612260436825158	
0.13128187278730125	0.008286276501046855	0.035812257777230794	-0.048929967302762056	0.016969176232252928	
-0.1000652528135138	-0.04049231477651099	-0.12780340522324699	-0.1641398719081974	-0.07348064376552899	
-0.061084251088083984	-0.09309603032603657	0.012053277479740651	-0.22792144735753556	-0.10993370927303892	
-0.17683540569372866	-0.11671040179447129	-0.08383511151212138	-0.06744454796859271	-0.057361915225461524	
-0.02912792838380245	0.026241347666109447	-0.013983052453791184	-0.09377673176561914	-0.08417455321655272	
0.2932066817313483	0.22856670398114112	0.20282093187191458	0.026726166014521116	0.030233649577278632	
-0.010251207806260635	0.06471426814575854	0.0431409576913132	0.04282417266800814	-0.1428636820228911	
-0.17442678542286605	-0.07646624434140561	-0.22847840530547261	-0.08874595506117207	-0.1472123722624475	
0.015550043544597778	0.042949886355012394	-6.178991900662646e-05	-0.382717732856159	-0.500501918249081	
-0.31151631407613245	-0.021789028925665463	-0.05138482676410628	0.05947869448766883	0.1252845653445755	
0.22971406616308288	0.2154295317913662	0.3676893433768674	0.3730794131783017	0.3066160842613668	
0.20424585356205108	0.19937450584810493	0.09718163945864755	0.16659187748623527	0.22977046592737957	
0.13755253817828447	-0.32802244976936645	-0.3378078239622691	-0.3308175750324684	-0.4700049697980474	
-0.54460422336036	-0.4033613319604683	-0.09595643866860609	-0.10489129802366996	-0.12843734828699416	
-0.3585594212348745	-0.27304615691289835	-0.33982187701901145	-0.13894774463960374	-0.11922928160614248	
-0.1964591069967675	-0.1319597980537189	-0.06420564187572105	-0.0674011821414775	-0.1894595169138667	
-0.1375656873581132	-0.10041910936755774	0.23419905971692814	0.21288340260245764	0.039537151395289995	
-0.03918679419029573	-0.0064663911916960646	0.005199368669785493	-0.044138477970064705	-0.19039383810707558	
-0.017515685679945176	0.16257157053158255	0.06166882208351946	0.011071065416040735	0.04313908922738447	
-0.02982305385375352	0.05441039238078466	-0.1261978505207536	-0.041804552719174264	-0.048866629763443074	
-0.15815676864791453	-0.18134088328275458	-0.03998081668139981	-0.0008643887644953689	0.04338537971301546	
-0.019073761556882722	-0.051942926159001174	-0.09739624598178744	-0.08210275811066248	-0.04760134280274935	
0.01295104096314683	-0.01840294744058389	-0.31257557236512723	-0.16808701415431704	-0.3208246229304666	
0.006437255400579948	0.0663714484346519	0.03739628688324423	-0.1604593711439273	-0.3083283078011084	
-0.20531867260641107	0.0369868249876158	0.16184564860331335	-0.002308130674676499	-0.1988289312621643	
-0.18510296577415813	-0.11378007067009212	-0.19763245870682417	-0.2655419847232007	-0.14528711945365363	
-0.14009016283585346	-0.021078393758696055	-0.1232560943687877	-0.2973741966641899	-0.2112208285420035	
-0.11063417049599489	-0.07195516175447084	0.005353615252513743	-0.05784593435840095	-0.23282796277436915	
-0.13481312456408756	-0.15511759006018414	-0.03861961823265794	0.038659540984751474	0.021878894992281604	
0.046941086117992345	-0.07091740775652727	-0.053431346928080874	-0.06570614746283883	0.008278504931846615	
-0.050764626369148136	-0.12184429398104349	-0.13292563697753587	-0.12044837917958234	-0.12496614372885129	
-0.21066373973963562	-0.0984212453458071	-0.21425941113876446	-0.13877016431202727	-0.14459544701327912	
-0.515376037376669	-0.5739210662312358	-0.4866657314431653	-0.10708012052619176	-0.041506556255383804	
-0.09672122209068727	-0.036163393258492466	0.08546744562701336	0.008444140226413977	0.08847910491834896	
0.006097718507886312	0.011483441512426997	-0.07869949749687496	-0.0878602400407206	-0.019861918569557654	
-0.05177977063243456	0.031909145712320834	-0.13033046592539077	-0.28559266338977085	-0.455084811178651	
-0.28792141661644033	-0.0008464935797561498	0.06937477682579873	-0.03108320549815639	0.2794225888863546	
0.2377669725372847	0.1786212312203586	-0.32811550906345943	-0.413152111846108	-0.35755523062835726	
-0.040701725289737443	0.08566804409906663	0.1121333606108236	-0.15679052342256303	-0.21813010486772844	
-0.14139424551255284	0.07564141993479753	0.011914596782588207	-0.038241895211603795	-0.04966872497498676	
-0.07586754770120066	0.06685722549919776	-0.28072772500578563	-0.2872177843326313	-0.14756792419824444	
-0.20251597425901385	-0.11102205274015679	-0.2151005892579108	-0.046364434565130154	-0.10820673655300914	
-0.013322201261762494	-0.05937230842249252	-0.06948862289517779	-0.05816956503267745	0.11266863813829008	
-0.08765359613082427	0.05068213162526766	-0.4898409092679546	-0.6009556492507488	-0.4300065660122606	
-0.2295298628811341	-0.14941903456575625	-0.1370385913398598	0.1335989925305549	0.059634136686795146	
0.07864864768677686	0.04212753136401487	-0.03706513009418324	0.07155150416347263	0.00351661008776069	
0.022255769733322734	0.10063832156102948	-0.17442568445475892	-0.20686404825214216	-0.13958795374877792	
0.1441706252960621	0.11388281448366325	0.09794869736440258	-0.032193989104941215	-0.19353839191725175	
-0.19103968505803867	-0.03510366384450693	-0.03807135290197651	-0.06307514396028586	0.11867189142437591	
0.06237457183158697	0.12255053892558011	-0.1310548265775643	-0.016812989766323012	-0.09780279402135857	
-0.514929157828729	-0.5204230635725606	-0.4945797585471554	0.1709615438476118	0.20496664916911542	
0.14243127598225994	-0.38882013518479913	-0.4347101243736144	-0.29083525568014085	-0.4048971750132046	
-0.3915220085162517	-0.3661727265760668	0.11188709694652686	0.07759281501235951	0.00849316419138483	
-0.22254760108135407	-0.22340918643380708	-0.18132214930735605	-0.25381997582314664	-0.2542351514566215	
-0.07237608849007988	-0.19121883738532472	-0.022474563109010418	-0.06124738932306381	0.4159271405695045	
0.39313211619106925	0.31422999641891985	0.013289066916076274	-0.0723311972974316	-0.0007547817661903129	
0.3010819574428431	0.36090163066519204	0.2589410677556104	-1.4639405050969754	-1.4052196582342829	
-0.939116100094395	1.1505257721083846	
