            A        R        N        D        C        Q        E        G        H        I        L        K        M        F        P        S        T        W        Y        V
 1 A   0.0265   0.0606  -0.0618  -0.0276  -0.0052  -0.0155  -0.0139  -0.0134   0.0056   0.0985   0.0228   0.0367   0.0569  -0.0102  -0.0343   0.0257   0.0169  -0.0099   0.0176   0.0307
 2 A  -0.0113  -0.0313  -0.0138  -0.0022  -0.0415  -0.0024  -0.0125  -0.0152  -0.0014   0.1023   0.0865  -0.0027    0.042  -0.0169  -0.0077   0.0009   0.0317     -0.0  -0.0253   0.1275
 3 A  -0.0113   0.0228   0.0537  -0.0246   -0.004  -0.0169   -0.044    0.036   0.0008  -0.0211    0.008   0.0059   0.0365   0.0812  -0.0336   0.0343   0.0045   0.0122   0.0594   0.0071
 4 A   0.0636  -0.0044   0.0172   0.0112   0.0212   0.0268   0.0118   0.0058   0.0114  -0.0017   0.0024  -0.0018  -0.0091  -0.0012   0.0586  -0.0246   0.0012   0.0097   0.0104  -0.0019
 5 A  -0.0105   0.0193  -0.0166  -0.0157  -0.0031    0.021  -0.0081   0.0028   0.0359   0.0099   0.0314   0.0235   0.0536  -0.0169     0.01   0.0138   0.0066   0.0067   0.0419   0.0008
 6 A   0.0115   0.0395    0.026   -0.029  -0.0106   0.0181   -0.032  -0.0214     0.01  -0.0157   0.0089   0.0049    0.008   0.0464   0.0033   0.0568   0.0451    0.002   0.0126   0.0222
 7 A   0.0003   0.0279  -0.0014  -0.0558  -0.0083   0.0498  -0.0563   0.0083  -0.0052   0.0574   0.0568  -0.0035   0.0214    0.002   0.0181    0.094   0.0055   0.0076  -0.0007  -0.0114
 8 A   0.0115  -0.0018   0.0062  -0.0572   0.0151   0.0109   0.0132   0.0375  -0.0178   0.0085   0.0579   0.0637  -0.0043  -0.0019   0.0065  -0.0057  -0.0033   0.0046    0.036   0.0269
 9 A  -0.0083   0.0287  -0.0028   0.0018  -0.0096  -0.0158  -0.0029   0.0016   0.0286    -0.02  -0.0187   0.2268  -0.0019  -0.0138  -0.0026  -0.0059  -0.0211  -0.0021   0.0611  -0.0163
