TESTRUNID EPOCH: 4 L_PCC: 0.8740061232382745 L_ERR: 0.01001426343353925 T_PCC: 0.839108560669008 T_ERR: 0.012563133526226221
180 LAYER: 1
5 LAYER: 2
1 LAYER: 3
4 :ILEARN
-0.11026876867657874	0.10576819277698743	-0.46508806405851777	-0.3222115121254826	-0.4724862601703455	
-0.14661493543562087	0.04301842210468036	-0.16863764595578853	-0.18048746882682173	-0.24518778997521987	
0.022917573003389015	-0.1765468981243401	0.162979350342329	0.25146160021959063	0.2194799735886024	
0.2005043172683667	-0.4778940936145139	0.7817116077674767	0.6114101130286617	0.9592833091528825	
0.06029459964346824	0.09462007688291715	-0.043874266495509684	0.027725090528377905	0.07251348988539164	
0.07931211350730125	-0.13326561043206794	-0.1330644799788197	-0.12980742913459353	0.1875386523241551	
0.0459465824671426	-0.2861100836404554	0.5360841972629915	0.39796359667440984	0.7283125051207645	
-0.11417882660546493	0.22510782130014495	-0.05221920731876568	-0.17808800860766952	-0.15537063501073942	
0.09621429320102672	0.029621410754667978	0.03135692654457867	0.11340716841844208	0.03839244418578968	
-0.051847224303899216	-0.018703068840307282	-0.046132407992360076	-0.03670284402135188	0.13951165328391998	
-0.08803713336078252	-0.056729838722645906	0.0988146026565943	0.030094647651137996	0.13826085372276842	
-0.18239855002046107	0.08747272260642286	-0.5415669199651264	-0.4054200473713548	-0.4483138894566963	
-0.18805913663839383	0.1477898545845266	-0.32116956954366677	-0.3432408646515133	-0.5648960495269624	
0.0411181032005035	-0.03805618595242621	0.23658708937581627	0.2692728882120342	0.3043827427840096	
0.2005725973397093	-0.4662555734725039	0.5020395576049099	0.5993142584790189	0.7871587783616112	
-0.261669220545458	0.4045787356165287	-0.4143297030636428	-0.34601497747494747	-0.47985773441235885	
-0.04821566337405556	0.2506948572375988	-0.2247821297878996	-0.3484878463961028	-0.5511701798463796	
0.11381940846357037	-0.10284151890323619	0.29138454848622364	0.19957579353862268	0.26503583236769407	
-0.06318957210233021	-0.015093959640887401	0.1508116965455428	0.1620741078293482	0.24171581650280294	
-0.13265947574327389	0.1393625616684447	-0.16212324738462627	-0.22619987711175016	-0.08027407180225019	
-0.14276662206469323	0.21682890646438763	-0.22225045142402414	-0.31110713444497656	-0.3547304166711893	
0.20380099174954436	-0.6156801581779655	0.912278058745726	0.7892126439702808	1.339267240033914	
0.0182496459305335	-0.35831243831827336	0.4987596861796859	0.38535970463061653	0.39983379915660044	
0.08548310516967413	-0.043683084759378196	0.24623025451480077	0.19715437138843483	0.13581614265868316	
0.07439112957700425	-0.6027317950268586	0.6223687161819681	0.6015871667001705	1.2046916488686252	
-0.04824916956023872	0.18691760634061988	-0.10018805748560275	-0.22321395087604184	-0.2739201501501037	
0.070081399852518	-0.00671694884910702	0.25553804624533233	0.11149802594575375	0.38294774335369874	
-0.0012932569223440289	-0.07449317984702951	0.19945498116549432	0.2899547483540275	0.37508587820659484	
0.14238407733380998	-0.4433591034237122	0.42387933104567843	0.4236255922598586	0.72810582979035	
-0.3017433894914051	0.2436206832695689	-0.5831895127839226	-0.5468576610633066	-0.7774809825139811	
-0.18711817681542114	0.11908755970883074	-0.09228247341798758	-0.24991102138060287	-0.2589686611859015	
0.09203578787396943	-0.1901723031312568	0.2217024512828161	0.27516530525215055	0.35645928213868133	
-0.16481934569953383	0.34129699343269987	-0.33176672715878547	-0.30094914986185384	-0.6733867668638173	
-0.11094660638067254	-0.1753089951483837	0.013932842737900932	0.051836080055193814	0.2437341172060617	
0.03901765880142955	-0.05846889022136102	0.3927103074084828	0.2573637809582518	0.5661356499042077	
-0.09572426673102813	0.32737945750265857	-0.4789933917813637	-0.558236608433245	-0.6775818451695378	
-0.19837965844128966	0.2424409811508761	-0.6231186584493821	-0.651808247344718	-1.011381631081657	
0.06742369952403486	-0.09478000202116955	0.059850816291347905	0.03103312851457191	0.1522470217738612	
0.0242400971169352	-0.279312665011208	0.28070313703426947	0.28228774705682697	0.46306890947769064	
-0.16651064314101216	0.20047593887229953	-0.8561830269405899	-0.7380138828584425	-0.9521736808506213	
0.03723650259719334	0.061769177696541555	-0.006702106160307798	-0.07688737349877196	-0.14882677252814677	
0.09027922345298021	-0.2749199091767245	0.48403271466028874	0.49636743729536886	0.6843560331987364	
-0.06040201570775577	0.1112439835359845	-0.1176377760098128	-0.13919792542949772	-0.11126531275027596	
0.04019826185256644	-0.21425348264301353	0.35906885849227244	0.273993537857125	0.20173535915318294	
-0.05085161180101677	-0.15264970070076694	-0.1415902336892624	0.023483959373827728	-0.07533131966750067	
0.034959097232153895	0.11114270836099294	0.0013583866966173641	0.01831187017672498	-0.11319597634089829	
0.043694387912678774	-0.16252528088671758	0.31521575228057913	0.20297487974227718	0.40590668118654605	
0.056563196771210626	-0.25463845148967157	0.2826633712982172	0.18287384637568893	0.43635971135951296	
0.019178189498750893	-0.10818286406374418	0.2811526146263504	0.16741201283688253	0.5044000406976893	
-0.07161592730102893	0.04199021718908308	-0.17073690432261465	-0.12105269525262466	-0.21027970353943432	
-0.14834521174969167	0.09922360155991308	-0.029201989672336073	0.09252363643263499	0.10765001520620544	
0.13027803376879946	-0.28937949092328	0.3499660728885883	0.20746641251377773	0.6357219335466975	
-0.0853827900282616	0.3155390757271867	-0.417561330400265	-0.35187334707414275	-0.47890486373383884	
-0.19290904036472672	0.3768631914293129	-0.43344067992213825	-0.442167445863938	-0.5147627544567349	
0.0629324488422957	-0.27873841659346404	0.38952834290320487	0.2545991294754326	0.7497076162941955	
-0.02258768275457793	-0.05032123237140121	-0.21877728697800405	-0.19145039015846962	-0.2117546718779915	
0.034249312266170694	0.07415537763273244	0.07347507848519219	-0.03235093066222969	-0.03187766411687419	
0.06548295379992802	0.01065309383611151	0.0612885842237813	-0.013789846669423154	0.04807219027268466	
-0.10568835488578408	0.21329051200128613	-0.4045561927285639	-0.35787975489750323	-0.4562605581260106	
-0.06631779550872931	-0.1500853056151978	0.10877887838665558	0.2699881811008549	0.1129626318958493	
0.007154464265634269	-0.023061481524824984	-0.05186713131722123	-0.0932701581256461	-0.024168303155461066	
-0.03306431379114551	-0.0843056682602406	-0.05006093272072992	0.05185263523468127	0.025475744267195247	
0.06345368378918273	0.09945923422487132	0.0109398116503234	-0.06137428750462857	-0.10065068024527249	
-0.0010371460503532323	0.05299517810795949	0.02955441520638396	-0.01479995346823994	0.2529537205168031	
-0.024030564364327225	0.00024265070418134742	-0.05843957656496537	-0.05177624630946643	-0.006849285496686111	
-0.024305237148200147	-0.05772358303409936	0.06943225812656538	-0.030002547022401543	0.11014467114923239	
-0.1037293708688745	-0.005012681474057975	-0.0032222903195658304	0.04771270977249892	0.17241658617930217	
-0.0611839448652402	-0.08611536437520269	0.11810209167966539	0.1608773058603629	0.22165509089604182	
0.054506344412829	0.10646892982285312	0.0983149966527175	0.0805809284967608	-0.01792889126802745	
0.053185484575216734	-0.14211276586426697	0.16891582650389128	0.2078518255025095	0.05476705184389676	
0.046465577133196274	-0.007403510591565883	0.008905291215446658	-0.02052751074701923	0.08021500319497821	
-0.03850514198074484	0.009795563616567221	0.1721525019587652	0.191685349193149	0.24901569746051366	
-0.1150938428149285	0.08950317805754336	-0.24863125724114055	-0.24799015528075202	-0.2856192703666193	
-0.014433677866679472	0.09085155016757339	-0.07523073995796553	-0.07256338042682225	-0.14908984512622397	
-0.06327828710751986	-0.1332674502241245	-0.011835408521045811	0.027438035340936848	0.04780998040276813	
-0.07556722758890869	0.0767570957578128	-0.08875629143003338	-0.0904776610844939	-0.17000370815167362	
-0.038784449161536456	-0.012721119078035444	0.14189369923083572	-0.05308157170551484	0.04497272478629058	
-0.04241416424844003	0.02859442023457005	0.13524538391263854	0.0029403382019096373	0.1161677041580336	
-0.05439860883667783	-0.026416086623709582	0.04049757227342122	0.027034737249823308	0.26255130893640427	
0.08887135134373055	-0.1610118132891344	0.14169959011748184	0.0745224137185025	0.15584318324266172	
0.10869357921145655	-0.06256160121536725	0.05685150091389214	0.1575771015370221	0.15821856401364004	
0.0908216906080424	-0.15917111305102744	0.022457287280420388	-0.027943670702888824	0.13626577316606142	
-0.09411847157244259	-0.005607091815494346	0.12480207508987366	0.06030495458458135	0.1534231197256907	
-0.0032733367486950157	-0.10433151827253577	0.17475716177989825	0.21737703056582405	0.4129397427632844	
-0.04438878986897266	-0.18338465286990777	0.046881139701549966	0.01923795063287937	0.1400945897137319	
-0.07004245040651987	-0.21816018824683633	0.218742795658027	0.11939002021590996	0.24547733857310272	
-0.004264227246446667	-0.06837515706795086	0.17299400466792192	0.15692514891193138	0.1869759420415459	
-0.02180677350066364	-0.07862190644381375	0.008956774407556219	0.09403872067195825	0.09346788791824152	
0.03982355740512852	-0.09838729296205465	0.010953624931766883	-0.057315679773367434	0.07721077363401047	
0.042382247506031936	0.05646931558146274	0.03928826069613164	-0.1018748621578458	0.07553883910467381	
-0.13195723293659967	-0.015078379262812873	0.04619354104261647	0.04439337999625593	0.012109899221645078	
0.0950300104705269	-0.10923812146715345	0.2611015930785693	0.24249944508061647	0.2687653938793427	
-0.10881239030407089	0.15832368359152849	-0.08861793252976934	-0.09589136441810078	-0.07011696658396581	
-0.13680043675500864	0.18689624966675467	-0.33366154470757514	-0.2521381506682135	-0.11491764468400896	
0.04772173788874914	-0.018719603415848086	-0.12067350931171882	-0.13661953581277728	0.05151778993635937	
-0.15222635514971616	0.052805266378076136	0.012303182976047359	-0.13026874400461466	-0.04066621690697336	
-0.03301241704498517	0.016923329862023342	0.08990775126169372	0.09412593769232039	0.07913685854914423	
-0.0007863319485753744	0.05042656095225723	-0.19168827336647476	-0.05309245704669921	-0.21568615989973217	
-0.035990675385159536	0.15068458360414824	-0.13830282117511392	-0.1764621420919739	-0.13411484102270096	
0.013145587493131447	0.21728853070686435	-0.08750066161644222	-0.10703881582546183	-0.19904574060299132	
-0.11741682461451625	-0.06783102999382498	-0.09331089338243287	-0.09372337912859034	-0.03813838138695507	
-0.02417237859928121	0.025082819117609997	-0.04238741141787185	0.04306088088342347	0.0149278763565107	
-0.015482737754766057	-0.1433261688433435	-0.028870318393975095	0.004338892369162623	0.10614911330495463	
0.06144370392963077	-0.2499989472604081	0.22034775514235394	0.26684520297111375	0.5560519850938591	
0.068361588554482	-0.031897597809377974	0.08409936405474708	0.1049368441359468	0.0994778660968614	
-0.0780283239159296	-0.16031055893254503	0.021647184520665805	0.10781338229915031	0.1482815390863302	
0.15726632902150053	-0.3044909611676804	0.23561422186120012	0.22633015872856624	0.39056086010384156	
0.05572578121252715	-0.08655413531357634	0.13218636805652853	-0.00653671574595594	0.20785914114069617	
-0.016620742534828228	0.09508574369909005	0.08585421912108025	0.05708350551377506	0.009594575511654276	
-0.1212677964558881	0.0432820543208228	0.08098591015898815	0.16537759499182053	0.05270422170611043	
-0.08191565265920747	0.08228882119209287	-0.032100439954602746	-0.10771993429282326	-0.13297315337733034	
0.017363275594804682	-0.1960487494641951	0.3257046192401629	0.31015831058080023	0.3260837210790055	
-0.14350147669416793	0.13154667508525633	-0.06086227236756996	-0.1922823735009536	-0.1034205200789327	
-0.038937113644029596	0.0612577160615448	-0.17087402804288673	-0.24180428285499328	-0.3527546208318204	
-0.02287926504120434	0.07487054140672733	0.03521297819279308	-0.027502990188899346	-0.012231319861149541	
-0.11198552401246477	0.06855092660500324	-0.02079998515204389	-0.028583667957317625	-0.06964864866016332	
0.023922388322569668	-0.007851870049746515	-0.06467874245944782	-0.16469422202167913	-0.05804067981883451	
-0.03366722903268831	0.07638379215578292	-0.06348424322706743	-0.08308943645240838	0.03621479840398476	
-0.08268264230242299	0.1036534407868339	0.04805576643335285	-0.10127581818180235	-0.1437826310847137	
-0.08355041144112768	-0.19591916540064097	-0.0424120075354669	-0.16482370006959557	-0.026823851990124006	
0.031191008217213417	0.0062956934111656	0.009016384984461808	0.03624584716191213	0.13427798870554639	
0.13050459978211626	-0.15371777677138157	0.3116105188353525	0.23773205150292503	0.6004904200074469	
-0.00815773600098246	0.043784779884483434	0.17881821121553768	0.0826114201767302	0.1882037673849058	
0.14856112535659308	-0.2340289859831241	0.2530968919661698	0.2153592001575653	0.3136390148754433	
-0.04240191840908432	-0.0596819971590787	0.13154323670469517	0.21093619542756475	0.3210302045165246	
-0.019374018930088225	-0.09524441656131061	0.2626842477766496	0.19252654133264765	0.25670376667004946	
0.0030536366998165877	-0.1290182503473452	0.3629995982085996	0.20266021383760233	0.42905408182202726	
-0.09176147931421075	0.023938531975697556	0.06997894073697232	0.08935857151081285	0.15248478972363666	
-0.09891812254290108	0.12746143637637555	-0.08410864398329586	-0.07338304263020615	-0.12598922777318503	
-0.14982077550811163	-0.07424971757152311	-0.11181750417699804	-0.1274460891635231	-0.2058492209533812	
-0.12431937758941715	-0.11725858406407602	-0.4342959963615213	-0.4986565708934487	-0.2787099866176609	
0.008192667314775725	-0.2507265907776342	0.3137911469373557	0.4290444473420487	0.4652438319574872	
-0.06643179736521464	0.19741350537580468	-0.24547358209879194	-0.17551876528414384	-0.27686623070688193	
-0.06463579294531288	0.2212475696015743	-0.37772279452444735	-0.25160588842297166	-0.4383926607465967	
0.020180400705829535	0.09523880691154464	-0.15316302092310669	-0.0752867264649213	-0.10858841371956762	
0.05279593645703406	-0.09058359580342534	-0.11892193604086267	0.07325937379826435	0.14652170983495985	
0.05275883197373495	-0.14666486594826103	0.15728120520786723	0.14517784088100716	0.1673655004817435	
-0.0015925165691230466	0.2109562106995005	-0.22518427143794992	-0.21550719029946175	-0.2432371152180195	
-0.17117288278817946	0.1288558940035312	-0.029980902009606576	-0.11928653666340791	-0.27138002703704106	
-0.08301017691338919	0.012554577779604772	-0.029726674755438824	-0.037100286668540136	-0.13814073304171506	
-0.0907832941715639	-0.09739516023064812	0.10743134569224287	0.03929851390415644	0.2596590417004174	
-0.006042323106241745	-0.001066618779327311	-0.03400609940498219	-0.048665009084163005	0.06997896122107536	
-0.12934957626216786	0.11793119608487966	-0.11446445729777698	-0.10234449696283685	-0.06699862742911605	
0.04517723986600184	-0.19659242286685558	0.4048144788654014	0.454650992349976	0.6000651666635857	
-0.03468791773957084	0.05521872470437911	0.00810309508737124	0.06060074228894734	0.0573025183709893	
-0.002360946327802249	-0.015822459980403776	-0.05736220492134686	0.042576205113784155	0.1268287841776351	
0.001457382741450939	-0.1496856378917328	-0.002094770358034265	-0.07331257021194369	0.002117694298070266	
0.0015939090638457348	-0.05112178383298702	0.17683583748318718	0.16818530396397677	0.13983471236694395	
0.1371617982175255	-0.16910936363064025	0.1017735017080699	0.21581734686558385	0.051103239168121026	
0.0962230107552131	-0.1128500317189266	0.2512345276955124	0.15415508954146567	0.4972321010949559	
-0.11359003693864869	0.0816013185030151	-0.21439240770069523	-0.22379817075748784	-0.3576586305090713	
0.09064840631214353	-0.13497665221074678	0.15854564545858613	0.1507525124896949	0.16790353753144138	
-0.027298769382159502	0.03745294465561168	0.17055528745637583	0.058244458624729885	0.1469598909007153	
-0.18629766746331278	0.2382076162582439	-0.28638022545705843	-0.2172594829801584	-0.31372220831998454	
-0.02523039159697277	0.16116627781955448	-0.09509407441226185	-0.12214761409864222	-0.14976135128477702	
-0.07159976372007709	-0.06856814398648646	0.023957620639538685	0.001577133333450961	0.04134021735738005	
-0.029730336006219472	0.04829651180792016	0.043268539577411474	0.1506472169532	0.2032344015843287	
-0.031000863695655956	0.044871063252887436	0.07516140846475598	-0.022462079698925077	0.08759348802900908	
-0.10719501782065345	0.03968436941237913	-0.2849258336492995	-0.2006208658898305	-0.4738817488717843	
0.0625165897411675	-0.10787158242629583	0.05228604426054101	-0.05271248561791518	0.19310517843746025	
0.09932311105632818	-0.08031313370580566	0.1355842360950159	0.14825022190846088	0.12791043305203234	
-0.17934461633819432	0.35981819726907044	-0.7887412810855766	-0.7401568735370128	-1.2042738210241406	
-0.09525474806104868	-0.023686919387675975	0.10003773093347493	-0.02054853726516942	0.07054705416554069	
-0.05960369703287831	-0.038897493983105554	-0.050012146109297544	0.062461685561486326	0.07098247975401134	
0.10344519454516786	-0.22903892743674262	0.34198572988933723	0.2173907921218934	0.38893509046464814	
0.004685966054631912	-0.11651623115025686	0.0666297512131726	0.16055275759650137	0.2419843742316622	
0.03330470862278829	0.01692032931155106	-0.018446448638382334	-0.03066990272611482	0.07144199257354314	
0.13998298388003844	-0.25816393331944276	0.3194445669660358	0.2704663026943986	0.4171343369872633	
-0.11314894250501335	0.09905861138686167	-0.23328892327273226	-0.10087030684373603	-0.24666416810558447	
0.08727938541779352	-0.2050491202124607	0.4056937553298479	0.4135339466729898	0.579705494216968	
0.16160689406151116	-0.010160238910307304	0.40220869600513837	0.16946564003211032	0.506722007108529	
-0.550870003207021	0.3443732253931896	-1.7706573576263431	-1.5211747350495517	-1.7462265989626284	
0.078255181829608	-0.1579068760344862	0.286256411996233	0.2853117317046785	0.4603938449151483	
0.108083679544507	-0.12781258503061307	0.44582912482038456	0.1849831419657436	0.60291523977596	
-0.08215087060464311	-0.07296830919105356	0.017474012204973542	-0.05067068068076315	0.06664396650244853	
-0.03568846677140273	-0.19182335291043978	0.1901119266161363	0.2854812308428428	0.4002780427373338	
0.05122039876291321	-0.2927692356448851	0.45266760261043615	0.3198989824594859	0.5748880715985111	
0.10147155815605476	-0.2438812140599018	0.3763780475688694	0.4547624302828812	0.6628858829570908	
-0.24559809207797972	0.3364916172673506	-0.7507841566742967	-0.6982193159258887	-0.7888648872772547	
0.027488521651800005	-0.03924154261973792	0.3446685858090399	0.3260442158421527	0.40835984351744314	
-0.388469712452095	-0.5866990752875165	0.40310243720691685	0.321050058212039	1.2534529162413144	
-0.49369829592850034	1.0624477674336308	-1.9206050441817237	-1.7750569449763354	-2.4419186257971184	
1.3695215863150672	
