            A        R        N        D        C        Q        E        G        H        I        L        K        M        F        P        S        T        W        Y        V
 1 A    0.211   0.3175  -0.1299  -0.0615   0.0369  -1.1716  -0.2516   0.3478   0.2947  -0.7913  -0.3803   0.1415  -0.0943   0.4156  -0.2563   -0.475   0.6946   -1.294  -0.2291    0.236
 2 A    0.073   0.8403   0.6848   0.2271   0.3397   0.6734   0.8225   0.3762   0.5449   0.4787    0.467   0.3849   0.4954  -0.2406    0.408   0.4117   0.2973   0.5533   1.1182   0.3981
 3 A  -0.1407   0.4299  -0.3823  -0.6451   1.3376  -1.6039  -0.4248  -0.6297   1.2326  -0.2683   0.0948  -0.2484  -0.0188  -0.8782  -0.3676  -0.0156  -0.4048   1.1182   0.3441   0.0934
 4 A  -0.0232  -0.6508  -0.9337  -0.0596   -0.884   0.0763   0.4776   0.2341   0.0909  -0.4965  -0.3151   0.2342   -0.756   0.0314  -0.2361  -0.0525  -0.3865   0.0401  -0.3804   0.8192
 5 A  -0.5351   0.2184  -0.4086  -0.4822   0.4393   0.1226   0.2029   0.3218   0.3524    0.135   0.3862  -0.3334   -0.615  -0.3855  -0.3728   0.0635  -0.0293  -0.4157  -0.1874  -0.4237
 6 A   0.0354   0.2036   0.1392  -0.0133  -0.2115   0.3747  -0.5376    0.274  -0.0373   0.2297   0.1432   0.5619  -0.5769  -0.0492  -0.0722  -0.0349   0.2252   0.3373  -0.6387   0.0452
 7 A   0.1084   0.6497   0.2571  -0.0686   -0.335  -1.4839   -0.581   0.5863  -0.6805  -0.3892   -0.353   0.2784   0.4996   0.2565   0.4321   0.2129   0.2637   1.1234  -0.2793   0.4225
 8 A  -0.2605  -0.8207  -0.7513   0.3636   0.1315  -0.3867   0.1705   0.0755  -0.6939   -0.282  -0.7965  -0.5113  -1.4429   0.0289   0.4564  -0.3992   0.1428   0.6967  -0.8568   0.0333
 9 A   0.5576  -0.0311   -0.127   0.2459  -0.1603   0.0479  -0.0416   -0.089  -0.1517   0.5447   0.3777   0.4138   0.7217   0.4295  -0.2638  -0.3939   0.1429   0.0639   0.1332   0.2601
