TESTRUNID EPOCH: 96 L_PCC: 0.8996084764880636 L_ERR: 0.001257069081955674 T_PCC: 0.6792383624559408 T_ERR: 0.004071611415943219
180 LAYER: 1
2 LAYER: 2
1 LAYER: 3
96 :ILEARN
-0.12829788833067676	-0.04977504812288389	-0.32193899677711246	-0.3338975197176181	0.10478835925706932	
0.04769591738909659	0.2171027376543991	0.17888510522823686	-0.1890262020601378	-0.15456058048141608	
0.06457472332692217	0.09280498950232642	-0.14357645859714613	-0.06177953716369484	-0.2446268741027463	
-0.1041205794368693	0.03790098151791074	-0.012219905926327417	-0.027378642204782033	0.03672587908182379	
-0.07119090479617855	0.013579398516087438	-0.1287903480163292	-0.10445808958737703	-0.056173250092704644	
0.006147600197783857	-0.3628551346713109	-0.3386454154848254	-0.002666536425833898	0.09951995737532095	
-0.21864580459273653	-0.18090401314839002	0.04380399230760384	-0.06088816627599128	-0.3949503472156725	
-0.3536894690765866	0.08153994829295692	0.09339812635573523	-0.06827329516216177	0.11402075056835274	
-0.14995985535425918	-0.16037877726594077	0.23439603172657536	0.3045166650564013	-0.10061297325449682	
-0.012421941291817491	-0.48491490380079044	-0.5626281219302427	-0.5628513783932964	-0.5394083288535713	
-0.4277570399909893	-0.2418522419173653	-1.5218469070611418	-1.4414181068276946	0.14130595229222112	
0.059285071243403056	0.2821058739128261	0.15960301134773058	0.11103573828224216	0.117434807584689	
0.023430387141727873	0.05712183972108873	0.03450420550187358	-0.013361555403232353	0.035813528150609626	
0.12286742440837728	-0.08852571850499003	-0.21078793852462532	0.27584618611504447	0.2557490969275058	
0.2898094380948208	0.15643383880382555	0.1621445811900938	0.300182630172128	-0.24348713571437852	
-0.3161439409729545	0.22435694409984405	0.05077636011708937	-0.050449845888278604	-0.05119503357304981	
0.07726126495939485	0.00855734516999944	0.26908966029107423	0.20575739714665062	-0.08220042521553683	
0.07562505865286304	-0.20009191751260014	-0.0980767628888083	-0.2985772723786521	-0.26727515837354804	
0.029905744700993074	0.2392856507279385	-0.3341312927250978	-0.27541386806112567	-0.18031727720129753	
-0.2660851489728333	-0.07526892983964086	-0.12846698580209873	-0.26402933846866444	-0.11884654750486402	
0.019401163515922276	0.06716529893394667	0.22325802389910124	0.15303020160311184	0.029885918951040782	
-0.011595106237969874	-0.40732916217446963	-0.2669536139313318	0.14329596252700294	0.2094624135227943	
-0.03620632012482894	-0.03948341051990624	0.17955830127598238	0.1523611324626639	-0.015406315310058262	
0.07589477484609197	0.13028455337876374	0.11225661758194236	-0.06259818686135582	-0.1546007055281769	
-0.2102456666170299	-0.2121352401041603	0.0006253733927029814	0.027715362177340323	-0.1253782728513262	
-0.16173554412129798	-0.1680782270939968	-0.14085886961520078	-0.1602183968739243	-0.10491772788881816	
-0.061851152049814485	0.0025979895853168733	0.09019460649849453	-0.06080225011795173	-0.17044746304573954	
-0.29005816607328666	-0.14194358632870627	-0.2176148785966227	-0.003190686578935713	0.018407333593509986	
-0.024733915485579853	-0.09889892654997332	0.044481237134791705	0.05524741025566572	-0.11864467598559647	
-0.09246103270944403	-0.014190278512729476	0.06823992672219824	-0.12713975606171948	-0.17852693459960112	
0.05153092227721628	0.251425082212388	0.27529216505966697	0.23357390141209092	-0.2601075583486699	
-0.24168461956207538	-0.10042702225452588	-0.04384070042603395	0.04949915816606613	0.06825519107185746	
-0.008762030480096947	-0.008127980075243643	0.005369381254054805	0.08043301617507934	0.041953601655808484	
0.04324247764626453	-0.3923823244006219	-0.30106843067990524	0.05884829533891411	0.014413492430126905	
-0.21456564226553884	-0.06199895250597914	-0.04629691209609108	-0.11866318320546074	-0.28371920329159034	
-0.18368085505975046	-0.20262811389536906	-0.23153968883967502	-0.37428723413139725	-0.35928491923303235	
-0.21975636752699246	-0.33418192471231767	0.062312531454453916	-0.04173616228625423	-0.25933817943068477	
-0.16449162856442717	-0.116162542090905	-0.062262414221248535	-0.11632156290315383	-0.03790550891489	
0.12156097063080504	0.07030694890725658	0.20558379318777964	0.17992633651353448	0.4328276933734869	
0.4607038864523339	-0.33808396070662355	-0.2884700459014649	-0.11571769935879878	-0.11497394178345546	
0.20386331129213944	0.1021541285030893	0.09689427252678717	0.021819097963072867	0.07248981837153906	
0.09413903553512665	-0.28829321329083235	-0.19296595575506775	0.008877254324988678	0.005658214317840767	
-0.017669267773768992	0.07935456814332004	-0.10431622871968094	-0.09280340733672227	-0.02796097925057239	
0.003402122101311611	-0.25487836188463026	-0.20390534657783088	-0.03178812042621736	-0.1934897239291512	
-0.1785851010788042	-0.17157857220372935	-0.07262531692565424	0.05026709269326967	0.018774143901109302	
0.059490408066043415	-0.139846958451493	-0.11109910300559994	0.04064339029167269	0.09151305089654906	
-0.11311285890680514	-0.06952164183348068	-0.05260348344871959	-0.1132843115554055	-0.0873875050089073	
-0.07691812921952094	0.0365496938687135	0.10063775028831683	-0.06081102371906528	0.03031226787581922	
0.14357452612027224	0.19898327910275065	0.10420993762771767	0.027787941664450387	-0.052663558712805515	
-0.14592755733357352	-0.10351991085919379	-0.039588721856370884	-0.35635028625686044	-0.31044413865790665	
-0.015543431016741787	0.16063839556744136	-0.021093253517778774	0.12180149622915316	0.21143100619514862	
0.2166146189794318	-0.27989295911190687	-0.2555824597592	-0.03582182952986079	-0.027321867077159136	
0.04390778831921063	0.06706820027142318	0.17345147706274194	0.15265422151159216	0.12197130561960262	
-0.017810023597571705	-0.11715716577579037	-0.08513907029749418	-0.18313022101607684	-0.18212773382705427	
-0.043201730177230564	-0.08293425021807047	-0.15336331842891648	-0.15405798440427265	-0.2909703875765771	
-0.24568624275166628	0.08076912201190864	0.1503718616817914	-0.0023380317806087347	0.03657798739043283	
-0.33350661508917534	-0.2770400060268259	-0.17034634148352315	-0.22940429664427123	0.017371250869843202	
0.10867373204349555	-0.07454780319643543	-0.006535129689689213	-0.10778927185163988	-0.0785778816361845	
0.05165198247630623	0.11871077363834803	-0.011902700194503629	0.01475024474771933	-0.028317133646988648	
-0.1372764152188844	-0.1743939355178043	-0.17207405272018209	0.01738123004660075	-0.16715889175621904	
-0.03678876353475124	-0.055768368794085074	-0.03940132420225514	-0.04588797235128271	0.060774973222807886	
0.0959214841666194	0.04560622361649034	0.028004361205262007	-0.0010419645266097435	-0.0006533487982817514	
0.08384649689813169	0.08144483933104296	-0.1472861137447304	-0.18794444334401642	-0.2167990396099984	
-0.1598158223879767	0.13523745113108684	0.06393566051161406	-0.17812042889627666	-0.06606550202879359	
0.07198122893328802	0.08864893142432761	0.17372987051407254	0.10984490828415683	0.2282421743024474	
0.19417079157846098	-0.008680713841585355	0.0740306439508126	-0.094021524457422	-0.0800640717752961	
0.062090227273058095	0.1445057420036925	-0.01444137395793143	0.02785097634813236	-0.014984901182869482	
-0.18660929520376973	0.16924995212046984	0.2634208410853423	0.017723424291249578	-0.05187488029209114	
-0.7200084120847635	-0.692757370416699	0.25381625916603645	0.2217917266012684	-0.29543009043653073	
-0.21843116342714922	-0.3617287248020384	-0.3136018527013771	0.03126983277008799	-0.11851077225761163	
0.0388895502982039	0.018719442836496496	-0.14437930537531032	-0.15008261870037734	0.010218281425682122	
-0.008115857840652807	0.5346463480714027	0.4653830431908798	0.1981779227151094	0.22020643308507692	
0.28979961466861165	0.25661275230960734	-2.202154727447617	-2.057799387652806	1.613469285794792	
