            A        R        N        D        C        Q        E        G        H        I        L        K        M        F        P        S        T        W        Y        V
 1 A  -0.0531   0.0284  -0.0556  -0.0634  -0.0278  -0.0243  -0.0364    0.006  -0.0332   0.0442   -0.014   0.0341  -0.0071  -0.0547  -0.1105  -0.0408   -0.023   -0.059   0.0472  -0.0362
 2 A   0.1054   0.0049  -0.0912  -0.1355  -0.1156  -0.0104   0.0012  -0.1209  -0.0025  -0.0107   0.0595  -0.1324   0.0667   0.0112   0.0263   0.1651   0.1389  -0.1489  -0.0197   0.0417
 3 A   0.1049   0.0421  -0.0246   0.0229   0.0112   0.0716  -0.0173   0.0087   0.0431    0.062   0.0151  -0.0245   0.0531    0.052    0.011   0.0797  -0.0179  -0.0472    0.004   0.0315
 4 A  -0.0757  -0.0055  -0.1277  -0.0681  -0.1588  -0.0469  -0.0266  -0.0511  -0.0596  -0.0672   -0.052  -0.0504  -0.0855  -0.0261  -0.0329  -0.0851   0.0009  -0.0157  -0.0048  -0.0091
 5 A   0.0728   0.0186    0.007   0.0303  -0.0138   0.0135  -0.0017  -0.0078   0.0214   0.0162  -0.0464   0.0449  -0.0214   0.0299  -0.0063   0.0197   0.0093  -0.0059  -0.0246   0.0763
 6 A  -0.0018   0.0107  -0.0183   0.0193  -0.0655    0.003  -0.0304   0.0213   0.0029  -0.0275  -0.0639  -0.0102  -0.1072   0.0171   0.0062  -0.0114   0.0064  -0.0365  -0.0129  -0.0282
 7 A   0.0417   0.0258   0.0277  -0.0076  -0.0585   0.0724   0.0278  -0.0104   0.0112   0.0674    0.118   0.0074   0.0452   0.0779   0.0681   0.0313   0.0375   0.0486  -0.0158   0.0485
 8 A  -0.0058  -0.0185  -0.0533   0.0004  -0.0365  -0.0287   0.0646   0.0416  -0.0924   -0.024  -0.0084   0.0429  -0.0293  -0.0757   0.0108   0.0407   0.0386   -0.005  -0.0117   0.0001
 9 A  -0.0459  -0.0172  -0.1173   0.0183   -0.032  -0.1122  -0.0643  -0.1217  -0.0137   0.0137   0.0239   0.0072   0.0493   0.1043  -0.0342  -0.0099   0.0277   0.2772   0.1085   0.0459
