TESTRUNID EPOCH: 74 L_PCC: 0.8628089832888168 L_ERR: 0.010353531081076117 T_PCC: 0.6648115969373902 T_ERR: 0.021137555601694776
180 LAYER: 1
3 LAYER: 2
1 LAYER: 3
74 :ILEARN
0.1898896196489604	0.17986613828148376	-0.05015161295745291	0.06628746895865502	0.01320715075770509	
-0.05695471884262959	0.19922495215378827	0.13651177717500318	0.01852641211039391	0.18810673784337945	
0.12179945430312326	0.07360841548611123	0.08603196941199752	0.1890281648363832	-0.06778129591832595	
0.31627220603134226	0.21160714891593851	0.07653944726160652	-0.22795898698599662	-0.20871458848363766	
0.005249668478193402	0.3041515291593444	0.12279377264331875	0.08012276793405565	0.1647810394747064	
0.14821060615271198	-0.06262722644289793	-0.37430198141486987	-0.3077246616409508	0.008931304272689553	
-0.0979751607802951	-0.047471903315433446	0.05833136379970574	-0.36048072831645717	-0.28735290906095473	
-0.14802475900424497	0.1378328401364224	0.14336954471390068	-0.07115171155593379	0.09150175466133421	
0.12713360510135288	0.06617306995293094	0.14677528409019233	0.19225024218502987	-0.04681057669537593	
-0.16567763133792854	-0.05486786579271758	-0.08702234927820486	-0.16884319490334398	-0.18420556131805016	
-0.13956907537648194	0.03576710658797819	-0.05767437679998819	-0.04689066812555476	-0.3236095061934694	
-0.33863116117798037	-0.058122960600226536	-0.1762775112871662	-0.06301610802678785	0.01286926601072562	
-0.1006500250488712	-0.03565411201474552	0.032290160168274094	0.0948715230481278	-0.00369295965216178	
0.03921053615333094	0.032758929043957774	0.0029778224116617097	0.08891895119816268	0.01731100810039858	
0.08068038305757672	-0.0725050591707525	0.011385430150493425	0.1269019517338647	0.0004408763959182524	
0.2906699443519419	0.3529344008729647	0.08324087509929566	0.050162420627231114	0.0451995970700903	
0.07666121824116198	0.08279344127541026	0.09166109048548736	-0.02091904797469038	0.09569491615792022	
0.18412912475894302	0.009890005938811865	0.16254509217371682	0.08530689974835394	0.03764824920918271	
0.23040551682332228	0.32623096043512984	0.06036336232485081	0.01567792287742635	-0.01837263944774377	
-0.05259460395139446	-0.016125185829532058	-0.06840316048251904	-0.12630243092708596	-0.1802695079709124	
-0.24426875574264478	-0.06639593167529982	0.07718841986215491	-0.028546047999500043	0.08170703018395983	
0.17180429165752947	0.025623705674850745	0.12413561692876306	0.17521671443555709	0.20772184563388763	
-0.026602184418701064	-0.25414491264826694	-0.06274368583450593	0.002896900837704057	-0.8776701215928192	
-0.6941731012502683	-0.28596685443495523	0.24705490379090228	0.1745100179651645	-0.03493576639131793	
-0.24119132178164857	-0.20454489127358128	-0.13696247639272602	0.13068407738006127	0.2111792003776103	
0.04360731283486669	0.2148568599294221	0.22024865436369329	-0.040448014052567295	0.22739916388581521	
0.22912535079747284	0.15085423970820172	0.11298510591457127	-0.02058351981638168	0.07707131259593641	
-0.030785626381984378	0.06773862911572745	-0.02426722293998238	0.2398854772876258	0.1610518048419613	
0.043696176907449834	0.19118215008255318	0.10688118575677813	-0.032037857335590995	-0.2739048013982486	
-0.23066180686291926	-0.10154347580791102	-0.32000624417448253	-0.2777995751545423	-0.18478659342404938	
-0.22424881948735786	-0.05496775601794364	-0.030996266312195958	-0.07410849814275684	-0.08583957468836988	
0.023875419243280828	-0.19892144636876433	-0.10570805948076638	0.05799290041163621	0.10723272119546162	
-0.01774720090142636	0.003381681746738101	-0.12919832086606622	-0.08277093824285331	-0.12119043643344415	
-0.12632654864374515	-0.12982445047993943	-0.01671977185149732	0.18348747625039205	0.13535206949016035	
-0.0027527774928766667	-0.11440553695164106	-0.14427988475473652	-0.06023856530930981	0.19984187635161801	
0.18839989584690356	0.08487542341541843	0.011371899634730852	-0.05068705596959375	-0.02643384026140106	
-0.028174401621413395	-0.1200687322697648	0.02164922976854997	-0.04748100295293877	-0.018542943328573817	
0.07175959385482991	-0.02202331103269892	0.05134270811028454	-0.0052072976606269625	0.41293559902349997	
0.20460092766021729	-0.008218808354895664	-0.005192452410659022	0.012397244237481984	0.06816795486486897	
0.37367780125340866	0.11294041634778108	0.003318965161012688	0.11120145930067309	0.14280327709153698	
0.09842763131237127	-0.002078800212208921	0.07397887080084721	0.02871981160778286	-0.041034063072708946	
-0.03458314694212126	-0.0010859995930029267	0.04269014969149988	0.08261143884134976	0.07605076719620703	
-0.16438413512784142	-0.05452951421213256	-0.1209092531890706	-0.08241498340742645	-0.0874483503541328	
-0.028708986211650894	0.11415594808596878	0.2492044189959211	0.10391320505716628	-0.1954246779932764	
-0.16166111862039892	-0.06602778185359534	-0.14150313000260017	-0.008071050302551779	-0.06642842992489958	
0.14034846343134366	0.03603040045925709	0.09589333071531732	-0.027478432353784252	0.02319056890533993	
-0.010882248109202327	0.03272561456618924	0.07782089001769675	-0.035604441664355634	-0.2515876514902727	
-0.1858214502382208	-0.15314477185720685	0.0032077481896637724	-0.027061385296867378	0.058303098199460425	
0.03159385720243374	0.12618687348771987	0.04123120564227064	0.05316429727792065	0.1416493834487003	
0.048693148974613715	-0.08834339894978413	-0.038509765046379214	0.026877870802179227	0.02707398253866443	
-0.1475772645766241	0.07980642164664618	-0.1437141107821149	-0.014447400028023593	-0.017284050231021402	
0.19356850631791936	0.1296436431098636	0.06944006214033091	0.4160850250178957	0.37446528646694305	
0.1471106730002257	0.1575468440462983	0.11610777896821592	0.061353471397323764	-0.08697880367711466	
-0.15654143885242489	0.0008896543440007824	-0.160042502653113	-0.14989387858299022	-0.057484789894824403	
-0.17502858223148932	-0.21713420694960864	-0.052497856857944065	0.0783255061262737	0.15860146896278732	
0.053374164581067876	-0.17343164200896513	-0.11868336813965669	-0.06227383552985386	0.18716093872168432	
0.1561178413974945	0.08483286100739319	0.3738987237521041	0.20602413798724176	0.014174376582362045	
0.16866910801700874	0.07447376371311852	0.07159119246809223	-0.1815047116964371	-0.10471852956249322	
-0.046812456130619455	-0.11170934833021849	-0.11456159127313943	-0.04070890226036689	0.04156419343068178	
-0.03222444268912534	-0.010076540805470297	-0.27583504331442993	-0.08814953032065574	-0.13866740803573885	
0.28187024056433346	0.23638488077573402	0.08738487041220634	0.07466498393616772	-0.018431786899077523	
0.01299580604380314	-0.005355742290728377	-0.045483648294567525	0.0020371014565648427	0.09846410801903642	
0.18181977172673736	0.10725656348938285	0.036406814995013345	-0.01124332826968524	-0.051773298923589436	
0.024510905250515476	0.06408539819211036	-0.04880755892183622	-0.06628453016089489	0.03336348865208528	
-0.03809673326140846	0.021609886263717508	-0.07181429947374227	-0.09663776212374225	-0.01201456450178815	
-0.02480754329834669	-0.08259915243547435	0.33705848612439443	0.23362814208993143	0.0825828976777441	
-0.049295469811115496	0.03859167023051275	-0.06548259688670631	0.3989098774627111	0.36523840586115897	
-0.006824574998189562	-0.10244073990210117	0.01898975214284093	0.050323704004958954	-0.20478667969379144	
-0.13367788091269248	0.029795106097359834	-0.03969869591761758	-0.01213947105642719	-0.10306991075850462	
0.010374667652625225	0.029886790958984392	0.02403227556441709	-0.055862619480742164	-0.18544272230143827	
0.011245894429692553	0.04634572014790539	-0.048060321340329386	-0.04858614023557067	-0.1944799537852094	
-0.21333311781378694	0.015100440498531511	-0.23505223216141516	-0.14990443491036734	0.031009947116588367	
0.07572119675014724	-0.0037771460588258794	0.10043103349089502	0.000931315106584839	0.08232064685050546	
0.027160120958682255	-0.24621877952279103	-0.265917515348025	-0.08810403506500245	-0.0480235222821324	
-0.009131221927098922	-0.08658295320310688	0.02634661294768637	0.11365011874265996	-0.08641380945811872	
-0.00550120756197591	0.07651516772391324	0.04761168451947381	0.22921363375676176	0.0765129317927879	
0.026312289842204125	0.15057007367784062	0.19939329541745207	-0.027061326959413354	-0.16340474057417967	
-0.14407474290916883	0.017638675659552638	-0.0168844158357753	-0.10347880687135133	-0.010955278641046519	
-0.10544884669695977	-0.00904934277079596	-0.06672981321255791	0.3958563150335287	0.3752575153174158	
0.16247891783917928	0.1500446361177622	0.19488509053529043	0.03451553234332063	-0.2668477931035339	
-0.1711302728050077	-0.04394269556772305	-0.33049561126707977	-0.17452382883597017	-0.07331836962500525	
0.13214116762975867	-0.011227541721216525	-0.03291733339509725	-0.11553981313494059	-0.037601981617393386	
-0.09452071046854527	-0.026444474462838485	0.014557362128428095	0.02283708616303941	0.11519074109890735	
0.016568442508573113	0.09763972433997901	0.0367134150272522	0.10303035974338788	0.033643699461100615	
0.15422082906261678	0.08975068836137963	-0.037332081617538856	0.001973588485960467	0.05676886081778365	
-0.04629389573255831	-0.21789708950558256	-0.050878493065860717	-0.05579290749180297	0.3697592887487385	
0.23508245838063674	0.0632615968448246	-0.05019470248631562	-0.051209966823229446	0.04802588002997031	
0.1848078637574925	0.23763106911837456	-0.04644424538125617	0.052910188648612	-0.09149761294854077	
0.008599346981435644	0.18350191005470118	0.21310098645217063	-0.057457946134300684	-0.24639609604606294	
-0.19774395193057848	-0.03611540472710733	0.3815305892253813	0.17209093701701805	0.004750342272513365	
-0.4171446301131699	-0.35622805691977444	-0.06657353187762809	0.2523792598910635	0.1791142006646172	
0.08383296371368741	0.0515565415223001	-0.04172287811770167	-0.054705552173636644	-0.3725753472792729	
-0.3351359386751843	-0.04030328637616389	6.084191205713127e-05	-0.0017976766061511354	0.07899200774923927	
0.010836939162311378	0.12073948645706657	-0.03824953425247557	-0.10840557827139685	-0.14230903091254438	
0.048635744151726994	-0.0869399801648803	-0.06384379896814031	-0.013671979325771353	0.1693386862748602	
-0.026290192557241836	0.06659144217286604	-0.03802615969351807	-0.1848578272945403	-0.018984376017732223	
0.05437287193981148	0.1486229934030584	0.0340687526970502	0.09617588853255292	0.03502602139215353	
0.041854734213415797	-0.04198062966251484	-0.09813028440669685	0.01535118699741815	-0.03771115717350744	
0.0034535197002259627	0.08328117061077955	-0.014705042299720805	-0.05052079267952292	-0.025741247744189108	
0.08637222332730812	0.08737367626181874	0.06886598971314264	0.0840413028611321	-0.05441994200973661	
-0.08250355808928184	-0.054538052743062254	-0.03712467677718992	-0.06504682472873768	0.02141883239449209	
-0.01728271699976773	0.06327030236544282	-0.4143671256933418	-0.35728382163476075	-0.18438651681539098	
0.10381946977163332	-0.004557984671223233	-0.15987358492277517	0.1309848888709875	0.17488607349371105	
0.04824275636847889	0.16176310917128192	0.06316332929463245	0.04327162635887556	-0.6215769016537125	
-0.5538866854009428	-0.1757031430359495	0.09519781366618099	0.08031251693386426	0.019121586720529105	
-0.09351473493710859	-0.08128458083650386	-0.08692565699155473	-0.009653370261704944	-0.024913033366428444	
0.09507000685405731	-0.1274755568695323	0.03622055377549693	0.04771021586714007	0.7403417583373822	
0.5697237071284132	0.20739106618968023	0.15633990368671394	0.027306844961788285	0.007356415695860353	
0.2809419236664398	0.057758368423691364	-0.08348159005942975	-2.4999087789543166	-1.874042902695584	
-0.2669003458942895	1.6105796069893494	
