            A        R        N        D        C        Q        E        G        H        I        L        K        M        F        P        S        T        W        Y        V
 1 A   0.0013   0.0498   0.0119  -0.1998  -0.0497  -0.0666  -0.1658   0.0026  -0.0446   0.0088   0.0398   0.0219   0.0362   0.1347  -0.1166   0.0277   -0.037  -0.0152   0.0472  -0.0347
 2 A   0.0682   0.0333  -0.1132  -0.1539  -0.0595   0.0698   -0.076  -0.1393  -0.0808   0.1977   0.3114  -0.1301   0.2576    0.043  -0.1336  -0.0707   0.0901  -0.0881  -0.0194   0.1351
 3 A   0.0449  -0.0117   0.0457  -0.0691  -0.0637  -0.1045  -0.1488  -0.0426   0.0106   0.0364  -0.0632   -0.022   0.0667  -0.0248  -0.0444    0.051  -0.0985  -0.0494   0.0299   0.0218
 4 A   0.0036  -0.0153  -0.0286   0.0624  -0.0605  -0.0842   0.0266  -0.0179  -0.0185  -0.0282  -0.0421  -0.0137  -0.0321   0.0456   0.0378    0.017  -0.0175    0.033  -0.0044   -0.043
 5 A   0.0047     0.07   -0.068  -0.0185  -0.0325  -0.0272   0.0018   0.0129  -0.0442   0.0428  -0.0091   0.0382   0.0665   0.0232   -0.049   0.0149  -0.0013   0.0145    0.043  -0.0191
 6 A  -0.0137  -0.0285  -0.0368  -0.0578  -0.0747  -0.0663  -0.0953  -0.0532  -0.0572   0.0939   0.1276   -0.098   0.0566   0.0457  -0.0114   0.0213   0.0661  -0.0384   0.0142   0.0843
 7 A   0.0645  -0.0403   0.0212  -0.0586  -0.0291   0.0719  -0.0058   0.0273  -0.0194  -0.0082   0.0022   -0.069   0.0349   0.0232  -0.0181   0.0723   0.0731  -0.0084   -0.014   0.0288
 8 A  -0.0177  -0.0067   0.0273  -0.0679  -0.0834  -0.0358   0.0316   0.0992  -0.1125   -0.015    0.045   0.0043   0.0274   0.0144   0.0563    0.067   0.0526   0.0165   0.0328  -0.0334
 9 A   0.1895  -0.1507  -0.0698  -0.0647   -0.041  -0.1191     -0.1  -0.1246  -0.0602   0.2125   0.2014  -0.0187   0.0469  -0.0154  -0.1346  -0.0406   0.0699  -0.0628  -0.0959    0.322
