TESTRUNID EPOCH: 97 L_PCC: 0.9495597921901613 L_ERR: 0.005127222074104014 T_PCC: 0.8021773789517276 T_ERR: 0.01795103044386404
180 LAYER: 1
2 LAYER: 2
1 LAYER: 3
97 :ILEARN
0.09950652517355442	-0.1430492570733057	0.03809604912998931	-0.1645041290227641	0.031426903019455804	
-0.17121298410906	0.09885999628867062	-0.2062389085434132	-0.24033730004258272	0.16052245013223398	
-0.010539656743969967	0.18917218719965656	0.021068370817961764	0.007199439076379871	0.047192036836098634	
-0.17753273782191484	-0.27351013360925985	0.028906568758600048	0.020744931508315485	-0.14947604523598518	
0.1478934837863116	0.04841409205089095	0.1037437631476989	0.007738836246630508	0.13582547734478703	
0.060578375273220866	-0.11814318654075752	-0.2835312745875091	-0.00246232690813997	0.07900959886790439	
0.06994220478286005	-0.16103150641269395	0.2640705485723409	-0.14493081679592693	0.1431699923617073	
-0.23249320236171647	-0.029643933324125467	-0.06540113386206128	0.0033847869555169484	-0.07103853648242643	
0.1215227858435536	0.07956318922111162	-0.03405274192546804	0.15079338758607597	-0.01504687672853056	
-0.03020493643268651	0.1318587323845221	-0.024045776129109853	-0.025398158764231193	-0.1258672681230098	
0.0008871256094126403	-0.11890116618788715	-0.060371955116791505	-0.00012259567418458934	0.11338976830322994	
-0.2453559161610523	0.1516115720257853	-0.27175918043771646	0.016957030244879	-0.02176027462400655	
-0.04490964989463438	-0.22728372590151533	0.06330992364140814	0.03461255448248949	0.020121060366799268	
-0.2679811965931054	0.06291016873404516	-0.3596238350020982	0.09939719601750673	0.11655298456417361	
0.08725493143314984	-0.021516224256075703	-0.11635330258259537	0.19520195332825596	0.3271058919551376	
-0.690639689203867	0.29752639670316083	-0.36798024784301187	0.02734944302741089	0.11165554510479044	
0.15434449235357572	-0.04774570496834871	0.06932668229651293	-0.1540628324803791	-0.04796455769382154	
0.16454389470649092	-0.05016110425609648	0.20103304136184874	0.10635434250499502	-0.07577177059994557	
-0.14849997612497987	0.2359514003932742	-0.008455743355025065	-0.07669087648471638	0.08373524519146665	
-0.12702442814104065	0.09542436831275392	-0.07959367296624048	0.031121087439679673	-0.0873235966794533	
-0.1050369327742795	0.026471993504769586	0.08184971917972485	-0.04167347969120994	0.06350721051453169	
0.03675903206561319	0.07233543147768687	-0.3478273933922212	-0.06492590197568196	0.31593730606843223	
-0.05108007228630438	-0.055988741345223914	0.0913161871572402	0.04715796264696252	0.14460994471192157	
-0.3999181676452432	0.24053677329562467	-0.2769036297193462	0.20293782688432813	-0.2505599677031513	
-0.07722055113587754	-0.022676383162064356	-0.057023882952269386	-0.033534576714073484	0.23420272081970395	
0.01850942745529661	0.06316797691006615	0.019667948576117547	0.004366139758222654	-0.14963976416606092	
-0.05395387831294486	0.33016115420523334	0.021105012273101794	-0.06326638373686401	0.11639290214785265	
-0.04266658129932352	0.051036092617566295	-0.02125984197852177	0.1574856700459122	-0.12436367308504619	
0.004802859791934687	-0.2836155012263166	0.010150515977593599	-0.11212362358152121	-0.044418159051640496	
-0.17996192548171983	-0.12902029784092559	-0.15314991128041763	0.17939273121951527	-0.17468804872259075	
-0.050724697635409974	0.18911658874708712	0.05058497759101697	0.0405730687172524	-0.05925068386265637	
-0.027445352606375626	-0.1173124095939719	-0.03679879858335681	0.1699264759815411	-0.02724324487218277	
-0.03809874537331571	0.02951561663057469	0.09849422069265205	0.08442460951696479	0.11545010671104533	
-0.18153106386508477	-0.041574843911886934	0.08443956178616535	0.17377322633646847	-0.41223654878515026	
-0.04049502436986638	0.33914732151370414	0.0008922407330365439	0.09802257538728007	0.04215594167507448	
0.09611170461605528	0.24733212982979966	-0.12434822504788429	-0.05695745195717745	-0.26639102838088335	
-0.07762391206905868	-0.13075017037863476	0.09471652466156183	-0.00425121500346395	-0.079088784361249	
0.017786319890088473	0.007435276984878036	-0.38422339514401843	-0.09156522566675776	0.38965364205493747	
-0.02082060672035173	0.026201748685321373	0.08797515131598523	0.036783512020010845	0.28659238797291836	
-0.22050397126754337	0.019726579290746032	-0.261324924291552	0.059546301134630636	-0.10703868319044532	
0.2195140670284159	-0.10387079619555999	0.15181195641590065	0.011536901710806532	0.1748715987829984	
-0.10897681674818012	0.008912039401261673	0.1560857433160244	0.23173861373468313	-0.16935251740373058	
-0.06631976937036009	0.16758309021956172	-0.1134450735336909	0.010833389018522804	0.13848308124936531	
-0.15063251522671844	-0.15016457702014666	0.013025524700979835	0.11391639806538464	-0.2767790034936337	
-0.3064371810562326	-0.06956722075419322	-0.028202955599070826	0.10028069525879683	-0.13877409881965144	
-0.013347974819475715	0.03685919630992267	-0.08964413279839015	0.17618888231952196	0.009950505735471767	
0.1242789522856613	0.02104815332018892	0.10789268022818971	-0.03623000643742976	0.1266608448648596	
-0.27569987838344895	0.05539255163210076	-0.3577034783258042	0.09293667879309775	-0.15837361241902387	
-0.05042045132227396	0.10272125359730853	0.03294385883779318	-0.021254849841284625	0.3787424933957568	
-0.2831898058757287	0.12035472625223073	-0.21706290453325813	0.055545248647176734	0.07762788567617754	
-0.07044297139175584	0.21749764278281222	0.06250095154314807	0.10273480104525821	0.016562662984553257	
0.14902045743315995	0.1360073440836045	-0.09112386790465463	-0.046498171498617194	-0.21982920798464836	
-0.059633801697514546	-0.08637773352232239	0.00019880490125154146	0.24973893324751803	0.024032876106101754	
-0.17276406202570324	0.10194701838396253	-0.24890876147548238	0.029441695791913216	0.12312858777864122	
0.007137166488522074	0.027467998639584584	0.09602782688454985	-0.10070855033878305	0.2688134315089375	
-0.31673733229170536	-0.003019805360962527	-0.2679747474713387	-0.03676398119883154	-0.15277250024292993	
0.04812241843905389	0.1314741958879798	0.07350606770469306	-0.13104694379958853	0.08587053551111883	
-0.13550108398075725	0.12341340391604247	-0.12785695550098966	0.0920207474502486	-0.051023133629796415	
0.020023746310955104	-0.0047302110222353045	0.13119604297822174	-0.14173162516350965	0.018907146170580334	
-0.1764200591726722	0.1572097762552321	-0.33224111926370314	0.1032497217369829	-0.15716256951762167	
0.1846859150668559	-0.16094075496727647	0.06481869016879553	-0.0778887070004958	0.028116203405448712	
-0.19419347231213324	-0.059063085356935684	-0.02504591153898422	-0.0435776187905743	0.14887554524027738	
-0.033809421601358414	0.3168452293081631	-0.06403947100954478	0.06883313298325551	-0.03183406943575486	
-0.12950511624853545	-0.03431178474894953	-0.08275955740819144	-0.054056420373197425	0.02518447207241537	
-0.08336296776476462	0.15651923694312014	-0.14889838478913622	0.12540112316883437	-0.13810311425608154	
0.2987662183309555	-0.21889652282014224	0.3197554391745766	0.0072738163330694945	0.018779423850865964	
-0.20217037025633278	0.3220342523534381	-0.16276432581014938	0.21045263610867235	-0.05620586243927306	
0.15430052131617092	-0.222521541103906	0.4059151474838458	0.2999181974688809	-0.5224918487343446	
0.23251922278685241	-0.43622515929449823	-0.04409356255362047	0.3115499687641096	0.03893463443614993	
-0.3373292658819552	0.3700684174755256	-0.6755618494820099	0.037630405022116495	0.029263057755352966	
-0.1090766982311586	0.3634909450089193	-0.13283076275893096	0.09746924313682927	0.3985824292618225	
-0.436915506132465	0.0786083007893188	-0.01276287567862321	0.20371540811456784	-0.23433525684727327	
-0.20577579871725815	0.21867247126620068	1.7909079826354852	-3.102829470577812	-0.009656117627340002	
