            A        R        N        D        C        Q        E        G        H        I        L        K        M        F        P        S        T        W        Y        V
 1 A  -0.0253  -0.0104  -0.0149   0.0026  -0.0343   -0.048   0.0969  -0.0549    -0.05   -0.042  -0.0212  -0.0297  -0.0108  -0.0437  -0.0617  -0.0293  -0.0102  -0.0657  -0.0356  -0.0306
 2 A   -0.009   0.0133  -0.0318  -0.1046  -0.0104   -0.013   -0.027   -0.095  -0.0237   0.0036   0.0235  -0.0704  -0.0589   0.0227   0.0143   0.0522   0.0854  -0.0427  -0.0034   0.0975
 3 A   0.0376   0.0507  -0.0385  -0.0026   0.0231   0.0021  -0.0319   0.0172   0.0305    0.119  -0.0118  -0.0222  -0.0469   0.0315   0.0326  -0.0028  -0.0089  -0.0001  -0.0445   0.0325
 4 A  -0.0516   0.0266   0.0322   0.0702   -0.143  -0.0226   0.0341   0.0228  -0.0471   -0.048   0.0399   0.0301  -0.0281   0.0524  -0.0162  -0.0339  -0.0213   0.0378  -0.0078  -0.0169
 5 A    0.007  -0.0186   0.0334  -0.0343   -0.041  -0.0105   0.0087  -0.0174  -0.0243  -0.0292  -0.0148  -0.0502  -0.0331   0.0416  -0.0214  -0.0119  -0.0035   0.0165  -0.0502   0.0375
 6 A  -0.0237   0.0098   0.0008   0.0312  -0.0844  -0.0249  -0.0187   0.0329  -0.0282   0.0547   0.0092  -0.0163   0.0557   0.0036  -0.0675   0.0107   0.0009   0.0027   0.0144   0.0113
 7 A   0.0092   -0.002   0.0014  -0.0028  -0.0595   0.0197   0.0035   0.0415  -0.0076    0.037   -0.006   0.0187   0.0198   0.0466   0.0219   0.0609   0.0087  -0.0196    -0.04   0.0121
 8 A   0.0379   0.0429  -0.0252  -0.0047  -0.0747  -0.0007   0.0203   0.0913  -0.0473   -0.053   0.0305   0.0339  -0.0218   0.0178   0.0135  -0.0092  -0.0164  -0.0009   0.0369  -0.0338
 9 A  -0.0075  -0.0813  -0.0138  -0.0225  -0.0258  -0.0104  -0.0588   -0.102   0.0107   0.0085   0.0599   0.0183   0.0352   0.0654  -0.0771   -0.046   0.0038   0.0137     0.12   0.0853
