TESTRUNID EPOCH: 12 L_PCC: 0.9197892920579746 L_ERR: 0.002153086911884641 T_PCC: 0.8515297449608854 T_ERR: 0.004078130050980413
180 LAYER: 1
3 LAYER: 2
1 LAYER: 3
12 :ILEARN
-0.020339215371944365	0.12482329571783048	-0.05087228872712716	0.22247554291392135	0.4608423919429964	
0.234899422174118	0.14215510610169915	0.2754547927357735	0.2111489497185843	0.1100567447993698	
0.09542441944327823	0.14545158768127803	-0.12556703843355096	-0.010870117746020183	-0.13599629683644343	
0.14539926452441373	0.2240025558587622	0.15538808143420405	0.003456061119588247	0.19409894911137507	
0.17239890271398128	0.1665934784893827	0.07333391781325037	0.12876912334482496	-0.03617284629506676	
-0.19731440734845726	-0.21825798596172163	0.0025996395695231838	0.18679550541318063	0.21513333666682444	
-0.07346170579402522	-0.047452754911183864	0.025607863996753515	0.34417471651357734	0.568108040551347	
0.3302543456949739	0.01174084698505238	0.08093445034565235	-0.13138427529620442	-0.03085185488127492	
0.053568447893513275	0.0012159246018221682	0.1349606244126714	0.302752760361087	0.09831646940583112	
-0.05316062300065523	0.16256073256643444	-0.04987992723941333	-0.0020006953760218476	-0.06140161461616954	
-0.041209298331978096	-0.02584741966620558	-0.14885484454844036	-0.10177551079229705	-0.2654072121634225	
-0.45174321896929326	-0.24826770711821886	-0.0011852435718558226	0.24281027285975285	0.17998846479115005	
-0.3153080211223947	-0.4642215970309286	-0.2715773804475244	0.1359239448910172	0.243418326877996	
0.19720624918923846	0.3976826617574094	0.6169391914208517	0.5094062076529212	0.33407208428005447	
0.6256215263785502	0.2889558960949445	0.01969342280162968	0.26958065465065645	0.10894410230613719	
-0.010069318986731022	0.05180293179820998	0.03786621220851366	0.3494402908021328	0.6707510011473179	
0.46734215234755905	0.3545899296487739	0.6317741044302672	0.3573912397061547	0.3173723543370362	
0.8038258212646422	0.41917132445433525	-0.3020834338696963	-0.5952828155517681	-0.41721368604606834	
-0.3648711222949639	-0.24477850917038807	-0.31922979472389856	0.4162715740394142	0.6675337321622993	
0.41245256948314585	-0.20157369885377013	-0.4414949259222534	-0.41377393744714525	0.4179629901538131	
0.6765976025540151	0.47325136989358624	0.45777549657778804	0.8167205636727868	0.5773987771374878	
-0.46063924082728974	-1.08782627052241	-0.5588508380186974	-0.6235559350700639	-1.1680917520150662	
-0.7640899086235231	-0.07889868938003407	0.09218130235417514	0.03770165243105977	0.2351205462420296	
0.6861336590489135	0.46805824642621446	-0.1341047499038707	-0.21140610509876276	-0.3035441288773649	
-0.2695636602017679	-0.4906359345106392	-0.2918582241200172	0.179456167130777	0.5999961023050712	
0.31427943422162763	-0.04916114183177793	0.020480327252185307	-0.11060958921728664	-0.5937207982553886	
-1.0418189644930502	-0.601222551893814	-0.08428786050811156	-0.27386954175134537	-0.045450317491062035	
0.03639304484996886	0.25076339188917146	0.0987151015110039	-0.18030702595507855	-0.4399069627343948	
-0.24867272657082604	0.17541998932245365	0.42422420489491725	0.2381907242420744	-0.01109492186628922	
0.010572212635821282	0.03358278688245248	0.2272189463481637	0.48271699189895806	0.1579203550126179	
0.140410051365967	0.6940631253055162	0.3460507296519453	0.37865917029175583	0.7764241709015723	
0.5835253136253522	-0.2624440862797208	-0.31985435332203616	-0.13680477269384791	0.2197927682152275	
0.258697678527032	0.17956204682517907	0.1853070233672266	0.35167077251115014	0.13676412708393235	
-0.38651747254573476	-0.6066072765152927	-0.34908611342897206	0.25295488796761517	0.4075328890919546	
0.23319579386826994	0.3332611090687916	0.4783561333326342	0.24223461036645308	0.07497428000426555	
0.22702821603089288	0.09673142059138058	0.1371995371638119	0.19648399872235217	0.1856134421953717	
0.10238796566579945	0.07853297660400559	0.13481968970931135	-0.09500792845208955	-0.07798502539466594	
0.04715884143973495	0.02604894026944566	0.2220915689939995	0.11474297645792075	0.16112309187682422	
0.10088522069533064	0.03034825378268446	0.023056694858663428	0.015302260100565429	0.05034346373142601	
0.14836672730394582	0.060625544776146345	0.05550250808839871	0.06616947656924978	0.32249729028779645	
0.17408888861327884	0.018803198894754236	0.3614041801069339	0.11118905493690953	0.011921278453506788	
0.11217357241477743	0.07048535897454601	0.14272766821129954	0.3182137928911876	0.2349914883563649	
0.03962458317259514	0.10883465822590885	0.026865953904305528	0.019886151118238153	0.02936313550791795	
0.07744958517807973	-0.07958684805104432	0.13508437264397155	0.07574033587214352	-0.0466616244692656	
0.0004155844297568344	0.034471242067661736	0.012480935964501786	0.1916751220876769	0.08638358800960982	
0.11200667850639459	0.13942547998028845	0.12463234118223777	-0.08387492279378335	-0.12907184306119568	
-0.18674525638322312	0.1482028856786587	0.30522812034377717	0.12191528086291997	-0.014677676883936105	
0.03266666817357796	-0.09451388879880558	0.12728882990725932	0.13352589512041144	0.1958002847454142	
-0.15654198940588132	-0.07981442125574777	-0.12863490508456296	0.08460006376191079	0.3455238985381049	
0.22709454744554658	0.05102985683125356	0.2061181737985639	0.21215477697424096	0.3778330640397557	
0.4359555878014378	0.44713461501582946	0.03496117499273444	0.26394213793370486	0.13145243021416267	
0.02487319885705818	0.030428398031957543	0.014382761487437907	0.015679206242544673	0.08815911838328898	
0.13023083625700155	0.10630233190432639	0.15112101355477445	0.08266556375623157	0.07552929401577295	
0.024056753747496065	0.050896274676952354	-0.04717699442242471	-0.028541697965730445	-0.05445483290446512	
0.005084456396346857	0.001062279188909954	0.048632601202688	0.07446395491848219	0.26630548436618623	
0.1585755939034	0.12216958888119543	0.30906295241592124	0.17761420272953288	-0.16434110028821727	
-0.22344501247813886	-0.16548607368095997	0.18741396088655485	0.25884285649413197	0.13493936296127354	
0.1113543715427935	0.08962975333887062	0.0653939935324866	0.19263474243696876	0.33629001749856297	
0.20571308069527208	0.0024415281899254214	-0.08379793395129469	-0.04754805048468575	-0.036402438642264404	
-0.13179329388870878	-0.034126665569431766	-0.11172506839701854	0.13347780099389125	-0.027376428875424647	
0.13261041122293418	0.2263330446257751	0.11413446009868337	0.1986446948250253	0.30560145577257614	
0.20464909687564048	-0.17603811161373772	-0.2326773943313663	-0.11746166818224256	-0.0016430254766082305	
0.10742403778223776	0.09905070931071648	0.12159750760389583	0.27469485063614607	0.18015811485514477	
0.05867762025086269	0.08871284490916921	0.010539466291323657	0.22435091720411762	0.5007909947233032	
0.2979531606986827	0.030405027704790855	0.05754295903635681	-0.05948772241741784	-0.032333698632236306	
-0.09604616557572435	-0.1434971763383293	0.03446438855800368	0.14631606198895952	0.07478650508534385	
0.19114379098911483	0.49876349444081813	0.2761338661254318	0.3186288540437108	0.5744743442399957	
0.28255411534591357	-0.1324093569534926	-0.1199531090229435	-0.05240192982679734	-0.18772705904929696	
-0.1820915811992031	-0.10506433784067133	0.1791503794883842	0.19094004213886406	0.06388449520000979	
0.004363765318849027	0.09880900994107972	-0.006264748335522655	-0.045559174009785854	-0.18479304374581845	
-0.023940483399020974	0.0999180374108015	0.08219894333561707	0.018662943976945758	0.007342514060758813	
-0.06758754523159288	0.06513576198966575	-0.04252265629847558	0.10995160662060227	0.08804667014458714	
-0.017887807709694187	0.02312326207131962	0.08919123988598829	0.21013535461129224	0.5058265490656516	
0.2648500124464218	0.1556763395344886	0.08617970449327007	0.08011549650658582	0.03710324340512537	
0.10351334533131383	0.050131305110480286	0.14413698640679848	0.3836125488462391	0.14190539260055454	
-0.1296497836659607	-0.2076766693289253	-0.11199654459273317	-0.03614962418603113	-0.2631363713502505	
-0.09575084216622257	0.04001542678958462	0.19832781859396567	-0.008023813605990013	-0.0020730441657153716	
0.026865186007047258	0.08064964901017913	0.07111639063685993	0.03893644030763042	0.10091892942097581	
-0.25140581481234264	-0.2049711596923632	-0.18504581779596657	0.22190199614940972	0.6238733219180566	
0.4787362903452486	-0.08914503956513349	0.007612624923122858	-0.05680294528764459	-0.06917495947184271	
0.1205293854597157	-0.009603869975381256	0.15279368624187775	0.5856390915661277	0.3256143460398734	
0.18987463696296994	0.13563519722707915	0.06895530078519722	-0.19005820926596595	-0.23523660506497363	
-0.1703399834676925	-0.09536739433186377	-0.12102447287819719	-0.10595602450312502	0.15766634429331589	
0.15977707031243024	0.18986514966777526	0.10653153878344945	0.4471273671125186	0.1879935900091441	
0.05294091723822864	0.20915980737780668	0.06459579257030477	0.0014014462051170394	0.1288052431636545	
0.029184676374390615	0.025552467690733403	0.23768339577146355	0.1514529378541528	0.20566458223918233	
0.16281805494973028	0.17136010143018057	-0.04360514025798069	-0.07504606086965797	0.003276524556469603	
0.2291230007854897	0.4718415148864819	0.2015023862800382	0.035915707542633894	-0.010310910136078166	
0.04026856132437713	0.17350031088906268	0.4828613446613003	0.22113140170363255	0.046743897462477764	
0.060837088807495956	0.01702436459095552	-0.09858525672940431	-0.376145490055648	-0.26680933616133734	
-0.3627990035675947	-0.4415378806431623	-0.3169134935901763	0.09733560370602388	-0.013437766371247675	
0.052984969697224424	0.034017301576864084	-0.0042886491567521055	-0.07704331133816253	-0.07984740893899071	
0.009283158852194983	0.07288298611482037	0.06100358670470405	0.18046520338484204	0.2299745343042761	
0.026014570760307627	0.12453263845978256	0.012238187624954114	0.01615030744516012	0.10356343723536586	
0.13257435113725177	0.12496267138846263	0.2591273892158225	0.1882030799869663	0.1815392807667902	
0.18823201678145568	0.16012612357519865	0.16638846421522968	0.15407483115992743	0.1584341661846326	
0.029584485488728808	0.23892567922567295	0.1013903864834156	0.2512314100554044	0.36523841062270734	
0.2769352761659907	-0.04198062966251484	-0.09813028440669685	0.01535118699741815	-0.038930179780887204	
0.01306721148043919	0.08483663669596588	0.04695218863197681	0.04978088114142271	0.048569160611222024	
0.3481602379838436	0.47985582273023986	0.36346531933903925	0.5513810662317794	0.7233158624958212	
0.455501198632067	0.09819196478378409	0.23007920817431773	0.11571879661726858	-0.016031543348761036	
-0.08267458924985951	0.01951474471704083	0.16333045723055964	0.465090469782219	0.22932644490906967	
-0.03568005322320157	0.25152884537004266	-0.0606507958360914	0.09317742479227024	0.4034070585886861	
0.20978071255827316	0.0014800972783915072	-0.045776104926997636	0.0188005360071337	-0.01393386854378435	
0.04615284353180608	-0.05195304447302787	0.19362536602332292	0.2810449606263283	0.14059916074673315	
-0.07462801260839945	-0.0465296471663431	-0.05051285621020643	0.11530047865885305	0.1936346054096577	
0.2439864220565625	0.05720736304482971	0.4805337571408332	0.2643409756067132	-0.6843136800355691	
-1.7659842026560888	-0.9513572190818688	-0.11069871779875598	-0.1441209653265924	-0.12328334280686744	
0.8990622876030432	2.149513473448915	1.2722028313524352	-1.307930767111231	-3.1915273259401507	
-1.6868527380586946	2.7554875138693053	
