            A        R        N        D        C        Q        E        G        H        I        L        K        M        F        P        S        T        W        Y        V
 1 A  -0.1472  -0.0731   0.0231   0.0854   0.0444  -0.0129   0.1606  -0.0964   0.0945   0.0498  -0.0341  -0.1482   0.1795   0.0672  -0.2041   0.0025   0.1033   0.0329   0.1252   -0.072
 2 A    0.146  -0.1823   0.0324      0.0  -0.1409  -0.1491     -0.0  -0.0681     0.01   0.0749   0.0333  -0.1041  -0.0082   0.0067   0.1207   0.0562   0.1933  -0.0121   0.0128   0.1588
 3 A   0.0876     -0.1   0.0818  -0.1378   0.0391  -0.0413  -0.0336  -0.1012    0.026    0.108  -0.0892  -0.0683   0.1037   0.1841   -0.121   0.0644   0.0539  -0.0454   0.1359   0.0338
 4 A   0.0328   -0.065   0.0328  -0.0211  -0.0089    0.027  -0.0229   0.0255  -0.0032   0.0098  -0.0543  -0.0286   0.0328   0.0275   0.0471   0.0552  -0.0055   0.0917   0.0174  -0.0097
 5 A   0.0358   0.0103   0.0608  -0.0177  -0.0275   0.0078  -0.0354  -0.0847  -0.0192   0.1124   0.0158  -0.1172   0.0537   0.1157  -0.0688   0.0242   0.0288  -0.0525    0.048   0.0903
 6 A   0.0663   0.0354   0.0382  -0.0019   0.0499  -0.0032   0.0207  -0.0486   0.0053   0.0069   0.0025   0.0085   0.0593    0.029  -0.0295  -0.0259   0.0331  -0.0205  -0.0573   0.0123
 7 A   0.0501  -0.0738   0.0081  -0.0323   0.0503  -0.0554   0.0057   0.0162   0.0435  -0.0265   0.0084   -0.089   0.0454   0.0525  -0.0145   0.0411   0.0267   0.0452   0.0301   0.0488
 8 A  -0.0941   0.0237   0.0307  -0.1082  -0.0528   0.0302   0.0485   0.0435   0.0281  -0.0167   0.0575   0.0507   0.0547   0.1134  -0.0564   0.0187  -0.0164  -0.0171   0.0363   0.0061
 9 A  -0.0207    0.418      0.0      0.0  -0.1178     -0.0     -0.0     -0.0  -0.0209  -0.1637   -0.098   0.3237  -0.0211   0.0107      0.0      0.0  -0.0981   0.0192    0.109  -0.1598
