            A        R        N        D        C        Q        E        G        H        I        L        K        M        F        P        S        T        W        Y        V
 1 A  -0.0379  -0.0056   0.0081  -0.0108  -0.0495   0.0269  -0.0078  -0.0422  -0.0199   0.0086   0.0029  -0.0133  -0.0038   0.0197  -0.0439  -0.0239  -0.0266  -0.0096   0.0125  -0.0353
 2 A   0.0732   0.0077   0.0536   0.0068  -0.0064    0.009  -0.0078    0.089   0.0098   0.0164    0.039  -0.0016   0.0258    0.045    0.048   0.0134   0.0264   0.0126   0.0024   0.0223
 3 A   0.0286   0.0654  -0.0207  -0.0126  -0.0356   0.0228  -0.0199  -0.0222  -0.0078   0.0211   0.0106   0.0549  -0.0129   0.0044  -0.0029  -0.0045  -0.0107  -0.0213  -0.0031  -0.0125
 4 A    0.014   0.0725   0.0218   0.0215   0.0046  -0.0064  -0.0145   0.0084   0.0469  -0.0241   0.0206   0.0429  -0.0065   0.0367   0.0178    0.005   0.0115   0.0291   0.0173    0.005
 5 A   0.0183   0.0512   0.0269   0.0459    0.048   0.0593   0.0185   0.0138   0.0052   0.0154   0.0207   0.0089   0.0512   0.0393  -0.0002  -0.0061   0.0295   0.0283   0.0301   0.0325
 6 A   0.0006   0.0543   0.0304   0.0135  -0.0215    0.029   0.0243   0.0117   0.0287   0.0225   0.0541   0.0617   0.0484   0.0605   0.0176   0.0127   0.0346   0.0383   0.0251   0.0401
 7 A   0.0254   -0.012   0.0311  -0.0265   0.0194   0.0132   0.0474  -0.0041  -0.0159  -0.0109   0.0058   0.0152   0.0233   0.0262  -0.0085   0.0107  -0.0023   0.0127   0.0031   0.0248
 8 A   0.0424  -0.0364  -0.0134  -0.0401  -0.0237   0.0048   0.0144  -0.0281  -0.0768   0.0123  -0.0002  -0.0246   0.0105  -0.0021   0.0023  -0.0091    0.012   -0.033   0.0005   0.0553
 9 A   0.0301  -0.0119  -0.1606   -0.009  -0.0058   0.0225   0.0017  -0.0457   0.0513   0.0067   0.0562  -0.0064   0.1047   0.0325  -0.0206  -0.0157  -0.0025   0.0063   0.0075   0.0426
