TESTRUNID EPOCH: 18 L_PCC: 0.9611838987402493 L_ERR: 0.0036236292632162337 T_PCC: 0.8074206229429927 T_ERR: 0.017591480198293184
180 LAYER: 1
5 LAYER: 2
1 LAYER: 3
18 :ILEARN
-0.03992521179769773	0.09384162198671742	-0.19150453067550974	-0.053247595392697286	-0.18779739667535658	
-0.12238377866538262	-0.009318521466403926	-0.14441895844565916	-0.1603174539141358	-0.07164789171201665	
-0.042715797009058164	0.06173846117417495	-0.16468359899737806	0.005883580651544356	-0.12742430947714156	
-0.04319293542842623	0.11151808547317363	-0.15856154935752023	-0.248289664672071	-0.2022807618259583	
0.2085555088449986	-0.03634293660299701	0.21294461550100055	0.38400940229997577	0.23875436615704787	
0.15943297050562144	-0.16874570920154924	-0.08171539396059689	-0.05040672531458434	0.24612310448008964	
-0.10663707238469342	0.03977356696709622	0.013646360796599893	-0.06337568761153238	-0.011823854380344454	
-0.08368051259707797	0.1294503412092073	-0.04868001283069429	-0.16241581527602716	-0.09773278926024351	
0.13254237368870972	-0.03026146218772481	0.3114808128568807	0.4469589055106716	-0.025557563548413938	
-0.01699487490876127	0.11017521340765811	-0.1220884439331574	-0.15642639230892671	-0.0702459148979572	
-0.07937823076320971	0.06522673277004086	-0.12055799502284258	-0.1614684121094987	0.04764108848251905	
-0.09005682266168716	0.029310599269504297	-0.20879890139057414	-0.13139642493059167	0.041274598090568645	
-0.06007172597523051	-0.012863424579562091	0.0008631285846811166	-0.0827763842865178	-0.011260359544836491	
-0.0944388301771103	0.20930148409602553	-0.00376589659002632	0.05919042683743187	-0.19055881370348574	
0.03210635819840019	-0.07232097319543293	-0.10114302826551819	0.051911437579917515	-0.12965244668868034	
-0.13383648232220705	0.17641162334090116	-0.20950288543051038	-0.08633656659660696	-0.09653123483927627	
-0.022246192469127245	0.14062929780649297	-0.1663703324910302	-0.236331539171282	-0.1962042482390009	
0.008618970366480117	0.12904197252129604	-0.01654565784518472	-0.08139108436319394	-0.12877361045477073	
-0.1420225581192846	0.18081691500316946	0.05274913111017258	0.07047480206469152	-0.1450829594862416	
-0.07409161545299241	0.1138496908552763	-0.07070026973393077	-0.19729457600379838	-0.010569246918764935	
0.02066947775861124	-0.02793957071487029	0.07783541490431185	-0.01755691407741793	0.114089576364965	
0.13778341533217983	-0.24214707885287173	0.10661515550994109	0.06339283722747517	0.3008855849524569	
-0.0614172358586972	-0.05672622425542552	0.04046275984652309	-0.048860650695495556	-0.083578565193187	
0.1286460186315878	-0.005661262454327251	0.08181443567156094	0.0199188423955285	0.019690118249925254	
-0.1251627111426298	0.008289732615897586	-0.0818396016788781	-0.09365798739480333	-0.0617384066763445	
-0.11448872845305297	0.09208424126718073	-0.01777538272229041	-0.31691770425974847	-0.11894412031333992	
0.10281715409037519	0.000517728115945498	0.056919363837572456	-0.08432451978153024	0.20364804184615543	
-0.14136262753861736	0.210471308861658	-0.13043519294411543	-0.07616694600727675	-0.13373050017568738	
-0.16154582088202601	0.10769336117978862	-0.24874028951031843	-0.35356580598134424	-0.22794031957702285	
-0.020819172482995474	-0.09769475578883469	0.09046319451147863	0.13758231762925066	-0.11433634578432364	
-0.17989136846580128	0.21546763530873272	-0.0015843979538670107	-0.08277490439599339	-0.24227370996901457	
0.1313702577173596	-0.15981533476570575	0.029599668020998535	0.0816820663653972	0.2072906528495413	
-0.23712862315350905	0.20672408017705482	-0.09441367840324558	-0.1318339761512148	-0.3328104127856424	
-0.39232009813286794	0.24612151521922465	-0.09006035927544648	-0.09844439476779333	-0.37751757800649977	
0.13256772662847732	-0.025078033527600754	0.08042790269044994	0.06633202911858938	0.20916621782729974	
0.05781381269613804	0.051763074839894486	-0.052899188876556806	-0.1360546348045797	-0.030677768949595577	
0.12101346433723686	-0.14750710794490043	0.11272434408548115	0.0008783335214056188	0.052262950215260014	
-0.4494053274694071	0.4375688822368344	-0.43408713300977614	-0.48325189063400736	-0.5313180409791104	
-0.39493571197193833	0.24499551879479017	-0.27019140879491715	-0.349692452986918	-0.21329708530411093	
0.2279690535714277	-0.2365098969011024	0.017246573253066572	0.2016371989885516	0.19749126911390846	
0.06764291745695805	0.06500372611912995	-0.0071140587058415175	-0.06586490443052566	-0.08227396718675034	
0.00839386052556973	0.002813966837298551	0.04800154598823664	0.04219395767048862	0.08159683361782116	
0.07270555260160264	-0.029823628538514873	-0.02736776305105696	-0.07678680289303437	0.08592621769799716	
0.07811465774458823	-0.20395404361257477	0.13934125168279224	0.08264857817190034	0.03784053618350672	
-0.05513006148579961	0.03257113786151984	-0.1167002576482584	0.008902433460825362	-0.05114328787103257	
0.21852283045371568	-0.17498289399710976	0.1826857084352923	0.0882075956524588	0.3020280592133004	
-0.053889072038454944	0.034365806831250886	0.08666226188247757	-0.08949626868725172	-0.04115560875078168	
0.029761926338608195	-0.09703360479408617	-0.09978058131491185	-0.15188473600001343	0.061246025975905685	
-0.02240507888156436	0.049760711571430916	0.07989462616209406	-0.10368876923017424	0.073045169776654	
-0.05086905567885737	0.05262376099445032	-0.14292708978828234	0.02078003541036306	-0.08961203689801714	
-0.03552416453565284	0.01418679479145792	0.13055470663350505	0.35232052159361427	0.07190877247807897	
0.09837833118826778	-0.02470693601492596	0.00453754928252437	-0.12378321307862213	0.054440218234515864	
0.09005135009448183	0.02148263319066175	0.12339706454949909	0.1678438079183138	0.10619813323992024	
-0.24191275131424683	0.28401877352532134	-0.041549368933364965	-0.00024609518786541246	-0.37277103553645063	
0.06247356155768808	-0.06357691888261328	0.008100391157839275	-0.04016809642999011	0.1375455071047865	
0.08823222445214861	-0.12370044852609928	-0.008185859493342187	-0.0578769969056702	0.12639641792731676	
0.10403226649577028	0.03600880893412144	0.05567323885560217	-0.015722648427499618	-0.026969482672928976	
-0.1146511759994734	0.20392952260757918	-0.10492937594636259	-0.1459458540141685	-0.2512447455751103	
-0.15997522783684204	0.2432072800904703	-0.08511096737921649	-0.12365544746241507	-0.2949902154130425	
-0.18905311434548785	0.1575831999233899	-0.2434928499038722	0.016501125161636227	-0.2763492608253198	
0.08473450021530211	-0.0007239579977287225	0.026092514626964002	-0.007456388532900315	0.0005960535460359986	
0.05829505499219572	-0.0814413060325048	-0.046806166573311825	-0.04507598456121042	-0.017372573028758123	
0.1522321568518857	0.05467702357068004	-0.2341912627160914	-0.35745023339003845	-0.004282648871733677	
0.07281575753704538	0.04342501657979184	-0.13027995947073057	-0.09714032567949234	0.030714794096976243	
-0.06581270603398942	0.08374575610598625	-0.12278983670160397	-0.15842244876541522	-0.0792336245025852	
0.17909082984691613	-0.3003005948668087	0.18585008785517765	0.1385060425291225	0.25495781144704766	
0.009003305614181575	-0.004613551560817691	-0.03443640612935888	0.011009250373546078	0.08507688997985444	
-0.022083762360656803	-0.1224364362971054	0.05920163031583775	0.028173720137297485	0.09834961200248181	
0.15063143277473084	0.03740783167009816	0.13723321024554347	0.04669479564668949	-0.027127704768677686	
-0.09676695400457055	0.1884074118109866	-0.0759394064150988	0.026647624745676383	-0.23871015689004826	
-0.1036408132205327	0.23572499688327592	-0.014801866175964231	0.02958833250724468	-0.21108385879721792	
-0.01903436480116862	0.08181664782784234	-0.1046316550711665	-0.10603380890897514	0.03701552847348031	
-0.11884195144495827	0.009014114249255072	0.0767119035647497	0.012032391455555323	-0.0005270097574540841	
-0.07956769453263945	0.24736444184933912	0.10957207407995018	0.11857209529737056	-0.24477569917402037	
-0.05245797923777941	-0.05859751104629217	-0.21961971948028872	-0.04868355840008268	-0.09449994740191461	
0.004581293381582501	-0.004610802574955037	-0.027793414467699257	-0.07568452742259917	-0.008059637811049295	
-0.012365975275419968	-0.014025319251730457	0.024757266346314477	-0.13249143298693677	-0.0012044143371827433	
-0.033933214723488286	0.055075679256759505	0.08420617427504175	0.009620716587989131	-0.020950671408629242	
-0.053502448265590995	0.07105896046745133	0.05689710012351388	-0.015530549596497792	0.000566630661860693	
-0.023659470600232525	0.06252404357381625	-0.046996804908343584	-0.03745635643166734	-0.07116853640937555	
0.16240043650066172	0.015200448588341114	-0.10080975061467169	0.04431140343125933	0.058313131701241375	
0.07664515067241057	0.004991170410934383	-0.16564427960736622	-0.19292018756770143	-0.06353780401261588	
-0.05820622424626818	0.11418430115370791	-0.13386001836603936	-0.10816785082970971	-0.0431060199610369	
0.07826572086230077	0.002681976456112379	-0.07385262798420976	0.06296208368962262	0.09483107630765467	
-0.2321076571413806	0.1411107908116474	-0.2350630179687229	-0.2783507547687779	-0.31105782457848996	
-0.016968955310107676	-0.1647385460869823	-0.02602792805253963	-0.0885736857162624	0.13500678192750223	
0.052693894628020925	-0.06974007362558124	-0.052667691569457886	-0.009831555148097216	0.11548892180234757	
0.13228408902235944	-0.005667706547990962	-0.08879854001645467	0.10100098861133884	0.06117068040564484	
-0.05005742239165659	0.0512315331312429	-0.25952656922719763	-0.3405927316435885	-0.042744489990578595	
-0.03237446889685577	0.1643995305943415	0.1255195728313331	-0.07152096881228671	-0.2339250223733092	
-0.10344467760870212	-0.02265161266703089	0.2916799201429438	0.28663447145592497	0.013807318869709175	
0.08575251333219257	0.07835781175252539	-0.11220705589955668	-0.12587059448918306	-0.03944840672299583	
-0.12018274145062252	0.05877607587920817	0.013442890714454949	0.016989335600271303	0.020167839349147586	
-0.27821325416237475	0.39423572718113364	-0.07742935332054744	-0.07260613485384232	-0.3892840071156482	
0.2810335451048289	-0.26691939649900215	0.09082968524252448	0.1691931139057328	0.3691100308975	
0.03138767362557132	-0.01737619041653766	0.030504913067646147	-0.12057093289995828	0.11772786281844981	
-0.012632636543337562	0.06495294997123613	-0.03201616999126074	0.012015353625676737	-0.0026046368478163497	
-0.16660336473604523	0.19385931264794723	-0.279854818496912	-0.18545893943113087	-0.297898806676134	
-0.15728165824404855	0.30848681199752165	-0.14618908019920177	-0.2114730623553574	-0.25555999546843267	
0.004164416479983413	0.16676722759662446	0.08627932244647678	0.0646185243606008	-0.17558702755487926	
-0.14415469341541715	0.029698427557586587	-0.17339466059582273	-0.22528948045048505	-0.07845414546333736	
0.019313488493077728	-0.0018365251227683318	-0.1172337812981085	-0.02314628569724739	-0.03522809474952224	
-0.06569073860610143	0.05885523252890551	-0.29787659705648073	-0.28620166002485925	-0.07965561329726958	
0.10649773967605647	-0.14790294231882045	-0.00988358007877161	0.0459613463566652	0.2669968188103289	
-0.05996507954073958	0.20803345119557096	-0.0613994629156402	-0.07079727533633265	-0.19400162854134975	
-0.06528351636731246	-0.18850176196818036	-0.0362702899352937	0.029505969553305186	0.02347818208828864	
0.17545614768087084	-0.19286540373834482	0.17589201274592778	0.10909190372036533	0.17269197789895188	
-0.05351881973279835	0.1436907199610997	-0.1948547283681928	-0.29760385428866587	-0.14804850892109048	
0.008296876482864035	0.07400768774524852	0.08132672433953933	0.11539226943970449	-0.1266604143835056	
-0.187228603379197	0.2092276442187132	-0.10746951307455092	0.033201964898260695	-0.22787085491986708	
-0.0018240855494088073	-0.014642909652012565	0.3587377460846525	0.30985030679198367	-0.09963674886922988	
0.001829275614537474	-0.08183737448708854	-0.030090344988331092	-0.049124500474350644	-0.05399265283099085	
-0.13289351295182414	0.06206813564970317	0.19413432404754496	0.04284606853544043	-0.06926415477951951	
0.0065695328165797364	0.11324426562706903	0.10310432863749434	0.13284433928619466	-0.18680098580225035	
-0.003961778165138707	0.0844655673235263	-0.022420305014536124	-0.07355386818460756	0.002738186887918986	
0.009780015338896322	-0.05808339608679823	-0.11578572566270229	-0.13343653642044423	-0.0125565471427507	
0.08302543566749171	-0.08797483411179101	0.013546176605751874	-0.11084030342378232	0.07925580093411728	
-0.11692429581279185	0.23973781316719245	-0.12356551007720042	-0.09634888530934481	-0.166283811444848	
-0.20025561830427188	0.33954215300444873	-0.10591222633531962	-0.12909700950750053	-0.36928387411571767	
-0.17337177571376816	0.11449890638856383	-0.16225731481105987	-0.23458595255612083	-0.27911182541078566	
0.0964809769676679	-0.014554164928583035	-0.05206223014070685	0.011359230300847562	0.008930212787613473	
0.16794164278961057	-0.07530132580718696	0.039769110380947215	0.01672083898081455	0.19361419453691187	
-0.08960781483066896	0.23675862462606168	-0.3386770112416075	-0.28358252449005017	-0.3232319469521875	
0.023911551933755236	0.009029003384650004	-0.3051055864861166	-0.1807201825592533	-0.18524775831271012	
-0.023520110336686717	0.004521125372012973	-0.024293393178939034	0.10948927757572749	0.10846888281061862	
-0.019105548044530102	-0.09097219618309049	0.019051258137064177	0.053975196057218275	0.1284014927110606	
-0.024557608625742022	-0.01897687633900425	0.0054361374321599	-0.06667296686653783	0.10569915104110865	
0.08459916106883213	-0.11518816120412421	-0.043738232665631385	0.08095773814474198	0.16114966515779888	
-0.08608001561736982	0.10884167725663496	-0.14872332914112366	-0.10298599763899476	-0.03837069577635821	
-0.18773530181667616	0.15342474326536243	-0.043890929756769816	-0.022528260956606788	-0.2756118298621421	
-0.12139996131592073	0.10720473676650877	0.22649230448167218	0.007210047552140737	-0.07544961193575615	
0.08782552713480814	-0.23066179174174165	0.0068104860634958485	0.20925770763162388	0.19217078005790725	
-0.07338315917520236	0.19090388670556147	0.006927061886689398	0.04172561839017063	-0.20234662826554908	
-0.01563407838668677	0.26842256953084326	-0.08944693552742558	-0.11315643809792601	-0.2263897661144045	
0.05850800522700691	-0.047612400019101005	-0.07434308832106874	0.021853577416312588	0.029330938284549513	
0.20863173142479335	-0.16847606955852218	-0.12434810145363048	0.11957518507162755	0.19622796092724848	
0.028038547478254443	0.04289760190665505	-0.020961582221005987	0.01062734461906597	-0.08303519449817677	
-0.1471502901370419	0.2952069699223043	-0.1619356573371402	-0.22765014398349345	-0.26147277781833506	
-0.18331549358935753	0.2095708533400073	0.021503892328917022	-0.191942820768406	-0.21129795838552004	
-0.14826632328674325	0.12259510720325319	0.11680189098905329	0.005383541435951358	-0.22699776381295025	
0.021439914055826577	-0.13917856252174635	0.06734808015043345	0.03746674232993686	0.1072098678504515	
-0.031131861855367603	0.08427217985616957	-0.06756723483156428	0.0361226628518707	-0.07419109969386485	
-0.12378405683826324	0.11510295811224683	-0.24593035343075278	-0.14242432690397774	-0.11690774620154934	
-0.05533369689203028	0.11551664666984204	-0.15756774053595407	-0.10841243659462273	-0.19153135207927707	
0.0033279765660811605	0.10614933344856575	-0.027423828040981514	0.010907751629869464	-0.01583653122790486	
-0.009202174062160322	0.07786052686725964	-0.11710322860523865	0.057781697086779785	0.005202109061141034	
-0.034166168744848714	-0.011672844669804214	-0.053061663502086014	-0.11428485317421118	-0.07415023857815789	
0.04802570796566437	0.0691739401779069	-0.010584710629095297	0.07685761052566228	-0.10791226706935275	
-0.11919598048346516	0.17013570446974	-0.26057811914238815	-0.0586572400026157	-0.4662119826506572	
0.012227900186307017	0.18744878248475794	0.020369249011576197	-0.1300927832602175	-0.004241192272899137	
-0.1709093872789024	0.1616751921584288	-0.007686568716211133	-0.13071850144908878	-0.2258108413911449	
0.06439245196311959	-0.00011969942154852174	-0.009341821472441196	0.07406120876031212	-0.12170400812197693	
-0.1987958584605105	0.28367224783367906	-0.11113807109367817	-0.22913487979115732	-0.26152645607846675	
-0.1147600547172548	0.05873956071867181	0.1333028803282142	0.13837986468346009	0.008958336011179388	
0.22379203265520167	-0.16198600682713993	0.1627920706679304	0.14630680530014215	0.2722464087814061	
0.17294180395869035	-0.33143226159654626	0.05721689805592962	0.19524919456029527	0.2808305744679518	
0.09974437050200653	-0.03953169765156219	-0.02814756656743952	0.13964812832348028	0.2195422059656609	
-0.09602680865220367	0.16374401280224196	0.06036698830993643	-0.0008666909000359234	-0.0958959219739224	
-0.12041410548221383	0.05212012720048134	0.08345717126810784	0.16688113612682784	-0.20652651035295685	
0.047044640981117804	0.018688774802488	0.03902741931623808	-0.05677560393978302	0.06514005645360768	
0.1612889575570332	-0.158044197561734	0.0805529790359949	0.1559058512019581	0.12780572180013422	
0.20437309756867622	-0.21491749528934656	0.11008753100990068	0.19185246708584652	0.15160829208138496	
0.08532240072335277	-0.245731262861904	0.20452843765374196	0.16189924042062256	0.36134154313324024	
0.11242881470290587	-0.27373933698971314	0.06277323106997289	0.25990739396165596	0.34479118294303485	
0.05984531115365737	-0.09282209618679292	0.06589544042025215	0.030111898833103626	0.0058852787736219355	
0.11007589824984187	-0.23176484447626086	0.028098896039720933	0.16483086093646096	0.3024873583504811	
0.17124736283655378	-0.18299986474402574	0.04292742156829799	0.1284154574065496	0.25085349960416004	
0.23018915854333188	-0.23777485790193792	0.07863269941286426	0.14536023657021957	0.22730230182735148	
0.14577591216686192	-0.284767181313741	0.10563100597972443	0.3458615311206234	0.3640502642953176	
-0.25728393879522077	0.39022393645461717	-0.2363150521174798	-0.303332082628418	-0.492361486588135	
-0.18217888576914598	0.35199796084205953	-0.0530850018046784	-0.24846047106803418	-0.4710744343037877	
0.22789913992561367	-0.10171891648714519	0.12700048606157	0.07351973350952203	0.27382199793647244	
-0.1545560865180119	0.2313811554946841	-0.07754137317700853	-0.14561620458658123	-0.25234884308693584	
-0.19884454125994463	0.48308955234617873	-0.17775455413187918	-0.3199602235733165	-0.5328606385850865	
-0.03868816168525757	-0.12989729972864847	-0.0025043237481802865	-0.040310349066758816	0.12746436212472528	
0.08162636629018681	-0.2665392493585838	0.04484567074806074	0.26519286384906665	0.32706902756804074	
0.048228544073493564	-0.17903261324155667	0.12588625391491717	0.0909881990391979	0.2115070324209771	
-0.17697309324889224	0.331199432728747	-0.42160748040473656	-0.4268935344179105	-0.37506909667645344	
-0.02936553735033004	0.08505702175306365	-0.0718897745114642	-0.030791007393681583	-0.0011692654765608468	
-0.18124766044502033	0.29308607432704226	-0.09243665394280288	-0.13505096130806735	-0.30577848286974996	
0.005455167135231309	-0.051672835659614835	0.007782576760242587	0.17530460794533778	0.19461177736185228	
-1.0508549855614058	1.6259489124602144	-1.4275124569097237	-1.5136358153647227	-1.8510579697461282	
0.3609329116488994	
