            A        R        N        D        C        Q        E        G        H        I        L        K        M        F        P        S        T        W        Y        V
 1 A  -0.0159   0.0047    0.008  -0.0124  -0.0298  -0.0383   0.0582  -0.0258   -0.004   0.0952   0.0499    0.063   0.0076   0.0119  -0.0347   0.0963   0.0666      0.0   0.0513   0.0218
 2 A   0.0168   0.0156     -0.0      0.0  -0.0028  -0.0059     -0.0  -0.0057  -0.0209  -0.0156  -0.0128     -0.0   0.0399   0.0762      0.0   -0.008   0.0008   0.0316   0.2686  -0.0042
 3 A   0.0694  -0.0217  -0.0274  -0.0133  -0.0036  -0.0077  -0.0139  -0.0149   0.0453   0.0809   0.0756   0.0422   0.0391   0.0013   0.0289   0.0208   0.0062   0.0358   0.0084   0.0223
 4 A   0.0153   0.0142   0.0149  -0.0259    0.045   -0.028   0.0213  -0.0026    0.023   0.0271   0.0448   0.0259  -0.0289   0.0472    0.046   0.0595   0.0293   0.0017   0.0304   0.0136
 5 A   0.0526   -0.003   0.0195   0.0093   0.0419   0.0026  -0.0629   0.0152   0.0157   0.0644   0.0785  -0.0183   0.0254   0.0099  -0.0382  -0.0075   0.0407   0.0343   0.0123   0.0814
 6 A   0.0036   0.0071   0.0065  -0.0265  -0.0154    0.005   0.0333   0.0401   0.0055  -0.0217   0.0401  -0.0572   0.0201   0.0555   0.0107   0.0477   0.0536      0.0   0.0762   0.0896
 7 A   0.0412   0.0165   0.0609   0.0138  -0.0099   0.0002  -0.0108    0.001   0.0158   0.0091   0.0161  -0.0406  -0.0205    0.086   0.0518   0.0198   0.0295    0.013   0.0213   0.0593
 8 A   0.0022   0.0231   0.0499  -0.0252   0.0209  -0.0295   0.0602  -0.0088   0.0666  -0.0309   0.1057   0.0019   0.0247   0.0479   0.0368  -0.0131   0.0521   0.0081   -0.006  -0.0128
 9 A  -0.0164    0.006      0.0      0.0     -0.0     -0.0     -0.0     -0.0      0.0    0.148   0.0699   0.0168  -0.0047   0.1888      0.0      0.0      0.0    0.037  -0.0674  -0.0043
