            A        R        N        D        C        Q        E        G        H        I        L        K        M        F        P        S        T        W        Y        V
 1 A   0.0285   0.0628   0.2034   0.1381   0.1312   0.1667   0.2949   -0.033   0.2309   0.1303   0.1437    0.008   0.2755   0.2211  -0.1132    0.149    0.217   0.1479   0.1693   0.0015
 2 A    0.166    0.097  -0.0414  -0.3882   0.2222  -0.0712    0.954  -0.5947   0.9483   0.1158   0.0491   -0.385    0.004  -0.3761  -0.1121    0.147    0.241   0.2854   0.1155   0.2492
 3 A   0.0752   -0.112  -0.0808  -0.1645  -0.0276  -0.1429  -0.1553  -0.1008   0.0552   0.0352  -0.1244  -0.1461   0.1082   0.0552  -0.0162   0.0235  -0.0196   -0.028  -0.0321   0.0459
 4 A  -0.1428     -0.2  -0.2281   -0.165   -0.255  -0.2213  -0.1829  -0.1195  -0.2248  -0.2061  -0.1948  -0.2362  -0.1988   -0.132  -0.0549  -0.2472  -0.2053   -0.174   -0.135  -0.2067
 5 A   0.0277  -0.0012  -0.0258  -0.0347   0.0351   0.0035  -0.0449  -0.0501  -0.0593    0.135   0.0174  -0.0566   0.0214   0.0819  -0.0456   0.0102    -0.04   0.0893  -0.0193   0.1135
 6 A   0.1002   0.1167    0.131   0.0967  -0.0191   0.0976   0.0241   0.0289   0.1021   0.1835   0.1079   0.0517   0.2443   0.2519    0.004   0.1433   0.1661   0.0397   0.0862   0.1286
 7 A   0.1498   0.0574    0.138   0.0878   0.0883   0.1878   0.1545   0.1132   0.1258   0.1367   0.0517   0.0039   0.1728   0.2444     0.02   0.1322   0.1634   0.1895   0.1913   0.1553
 8 A  -0.0246  -0.0654  -0.1816  -0.1598  -0.1737  -0.1324  -0.0845  -0.0719  -0.2824  -0.1802  -0.0846   -0.123  -0.1092  -0.0145  -0.0129  -0.0342  -0.1131  -0.1282  -0.0064   -0.123
 9 A   0.1037  -0.1496   0.2158  -0.9507  -0.2284  -0.5562  -0.7722   0.0643  -0.7634    0.144   0.1277  -0.1468   0.0091  -0.0391   0.8614   0.0044   0.0266  -1.0038  -0.2958   0.2457
