TESTRUNID EPOCH: 8 L_PCC: 0.8256821640725349 L_ERR: 0.01355389185513433 T_PCC: 0.8007286882539024 T_ERR: 0.015824688420003785
180 LAYER: 1
3 LAYER: 2
1 LAYER: 3
8 :ILEARN
0.08882375191980729	0.9208328758507447	0.49038974438226623	0.09968250828193433	0.8366189817945728	
0.4698797160495907	-0.0962628970631639	-0.45998034061873583	-0.22720458729261667	-0.07089990890980923	
-0.3879885556028626	-0.26042251654571585	-0.09690390378223876	-0.14135542050711156	-0.18853373451542196	
0.010276242273953365	-0.19357180565289794	-0.01621788351244406	-0.3056662613128293	-1.0946031066607527	
-0.5992362328271174	0.29147501279146726	0.8304096453654171	0.7134567195728367	-0.07943750769492876	
-0.4353658182181654	-0.3392575943274233	-0.20154734765573784	0.03841843807975734	-0.022159274659350706	
-0.03120394361202516	0.237671875237021	0.2422569206834605	0.17087073694884888	1.3846886707771784	
0.44513349951444364	-0.20923313120146236	-1.2461861941548538	-0.8472206638951753	-0.05397469637182563	
-0.3012649720821465	-0.3174714871803848	0.24373926197996995	1.7642266715266497	0.9392979200577307	
-0.10996883390295992	0.15000957731600095	-0.04273700190140978	-0.20259137117119153	-0.432223481401897	
-0.5615169837456617	0.02264084626119716	-0.1129534817618729	-0.08993464845991957	-0.10909653113781063	
-0.5420911803798842	-0.0308889772365816	-0.012448701276039942	0.7247091663750246	0.1061030075675467	
-0.32826157479115947	-0.7378092467237861	-0.4148820919295333	0.15759553458913253	0.9187892868552798	
0.6311656275431207	0.047977501213145146	0.1671040017363772	0.2658607389804409	0.01731100810039858	
0.08068038305757672	-0.0725050591707525	0.1097076618319332	1.336498980321736	0.6857659270479414	
0.08739476700893083	1.2223520935653995	0.54609154880531	0.050162420627231114	0.0451995970700903	
0.07666121824116198	0.08353806892000475	0.4718805452656213	0.22771913168852229	-0.05132910667616229	
0.05451215248139056	-0.025193274570960825	-0.07694022219200913	-0.36175715850290774	-0.5376183165127543	
-0.1522153764549696	0.2112407589048764	-0.2042596997893649	0.0982966013743631	0.47755721697987	
0.2171907676403926	0.035325862031922145	-0.056461542692373516	-0.27766654295483895	0.11165739675611207	
0.23547547824537954	0.06591864382759885	0.10047479396065662	0.11691041487898457	0.15180457976944128	
-0.10735773898201754	-0.6137651545872281	-0.12493264942524715	-0.2779773146547196	-1.3112839868775632	
-0.6916553307401235	-0.05382766026932412	0.27464462139430496	0.15484452778015384	-0.055573787496463044	
0.3884711739054264	0.10070531114595772	-0.152502595184738	-0.8683332020228316	-0.525361972421675	
-0.1733502226662466	-0.474927719949928	-0.26269342131498974	0.10978245248596838	1.0115442189023913	
0.4328848917256929	-0.17979870501417478	-0.06412898400967915	-0.42946563230195456	0.13908435594247562	
1.0115422660685405	0.7157780184383598	0.012782556750580723	-0.2177550973035503	0.11325325146064646	
0.06932726673857671	0.7018518995240746	0.2590126763693894	0.14282912390856387	0.5310540763111082	
0.32720721834061123	0.06299509101322125	0.6256648704820968	0.4424955877247198	-0.09301009314737332	
-0.35396719368692614	-0.0604652628873349	-0.12100059063763974	-0.43235040445123757	-0.5817956115026328	
-0.09584135678968254	0.664742701889327	0.22461478805613994	-0.01893860205120563	0.17040423034086166	
0.21261585544061115	-0.12241209417561913	-0.5155074771015752	-0.2642020953177267	-0.23836270142410337	
-1.125003996957996	-0.7138840140926672	0.18129452023077916	0.8563467338525222	0.49010596761251723	
-0.19620642079421585	-0.1191670365347362	-0.15132140515889617	-0.06253430887531598	-0.36721330536292207	
-0.1667420563941622	0.13180708232625837	0.11284616756116905	0.0780383964244674	-0.14961244675397806	
-0.4523628646647497	-0.36466594671926894	-0.19622974492473264	-0.145167932129798	-0.29532285543397346	
-0.042966759174417404	-0.05426568122692418	-0.07537676046176228	-0.012428046067594376	0.583926097003483	
0.4182831625512095	-0.11044606036661918	0.3334818589471685	-0.037347568164638106	0.05495265059147391	
-0.04738260702715566	0.04227935548061001	0.028102147253574194	-0.06570256457330141	-0.00647218019993193	
0.09597483157393409	0.18116736178100828	-0.0444540022225009	0.028787931250019196	0.1748254088001884	
0.291578406155149	-0.048319122034761866	0.20726767794098624	-0.0879486931258921	-0.01643390338015575	
-0.034999970180044346	-0.03160382934684981	-0.025020508879016048	0.3242589911667462	0.11491577188818486	
0.038813151998581194	0.2964149376998995	0.16316686011725684	-0.049124879634388004	0.5848304480868977	
0.2879821234443509	-0.22694920354727594	-0.5028987494628278	-0.24266877139188436	-0.19303689457159226	
-0.3534818350510522	-0.3129680902076116	-0.02771935161129191	0.19067545756877027	0.04553279207703024	
-0.0027694302133694036	-0.07170518659927552	0.1329612929843172	0.08316444179036221	0.35940150039980573	
0.08153052280649176	-0.07656529821245513	-0.2601690665046888	-0.17854484120708197	-0.036228977266188005	
-0.12528921752528074	-0.3160735291329424	0.07715454079217923	0.15266168449028047	0.18368472849512518	
-0.10622337607385271	0.11438924100180486	-0.1395256778597744	-0.11380688725042654	-0.04022551252164793	
-0.08411880132024449	-0.16664107938966038	-0.16117382724266108	-0.06962593991891099	0.09827240035099456	
-0.01891652630539071	0.30693300692499054	-0.01620705244770253	0.16707984529351202	0.036550892565212226	
0.043256433781168904	0.1133704069404233	0.05769885150533918	-0.04601984237564618	0.4387363109559252	
0.17221827139976115	0.10297664332280614	0.46352037062345497	0.26051922933085014	0.0656508156004331	
0.07517687172336229	0.18122543871937508	-0.2196914674287634	-0.2855305385195582	-0.7301250530321635	
0.002597798610924671	0.27606873931913845	0.06136239215621614	0.10712567594980762	1.0031564664310073	
0.39782988084396487	-0.07994650789778782	-0.07997359396618609	-0.03595480992040427	0.005087553204983282	
-0.42459904168569773	-0.13028145059744273	0.1004804231823844	0.29561971172034346	0.24690684243013372	
0.018743103895637398	-0.035443943366232966	0.0668312515577094	-0.014568715990929718	0.24105711672265603	
-0.008938716091717428	0.0958899548069196	0.1289969788978999	0.18094929450285158	0.023835309963512012	
-0.05089119765552158	0.08668970808492302	-0.25197282658300335	-0.4157060410139292	-0.2851041672204305	
-0.04592459603968681	-0.44219293651950053	-0.2099942166071948	-0.06396179100881356	-0.12308414722194969	
-0.15942305140570928	-0.10196803828169525	0.03982960693801672	0.0788262700314386	-0.09634842232172157	
0.12958041032521458	0.10129507443149033	-0.06484722225304729	-0.3129530919544226	-0.17729673555565745	
0.03883738562238532	0.026323282677307925	0.11612285649273371	-0.013873783401238755	0.09691433456523152	
0.051452994138315535	0.13216222151265394	0.4168075138318692	0.1628972958636038	-0.00596463393198994	
0.08198138332851722	0.13752420279637875	-0.06692939836934281	0.14907260230894218	-0.14971107521103139	
-0.09667080470561508	0.27493494559903087	0.13612296373434463	0.043414655279510155	0.5632143596564829	
-0.07625705698966992	-0.1121207525941601	0.13700170356071084	-0.25576695700255736	-0.014830865147725912	
-0.0833864871615914	0.038435283110072	0.13030912608005954	0.5046271221264353	0.17172057657301382	
-0.021345458556968365	0.07030589789146707	0.051942891557035006	0.008242530090413014	-0.20072563350768197	
-0.12474153975573546	0.06042278665876178	0.04574340349857645	0.03473905064264304	0.0019024387338283937	
0.33543692468411773	0.07241533646951294	-0.028785396228009602	0.08210162726459407	0.2100538961527724	
-0.10093770017852179	-0.18227255772085213	0.003173843794442176	0.1250158839366611	0.5477406936907321	
0.39343497276273504	0.17415117244182665	0.16545355802595177	0.1517277303414941	0.022627457498448703	
0.2192423640762622	0.22701668537906775	-0.17574103423305382	-0.14497086886121713	-0.38680985949678026	
-0.00808240691278715	0.38522785510194324	0.22692595376131042	-0.024136452759498335	-0.036386108853732675	
-0.1428240496816369	0.06406044998593702	0.2737767258533044	0.05733614849347797	-0.09591550821726764	
-0.21342121810065937	-0.07953477862053392	-0.0903166234544308	0.22953898900882497	-0.023721700542872176	
-0.06832585069903499	0.584605990725449	-0.029615272524458048	0.008405163145665438	0.5491463799993017	
0.5040210482395138	-0.1619561749759336	-0.17196473358293032	-0.2813740703593073	-0.14754442193466966	
-0.4411534035301834	-0.21023385818427592	-0.0833976693240359	0.4059830053860363	0.08784667369703598	
0.04203207665066567	-0.18762199131859839	-0.20632006439816114	-0.043809471114686464	0.1921262248808937	
0.17891426018484313	0.009252467638524667	-0.02097947052590422	-0.016143574655032876	-0.007594464745128186	
-0.20158977230369382	-0.04999866389126621	-0.13309147161807713	-0.1258200562236326	-0.14562780405821515	
0.08357846963622188	0.3721141839578064	0.432496555552355	-0.08429354505886005	-0.026839065989759707	
0.042992643426248575	-0.08950711680751507	-0.05591918203360821	0.12078261932953091	0.06610717861386654	
0.41894135830786156	0.25073259666201547	0.03643902136960558	0.34624340322129316	0.1487993915104019	
-0.05687620631149733	-0.1012467702659688	-0.18778834410971212	0.03294830229541342	-0.07804717142712943	
0.09113425213640058	-0.07069185118882172	0.0796256777805651	-0.20383935681069737	0.10555970696427892	
0.023412359412279624	0.08607891020690281	0.13162133997100856	0.5095274664823792	-0.018755482435954714	
-0.28826524527543895	-0.27599028654960717	-0.23308121556001993	0.02462946841421428	0.19127442675880685	
-0.012396273654477088	0.03544493681801807	-0.06845327390492777	-0.0803791138180148	-0.24870304966911852	
-0.8995561490893346	-0.24685477516366047	-0.06502446030939599	0.5468174986708538	0.003210507815828701	
-0.03466604785528475	0.3662339983927771	-0.010070108822976627	-0.04200118634755217	0.06582154805484065	
0.11963269229113234	-0.017004548692582614	0.07270926756965876	0.049459350153297714	-0.005408717961973435	
-0.41774824565512964	-0.18748518922394822	0.07818601300789213	0.19572529458763635	0.024566104543208657	
0.031077929326914965	0.3574381747793039	0.24539038050024836	-0.6860995505761952	-2.5179475246775724	
-1.8153530647659382	-0.04198062966251484	-0.09813028440669685	0.01535118699741815	-0.03771115717350744	
0.0034535197002259627	0.08328117061077955	0.05839765828877091	0.35340900041303963	0.243469038835866	
0.08637222332730812	0.08737367626181874	0.06886598971314264	0.0840413028611321	-0.05441994200973661	
-0.08250355808928184	-0.054538052743062254	-0.03712467677718992	-0.06504682472873768	0.10683190639051988	
0.5858585272934793	0.41696139727302456	0.1753221290487186	1.1080911100803381	0.7409170395311045	
0.263726439935987	1.1867381901588967	0.6797023380121703	-0.6363529418952822	-1.6025574981670425	
-1.2989858260718412	0.02877765226402133	0.016364201133431972	0.08975511338594132	0.10929566247373468	
0.18334697692250843	0.08921098123807933	0.09519781366618099	0.08031251693386426	0.019121586720529105	
-0.09351473493710859	-0.08128458083650386	-0.08692565699155473	0.10810558912357507	0.5793220594305125	
0.5276892811573249	-0.058250005979293015	0.1264509865213132	0.08080440040866231	-0.21288886630750195	
-0.12664937093528175	-0.6718019111928643	0.3062706422594541	1.3005227315754113	1.013243396999484	
-0.4022825579069795	1.56164144425543	0.21498959116014127	-0.8082590127852429	-3.024683456399182	
-2.322937964322202	2.0459943432164627	
