TESTRUNID EPOCH: 30 L_PCC: 0.8731496319786937 L_ERR: 0.010766592591790006 T_PCC: 0.8395539496353893 T_ERR: 0.013476082653743808
180 LAYER: 1
5 LAYER: 2
1 LAYER: 3
30 :ILEARN
-0.052033450421893515	0.03867736163493415	-0.003566591134741254	-0.027867055501535534	-0.25768443637809124	
-0.1546558117971504	0.24631942054716643	-0.23096345202812318	-0.029357717322399612	-0.32554700270663406	
-0.1176437215267487	0.21343987463984562	-0.2813300431686765	0.07258158877756504	-0.30234991035369063	
0.19489718497535236	-0.38590992016652076	0.17312144607089852	-0.03219125973487767	0.5175212685194468	
0.012562490055338821	0.31881775645535754	-0.007113763874449913	0.0526453269968688	-0.14794958632794772	
0.17822453903062188	-0.08964267005543089	-0.12629869025684742	-0.05405849905410734	0.0452381802099397	
0.16347671620428494	-0.2798763549261309	0.23389154238645232	0.03577940746812039	0.4145082234296492	
-0.25797532956170943	0.1602396348680256	-0.05286802977376642	-0.09407838351757025	-0.37198279395189193	
0.2376527053553726	-0.062418209610137	-0.07997141343343639	0.06679555665276697	0.02606421053741139	
-0.04049109724133693	-0.033191007904886154	-0.007262139814609409	-0.034005752177892555	-0.11060961747560576	
-0.16300042694893122	0.03176321327446542	-0.05946527587538806	-0.04427437008844652	-0.07823467704170528	
-0.1687828974463557	0.38838441796789724	-0.27011679727160215	0.013032464619498576	-0.25414547642942853	
-0.22617246585982698	0.2567775674601962	-0.1772012287488565	-0.03124840590813624	-0.4431447684459404	
-0.11218493745829212	0.5224225077255008	-0.15820395071225243	0.060739953017433915	-0.4320026095228652	
0.11509346561469293	-0.1579047755065542	0.03369968953449527	0.09094452399108026	0.007242833141124675	
-0.2142987576934792	0.3984596746904517	-0.0848421968475556	0.04883490483319994	-0.2714575177379096	
0.08459791255697226	-0.10457863615892789	0.18408453331391078	-0.016761036313546557	0.023129503458959425	
0.14490552049883382	0.02499673135360136	0.0375683614359324	0.03163374535333791	-0.17870412326398252	
-0.01104674551791021	0.23824634875507625	-0.0650825150662198	0.0024778330271747833	-0.23909789899554584	
0.0006583210938232668	-0.19501786254257866	0.15734826345530403	-0.08234062717902754	0.09988597812770508	
-0.24807397100453052	0.1462199915052194	0.016095327235225398	-0.026338062646556366	-0.017391769610913058	
-0.035766166450642844	0.05575934148011282	0.07586218034634228	0.05721898874554442	-0.06847131408529131	
0.21108368990617712	-0.36013718559358066	0.3589244332197731	0.08368449930337424	0.1401656875247309	
0.12735335906989578	0.05007589977326054	0.16001207971128564	0.07556491550028754	-0.17127573478686395	
0.017366332829511208	-0.4330829855227485	0.04870465200094195	-0.02578392445310927	0.32341483143475935	
-0.23493939830129082	0.47800720552481296	-0.15252248024132295	-0.08122752770987093	-0.5639123940738493	
-0.011507545635314285	0.18205990070214378	0.011580479585759133	-0.0762668863347887	-0.11169202837454546	
-0.07398303171699701	0.07795491058879948	0.03435134210236768	0.10113656462879463	0.006805011970733056	
0.07438035029061205	-0.0938500196504204	-0.009358798027953426	-0.05083115531280178	-0.12032276267021742	
-0.2456957566380378	0.10206625189440807	-0.15450209362778738	-0.022889258811425128	-0.28556816690865433	
-0.47381826912627284	0.7292898782256343	-0.42308451518695406	-0.12348378917412696	-0.5467874622919928	
-0.02680407167064987	0.10312721082458168	-0.017660014936379056	0.1098433531341556	-0.13742119400343372	
-0.24935090999447798	0.28002793642667106	-0.16135995886473828	0.02080357304080568	-0.24822501733329908	
-0.18276292750584347	0.05412098924234976	-0.1286257100007264	0.009195069571300618	-0.08423082538037927	
0.27395426514114446	-0.43186849885762374	0.3241738320147153	0.026137454246337732	0.273650007285343	
0.06457492515760302	0.06281803190806652	0.04116798206247276	-0.0628512050923465	-0.02052585532229938	
-0.14720721003223067	0.27724160206728526	-0.09453300922023575	-0.09250500268746413	-0.3313558233444301	
-0.10507952707907481	0.1981299599792129	-0.12601727117226857	0.006478103668248148	-0.23677547272185834	
-0.03948498750102377	-0.0975578630950569	0.048912427359165435	0.06081909624776645	0.06046935590024638	
0.015073027065927884	-0.12777384765670668	-0.1271051504079749	0.004906169049019902	0.049117467366316246	
-0.06654942225018964	0.30998194024582815	-0.20767599884160443	0.008922023460528962	-0.3666182823997463	
-0.04044680009168368	0.021343560501405397	0.032032068262546426	0.09549905183507511	-0.21398501838151074	
-0.20966382683553003	0.5172392947273355	-0.27828356299095863	-0.10049407232046965	-0.5116281591812912	
0.04219935775569974	-0.07435757489164214	0.11005250814131569	0.07640982916980563	-0.0076838128783631495	
-0.08756893353491324	-0.0840480078413812	-0.027529526295678185	0.07658351729016426	-0.028885540592712602	
0.23526910270501897	-0.3108670074522736	0.1998738854667537	0.08174264089732569	0.14417328090578066	
0.24958014678608803	-0.4607189239675046	0.30256241037721526	-0.013515912613314083	0.4424736838997281	
0.09079426767122196	-0.30050322617893555	-0.029741902512549344	-0.005272622867367816	0.04221612744570623	
0.012945829146146793	0.1384115925456061	0.12035691200618072	-0.06210434682541493	0.09988454998795294	
-0.08136500808603328	0.19861722996811376	-0.14555891137626897	0.03499310209167495	-0.2114108921908711	
-0.0003711218950567729	-0.1937790712377726	0.18373000579458681	0.12237329419262724	0.3687909210967667	
-0.14984045239212432	0.36741280327507525	-0.20733837190188567	-0.05234284513953953	-0.7005300117500555	
-0.23243770559504726	0.4798325583268202	-0.20913850356027966	0.021199552443430907	-0.3293720100173393	
-0.23051160031539747	0.3917964015402203	0.035176798625361015	-0.020573897590303893	0.054555511255182806	
-0.0769381413253812	0.10617437279944474	-0.21015025097356993	-0.020518592852549374	-0.2845924142884799	
-0.15975873561577092	0.22202851598600615	-0.27942312760425647	-0.05698089635845015	-0.3002174295005778	
0.3014347123493294	-0.3674674647633485	0.1360514111161613	-0.03636676047749183	0.27197119437293477	
-0.07501573985314074	0.095378461044652	-0.023651934899691026	0.026323075781331733	-0.12077189837192492	
-0.09604755040773126	0.3310813872430274	0.11407308985297303	-0.009021699518012944	-0.016834430343817104	
-0.0070336753295512705	-0.06324380385607424	-0.07892306966377013	0.10718055058815547	-0.07710375443696971	
0.0267110578591994	0.11671840524562695	-0.0032142657308607695	0.02075994199956959	0.09983494995667935	
0.038899683992718606	-0.007613750156150869	-0.10112758943246968	0.02181736476950192	-0.0618041793758742	
0.2548976245956268	0.05447202061666701	0.04125713070461654	-0.07460449627835497	0.20475854771040858	
0.06360663959428749	0.08318402553570846	-0.21377811761143203	-0.06111759169885857	-0.2088525394576102	
-0.07984032041633059	0.06642505047070228	-0.09624162265068535	-0.07041091236358334	-0.15627442621028412	
0.17424076618700274	-0.3264850633540102	0.07749264486307285	0.012389925605745094	0.1308043898946676	
-0.04016927929570784	0.02744186929466881	-0.15738034208818594	-0.003170282358155399	-0.25955873884273384	
-0.030640681901391225	-0.0026926593785470752	0.08434525270188863	0.07399356777849923	-0.03269623445330159	
0.07946691250058874	0.09652087231896081	0.09033083729262231	0.06796495265117918	-0.08067056596371257	
-0.0635852311699743	0.03334803568545562	0.14853003059557227	0.08846775596179118	0.11815195652020333	
0.038217904996902884	0.0025840497417352042	0.03859965913099698	-0.021765892107714617	0.018909545837452878	
0.08811837940899361	-0.04962718284282556	-0.05414477914899055	0.056358068364988426	0.12459436730620711	
-0.19588994449103397	0.15302637535062916	0.01792548170773797	0.015872860319581045	0.005633753635652827	
-0.0349548415720373	0.0775977440326236	0.21083912734651875	0.032215399883057286	-0.08026774546611982	
-0.11296993141533365	-0.01742532823816047	-0.2656673069031103	0.044068518707919294	-0.2624264078900178	
0.11064777754721498	-0.03483856276577144	-0.014391193058845462	0.03485124559793661	-0.0249211447740641	
0.0005769861659448562	0.029714058040542186	0.022782777291226984	-0.06125099717646463	-0.05991195475657863	
-0.18827836748216004	0.19891827516948718	0.013745126528113315	-0.07182647440710037	-0.12723775384820857	
-0.16945259556629721	0.17875932288768634	0.1803029255245989	-0.07837220647168748	0.23688531526649764	
-0.02044619473912799	-0.021701470420515855	0.1614060677599061	0.027242391455846355	0.2284901317297948	
0.15973802584206415	0.011975308048158025	-0.08587172070577237	0.05014851171033771	0.04726532216004062	
0.05051265370188453	0.003971440181924323	-0.13919390063112058	-0.07980727786052445	-0.10416767381627956	
0.17770166221249709	-0.27337675390509697	0.08582602402790154	0.05677273986392825	0.2112613599991752	
0.11736306958566275	0.05942232381337898	-0.10385367511220267	0.07654327872718371	-0.035682439718200606	
-0.048509922982981755	-0.09620340041023726	-0.01746693779649368	-0.06313112632711593	-0.024102840292191875	
0.029295331425432176	-0.22815853842578127	-0.05184456304979788	-0.013125389234269192	0.04606451137724801	
0.15793737832468338	-0.10142934975854721	-0.0396223955988653	0.009481592502715491	0.021484944176444015	
0.08468270498951817	0.11264132642752564	-0.24202116256903392	0.055644166950836356	-0.31413296948207564	
-0.013585529241554525	0.024456324281935962	-0.2133710439866155	-0.10706506716061437	-0.07615326889581872	
-0.1570500955969985	0.3235102354206854	0.16105798020261167	-0.06451117258549798	-0.10580100721151577	
-0.048912967794197675	-0.1285403199092908	0.3104061097701737	0.11555736568618273	0.17039296867427225	
-0.034760156658290874	0.19290031968772095	-0.23953774518684912	-0.05419676795467737	-0.2297826129496388	
-0.1798154967470844	0.16688493635304938	-0.05779603844277259	-0.04642105819811338	-0.006991859450670505	
-0.10886837186346059	-0.057107067775982054	0.12249113884043014	0.013147653213346405	-0.05733860555303557	
0.13065150486973862	-0.2006162352173331	-0.043538011816691334	0.020331890540577966	0.215332527208626	
-0.036635288878994816	0.10934068408955835	-0.005356521420549189	-0.09005490371021578	-0.01158295704710467	
-0.005558822645158682	0.11215690151221425	0.17397213648985277	0.0548909745971727	0.1216236347041624	
-0.0847599446253824	-0.06335903713593057	-0.05033611631565614	0.023105691268416013	-0.2671202997178741	
-0.06284558788752197	0.11918700179297441	0.042844219290946846	-0.05670204935832274	0.0019631716262544893	
-0.0834662447171243	0.35417804432419	0.22977016871103492	0.09728691317109366	0.020148671174954887	
-0.01401670074699081	-0.01097823431098244	0.15750749978472928	-0.03892161396244761	0.18746782946782023	
0.06578892527750055	0.151490637250612	-0.18133569369324204	0.06346157355873316	0.019142044125108504	
0.10547100084987197	-0.015551621227332614	-0.1857150286481107	-0.02861396973264887	-0.2317253886194788	
0.2193071050220528	-0.08659210485941331	-0.10683283041325314	0.051323849282173005	0.10795469410147397	
0.07890931494409158	0.17181319232824446	0.23843670531790714	0.10050589189689368	0.06364011612526727	
-0.017444246666499578	0.004375747794733702	-0.15343127225240244	0.01586970554277511	0.09721715191435712	
0.20309955855075318	-0.06905709012363274	0.04891800705881025	0.08169193462643168	0.172280870422144	
0.08619054660209077	0.1874518574658399	0.05423761392654699	-0.0605763673246575	-0.0730003285067863	
0.08248305711415649	0.018895867037191844	-0.0192139257007584	0.011688323968857278	-0.08212974619912543	
-0.24608285454942494	-0.09647082160127697	0.04452486347166597	0.07189527925975532	-0.20337839015454678	
-0.2924154570188375	0.13103095296833486	-0.02908023500197345	-0.041798693264116504	-0.46036576883858105	
0.2906365548704086	-0.29324852486841596	0.15632094376651565	0.0966117781397259	0.3610888089372935	
-0.29401727969868985	0.04941648075463322	0.029477380110405096	-0.12178153484453302	-0.2111958718919809	
-0.12901746292912858	-0.08955552553863816	0.0328827187688773	-0.00152338343694215	-0.25769149920266565	
-0.1800479138408667	0.1968767734409737	-0.10903983412719997	0.041166320297806085	-0.189253845021434	
0.06061667651744491	0.1391329908613934	-0.005415688010918934	0.05693140745686138	-0.15279148381716776	
-0.13033351294355344	0.20469890610978292	-0.11827733996385666	-0.04732653128269239	-0.34593349401924006	
-0.01945181806861503	-0.10639703236238232	0.001997522705411977	-0.04360129381448711	0.09404434869196902	
-0.08804073283061513	0.013633699854205037	-0.0037081877318347715	-0.06707758975349516	-0.07520352616333481	
-0.2354217788607632	-0.053673922054637696	0.022491715784724774	-0.11552731480144797	-0.2680059977287944	
0.03330723858025314	0.37280407432092033	-0.007532075875084159	-0.05137216853189639	-0.06687272257387832	
0.1006378095778055	0.17892179851529522	-0.060820617272112	-0.02856477109635628	-0.050458773452925626	
0.02190718653980444	0.08862260543092701	0.003567706927216138	-0.005547761585824096	-0.25708589887566996	
0.1665537444868991	-0.2979866671469019	-0.06307331065609062	-0.012886266374143609	-0.028208708517511106	
-0.09389403067070905	-0.06361493407069445	-0.07361033459514671	0.03817000679202028	0.12172628938906455	
-0.061061068634055644	0.11280040967051182	-0.04821156283122856	0.025590229793470923	-0.22782406512788386	
-0.025684784166703598	0.013163362116197837	0.007773775124477162	-0.011795280115982965	-0.12896919743313395	
0.0062942932467885924	0.26537799260780864	-0.10525153010435535	-0.017505572973278004	-0.15862290350342173	
-0.05138265319371902	0.09690817608119846	-0.04170691324723211	0.021446731011599527	-0.04583225489618165	
-0.1765993762732918	-0.18945720503816152	0.0426022071704276	0.01379894926180092	-0.011577389008159737	
-0.30773187324490175	-0.06774740743143721	0.009111314272871065	-0.07554892086610453	0.01903426927081857	
0.3011222365628093	-0.3750980818655778	0.11076414126105352	0.0834842683549346	0.13602890549836918	
-0.22543602384181127	0.11388693887683682	-0.10470762501745948	0.009855394133564784	-0.2545314407074888	
-0.0999730371795347	0.08227569481747218	-0.02091227231229124	0.09613833190569977	-0.08928283808847264	
0.23058433716411403	-0.08773720410260753	-0.03424344011256618	0.05840712940013979	-0.24590447622566183	
0.09197650089063852	0.17628581163071697	-0.25212473134750696	0.0700140257603671	-0.22469251466394013	
-0.09564528879980909	0.15018538138728907	-0.15431992575374612	0.030729785926289728	-0.41191650643218375	
0.08177920901159813	0.260715667679938	0.12981093907132518	0.00975423515007148	-0.06787412835064939	
-0.012116282478073698	0.03767497389699588	0.30676212262549946	-0.0204009441106369	0.03612759855505302	
-0.16682759033095168	-0.03737999145936786	0.1440098529936444	0.01353234571952168	-0.09666093187592896	
0.0077487112482780545	-0.03572610438880278	0.037731126630213364	-0.026200279958499332	0.17589224750396787	
-0.05321320584797932	0.12172754598318294	-0.006590802321981897	-0.024113487545421176	-0.04121530436792171	
-0.03950699752309474	0.12639968638621857	-0.13132738731501414	0.02386688541238985	-0.06548368561934068	
0.32927862542845676	-0.19852911379451568	0.161041248551905	0.05144271560118567	0.1344392385205365	
0.083333479658603	-0.05485256634347783	0.07195815247797623	0.07619912163650674	0.04545675514215537	
0.14803932211323037	-0.17729346449017222	0.08321026785547521	0.025978217049958622	0.21676620071243102	
-0.07868751166474082	0.043551892892821034	-0.031726804943612526	-0.04548589172682803	-0.10895109240492859	
0.0887858248896825	0.23874643618686192	-0.05397474856491745	0.06512424155582716	-0.25125298979285554	
0.22576862555865884	-0.3376695601892148	0.029739904625105625	0.10157253843857778	-0.0350625946110217	
0.07890149904880517	-0.02042966109360074	0.07496879482462253	-0.026805348495216652	0.18317503173008529	
-0.2371195314550262	0.13373385369261578	0.13647464470732082	0.08854241216558909	-0.03915313753413574	
0.13710952271782376	-0.06747626187053622	0.03520958780690235	-0.015420930816982311	-0.09968105991446012	
-0.2309195915531668	0.18633341719442062	-0.009438831251154899	-0.07532543958995178	-0.15993930978849968	
-0.37046442179631667	0.04898961935956412	-0.077557644162921	0.06539650814264189	-0.0651105884047704	
0.07179883369772173	0.178348058658988	-0.1969708620095209	-0.027397606011746137	-0.3858274303286869	
-0.025730711935242387	0.21753755458423646	-0.14212236702236006	-0.026057427996012978	-0.1385581501136083	
0.013257069962269824	0.33716152833268465	-0.028664452017860644	0.1019607849271056	0.19145200452997352	
-0.24624630115718601	0.04304725712174393	0.06195107921533579	-0.03366112847086847	-0.040821166248018646	
-0.04137364967064519	-0.1377256424784488	-0.08964755573912914	0.0463367381510539	-0.042162114370495586	
0.11960096854388125	-0.1128335657697259	0.08764042683496998	0.021027678841529906	0.2503908405723933	
-0.3563257840095002	0.6976503675222787	-0.4873388783225732	0.04212745151524186	-0.5966594212868427	
0.3319265356680438	-0.22398074231475917	0.12675946468445057	0.08025430244137784	-0.044970803209521445	
0.24816711762717258	-0.41844118955330806	0.2876935787021201	0.013179305969693075	0.3884421888889841	
0.1097222280178558	-0.16769120001015902	-0.0312995329921593	0.08013698805259312	0.031423825372629395	
0.048822340861560884	0.1263899324348045	0.1409034203067112	-0.04034358792025869	0.006834872280270342	
0.1701978359843652	-0.2076508388109883	0.020717144329118396	0.06323187885827862	0.15751375386822491	
0.009384713038401745	0.21556236688171787	-0.17649166573040695	-0.04830962243741572	-0.2587388887331549	
0.07364101624479431	0.007479983373807372	-0.08507319189945575	0.011383318315764489	-0.10840494181495115	
0.19575153684384972	-0.4293103934074271	0.19112157359240592	0.12283854758198608	0.3303398952918665	
-0.20180959731678458	0.022070653061269825	-0.12152871495113034	-0.0465223704869256	0.007245999989909262	
-0.3848913215589536	0.5492582530594421	-0.23482029789736966	-0.11895270293143302	-0.5231401527090773	
0.45821999152970555	-0.27582234108128795	0.23664268239525169	-0.019530125819547838	0.2583721995383409	
-0.0822789264592194	-0.06482477230926459	0.042771007236404104	0.006893029231451458	0.24308699192764502	
0.047281776934990596	-0.34205189447757084	0.2821015696479116	-0.07255519635617355	0.2975392935998613	
0.012737485887717157	-0.153758868698258	-0.01630294292132955	-0.05333800199730136	0.02546010200270021	
0.047217576469654604	0.005376436577891627	-0.17313413445353662	0.05902420982895574	0.0012649436077578845	
0.035575352491166584	0.08361544174558419	-0.08899847808056384	-0.035896624048473054	-0.1220544174955361	
-0.033324522134154155	-0.10786727836583543	-0.042915916370691955	0.054358061590486326	-0.07625698082784288	
0.09232271340590732	-0.4732577140815988	0.22822660266265485	0.020927467626664767	0.41979586166716804	
-0.4296860010850709	0.5711487772686072	-0.33633847970844555	0.006084118613815082	-0.42871630761260676	
-0.00618322675058236	0.04435270055649491	-0.06844411386166362	0.05868074504548646	0.2322328291438305	
-1.567930376124329	2.4650638900867428	-1.3785329279679832	-0.10356434254105812	-2.287795752392099	
0.6550652642156348	
