            A        R        N        D        C        Q        E        G        H        I        L        K        M        F        P        S        T        W        Y        V
 1 A    2.869   0.0077  -0.9234   1.3905  -1.7208   0.5966  -0.5132  -0.9299  -1.5265  -2.3748  -2.3844  -0.7723  -1.7036   -2.278  -1.6517   1.8531   -0.468   4.8071  -1.3792  -1.5367
 2 A  -1.2406  -0.5254  -0.6989   1.0854  -3.9076   1.4526   5.6787  -2.5552  -0.4172  -3.6379  -3.2503    0.366   -2.304  -3.3978  -1.5871  -0.4875  -1.3365  -2.8769  -2.2887  -2.8384
 3 A   0.0301  -1.9047   3.7576  -0.9502  -2.2991  -1.5654  -1.7785   -0.183  -1.1731   0.7785  -0.0214  -1.6609  -0.7436   2.2235   -2.637  -0.7584  -0.9821   -2.067  -0.5832   0.1901
 4 A   0.1064  -1.8774  -2.3027     0.01  -1.9631  -1.4695  -0.0955  -2.7709   -2.375   1.1662   2.4695  -0.5021   0.3905  -0.8203  -0.9802  -1.6045  -1.3292   3.6514  -1.3227    0.607
 5 A  -0.3826   1.4146   1.3056   0.0446  -2.7917   0.2822  -1.1204  -2.2009   1.0843  -1.5026  -0.1327  -0.8297   -1.073  -0.6169    1.004  -1.1899  -1.4364    6.615  -0.3656  -0.8571
 6 A   0.1319   -1.893  -0.7553    0.625  -1.9903   0.2588  -0.0998  -0.1733  -1.6486   0.3618  -0.3265  -1.4206  -0.7637  -0.6376   0.8956  -0.6139   1.5721  -2.1167   0.9378   1.2361
 7 A  -1.2687  -2.2053   0.0896  -1.4554   2.2353  -1.8748  -2.1079  -0.6686  -1.8524   0.8236   0.4857  -1.4702  -0.5265   0.5307   1.2117  -0.9601   1.6799   3.2333   1.1544    0.258
 8 A  -1.2301  -1.8024   -2.043   0.0034  -2.0372   1.8854   -1.129  -3.0675  -1.7142   0.6385   1.0674   -1.543   -0.024   1.0712   0.7673  -1.6656  -1.0934   -1.812   1.1926   2.3603
 9 A  -0.2425  -2.3647  -2.6899  -3.3054  -2.1527  -1.9017  -2.4346   -3.038  -0.2776   0.7968   0.7971  -2.2534   1.6692   2.2068  -2.8635  -1.2541  -1.4169   0.2756   5.1125   0.7497
