            A        R        N        D        C        Q        E        G        H        I        L        K        M        F        P        S        T        W        Y        V
 1 A   0.0548   0.0514   0.0032  -0.1719   0.0283    0.037  -0.1863  -0.0049  -0.0081   0.0577   0.0463   0.0748   0.0351   0.1964  -0.1414   0.0151  -0.0228   0.0252   0.0775    0.012
 2 A   0.0406   -0.049  -0.1485  -0.0184   -0.132   0.1459     -0.0   0.0157     -0.0    0.064   0.1657     -0.0   0.0698   0.0188  -0.1301  -0.0039   0.0261  -0.0029   0.0196   0.0981
 3 A  -0.0041  -0.0711   0.0214   0.0372  -0.0112   0.0109  -0.1138  -0.0842  -0.1083   0.1351   0.0451  -0.0919   0.1299   0.0324  -0.0078   0.0339   0.0024   0.0747   0.0273   0.1215
 4 A   0.0378   0.0101   0.0288   0.0609   0.0142  -0.0449   0.0156   0.0148  -0.0273  -0.0563  -0.0458   0.0192   0.0642   0.0112   0.0896   0.0274  -0.0464  -0.0004   0.0029   0.0037
 5 A   0.0274   -0.004   0.0181   0.0199  -0.0014  -0.0458  -0.0172  -0.0098   0.0238   0.0596  -0.0224  -0.0037   0.0377  -0.0181   -0.075  -0.0095  -0.0004   0.0729   0.0522   0.0752
 6 A  -0.0012  -0.0421    -0.01  -0.0397  -0.0189  -0.0305  -0.0501  -0.0745  -0.0112     0.09   0.1352  -0.0538   0.1058   0.1396  -0.0555   0.0502   0.0338   0.0099  -0.0038   0.0062
 7 A  -0.0099  -0.0452  -0.0268  -0.0212  -0.0276   0.0149   0.0197  -0.0205  -0.0076   0.0031   0.0206  -0.1287   0.0276   0.1204   0.0537  -0.0216   0.0893   0.0851   0.0072   0.0468
 8 A   0.0473  -0.0446  -0.0155  -0.1224  -0.0269  -0.0143   0.0434   0.0167   0.0114  -0.0348   0.0381   -0.043  -0.0227   0.0648   0.0949   0.0664   0.0487   0.0244   0.0713  -0.0237
 9 A   0.1429  -0.1105      0.0      0.0  -0.0457     -0.0     -0.0     -0.0      0.0   0.1738   0.1313  -0.1343  -0.0238   -0.082      0.0  -0.0041  -0.0186  -0.0087  -0.1099   0.2689
