TESTRUNID EPOCH: 22 L_PCC: 0.9425458165916529 L_ERR: 0.0018742785504142314 T_PCC: 0.7620984210350163 T_ERR: 0.007703314181020093
180 LAYER: 1
3 LAYER: 2
1 LAYER: 3
22 :ILEARN
-0.20279249621707385	-0.24288449695480907	-0.29796272055089235	0.12494585540680164	0.17631624091646253	
0.14148969690008104	-0.11777120504067153	-0.11597318790929065	-0.09643469092331156	0.09847821792319368	
0.11742292595199638	0.17015173456648439	-0.059109550053696516	0.0756234872781891	-0.09452248136041477	
-0.023017461873041642	-0.08837995416610321	-0.05688458942438554	-0.11478770035019135	-0.13407463439227105	
-0.0031343783870565354	0.15417704896034232	0.03911220705038268	0.11074880362417917	0.23157186382658534	
0.30488850888930064	0.1182959352445627	-0.09218904335342354	-0.06603391608708623	0.07562850068588264	
-0.08033063323338999	-0.015778474998989572	0.09157790603010038	0.006633056994603412	0.038375422790094676	
-0.03689687379878741	0.03730018553631673	0.06692513437947459	-0.09634234453116164	0.11030383013033207	
0.18714115875404536	0.12736962018296083	0.12972460749492584	0.33215320481757704	0.1562492000558688	
-0.2759274935237014	-0.23375008237417585	-0.34359928059082684	-0.037570837315049524	-0.07200582691828836	
-0.0925435041257017	-0.09782719917202998	-0.21513150202703146	-0.19050215797913772	0.0275808262620375	
-0.043424149688423966	0.052988571795897804	-0.07065428501883797	0.017861107380656854	0.03995167200418623	
-0.07953311423443483	-0.017188802436086337	0.03888003154554903	0.0814441320234115	0.05686090986927245	
0.13530870018443467	0.032758929043957774	0.0029778224116617097	0.08891895119816268	0.05744991490554852	
0.13834313872205303	-0.019482875227113512	-0.031903647638702265	0.12034750332970087	0.03293191540741765	
-0.02968769642755359	0.1389611271289049	0.01902684320792037	-1.0046643212463475	-1.3947986247650241	
-1.1678300426294597	0.06305827008809749	0.10596600259519921	0.020288640560081946	-0.04601442164699479	
0.07917724363921338	-0.014381762025741013	0.23995682910826951	0.2542215763705232	0.21775826134541834	
-0.08286039368807953	0.06983283504505809	-0.023534451615866238	0.055454151744683544	0.03986477003024484	
-0.0001457140393216434	0.11825506319635319	0.07059559346468733	-0.04902369684588125	0.060532130489117285	
0.019778034969680884	0.05404883909182322	0.11274008959341592	0.025322100983262825	0.1292911263001712	
0.206851489173026	0.16829990600979233	0.32180643260382913	0.1644961855109074	0.2831390760945107	
0.0960414417810479	-0.036057753339925364	0.1386368498138372	0.0870174211322975	0.04220571521263722	
0.24594535460892245	0.22214772411797493	0.11943894986375506	0.09400562278072923	-0.02750202344808565	
-0.19810025310434723	-0.21048021994006796	-0.21254975671469506	-0.050757786479390825	0.07200558973657761	
0.007766212868330569	0.025265389907702038	0.11329569881825179	-0.02250259671349837	0.06964321854567013	
0.18072827049038284	0.24156469124079935	0.01220604385114199	-0.0962705421254114	0.060126534536123266	
-0.05340514523179592	0.06142103912375582	-0.022427871187165646	0.07270837091188573	0.04942432854743692	
0.011248046798083777	-0.1647596488589964	-0.2153474574551276	-0.17982820622260046	-0.09108962429104767	
-0.07850117417878143	-0.05485813227842906	-0.06755930246445307	-0.10155006435798601	-0.20112760130683718	
-0.09338202728613351	0.032151451113183904	0.004039767257493811	0.051008724767598476	0.11787891069544058	
0.19165569844471023	-0.06091410377813625	0.01627178545465155	0.09400399781766247	-0.02103225650475582	
-0.1586262494832166	-0.09613284709841184	0.023991143676275944	0.06579617991003575	-0.06864172107078315	
-0.00689343267818074	0.041521649433526917	0.11314987248183575	0.06908997397962265	0.08067881685532945	
0.03255454681949037	0.09772323088248977	0.015949043849159378	-0.023971765475289925	0.08519765742188717	
0.15556317010454976	0.12847983929227752	-0.09587074910602417	-0.13508344640217848	-0.08518768132967598	
0.05618722041235132	-0.014890120588547877	0.08617743551035413	-0.08669270372917702	-0.04793698028429181	
0.060950912748669095	-0.09368654324886512	-0.03189662378737646	-0.04778650991661913	0.08911119377117875	
-0.003454635533598104	-0.08483710005484381	0.047013192657733904	0.05443560590864935	0.0815631705007048	
0.13815223882072333	-0.0165471454920336	0.016358422535995627	-0.0376052360839944	0.007022238461349644	
0.015745703587556507	0.07656593151314352	0.1798679211261857	0.11231597532367603	-0.02199845717175075	
-0.0028018665806180537	0.020862096583994655	-0.10866691316201546	-0.056846773590518325	-0.040126520593092345	
-0.04162250250260897	0.11577176174427846	-0.016752146717630506	0.06355435288425033	0.12245441569326472	
0.181779894027221	-0.0956950389451604	0.0895940422435362	0.0654230942341465	-0.09639669279912835	
-0.06467053285788027	-0.03220389633523007	-0.18017849991547707	-0.11005393803408058	-0.18387305441633714	
0.08802149646667343	0.016402835989416012	0.07576639688236883	0.003173157695511484	-0.01637323413714475	
-0.09405766585057976	-0.14152937797099663	-0.13300210069904803	-0.20941153743348398	-0.0019492954760144537	
0.019822061529175677	-0.09689334488983287	0.2836479990934967	0.3545012420344912	0.42936810250146595	
-0.12074853771566603	-0.06182997806245453	-0.09699257298573855	-0.22342349969848307	-0.1326210336755991	
-0.15784970257744463	0.017524230915257774	0.14241681426806296	0.17599901683990196	0.16022814132370014	
-0.0018343296208932342	0.20989302902563858	-0.02468393705084511	0.09475670767166453	0.02094322019481061	
-0.06701328097474292	-0.13908550878619713	-0.11847662322980798	0.03587011160145063	0.12787690710907232	
0.15229421467059798	0.131937734427147	0.14038537866628245	0.11734793899645356	-0.03238477272398635	
-0.1607261031847456	-0.0879084141216141	-0.0009324758052123911	-0.01661184189009634	-0.011635016826015204	
0.04408705848356652	0.07644430894486631	0.11233746912918482	0.08761242735143651	0.24910231371892708	
0.1683316776901031	-0.06028602231457783	-0.014659798130393448	-0.0313307520451154	-0.013470874014088807	
-0.036183503166801856	-0.017790522922287753	-0.007455244166184413	-0.11083869215138746	-0.10235459841677091	
0.09513562155170562	0.036313498778501	0.0923103335609405	0.037159091994241326	0.07587523302621944	
0.03359637328167921	0.10323305464670003	0.09878880171524568	0.09525975849266596	-0.03146221840934364	
-0.08635813031665918	-0.024415164134380024	-0.08162399017140087	0.11188241984960981	-0.04560654287269147	
-0.021425758790632642	-0.06541539077630516	-0.07488136556545699	0.013898882549075148	-0.06780571263687825	
-0.006623995447338743	-0.07539428372640257	-0.11973085285968509	-0.03774652728813781	-0.18902511374438272	
-0.11097600464934007	-0.08550065769951133	0.028962836861505158	0.03763519735948111	0.03758977744436372	
-0.04082823891436715	-0.012615497640974324	-0.11183314423291967	0.09053104646949808	0.27236966081660785	
0.1741549438612331	-0.037623894053278685	-0.13604779782832369	-0.1538960683767	0.017904449850675214	
0.012555540360459347	-0.05256889988671965	0.08294665948244656	0.09466908568816153	0.10863201087699001	
-0.016392780107030488	0.15313055392519617	0.014112652209183198	0.11401366302123098	0.21078809390306275	
0.03320494495858742	0.06192309954679002	0.21235563999607684	0.19235021093490098	-0.08468150218194626	
-0.06349659659559073	-0.02887322788978659	-0.05223873316120122	-0.08767105119650205	-0.188890377532993	
0.0302608664681982	0.0407033976305306	0.022048162529325926	-0.1382201635679608	-0.3491083694345637	
-0.17163494970118845	0.04634572014790539	-0.048060321340329386	-0.04858614023557067	0.052940357697421246	
0.034571642820815436	0.09858488576964321	0.1982871293089292	0.37206323175999484	0.40262850242776715	
-0.03995033209321999	-0.07139883434838012	0.08026168726985478	0.125081278287008	0.27699168950887676	
0.17191250359052954	0.15418813331204553	0.10200796771087778	0.0797002909242277	-0.04922338957667853	
0.007576409655098611	-0.06437091373613701	-0.12756242941858562	-0.060509711709233915	-0.174605961296867	
-0.02669138055125113	0.07246925056760883	0.03853554350147087	0.03818842841323372	-0.062272639808937824	
-0.01161914385031533	-0.0757352125222752	-0.029380653824828892	-0.1633156523241236	-0.05045341964752903	
-0.04756538324541762	0.05003448265959856	-0.09829240148055858	-0.17606961996194403	-0.04804367890958803	
-0.1645157910590737	-0.06903713281001402	-0.17999073706275256	-0.12396604458346647	-0.025813410662328676	
0.02974586520745636	-0.023796775187557156	0.04997166214522869	0.0022282956594256442	-0.08068856822898036	
-0.023820856444608067	-0.046348736226647855	-0.18854216132898072	-0.1022596899952144	-0.1315333851989076	
0.10298451427482137	-0.04179945195255916	-0.03107174495724003	0.18997859554980004	0.4038401412411268	
0.31426231359729223	-0.03035361178633854	-0.011248267164781051	-0.029262455889500202	0.10317405236185823	
0.04284502916440321	0.14768009514742358	0.07133619841520795	0.1805167350728464	0.13590762982605437	
0.007439464996360824	0.026187618948845314	0.005956390512667423	-0.08665500047212871	-0.008283237258313633	
-0.07733161544648191	0.03917541940665108	0.22089847631845752	0.16213385042509043	-0.13987939505825686	
-0.262094316569026	-0.22744876020164032	-0.004385498656433812	-0.005199214687561196	0.060632668422833935	
-0.21002526060148505	-0.16645154382841326	-0.3104323238879428	0.15647007966137477	0.07135578295497469	
0.15457806118297912	-0.0008765401314008948	0.145496621231324	0.024011880738406294	0.15051372423937942	
0.170449347713302	0.13692987769544682	0.11942356478719515	-0.025231551866538093	-0.028047822295597838	
-0.25336720098061183	-0.19833024092495272	-0.14863480183671643	0.28037451337376335	0.32888985738974	
0.29343646059118017	0.13361646589020676	0.06083728638707117	0.01945614135671888	-0.13699332753602894	
-0.196876359988689	-0.03216661220558778	-0.07145338850567798	-0.05056981895384556	0.06429820876440123	
-0.037882549641158	0.09648348985858857	-0.04667225956967296	0.006730668994242281	-0.03710659776283008	
0.0821545662347675	-0.026688671229753116	-0.013281534545367096	0.002458538455672274	0.09205168186372897	
-0.07984457324901276	0.053088945998886965	-0.025052026768613997	-0.22430152547593651	-0.08725295321767636	
-0.11289291113302616	-0.05930388551928702	-0.09311047289650516	0.20402445902243455	0.2463390621599878	
0.24605273557067223	-0.027122881882038395	-0.07502333631422574	0.03605080403782161	0.10924794322148998	
0.23912276701417262	0.2880670736058309	0.14329399695508602	0.19847990094597504	0.18856281673887504	
0.022977603109712467	-0.011597073422343597	-0.01596359997894218	0.24321190192573314	0.1905233692214023	
0.1253877819253333	-0.0740640238902067	-0.06771184002402626	-0.09098402229030508	-0.010448444613831397	
-0.06715192280064404	0.019843011789009955	-0.21576921759619708	-0.18961218956229184	-0.24976854136195947	
0.1083190523708572	0.1291077070215014	0.04448055549916528	-0.05423726580792483	0.03282051107095868	
-0.0005499813278937449	-0.2554815219420666	-0.43010397402914075	-0.3290375478378917	-0.019570000203240026	
-0.08078883901053045	-0.10343963340049157	0.23968383582558694	0.30775315845110124	0.21149845097372813	
-0.24626531561311013	-0.3205887704817803	-0.2919316100331581	-0.009653370261704944	-0.024913033366428444	
0.09507000685405731	-0.0377638012094106	0.13732514359405543	0.0907219491594092	-0.10922717103566183	
-0.23360522013025237	-0.12973299270066313	0.13428240446824458	0.11787788598644557	0.1638423529073414	
-0.0018182958881031441	0.1500230716659504	0.12690226885001346	-1.3592744531421683	-2.056688550989694	
-1.8012467548809548	1.1494326987121501	
