            A        R        N        D        C        Q        E        G        H        I        L        K        M        F        P        S        T        W        Y        V
 1 A   0.0768   0.1296   -0.014  -0.0389  -0.0194   0.0163  -0.0191   0.0111   0.0875  -0.0033  -0.0235   0.0195    0.121   0.0813  -0.0201  -0.0847  -0.0987  -0.0121   0.1147   0.0225
 2 A   0.0334  -0.1558  -0.1332  -0.2085  -0.0258   0.2274  -0.0648  -0.0226    0.233   0.0561  -0.1215   0.0576  -0.0067   0.2222  -0.0155   0.0232   0.0787   0.1889    0.252  -0.0008
 3 A  -0.0619  -0.0773   0.0422  -0.1162  -0.0484   0.1566  -0.0246  -0.0118   0.1767   0.0329   0.0613   0.0719   0.1148  -0.0006   0.1623  -0.0569  -0.0097   0.0639   -0.033   0.0044
 4 A  -0.0421   0.0691   0.1651   0.0179   0.0876   -0.115    0.076   0.0106   0.0327   0.1183   0.0585   0.0604    0.021  -0.0513   0.0903   0.0185  -0.0138  -0.0521  -0.0759   0.0823
 5 A   0.0269  -0.1721   0.0953   0.0583   0.0688  -0.0036   0.1496   0.0336    0.005   0.1165   0.0385  -0.0142  -0.0523   0.0772   0.0933  -0.0642   0.1436   0.0549  -0.0056  -0.0132
 6 A  -0.0668  -0.0411   0.0237  -0.1684   0.0937  -0.1163   0.0638  -0.0419   0.1335   0.0062   0.1972  -0.0555    0.086   0.1575   0.0336   0.0864   0.0935  -0.0201   0.0491   0.1407
 7 A  -0.0252  -0.0759   0.0089   0.0411  -0.0919     0.07   0.2315  -0.0113   0.0433   -0.081  -0.0551  -0.0199  -0.0298   -0.024   0.0975  -0.0253  -0.0177   0.1841   0.1563   0.1288
 8 A   0.1007   0.0252   0.0382  -0.0757  -0.0031    0.102   0.0454  -0.0487   0.1771  -0.2147  -0.1305   0.1263  -0.0066   0.0165  -0.0203   0.0771   0.1961   -0.104    0.051   0.0381
 9 A   0.0469  -0.0655   0.0088   0.1286  -0.0778   -0.033   0.0157   0.0172   0.0322   -0.009   0.0486  -0.1237  -0.0136   0.2085  -0.1138  -0.0382   0.1273    0.484  -0.0391  -0.1343
