TESTRUNID EPOCH: 10 L_PCC: 0.8548037602692916 L_ERR: 0.011246507031719127 T_PCC: 0.7859915569078794 T_ERR: 0.016185457170275395
180 LAYER: 1
3 LAYER: 2
1 LAYER: 3
10 :ILEARN
-0.4031852781406879	-0.8438112895294722	-0.5965240836440067	-0.20159693858761418	0.20980461750063026	
-0.5245969943942862	-0.87963888830996	-0.5696654412372011	-0.6879367290503858	0.5818261248320331	
0.9015210628108866	0.9179790783321801	0.009944854599482541	-0.6717450217925734	-0.7262666466402432	
-0.13522298874189984	-0.29394467100908156	-0.22074289079105733	0.37424154137520776	0.4956808574619847	
1.0051639809640545	-0.5036106686269789	0.06649312033558642	-0.5459488897957304	0.3547187149035751	
-0.3782076326186222	-0.014895924409017904	-0.4293437691492028	-1.0058682465217075	-0.006124341256400073	
-0.045963850822770665	-0.2786005691442893	0.6260273599885646	-1.543202374815287	-1.1240703830502128	
-1.223387040546664	0.10703133047515591	-0.545678968904099	-0.09855519466503082	-1.2449950573735618	
-0.926394827515498	-1.0319353991659825	0.23217706251189824	0.515194126482363	0.6059769662230935	
-0.07654223868396842	0.03842211768039422	-0.960153480795574	0.3772085559899038	0.2591711130249982	
-0.14478344559414003	-0.2783176034296775	-0.3067305358333512	-0.4729232346382297	0.12679387430217137	
-0.9376005614095142	-0.28779339991169406	0.39485876236464557	-0.43761465957343865	0.3962333892428011	
-0.7481226711298411	-0.053390954817878006	-0.608272183172805	-0.5194421329048091	-0.08487750229687421	
-0.12434272723162841	0.9689522773397136	0.301624658923335	1.1037612424687915	0.05150027678844235	
-0.08196860417826093	0.17358120118512768	0.9227008632851992	0.6230429799817456	0.9995084136908517	
-0.9455210610735587	-0.5177530461969287	-1.55168338527853	-0.21764027123388419	-0.025365941217290317	
-0.286273546181063	-0.08600856898602464	-0.10273806359254967	-0.2945378941588394	0.33307479879790347	
0.26033509989669945	0.08647568023930413	-0.4806982225149192	-0.305969562841792	-0.466145105894993	
-0.34854686250111294	-0.20148262738685682	-0.8459076785260856	-0.45946549476147464	-0.21159420960239284	
-0.37693120238815847	0.8224958604114414	0.4662619652561596	-0.43794162364601846	-0.06004378004893117	
-0.09770522719100179	-0.10608395087737403	0.3857782786855573	0.43964484208730487	0.8218538971649553	
-0.3530830817470573	-0.05797667594857917	-0.1691145536630873	-0.8660189499810513	-0.16310423108160707	
-0.47317262222395295	-0.6160430108341223	-0.1677721597460953	-0.8018843984618346	-0.21019286699400813	
0.06449229384773239	-0.197058913273521	-0.6986569098659821	-0.13730857258947726	-0.5812521471030228	
-0.19905147756242056	-0.5537475755240074	0.2694908402588814	0.2570097405709654	0.4788624362789977	
0.8169485310600322	-0.07279048848029922	0.4335618145932128	-0.822954468765628	-0.3328548299482989	
-0.059078077962863816	-1.0026125252229927	0.025230125176038322	-0.6080986563112781	0.43617364393346625	
-0.26237346247483784	0.027576333631743433	-0.08004712179307576	0.6153460808426943	0.2876695697703489	
0.1667286944140386	0.024093077002220846	0.27805294633550626	0.5708207618756289	0.041657460746539844	
0.5127018297929975	0.009588297434269007	-0.30789936779415517	-0.20557668464093518	-0.23564109174282474	
-0.5862728361836601	-0.5124290312137031	-0.1078623455488099	0.23032431425356523	0.4533248666818054	
0.8305391747373206	-0.9559785437513963	-0.6146848469404278	-0.44240480125729953	0.4960122315022125	
-0.26292146407950523	-0.2097259307757649	-0.5489435279161893	0.13985761210757924	-0.43448314672420063	
-0.5296456122995774	-0.7099382087195582	-0.43156302068552455	0.3239250797286449	-0.08883714774670837	
0.20502011642302692	-0.1048148782828575	-0.32942438385832246	-0.49810829805274137	0.09809357204491298	
-0.055544143316553336	-0.19129766261490325	-0.21122257415153978	-0.3406969517335948	0.09329515126856004	
-0.6306806673398823	-0.5014295795561825	0.12596029259908645	0.09456667921312441	0.02287081753099059	
0.16803125746438116	0.3412205542599032	0.048379286503999926	-0.23813848556407471	-0.21176287587137374	
-0.43918920037334985	-0.5165776482312373	0.17753310648694812	-0.320730065312665	-0.1486540238075817	
0.3947986869768377	0.052152673627507445	0.5912130535728275	-0.11267383053726367	-0.33685249908585135	
0.16855958858364464	0.4035332860841915	0.0329508379543392	-0.1465580229884837	0.05022112852544765	
0.12042240992313628	-0.23017407680174692	-0.4916031434911532	0.3396011511957423	0.3517823255647383	
-0.401234535216418	0.2593042054966025	0.3818251727329729	-0.17160782604919364	0.2940886272730236	
0.3508794894338551	-0.4816053034463236	0.1194585268105012	0.033524648835746476	-0.04971781974423777	
0.20665327398463962	0.1498426498381519	-0.6323632943948376	-0.021882901124922645	-0.16402981440179795	
0.017242299619173215	0.0059505263415510525	0.1715507026380503	-0.1808036718555172	0.2624045077842161	
0.2448834113417295	-0.022474825687066782	0.19597827887152514	-0.13771428728785387	0.07235270902042872	
0.1412440830989577	-0.4382833588654807	-0.5044212651223559	0.027529089048834637	0.16918239142147254	
-0.4220208378834759	-0.3572456550200655	-0.39355584141996436	-0.32896790513382806	0.13882448617686383	
0.036581039646055837	0.03671493795582215	0.14109587722115816	0.07831682375781195	-0.22428588336792749	
-0.21764029889155345	-0.3904266604112433	-0.5038610410758126	-0.16147805063393866	0.027306045358163174	
-0.03536232914629907	-0.1376882345209355	-0.208566487802006	0.1655878182400321	-0.02063991193560715	
-0.5841558123622872	0.050678669868782965	-0.07271737622913652	0.12920181407372586	0.5720512004383838	
0.06691067670366384	0.31712470444974616	-0.5682429309510517	0.05890012383992594	0.23000574422767867	
0.1989212300699523	0.25045196791756463	0.15399262252824375	-0.2501577858665803	0.3019799220576322	
0.1110084636571412	-0.057690690884051044	0.040690632363116694	-0.11159260788581636	0.1721392203026012	
-0.39277954739538506	-0.117357242316773	0.6919578672782488	0.6336830030219014	-0.04281582764099217	
-0.15655123643648391	-0.00141781562331263	-0.5941983417525419	0.510787263171473	1.0797929272441336	
-0.4486947571016895	0.1381423960557885	-0.5534549471211477	-0.39920848702212297	-0.1893298825808271	
-0.7452666264364515	-0.2807994552974526	-0.5627148051148595	0.2045831211157809	0.019386658281149043	
-0.23180194239190674	0.08414031671668892	-0.37372874709004006	0.42658283441313305	0.2647146813059086	
0.33667137794222807	-0.1489920145621047	-0.42139954280443476	-0.528771110466704	-0.3380832435209287	
0.19351954165088744	-0.4070875426343271	0.6280997866315583	-0.04088809638001667	-0.21701039236495753	
-0.2500129886370491	0.35162947288159696	0.048222717983341545	0.03745477955371597	0.3440828130477322	
0.061067899877061925	0.46855084607363806	-0.0020777028903560817	0.1886350233674656	-0.18122108479514812	
0.21113274559407935	0.4951676097964492	-0.2900890408302918	0.020474377123873292	0.01664987717283509	
-1.0618752593431533	-0.39146999680941874	-0.37180087098099157	0.28399186061077575	0.598627066522721	
0.07844127643655203	-0.7700121780202855	-0.3504752060235625	-0.12768607302709042	-1.4140206587817592	
-1.1069913881420277	-0.4581581645001845	-0.3260257653695367	0.6224107743805332	0.19946310506226653	
-0.28421945774615626	-0.20587971493606963	-0.5788252904232177	-0.2767574036783297	-0.23825758639951594	
-0.26354631636109793	-0.08373716974736982	-0.5297828445020224	0.1608243925217873	0.1408998310816253	
0.291798452484491	1.0968789912236239	0.3728847060682609	0.5245147976877	0.499443102357073	
-0.09685190639217754	-0.002063202463396503	-0.40271739270668305	0.21205493930262942	0.5746374525834678	
0.20490267391209135	-0.17892598077425192	-0.22923612857940037	-0.09660503049000481	-0.12758966886417647	
-0.036461834275554286	-0.06880596720864048	-0.24208307737948975	0.4242343011704404	-0.1904912582249352	
-0.08118102857677616	0.060723286114767704	-0.3027651128457007	-0.37281494796124337	-0.31491891049327236	
-0.6698555761317835	-0.22188267166088035	0.3190095689363735	0.13882528692272492	0.1342023533541078	
-0.3963266053030369	0.18397547611556977	0.1145005328816092	-0.01757593029526371	0.11911334442492534	
-0.24547576370965296	-0.04202494200285195	-0.06343510468417841	0.33032059721489315	0.9019649067517383	
0.7024892201430604	-0.030079895461047387	-0.17233112151753163	-0.3055966438055833	-0.8349404758863477	
-0.8296446858973623	-0.10318733543478305	-0.2534365427398077	-0.436649915545748	-0.38176193421385396	
-0.2938362626966724	0.22393354930180054	-0.04973326605692524	-0.9416835984827614	0.06288044790570402	
-0.9334714567258829	-0.16474255628386128	-0.4424777641451785	-0.6263639457176692	0.21390485489433106	
-0.5267142564364278	0.16039119706060515	0.049697394824937374	0.26455678341276995	-0.1381337404842852	
-0.6367878557873945	-0.489950675367367	0.15881762020270057	0.17096125960088443	0.6901895561055623	
-0.20530797513545554	0.39504491062862984	0.40261659362882546	-0.20865170067018152	0.9837956793446658	
0.25426357407241273	0.2087768961897268	-0.5655055223557747	0.26722661575764506	0.28645387766140085	
0.49477662177560494	-0.08319698477260061	-0.027168900830382134	-0.3429810916702572	-0.6440284442845693	
-0.6062660585363375	-0.26149164369219163	-0.5307041941850056	0.07360121932232203	-0.1354518417372687	
0.08078422584830222	-0.04757171277597275	0.5472661992997384	0.33916137714745764	0.4179748886453943	
-0.13782518503126637	-0.36143920226767123	-0.4900202801474471	0.04938283487901775	0.3215868081825621	
0.12153992122979392	0.26547132440683663	-0.12540160084371502	0.058133243139209805	-0.8841255777509218	
-0.1509113565825504	-0.5463442360766594	-1.1359068792211346	-0.08781101346643555	0.11595555937331996	
-0.47915745591479625	0.00040526048159569557	-0.7078996560171453	0.17782901445613727	0.8021562588072109	
-0.9792053981703637	0.06670814796943587	-0.5549214137123535	-0.13607712238500264	-0.11332122276913663	
0.047057750884760094	0.1271095334061317	0.3740485132487775	0.310143404578941	0.32027057397961023	
-0.8505737350549729	-1.2327757108938473	-1.372840299765418	-0.17961548147175746	0.14552303787091303	
0.34995961565473227	0.8233072421180448	0.7096940434680924	0.8136859401323392	0.19739006192962558	
0.3701244757787903	0.21562069204292408	0.267386087922623	-0.8159753424938501	-0.6137335590387519	
0.298951872355244	0.4219101076166908	0.5540710458273693	-0.32387784839841255	-0.35810035003313656	
-0.26725613081291405	0.19366996613560808	-0.07001740480428625	-0.2052963699890436	0.701469047245546	
0.6240761770424549	0.9504693480952103	-0.45457431620640026	0.10710193689438503	0.14587762493884432	
-1.3453022136715316	-0.8166377829972266	-1.0105626957522007	0.5324521155449105	0.8380837982465195	
0.8677783589399783	-0.1498758808301153	0.06179453532098144	0.6824054694542764	0.758316929430259	
0.8276684231251761	0.8537247852236066	0.3712307825280329	0.45515658115757657	0.30007496855068605	
0.17953800973747416	-0.11400353922092811	-0.2797666622024374	-0.39174660121390825	-0.006510474513168372	
-0.2601658609633556	-0.1346294199236493	0.2626327767137051	0.5057313737600001	0.5916685093175318	
0.5961544068842444	1.0008755957750013	-1.4641648149768436	-1.2140214090762675	-0.8579735093304175	
0.2978256009776433	0.1452820327380711	0.04116766071838418	-1.6834726185735633	-1.702032800559103	
-1.7307932222622446	1.4639312657204986	
