TESTRUNID EPOCH: 48 L_PCC: 0.9479549683685686 L_ERR: 0.0015820919987826233 T_PCC: 0.4689424136051774 T_ERR: 0.015010272348196152
180 LAYER: 1
5 LAYER: 2
1 LAYER: 3
48 :ILEARN
-0.10035311839072973	0.15244462100844156	-0.3076850631943793	-0.24492705437427423	-0.11137579915180464	
-0.09304865125539723	0.009616995906861206	-0.16850764080635883	-0.17702234325368732	-0.005189435623725089	
-0.09095554278540738	0.09502917214741421	-0.16812984803919973	-0.06508564315873977	-0.15680000102512648	
-0.11659823914835796	0.047547554484266744	-0.03903266639511775	-0.1913404674217473	-0.2072177038243349	
0.07854885369479443	0.10040320883492487	-0.08892783242670325	-0.015489198797687067	0.10304528894863575	
0.001576740164867722	-0.00363051541497353	-0.2552590670461534	-0.2568084924629117	0.014600582417695252	
-0.14398170053159534	0.03971997065657223	0.015483550289733175	-0.11225932928863863	-0.017729506159535325	
-0.11779839140726144	0.10370528381994397	-0.07101941731284593	-0.22751498167354034	-0.008747891805556315	
0.20286155596758854	0.01208980265563396	0.059191913279631775	0.12074753470624108	0.02804991556359704	
0.06070974444908308	0.021621012931699192	0.05411966580906281	0.06607623285070828	-0.008881290383401406	
-0.03584084302922202	0.006863467875069826	-0.019740152063059298	-0.014901986495912485	0.058124264593235477	
-0.14327488473720265	0.09630656522243679	-0.2404806171726149	-0.1727990838644347	-0.006593991130083382	
-0.03495195702988977	-0.028736447682942364	0.03741151347442631	-0.019114739910441422	-0.038263893663144144	
0.1422359345922425	-0.019162646422289657	0.1029048238270931	0.1627254123542026	0.15053689882703866	
0.16698532830509158	-0.19706073192096546	0.13284603391260813	0.3166447992670752	0.016550965952494903	
-0.13292878562712154	0.14820962953842295	-0.21019963019160304	-0.12126461004879002	-0.008313642413368936	
0.050174388564390285	0.07251043961197204	-0.08819118808391305	-0.1591805126111031	-0.06672305908217341	
-0.07041330518377213	0.10866298164034065	-0.21434485768116351	-0.30915989309367764	-0.05962436606869549	
-0.04711086410931615	0.13677782744114497	-0.07170314461071278	-0.09289757663674027	0.038238413427616115	
0.0011134767863608377	0.03795032752875083	0.06855196501255142	-0.022783958652828902	0.07577424514966453	
-0.05148983527920219	0.028613647780240274	0.02620867822281692	-0.09050830787702248	0.07769820055132254	
0.01053370504767556	-0.11868427715190567	0.07044739213678602	0.010384850592306495	0.08013213764735751	
-0.05343472453312122	-0.12882991377853123	0.14830085046917715	0.11873100939483447	-0.09131221184078998	
-0.06510427963269066	0.04205686108855028	-0.02356027300156579	-0.05868459318082528	-0.2029475966812617	
-0.08844892087718813	-0.07396189478060511	-0.11891739040839507	-0.08244291463932168	0.09338822220146399	
-0.14224608932169397	0.08766769337232098	-0.16941841011596465	-0.34390786594697076	-0.17450569990920983	
-0.43993626140061937	0.38131807583947025	-0.7312828893933977	-0.917207149282371	-0.32735354470733163	
0.04138438472603976	-0.010361194980100297	0.1437394490591914	0.2522916046108778	0.129469507572805	
0.04011234197300901	-0.12833696384930343	-0.011441610576698739	0.0036728284087767945	-0.0837529260501926	
-0.04032033499846194	-0.03133785556633004	0.05573813101109153	0.030288071768291198	-0.04422214127010057	
-0.10292589620130042	0.14194450407547277	-0.05451060630459743	-0.1343014795387214	-0.046352857830275644	
-0.037930048768571464	-0.024448074351870557	-0.12453473325920691	-0.07000062442238708	-0.006582859125739227	
-0.06970481957867904	0.04151470765596999	-0.03672501303689775	-0.00328270835863587	-0.06741987907607103	
-0.0724222571574199	-0.056448412239476005	-0.006250253729505829	0.0039045967683571906	0.0461535452604563	
0.13451733918133305	-0.02291398131214169	0.25199568863303967	0.19260313560175746	0.14319741271336878	
0.1374698456940442	-0.04710523046003119	0.10291913455680657	0.07706989611261623	0.049567527612914705	
0.08999253941675495	-0.09728854079992914	0.12439933762552033	-0.0017989587920564567	0.010600644447233196	
0.05889839228349571	-0.03729287238541845	-0.014451257120523694	-0.06537258800458416	0.089451514949583	
0.0548635654241581	-0.14618433493138305	0.2058260378736705	0.2102834726395989	0.16307953012540757	
0.0839527973109175	-0.04735410903694205	-0.11066070995830672	-0.03798007253076365	0.1097403902609351	
0.05062124165268694	0.06866482978580322	0.020018764187779817	-0.03842390571243347	-0.04747432085301544	
0.01487252188895554	0.003995377973169367	0.03734609587654298	0.09405169652136479	0.10576051093943613	
-0.1547224426034791	0.1401597330383465	-0.1714827872026005	-0.22625945898895986	-0.17857406737213682	
0.04396960623420374	-0.19193012696685946	0.2127180021013871	0.1946257340390738	-0.07262458754673176	
-0.12874098792780952	0.035310117056362646	-0.1920325331919155	-0.07450566376521804	-0.0775352330555495	
0.10981438781816015	-0.023483583115773168	0.122672112984708	0.11050504862541181	0.10259455184700551	
0.014863956200347252	-0.024543454202242947	0.11842935849915626	0.0061526839175719	0.01722804886336705	
-0.04215478119373317	-0.05512771414807505	-0.04954470361179796	-0.098595956963858	0.015396225196958989	
-0.06262633217903216	0.09081858895766179	0.010096436746836605	-0.08779623849919378	0.038562561903552235	
0.060591669271816945	-0.11711710828008332	-0.025370886353334163	0.029942875257028434	0.1155310604673014	
-0.05455861791635006	0.06694953885877825	-0.012633991679210282	0.12314948864738436	0.05455744712877262	
0.10026270146278057	-0.03208421688895642	0.08955675282695334	0.0037075021121419525	0.056997285710289544	
0.062366410049468426	0.06233873440570494	0.03365068744369975	0.02629168164377432	0.08365972649458923	
-0.04466200528764646	0.10508963335694693	-0.06409845055404037	-0.07681653039349923	-0.03050240382670256	
0.005417965941404867	-0.05215448411931121	0.04493243257032592	-0.0027051691950578183	0.1170654119024408	
-0.06431920946760933	0.02742693412327184	-0.1498919657117482	-0.16897771282971916	-0.017860343192444988	
0.06041479509289032	0.10623501552238407	-0.007836710800086091	-0.08597979283963826	-0.07041238134616636	
0.09591862661635432	0.018086508692001277	0.06584072690547922	0.009838801470271545	0.06652857855620342	
0.03621862962163538	0.06375596317257064	0.04236492509028535	0.025427271986608775	-0.009183238479627596	
-0.07295686338389627	-0.01910317904054103	-0.1359230405591926	0.04400918405455224	-0.049167616581744386	
0.1546511212375219	0.025457688936084917	0.14797784693180985	0.1299289580118924	-0.0016262252321392542	
-0.010126166785647968	0.01859123588165029	-0.10399257310260103	-0.07246371474819902	-0.03858094929491194	
0.14725635816283172	0.08940384973919065	-0.024417430138725132	-0.09157965105799883	-0.0024362691108701057	
0.07459523379636745	0.04645349840616168	-0.038837043103287214	-0.0715458247130603	0.14084776538210633	
-0.01226931527549198	0.018480934373227335	-0.03149518074004128	-0.07198583406453363	0.0035499143263429418	
0.03194117628586768	-0.05981874201131041	-0.0006353957899349688	-0.05437612229286076	0.06323517002427514	
-0.00027362449633422863	0.019160092904225726	-0.020109447725225722	0.0086082837239777	0.10973645520672677	
-0.1530886310825511	0.05993566738347502	-0.09708470372606581	-0.10860991370910902	-0.018422983484968253	
0.08275396464886524	0.11375537857074174	0.016317911007135987	-0.018232815364224542	-0.06576022372365578	
0.012183624439463978	0.021411898490050676	0.11536547442272709	0.16740909542540633	-0.12075119902054503	
-0.1337110391568549	0.16306592328246983	-0.26893314476153424	-0.2989406751288203	-0.1154024745130889	
-0.030349983398573938	0.14267121251884712	-0.06772724834848173	-0.04981445413218197	0.10224693160799825	
-0.1383181349609022	-0.016390454823580952	-0.02663794645465386	-0.1149623803953287	0.018048275106606376	
-0.046596653314308095	0.08456141922288343	-0.04897827692542578	-0.05141569342975825	-0.13394824088393187	
0.10847597031819506	-0.180403765541393	0.11854113409642363	0.24540373372356367	0.013647904105309852	
0.030162591497929193	0.06742942096656522	0.08368053755842872	0.06427935720133636	-0.015356087764457656	
0.028579577481895373	-0.015636088543067462	0.1791678329956039	0.017047775140921085	-0.023925680642147368	
-0.007444394867469884	-0.09816611385026322	-0.014569750819138336	-0.039808231773345415	0.029233054754162515	
-0.044611543556161114	0.0037868608838147882	-0.008232844483507785	-0.05522778530555712	0.023878163255922083	
0.11093204417687784	-0.10184550281062159	0.2411722158299224	0.2241547197156472	0.019689838041503826	
0.08253560428065379	0.06686543778051136	-0.13968634638760638	0.01672539470798276	-0.010759413785971157	
0.13684813267281096	-0.1552553175969402	-0.08110355536826645	-0.060257662840201266	0.02497218558001807	
-0.05508365461583688	0.009983288903375005	0.04705770028901911	0.056714407804232404	0.07870441768901801	
0.03232505770483291	0.031095802494581343	-0.0022503775645725706	0.10962097086624957	0.0709170673855798	
-0.05676323918796668	-0.08376729611874582	-0.13626182023067912	-0.11041456520765211	0.009653266460721736	
-0.05655568064849849	-0.1362940776913572	0.06131416584046909	-0.0031060382325522463	0.06655660693860592	
0.05616276348536186	-0.06989610458904896	0.0473954352164524	0.06700529210647715	0.11244614732919066	
-0.0035576417415385296	0.07335452415054297	-0.08569945473196322	0.048342433494619155	-0.0578639567540841	
-0.04938819533578425	0.006941777917625817	-0.19589141326088816	-0.26901126058750896	0.04292254983733083	
0.11559296164337424	0.060775077926456846	0.08115308469274465	-0.05878830289351169	-0.03537946917230323	
0.05151599543403624	-0.047444960685914604	0.19743878759454483	0.22375446815359984	0.12899954485821002	
0.07408386528076127	0.03640486095439867	-0.05175082194189351	-0.0539918422521097	-0.03530526302790604	
-0.018389444929509637	0.02997438180206978	-0.016839058343032565	0.01366055500687254	0.1109930299995776	
-0.08113051230563316	0.1544071490813388	-0.13282236589552032	-0.09031598236774808	-0.06036570409584962	
-0.0820755593916862	0.1798450595277955	-0.28699561213876185	-0.33566850185955294	-0.04932750537552345	
-0.12182000106676913	0.0685946695698514	-0.029090537300825885	-0.17337094803989772	-0.014914970491740271	
-0.03521575363013547	0.07421773797540643	-0.03302432991409991	0.010595274054850811	-0.00973359621258066	
-0.13161905163481244	-0.010359455887254964	0.04389577211613884	-0.007546644623241229	-0.1536640324296475	
-0.11735439780725661	0.22729682045564434	-0.2690188391695124	-0.28962970202140065	-0.09879862237702004	
0.09868966167044466	0.09599281074575693	0.036718719621249646	0.07726665381356607	-0.03788808173689643	
-0.03266734045335642	-0.11405054609724423	0.06385269644028785	0.0491540072934854	0.0565238427455726	
0.001704969087165094	0.08149750340984113	-0.09210132945543177	-0.005159681678762374	-0.03386286223255593	
-0.06604499407896702	0.06730704015401826	-0.2954676463733306	-0.27406942202017553	-0.023964751828803806	
-0.023486269217193264	0.010962444734870904	-0.20098801686517107	-0.07927094317206698	0.08240467335203946	
0.10318211471287676	-0.02828954227116397	0.2068855061502872	0.183470948823827	0.07862525915133195	
-0.03307358872646317	-0.09201847225798426	-0.08066223042465838	-0.011046755932561622	0.019413554683207074	
0.284246831130804	-0.21457923907361137	0.3346743741791583	0.32593806176192625	0.199412952413502	
0.0015571925346461028	0.03406695659543803	-0.12656162432392326	-0.22166476229427973	-0.05220701625921942	
0.04798086626232509	0.03800830278344158	-0.03291685589358015	-0.031386259113310735	-0.03392809880912819	
-0.14983625696184444	0.09091699039660202	0.00011985240884127902	0.11036207169475268	-0.10210700212675979	
-0.020496505042807287	0.009855326822244386	0.1106124165366546	0.02929256074778405	-0.06984852339542341	
-0.0009242226888262619	0.009508399226627901	0.02342123104876206	0.024141658945195557	-0.043358841133299506	
-0.04044711962727756	-0.013440485355241014	0.1554783820758474	-0.022434260162659744	0.07007957286897883	
-0.004322874079479104	0.06020596752763105	0.006756429676286351	-0.0912496420081447	-0.1236942356363932	
-0.056748028053205085	0.09746399522172937	-0.04364734252593828	-0.08977108594648482	-0.0059142314884275795	
-0.07104389275276736	0.045393321339600994	-0.17038040806427374	-0.15194002364114786	-0.08725060340462934	
-0.08797138054616156	0.10934498169953911	-0.20174985488050248	-0.30615066719724826	-0.058123778889743294	
-0.03246019830781423	0.1085278569283794	-0.10676684609625292	-0.17649040415079972	0.043679900789611405	
-0.08816411267937212	0.12507940399022818	-0.061271437911669356	-0.20161584357390033	-0.0874849515017602	
-0.08537237155132638	-0.07701688667254111	0.09433754702734126	0.020068451140484504	-0.10348722162686146	
0.10729476862925307	0.004803875686732949	0.02944721207667757	0.05336054215014074	-0.00420984668258639	
0.05872445730463209	0.047660921722758355	0.013590724022228103	-0.028730682720408234	0.0546354072185794	
0.19147091225073112	-0.005334484800292449	0.2131398852672505	0.13657130202881476	0.10113890728198113	
0.21354385377905946	-0.13103031140323623	0.05872631031771034	0.07942024947840992	0.10310298729267225	
-0.10819848602360606	0.0424323513459117	-0.10673182283557402	0.025724478081352992	0.01150166353777805	
-0.030239561838085127	-0.0020053428133887793	0.07818325331796243	0.0454752608256754	0.05024337452136514	
-0.007833243005474612	0.02493836849423673	0.14243994994055945	0.024065078866793103	0.0960260080704737	
-0.014278815650178583	0.035417175282422955	-0.014856727892518698	0.0009342973649509218	0.027791989609380563	
0.009663880430991095	0.01798383133245885	0.07031755028239527	0.09455425163863593	0.06620924253834794	
-0.032047213329704165	-0.11527966188875602	-0.003628205397597461	0.08170408716454258	-0.030293695437809787	
-0.10113240184268942	-0.02620257383216811	-0.03100422744785976	-0.17866319713600148	0.03905545560232585	
-0.046873289727614405	-0.030272134986589032	-0.026815791391134762	0.11856700848494237	-0.03844779671817749	
0.00185033503591358	0.05213800214932348	-0.08754945405929102	-0.017143644922512816	-0.06622984120096931	
0.04540021597793434	0.017576964992690448	-0.026186602350000386	0.12628156985236863	-0.1348405271003615	
-0.07210287402996093	0.1371518737487376	-0.2556115426390422	-0.21024243193487097	-0.05154462930080658	
0.16093193358475064	-0.08540494006500632	0.006523139842517487	0.1937886985678415	0.12688248543342862	
0.08873650090121582	-0.05244530427894549	0.20718314371832977	0.25394338133741157	0.007254280421687347	
0.07424018427730113	0.017727122682250365	0.052114866465771986	0.0026119762683256974	0.028704664552426432	
0.020844290007427733	-0.07375787057903063	0.27889864431609823	0.16881165046217939	-0.02593552332919106	
-0.013053779447493115	-0.0960777372705889	0.1866697850696189	0.1233862350652479	-0.027065989953647812	
0.012388495786545104	-0.08724364812602471	0.1572706790507377	0.08191413057028916	0.06174940771151449	
-0.0013402892583862943	0.08363532420839763	-0.009552011153804715	-0.05569560844655047	0.033611593368474586	
0.0151471781902473	-0.03924959465746339	-0.012724384823720356	0.061022896533417505	0.12630014935450595	
0.019383369869856747	0.031636068332263845	-0.07094840780311747	-0.00877206153011541	-0.04930115109793729	
-0.012067735399419443	0.0895410014481469	0.021855338598902842	0.031099468264128297	0.007433065348169194	
-0.09457768583091726	0.2571985128601211	-0.2823774985038611	-0.23050222081090183	0.005612348066168122	
-0.02821177498961628	-0.006676281911091245	-0.014187937949396587	-0.14666692437570633	0.01857843486824982	
0.16372653678495927	-0.0029332987705451546	0.1408312789233395	0.18849224992950153	0.018868435703531593	
0.11739367395815217	-0.05935961605954724	-0.08541719837708256	0.02706893539270953	-0.08740273564998363	
0.019131243138855225	0.059875202516836694	0.05699694515563075	0.01707974786503273	0.030912549889608256	
-0.014669636555935228	-0.06956016695792738	0.10307341120299626	0.07234746090797665	-0.010946678939507796	
0.14377941262821364	-0.059679498621987424	0.16835304452425792	0.08574084361989666	0.04229727428052413	
-0.06963036367642157	0.11825368234391667	-0.02388546838966905	-0.08993258833666629	-0.07924979214385557	
-0.1665943237142583	0.059597726929109036	-0.10734380951072824	-0.05139604348650368	-0.049043133340184966	
-0.05835074255797138	0.1554929938762911	-0.1531715465063285	-0.25071010838272145	-0.047052512368298334	
-0.04912708752945295	0.005670995514862383	-0.127220207837722	-0.10519215505675883	-0.037703798312391124	
-0.09277383264625086	0.21493432810822408	-0.22564934681727664	-0.13516529924430576	-0.018579047587812328	
-0.11065058869144849	0.1654051623443534	-0.1495582940530319	-0.2421640775796091	-0.008905435422714656	
-0.12289256301022984	0.04369884576919178	-0.21673043442990175	-0.1290434205775099	-0.13182214904581085	
-0.01815879082918999	-0.021202619446617242	0.04157892313762553	0.021576626996011764	0.02032787283104769	
0.06739849109720104	-0.0482886827938505	-0.01635938134372447	0.030928098045287945	-0.01088636810471646	
0.12524323424034572	-0.07928865593281045	0.16012865385632785	0.1578032040368754	-0.03313595605431692	
-0.13885635040871597	0.04474098556476836	0.03916787712442748	-0.12559091416342685	0.030570307255214094	
-0.02247144386850776	-0.06573702030794036	0.044918201060340224	0.14470939116401885	0.07097951785492822	
0.10001444904827546	-0.09256717296441085	0.09696496517332623	0.023506393074446116	0.03169433037617416	
-0.08930022394490707	0.040315429204165025	-0.14858689300017544	-0.08469222679154276	-0.0002343834967243422	
0.07576939518039301	-0.01736831801222254	0.054423620741016664	0.05494187943299554	0.03753818421534241	
-0.004892743783228606	0.03136737829092648	-0.1616872236822515	-0.22397730329489818	-0.03914500411626757	
-0.21008715697549507	0.06584527025229311	-0.12950044316218684	-0.04835419497651776	-0.06402390851624655	
-0.03171119669576452	0.04199899168063804	-0.18814549074146017	-0.11090440392133336	-0.049240785448371925	
0.04717504820554715	0.047420322529923835	-0.08923184002168397	-0.16626478915774237	-0.008307636955393412	
0.13450309171407865	0.06771455378689292	0.12222418712484727	0.004240537163525947	0.054644244309187295	
-0.1615831910673843	0.17616416502972176	-0.3823163622104843	-0.38779440529363807	-0.03498447311159512	
-0.07241782795557035	0.08346435324666134	-0.10314114436834752	-0.22970311452542683	-0.009794161062017049	
-0.10111762568115074	-0.04291506307300494	-0.042445961631574616	-0.12918637785289758	0.0195851310132732	
-0.08381149590030211	-0.03884742172736131	-0.06302456326253417	0.052416521041710365	0.04137496064476711	
0.025136433666827884	-0.10099519925800943	0.1124010461493687	0.03668314097560547	0.09683458412035569	
-0.11476970708514105	0.059948949520462376	-0.21710222549527283	-0.15041780067320829	-0.1270171212249541	
-0.279264782321298	0.08380325634860464	-0.09063456006512169	-0.09289995129121802	-0.1293924975546842	
0.022833823701607442	0.0019212906458518275	0.05611467209966553	0.1366298432287304	-0.002535854942404996	
-0.049188310254739666	0.08118437447932894	-0.05380513942579349	0.15229089863865397	0.007846349955369182	
-0.8644366503999895	0.8979599912932036	-1.3583001494638156	-1.565359637439682	-0.5540980591473413	
0.48352237391053915	
