TESTRUNID EPOCH: 98 L_PCC: 0.8324742939991049 L_ERR: 0.01762572433493618 T_PCC: 0.7352509454615098 T_ERR: 0.02609463019841525
180 LAYER: 1
3 LAYER: 2
1 LAYER: 3
98 :ILEARN
-0.04677350899047936	0.12381252697145478	-0.13192423567671244	-0.02688694153828758	-0.008730923414251617	
-0.06744360713734093	-0.09473229808932827	-0.1440506581041664	-0.061690377656647734	-0.002133893589996029	
-0.07450092037000502	0.02570815165525382	-0.013188425586734298	0.2797275489778148	-0.03719830889278268	
0.15090319291482543	0.457646472371008	0.16111537044631025	-0.07192261228095326	-0.06037970218302424	
0.060148913735107334	0.0936523151438795	-0.03731516436815144	0.03846452313386281	0.10001805813834966	
0.2524870847047777	-0.05050054738690662	-0.08094569179057486	-0.03585033970957573	0.08946178808264438	
-0.1068746633730429	-0.07195980735509766	0.05739004270364783	-0.049460802515747554	-0.17044981899531148	
-0.10452199923688851	-0.0093712612831464	-0.14302399909447205	-0.14945719914715336	0.05231666132435638	
0.07245265842346871	0.055119020060281014	0.010637610355100365	0.22519987862363083	-0.007411356422708915	
-0.02635038980073052	-0.00155309890406587	-0.060523850912552184	-0.08273268969225553	-0.1978505309462295	
-0.1496157738161552	0.03576710658797819	-0.05767437679998819	-0.04689066812555476	-0.010978362330035865	
-0.129066462471144	0.0029297280030817696	-0.15988017113327863	-0.29581425012487145	-0.06731051911262785	
-0.07953311423443483	-0.017188802436086337	0.03888003154554903	0.0031204483337039153	0.002885312614914429	
0.027807091732971263	0.032758929043957774	0.0029778224116617097	0.08891895119816268	0.01731100810039858	
0.08068038305757672	-0.0725050591707525	-0.04951563062097434	0.1681462826377047	0.007650982962652712	
0.03186851102141917	0.3778716725574965	0.11095260178158503	0.061828500633993304	0.1021296519456181	
0.0884409177139135	0.016937057203400902	0.018740239750339296	-0.03904164461203869	-0.04601442164699479	
0.07917724363921338	-0.014381762025741013	0.08935955530332544	0.019968498375498456	0.019773782022932406	
-0.07705080540932496	0.08989785174141426	-0.0100175733040119	0.01567792287742635	-0.01837263944774377	
-0.05259460395139446	0.04417182301940433	-0.13986510743234842	-0.13428969396322418	-0.04658345696160075	
-0.23665433250160398	-0.07420902556404661	0.0944433905492844	0.05190803340931548	0.09949023086571096	
0.05882316522241649	0.039221241201749045	0.1295197942007927	0.05256083212493437	0.16411573214916453	
-0.04653572712831236	-0.15762482048438042	-0.23147760739307244	-0.06642733622273052	-0.22705847420290498	
-0.254705008207348	-0.12911758701747458	0.12076572694395983	0.1955545171327727	-0.030528133542250573	
-0.09602397323204089	-0.09475780262445616	-0.09433870239584108	-0.067511800425486	-0.0017781001034058008	
-0.013431432880512394	0.02590386785152768	0.15227723152714168	-0.05206525029850832	-0.015898143212595913	
0.13018139462442607	0.12833864649971513	0.03411511434600199	-0.022660426000569944	0.08829218779236714	
-0.01767500794583942	0.2161549343955908	0.02407441208108504	0.02539200322070183	-0.1413148261093102	
-0.04190358677117295	-0.0767437090343564	-0.08187746239393973	-0.08159167193907207	-0.09948539714517099	
-0.11183710534964611	-0.06648596594052855	0.04371670493196509	0.2470795848633323	-0.09767610260235575	
-0.010066577105612437	0.4197874771505921	0.11354681254645164	-0.121657089780012	-0.26912915436281076	
-0.03456932651582602	-0.06091410377813625	0.01627178545465155	0.09400399781766247	-0.06854631531503096	
-0.4888843808530175	-0.16641305397116385	0.1589227279514121	0.5712533448812512	0.10473597787942449	
-0.0962847595645181	-0.08599557125615553	-0.0027309778125936407	0.014322862035246423	-0.017885378967629085	
-0.047016256551454916	0.06230071981277297	-0.1715061781889503	-0.06565359805728016	-0.05449658500477603	
-0.2326097403522462	-0.0488221440944824	-0.06397546935917307	-0.17121990160524533	-0.04271246174886188	
0.0349601423838693	-0.014630405310413127	0.06102568148448886	-0.07842564546450402	-0.002225928081220373	
0.07070133018846117	-0.16663029355587805	-0.30687520712661404	-0.12241934695635666	0.08860297168535147	
0.18779294358145798	-0.07491898501490024	0.047013192657733904	0.05443560590864935	0.0815631705007048	
0.22364893170348635	0.4124719612514721	0.12385524436923473	0.023355671400331526	0.08980326413752329	
0.09003522384941595	0.04741187096422816	0.23802489209456282	0.07371262930357186	-0.0387524711178459	
-0.07658555642060151	-0.00033554916484830605	-0.055923554916454433	-0.16505367273202473	4.225928158183755e-05	
-0.04392616991005656	-0.04746642337130795	-0.09511083683163965	-0.11253923054112995	-0.2629224673831996	
-0.046237500495425	-0.1318807188269479	-0.05011938850312914	0.020703467131952525	-0.10930364103054666	
-0.12798050009517264	-0.049713659497928185	-0.12313975225306416	-0.08696635373854186	-0.09216416842651927	
0.1349764181409109	0.19885606835877012	0.13540879302628864	0.09737768255679963	0.21155938499043386	
0.03660473380945127	0.009269363204074649	0.05972071823040789	-0.042856229653170486	-0.0019492954760144537	
0.019822061529175677	-0.09689334488983287	0.007585695791398349	-0.01553987963492857	0.04758699109160319	
-0.03695103938092541	0.07857774170503026	0.015571443056907094	-0.050431800554423846	0.10815713269047626	
0.039714879723305785	-0.1759186788408194	-0.019781641775822766	-0.06673590767454349	0.08372035559550517	
-0.09991959502172852	0.09535182980621193	-0.07084295617402939	-0.14574975875572058	-0.03616336876656516	
0.16795191690395006	0.4334884310436864	0.15809699323297902	0.0033456354030606023	0.18698696008167373	
0.10958383599598155	0.11160866071486168	0.21124031143169203	0.09096742193018231	0.008855409033916455	
-0.2787236115742935	-0.04651207503760321	-0.08092966533395576	-0.3538754847074665	-0.1060693583151693	
0.02483300682304879	0.1886554224926169	0.07690851296788859	-0.025722007316637006	0.058903570721958974	
0.02212873053736876	-0.06028602231457783	-0.014659798130393448	-0.0313307520451154	-0.07245842767500339	
-0.40108206353466397	-0.08591519396208587	0.10227056477821	0.23104896946634426	0.03860714079275654	
0.11111426501919718	0.13274730841014082	0.11207002383877289	-0.049961791433249074	-0.24360688659840918	
-0.07549630137967812	0.008363829807165303	-0.15539234605306412	-0.05649821689851851	-0.006099575507237305	
0.029886735084161117	0.007197214260954796	-0.03083341521151513	0.3009150123270958	0.002696744563710783	
0.06237173954410796	0.07499232899117964	0.03768265047718866	0.002630895528032522	-0.09448028414690965	
-0.020440955253746094	-0.1103490911950908	-0.38993098604060544	-0.08326791659448046	0.010790344808279265	
0.3006802674133995	0.14180560391630975	-0.07373471239206394	-0.16800190037511883	-0.09483669712344898	
0.09728547501995724	0.2620961164561575	0.07488090620926711	-0.06714730227064902	-0.0034493148527100226	
-0.03802790209533748	0.002473459100910826	-0.1113680082497655	-0.098045651474296	0.04334217430832556	
0.1734145649199059	-0.01841742047566052	-0.035406954062015036	-0.1865585222396001	-0.04280207193911637	
-0.0225628266074969	0.27909979491994974	-0.0018043060458416962	0.03008776305607238	0.13130385578070441	
-0.06247427553987292	-0.03512750805476271	0.07458447528002221	0.06894192152041392	0.0031673637932090135	
0.07523245142011453	0.08381637021508108	0.06528139952586828	0.07082308876730775	-0.08025131963593034	
-0.020028497574495572	-0.07057511026832715	-0.03483495171896356	0.07381842885524321	-0.018011074223217672	
0.07094746015630383	0.04634572014790539	-0.048060321340329386	-0.04858614023557067	-0.050027099015157846	
-0.10476822922816971	-0.027128372721238067	-0.028700884273839503	-0.012385799142003084	0.07533428039224076	
-0.03995033209321999	-0.07139883434838012	0.08026168726985478	0.00831187577747465	0.09494807417101644	
0.02732088000037944	-0.037352648090804866	-0.24736755631888574	-0.15788346791862537	-0.08094092444447784	
-0.10794236069224351	-0.10415616008974916	-0.05161152285761144	0.1417818928321	-0.07436936625758474	
2.0731761651965092e-05	0.17556091347430566	0.07290003545285918	0.08638384245303209	0.11194729376196906	
0.048996908595228844	0.08117906775865642	0.37121307450753127	0.023039884583132664	-0.05045341964752903	
-0.04756538324541762	0.05003448265959856	-0.04499243211679371	-0.21824971807207172	-0.046588366599337794	
-0.0001460204497786619	0.30976052032879814	0.03115608526856237	-0.055613710144196166	0.1900682499861679	
0.11630883439409682	-0.023796775187557156	0.04997166214522869	0.0022282956594256442	-0.13134988904645428	
-0.3614787085351523	-0.11353263149607185	-0.03718238074885527	0.22716701688219074	0.06664674483175552	
0.1732326813888233	0.25949150352461026	0.06087475697262336	-0.12951815931775984	-0.1834401784612499	
-0.12783643981310103	-0.029257634485918855	-0.15462388290795578	-0.028814075006175843	-0.005230777273222708	
-0.3348793754371154	-0.0015605474228454388	-0.014246245000111485	0.06480197408246377	0.02529923172485876	
-0.07131539026595102	-0.08432262002901042	-0.09633347141739855	-0.061737307611383824	0.10475562197832033	
-0.046428948150695336	-0.15948381055275165	-0.2416700592772361	-0.10371086614877284	0.04761604217167238	
-0.022271366081719573	-0.011594247281676694	-0.004385498656433812	-0.005199214687561196	0.060632668422833935	
0.03207113251010691	0.20564712591174694	-0.02445180566599371	0.03763989644944476	-0.11106471205951642	
0.0022927110805444685	-0.09792714773295362	0.007725456515269388	-0.09939640867608074	0.021554404638791335	
-0.2100254995592448	-0.027643778431301717	0.15207267912659667	0.27714599286623515	0.020756313073610456	
-0.13727080526592406	-0.33851542782742183	-0.011505670017372413	0.02573614644581018	0.010082560913128464	
-0.0359222664979123	0.030417370372274002	-0.21835282731916703	-0.10681935237742307	-0.054129356287341474	
0.012585290349205549	0.07916515897422753	-0.00919764908924824	0.2240079840875082	0.1408296016363451	
0.09374644749923393	0.6252501516042674	0.11870857060307324	-0.00810985489801534	-0.06342148693728845	
0.06345555650472817	-0.026688671229753116	-0.013281534545367096	0.002458538455672274	0.08858020157821296	
-0.08995398130594814	0.041783020830864194	0.005673539514834207	-0.3613705443642926	-0.08490640832190677	
-0.007339925532029393	0.18182420916800782	0.04796812053548378	0.07901887546203755	0.19434525235363903	
0.07127467517609537	-0.04198062966251484	-0.09813028440669685	0.01535118699741815	-0.03771115717350744	
0.0034535197002259627	0.08328117061077955	0.003835327578287785	0.03958374069666886	-0.005463258609877761	
0.08637222332730812	0.08737367626181874	0.06886598971314264	0.14561013623485644	0.24942152683927207	
-0.01637834192714145	0.0013175861766220479	0.24453564085213952	-0.0037511568141102907	0.08140274034501326	
0.283234379849535	0.13101960009777203	-0.1536533957475389	-0.3901657057253182	-0.1551519093008674	
-0.11914818179323627	-0.49832734327698713	-0.25706639351875166	-0.05423726580792483	0.03282051107095868	
-0.0005499813278937449	-0.030723990725323166	-0.2356485970829809	-0.02409035376801737	-0.2077758089158521	
-1.1013269999344735	-0.3176740503872403	0.12690156896735857	0.23830969984519196	0.05423135651627166	
-0.03694235958905493	0.2040343015019932	-0.024903077866537955	0.03622163540163406	0.20313436059986076	
0.14725940636148963	-0.1540063139847855	-0.27825326374053183	-0.04956056579062894	0.2323333855310046	
0.6308264693878028	0.2500159783053141	-0.004623533295761331	-0.09737272861538555	-0.029398782891635042	
-0.08949265080223553	0.004746016206041034	-0.09287725627235585	-0.4490068635761919	-2.914014706413599	
-0.5118916710329248	1.3111427878369273	
