TESTRUNID EPOCH: 16 L_PCC: 0.877281844050397 L_ERR: 0.010799390135859874 T_PCC: 0.8529001931282277 T_ERR: 0.012847469768183394
180 LAYER: 1
2 LAYER: 2
1 LAYER: 3
16 :ILEARN
-0.6881208587894744	-0.5943142559927056	-1.1028501849472725	-0.1280238433239687	-0.1647068342235706	
-0.9241647977054575	1.1430975889697932	0.7118322843575141	-0.712272172153746	0.9152910955782652	
-0.38655751003698074	-0.47742254587867844	0.8812485466510614	0.6431672723988884	-1.6959660975028983	
-1.038372164423178	0.7547003840198925	-0.7906972545143922	-0.7025190837088467	-1.1583366888690902	
-0.2718581889984406	-0.6868234842753091	-2.2005978122971688	-1.217264800187386	-0.12923358102506952	
-0.9529389130409843	-2.2436165954054688	-1.6672091248523568	0.7541829258889374	0.5296612658588536	
-1.4429791113457258	-0.09020468621958337	-0.30081267183432225	0.16041558057231262	0.28602655560659496	
-0.338032864279803	-0.7630131584179846	-0.6880171911799807	-0.10167767182732589	-0.08756406629446466	
-0.7092934069551462	-0.5568423093291823	0.30342735265610393	0.1766763870482151	0.49200714469335033	
0.9110335793867319	-0.45477403471474886	0.03234428363813845	1.5773561547647534	-0.290624325879447	
-2.3017181029646845	-1.778492014753556	0.04735428518293701	0.12798203802350475	-0.08960011242689157	
-0.1164045816024948	1.016138489660564	0.9213493853468864	-0.9884170395988611	-0.7778580866873477	
-3.484953104308703	-2.247935579041879	-0.647500685727255	-0.7303835496794918	-1.7932948632862276	
-1.0400583604403653	-0.24676784878267977	0.24928023592171789	0.1591248379903987	0.6882307959920143	
-0.9544035764394482	-0.5301519506136766	-1.72667865036453	-0.18343712394388645	-0.9199045957349464	
-0.507966184323878	1.28662304063566	1.077001760681731	0.36431119092199904	-0.09396738349897264	
-0.8319671818531834	-1.242491892982581	0.1030362508329595	0.06191367267324606	-0.2550158001435758	
-0.492832972003162	-1.492254927893581	-1.1820933079909877	-0.35915827706439457	0.3157489879007941	
-0.43572583304753926	0.06202317062440728	0.9767286468718497	0.657993793344454	0.15594167806168527	
0.13881422163210744	-0.024988716630356504	0.7509120911329977	-0.2024622648004937	-0.437082176640152	
0.06199656204982105	-0.6453366010470942	1.1025110425667461	0.9592895975996895	-1.712621940904708	
-1.2598603743041914	-0.7098244345780058	-0.7850954620439009	-1.116323817168717	0.5249294801131822	
-0.5728572730202125	-1.00481500894522	0.8679637339915461	0.30731951600125595	-0.6705447092584329	
-0.5571286261644881	-0.6438919043555628	0.048576716342917534	0.6904400478429583	0.00640888506930348	
-0.7176216451481418	0.11585420831010423	0.5718514879070841	0.2685796102243121	0.036044656973826826	
0.6822680890233	-1.0414219508707585	-0.7441669922069541	-0.5343062342467263	-0.5889573126771411	
0.14129702225090027	0.7410787414791253	-1.414700722981301	-0.8071054259215557	-0.5502399445464248	
0.017401396870412155	0.2718585186150464	-0.12660245930519656	0.29366952282111936	-0.1853650979456478	
0.6043208522049308	0.2842542716595924	-0.13170162672508118	-0.07334042128046883	0.04783721148803288	
-0.19423180774362012	0.1205744071771072	-0.09943666517768365	-0.0819497901647765	-0.1422069226631857	
-0.27767041310242724	-0.5415943482373429	0.30569809749749316	-0.21910117112046631	-1.427201776897685	
0.20398326589186613	-0.6775043634873605	0.3516857474675269	0.3145486799407249	-0.21297004026354482	
0.2952322752022302	-0.8578737859451745	-0.07350852618381327	0.6557507927492237	0.0672270187170121	
0.4424155158115078	-1.2497125301895469	-0.3252597249536692	-0.37400484622216434	-0.5194286806120268	
0.28465373471246397	0.6531953570264963	0.07149291569199256	-0.09602577190909044	0.3696510985432624	
0.06552248295192774	-0.04515390361473544	-0.4008944222138533	-0.319544753288217	-0.5977860610184325	
0.053862592382683074	0.06501976801407189	-0.06688415937947845	-0.22723399843300573	0.23677229982404766	
0.03947037474126062	-0.049239139399166264	0.3731956356642568	0.0784642577758425	0.8360468692249138	
-0.5248290359487705	-0.009327120409469427	-0.6179372842585509	2.0436500611518458	-0.8745171948556966	
-0.42776059406975064	-1.0508989467614547	-0.428272655943868	0.07687199680826466	-0.43556938408520274	
0.30543642568468704	0.27850690959042673	0.5314243186000395	0.09458612974927691	-0.5435768270566621	
-1.143457285481488	-0.11562741553507228	-0.05445477328530187	0.08058271657342067	-0.19440333321247347	
-0.06542234658463378	-0.7981260171906431	-0.16542155762550584	-0.3999731476037243	-0.7248919154229576	
0.7261024273349447	-0.14815127909841827	-0.15738001666978363	-0.08777426114343019	-0.906987436609067	
-0.36891697483130453	-1.0622377700019678	1.2365853050945887	0.2788691543765748	0.007716976281807427	
0.1913010614075627	-0.49639215518168806	-0.8744491357320511	-0.8763265018959863	0.16726220533278427	
0.1337957373798135	0.1124467718855649	-0.3149157872711015	-1.0028301848435917	0.458285506249003	
-0.009282175734597485	0.4369010757336801	-0.5756605379237331	-0.07751777381888136	-0.6327691838646656	
-1.3787233566547261	-0.551812537979697	0.37185570373222127	0.890703769638073	0.42194106385650776	
-0.07978191573900051	-0.3447911506415899	-0.5059568900207707	-0.3436130986275817	0.6444820371434342	
-0.32418198950696947	-0.008066078728269263	-0.6332952207161727	0.2343114674233117	1.2784379766523002	
-0.07051015348686769	-0.3337412659193338	-0.9456502775320753	-0.04719390221064676	-0.6595987948326801	
-0.3965016574767112	0.017022946959095422	0.9455071554731541	1.4226439883018405	0.3883897223009226	
-0.4991536383412273	-1.2295776642019633	-0.49105859700042653	-0.3748078145523383	-0.9763168930631654	
-0.2515603947032098	0.16646682741084443	-0.3773243280710115	0.08893432705498525	-0.7957176953391998	
-0.48639780207194894	0.5774074984706988	-0.7018019757928557	0.06013307129339502	-0.41298996442480235	
-0.12788992526428597	0.1117694791040119	-0.38162603159174363	0.45385360711510764	-0.34635681464562035	
-0.04923778545695948	0.43160955670937895	1.3226296025134583	-0.27013880367689846	-0.5557153659682899	
0.5923436561730693	-0.52206639646973	-1.1759848786085572	-0.6937546517304373	-0.6850106750304947	
-0.014728657966122705	0.772595137871547	0.48851672056986695	0.9362939836079126	0.0897460528618852	
-0.8923198359525212	-0.8696879877143983	0.4377240667129521	0.2146233094450969	0.19307843260849977	
-0.5712398498710138	-0.8271349480035333	-0.8135774823443233	-0.6911716835903987	-0.9433791506088162	
-0.32667484513957284	-0.4356431966055911	-0.7581689864643616	0.7312135740354738	0.01605126823699509	
-0.7310915914208934	-0.37302252946030817	-0.4138820659639445	0.6201007112087965	0.4779180813665257	
-1.8129817332690235	-1.5387260008020929	0.04694908322370935	-0.6925640934551291	1.3424535417812127	
0.8635551742155596	-0.27455252810302044	0.3910248081629546	1.4458989645287588	-1.6482419428519437	
0.17812388876892904	0.09929527334136315	-0.799770044342364	-0.8748435566489597	-0.11995591930860505	
0.0761074257637788	0.9439556853336267	0.7759548386678501	-0.46817008476202093	0.0003596332719411852	
-2.672927766739979	-1.0790547079105557	1.1655345307189215	1.1703703809571318	-0.011526106565560525	
-0.44303599491286	0.6676773605624412	1.5709922108697665	0.3422926152612852	0.41295107112865403	
-0.6151037483892816	-0.4263458774099636	-0.5461740319180569	-0.5765402579774792	0.5286124290677768	
0.43125103281918503	0.8641373176650211	0.9160814032881835	-2.1579026077822414	-2.2076925264530156	
0.665212140925886	0.5164065322089676	-1.907518860948428	-1.7725361009587526	1.3846100205475098	
