            A        R        N        D        C        Q        E        G        H        I        L        K        M        F        P        S        T        W        Y        V
 1 A   0.0144   0.0171  -0.0171  -0.0102  -0.0049  -0.0204  -0.0087   0.0074   0.0038  -0.0067  -0.0255  -0.0145  -0.0485   -0.038  -0.0215   0.0002   0.0119  -0.0125   0.0075   0.0076
 2 A  -0.0071   0.0054  -0.0121  -0.0299   0.0126  -0.0355  -0.0222  -0.0428  -0.0153  -0.0241  -0.0128  -0.0412   0.0237   0.0538   0.0116   0.0132   0.0251   -0.017   0.0694  -0.0063
 3 A   -0.008   0.0036  -0.0395  -0.0089   0.0117   0.0111  -0.0234   0.0319   0.0056  -0.0173   0.0064  -0.0284  -0.0009  -0.0009  -0.0054   -0.001  -0.0084  -0.0058  -0.0055   0.0382
 4 A  -0.0149  -0.0059  -0.0107  -0.0036  -0.0314  -0.0035   0.0002   -0.015   0.0083  -0.0118   0.0165  -0.0103  -0.0317   0.0152   0.0261  -0.0072  -0.0139   -0.004  -0.0278  -0.0182
 5 A   0.0172   0.0077    -0.02   0.0022  -0.0074  -0.0124    0.017   0.0281  -0.0208  -0.0108  -0.0093   0.0082  -0.0295   0.0066   0.0144  -0.0082   0.0011  -0.0103  -0.0081   0.0111
 6 A   0.0048   0.0282  -0.0145  -0.0022  -0.0383  -0.0468   0.0161   0.0033   0.0246  -0.0263   0.0091    -0.02  -0.0084  -0.0186  -0.0201  -0.0075  -0.0077  -0.0124   0.0024    0.007
 7 A  -0.0151  -0.0131   0.0116   0.0167  -0.0249   0.0008   0.0148  -0.0069  -0.0131  -0.0014  -0.0122  -0.0023    0.009   0.0226  -0.0015   0.0092  -0.0095   0.0065  -0.0186   0.0024
 8 A  -0.0075   0.0126  -0.0025  -0.0197  -0.0107  -0.0139   0.0242    0.041  -0.0131  -0.0409  -0.0055   0.0084  -0.0021    0.007  -0.0117   0.0264   0.0203   0.0042   0.0039  -0.0023
 9 A  -0.0217   -0.028  -0.0236  -0.0188  -0.0215  -0.0168  -0.0216  -0.0412  -0.0116   0.0069   0.0203   0.0324  -0.0107    0.057  -0.0233   0.0085  -0.0302  -0.0054   0.0186   0.0019
