            A        R        N        D        C        Q        E        G        H        I        L        K        M        F        P        S        T        W        Y        V
 1 A  -0.1622   0.3185  -0.0339  -0.3063   0.3557  -0.2948   -0.254   0.1447   0.5139   -0.545   0.1704  -0.3538   0.0205  -0.2125  -0.2452  -0.5204   0.0372  -0.5272  -0.1875  -0.1945
 2 A   0.4392   0.3661   0.2978   0.0434   0.2264   0.3538   0.7033  -0.0821   0.3216   0.1098   0.9982   0.0313   0.1503   0.8818   0.2257   0.1979  -0.2437   0.4072   0.3587    0.532
 3 A   0.4575  -0.0058    0.113    0.224   1.4145  -1.0457  -0.8453   0.2021   0.2045  -0.1157  -0.3532   -0.441   0.4558   0.7058  -0.1396   0.8874   0.0266   0.8368   0.9032   0.1022
 4 A   -0.508  -0.2764  -0.1624   0.2916  -1.3222  -0.3369   0.2958  -1.7402   0.2974  -0.8736  -0.1797  -0.3798    0.349  -0.0932  -0.1902  -0.6328  -0.1712   0.5662   0.1872  -0.0975
 5 A   0.1587    0.318  -0.1831  -0.2716   0.0199   1.2019  -1.0667   0.2123  -0.1816   -0.079    0.036   -0.044   0.5686   1.2665  -0.2084  -0.1791   0.3212   0.0108  -0.3729    0.026
 6 A  -0.2129   0.9228  -0.1289  -0.2524  -1.4092   -0.295  -0.0104   -0.238  -0.1062  -1.2262  -0.2755  -0.1675   -0.442  -0.0781  -0.1485    0.068   0.2632   -0.669  -0.2047  -0.0059
 7 A  -1.1593   0.2227   0.1882   -0.067   0.5404  -0.1328  -0.2432   0.9219  -1.1868   -0.352   0.5537  -0.2745  -0.0183   0.2878   0.1207   0.1279   0.1707   0.9567  -0.2935   1.0168
 8 A   0.1874  -0.1612   -0.636  -0.6382  -1.1772   0.3205    1.242   0.6368  -1.0248  -1.1028  -0.5727   -0.855    -1.01  -0.6491  -0.3873  -0.0042  -0.1718   1.4326   0.1015  -0.4404
 9 A   0.3506   0.4707   0.1513   0.0394   0.0612  -0.1743   0.0791  -0.0678   0.2916  -0.1507  -0.0436   0.9561   0.2983    0.792  -0.0981  -0.0637   0.0467  -0.0635   0.4049  -0.0251
