TESTRUNID EPOCH: 7 L_PCC: 0.872107140014296 L_ERR: 0.009961917495721902 T_PCC: 0.8333190648511275 T_ERR: 0.012909775634273188
180 LAYER: 1
3 LAYER: 2
1 LAYER: 3
7 :ILEARN
-0.3190336091453224	-0.08723683026791841	-0.30078633662467286	-0.32022728238480497	-0.2832456477997052	
-0.558674344793307	-0.03411357308338844	0.03524974982147998	0.34604314110027173	0.39250295350628517	
0.3760005648273861	0.7203313320233317	-0.09367224262543229	0.06950837431776172	-0.2124108138456511	
-0.09180477566635768	-0.13600589525595452	-0.08568762061915737	0.16824884369326193	0.26363388557482303	
0.49130196943372323	-0.44909353170732463	-0.3287246474638059	-0.6418211242518345	-0.030289710157481047	
0.05871389850208355	-0.13004643096482757	-0.10301537190297833	-0.4137931924041792	-0.0342907078482531	
-0.09467880924708447	-0.33766539154329434	-0.08140584056798622	-0.49603862809544885	-0.3615048368246627	
-0.6386907231620006	-0.16073561371473957	-0.31966073258689803	-0.3403914797167142	0.09208971679541988	
0.10431917393564297	0.0001427593065323971	0.15450722606629502	0.38319460546973816	0.15533267726009636	
-0.5580097333474415	-0.407527094639556	-0.675447849028339	-0.46251864918100416	-0.5897010450988521	
-0.8115869214595369	0.09912541814431082	0.12090778604315015	-0.11709220032376667	-0.010608669256358264	
-0.04926277731065176	-0.05473802566325726	-0.1251298152415578	-0.3337212982598086	-0.1674029329111988	
-0.35599919295600674	-0.15496390255672501	-0.30484430281654473	0.4655392384073096	0.4035016341827726	
0.4096605046619389	0.12947117981491274	0.030302860735163382	-0.0480603221161308	0.01917456122394351	
0.062134742864694226	-0.29003440435151584	0.14536706681150363	0.5111527354670666	0.5479238702004694	
-0.48774438991856117	-0.3884867747701078	-0.9610102152351838	0.12712158175378227	0.087231510942788	
-0.04183028861128973	-0.031036772843139812	0.023217166529382143	-0.19573000343276675	0.24342076897478804	
0.34346644952789773	0.22148777113186557	-0.41888657962240666	-0.4997649037414885	-0.6614575372662914	
-0.23591018235416414	-0.22178652289704479	-0.15176466991062182	0.19564139198468447	0.21384123927327045	
-0.06340646342821679	-0.02165237791000614	-0.20770268984109064	-0.39693327854589144	-0.11933938257215967	
-0.35582482526963005	0.20292921832266003	0.133772636247541	0.09440371593538485	-0.038404043058297255	
-0.7987561118603715	-0.9534750474750598	-1.0039667764341411	-0.7124778226607172	-0.7863049506913021	
-1.089104499202153	-0.3063681960931587	-0.3535324783392296	-0.30248532893923663	-0.1310262742689719	
-0.017521059681132087	0.17523063546897968	-0.5807211859514552	-0.6222818544858808	-0.9547886544134898	
-0.29561179962490014	-0.18015421964531014	-0.38672761945274325	0.12920642850091402	0.2258158796059584	
0.31011186417585723	-0.26575648387050155	-0.2940258795554065	-0.6219699452307595	-0.13595478163188032	
-0.06929407293622367	-0.2219003628908168	-0.3515430203331347	-0.3553178673759259	-0.05909401382479991	
-0.25656407516296076	-0.13073157718969997	-0.43591233570140625	0.1369006666882634	0.1546270315119267	
0.12545452149733097	-0.09884402019085449	0.02782539665149244	-0.036488049160107006	0.05882084869596081	
0.0654106291711309	-0.04073603843566723	-0.06004225234664798	-0.04332173439574554	-0.3609153932976858	
-0.018385538355908043	0.21226936169739705	-0.17908122392915857	-0.05240689264808436	0.042278116799513835	
0.3536866685953598	-0.3656340206672548	-0.2643700376866443	-0.6687146036957796	-0.1618640194014529	
-0.6539263664012522	-0.5886064015021629	0.04844416345083489	0.07641473449502055	0.0190654125271619	
-0.3004346048900831	-0.3903302750251996	-0.41221251320238567	0.22192379147137414	0.11301422357711975	
0.09138098721643735	0.15549591839445007	-0.2551539947788449	-0.22547304713280567	-0.2274861211535449	
-0.42956658840987333	-0.4727518513186763	0.029300064417875266	0.07954611257296004	0.05316317201391368	
-0.36610404647887995	-0.47129438176919025	-0.22176533246588756	-0.06930680342706748	0.013572870059897374	
-0.20916124268971834	-0.27635433004117943	0.04908977548109798	-0.14805537811223665	0.14633513523563282	
0.02196386327436283	-0.18622673457664693	-0.005693158379563985	-0.11035749436405196	0.038370256638714455	
0.15293144312027568	0.020440366135169467	-0.0540780271909318	0.09727942603676398	0.155174606481517	
0.06742422547940807	0.025422665912590705	0.16255018735773855	0.15292752707885632	-0.00836528398471097	
0.07479454287555817	0.011239451034439147	0.08722573053033733	0.1533566827812294	0.35018304008037754	
-0.12177586334316177	-0.1085628405182005	-0.10157358167409344	0.1338567631742412	0.18891949820381004	
0.08833284665250127	-0.3608233511283707	-0.20445710937744158	-0.11361073598593906	-0.29458227070681026	
-0.3275791334018017	-0.12292199051777328	-0.05022289297186172	0.09297728840719505	-0.18247504062008135	
-0.2133228122616729	-0.30045903243701966	-0.21055257310207895	0.11479946568017217	0.13207304249679158	
0.1256799135777299	0.05047872756111454	0.096361160169715	-0.021292865217870143	0.015320576838659722	
0.058925144995565754	0.0397316399782228	0.12877122697697352	0.06212171746681943	0.3467647990695738	
-0.04623984835477247	0.09769698064927285	0.10198985617263787	-0.2168135320785427	0.18339377323432232	
0.0011894050513095173	-0.227680784205264	-0.04904796989246097	-0.020132071298085814	0.2885368452364089	
0.2341177634325727	0.2777456586927179	0.029861962723178197	-0.08819289523477847	0.12713441306696402	
0.09769946489925646	0.18300720371096557	0.009539647036332153	-0.02557902999907134	0.2140418197900164	
-0.11783589625389412	0.045159753659432506	-0.019608749186806308	0.09584483586997854	-0.030589131725111834	
-0.06442072960802064	-0.025647243451472443	0.008674302056807836	-0.018954377347579914	-0.0040541832089829285	
0.04351261023095574	-0.03800967113267358	0.09814763413875117	-0.13475038698778485	0.34138560119676903	
0.040760877560386856	-0.10513432901873336	-0.05925979291265975	-0.13570805884136616	-0.008546899985566854	
-0.38220631639557406	-0.09922916653460567	0.007462856926526169	0.09282449139497302	-0.3700713919480429	
-0.1182104275030134	-0.2378936206044871	-0.14061735235035266	-0.049881014214123644	0.035327493351672346	
-0.05710687106644644	0.15389034756218342	-0.15548881672742534	-0.19427841389764014	0.003879182038748325	
-0.28658483031167403	-0.06060123213586712	-0.11056019519184906	0.06174609773614203	-0.15947967382503977	
-0.10595842109135974	-0.04472983446216767	-0.1153348108314169	-0.19359631379691972	0.029512574114581615	
-0.2563578814857493	-0.14996641363291277	-0.14026073677398057	0.023056310487776035	0.08957579418972658	
0.21198263315824722	0.408201786215289	0.09863183389636083	-0.10409592820366578	0.16505559449545726	
-0.06179613250425448	0.11211405349535596	-0.03593753926334909	-0.0032911284837148095	0.23517541456836857	
0.27952137097590407	0.15733251770439471	-0.0572448454115219	-0.013375679405555358	0.049225030725926294	
0.05550121879364151	-0.08826141221651121	0.02811880072804524	-0.04271816132716107	0.033956379910374236	
-0.08183092623220173	0.05525827662243435	-0.2176664659590938	0.06980357701425476	0.37510805385569457	
0.027234604429564574	-0.05905237037248708	0.029114355529108814	-0.023058717424341922	-0.15226720629574034	
-0.22166613087844642	-0.42359989475448684	-0.06145140443119502	-0.07476822349519519	-0.3182725415975619	
-0.13894425943148098	0.03075136965311738	-0.22968070742351282	-0.10995724354835217	-0.2487050868631083	
-0.15481814127148938	0.16361846599991456	-0.14443556173613875	-0.08079383778575211	0.1654288510108482	
-0.05439339432198568	0.14728289765991995	-0.02910772098809233	0.03369619971687285	0.1649753180541136	
-0.038666063037849065	-0.09504821442848212	0.010337905321554411	0.22487854590927261	0.2735701931317248	
0.3331987577181285	0.17423487900408244	-0.045046550111044685	-0.0495197119836163	0.241082803475009	
0.11766280961468467	-0.00394563553229106	0.12787952354753207	0.28102300973408645	0.16862308780369917	
0.005134920365919697	0.10946535269439256	0.03262213152813357	0.3541251919297574	0.1580884081144995	
0.16510706016239043	-0.15141237772995614	0.0435508608544438	-0.19790508790683062	-0.15790082913874642	
-0.07098533131034368	-0.23981399964924996	-0.025882795276228134	-0.05516853466262172	-0.026417309430991548	
-0.42168552131278325	-0.13764570694184336	-0.13535078347788626	0.0589715225073025	0.15904370449308433	
0.29438653163597345	-0.24152943635941934	0.09669310991999364	-0.07862366359681291	-0.21296143170211804	
-0.13761542572586502	-0.24416762513695567	-0.09358959339547547	-0.14494509517504364	-0.25817431568174454	
0.013514755453590137	-0.1737271222305941	-0.2873543812922745	0.06308595943063411	0.03752907112210923	
0.031226278669455664	-0.1451820893193682	-0.07862655686737566	-0.21617961040325007	-0.045645092041073136	
-0.09790606398339514	-0.15484668038618324	0.09634660454752593	0.19851564208052985	0.06654727687685735	
-0.08005974229525943	-0.2208496063595544	-0.03265846788024525	-0.11724907133890969	-0.047973492428823865	
-0.3272853136760855	-0.23142188068801628	-0.17016061713522343	-0.35719514538109004	0.04657668410300402	
0.3353347780566506	0.2986853901750976	-0.012482493914554726	-0.1912535571478016	-0.13033358551144225	
-0.041611415259814974	0.09844865170126037	-0.21703541924727568	-0.049504662318625776	-0.023839513708410028	
-0.14538565347715918	-0.1203012137714625	0.16023727618227795	-0.022772853013214224	0.1905529658015784	
0.276788075644618	-0.09556282224350948	0.4063458559508616	-0.0014344781155889777	0.423485288132174	
-0.34600721649962846	-0.3982543725088075	-0.3068322611702758	0.26409217085735637	0.26009201897251544	
0.08082763904354305	0.14703053115199186	-0.1304723517467475	-0.09833289137977883	-0.19937549042660246	
-0.26064010238115987	-0.38487592053135633	-0.21663659602646257	-0.19012187867853977	-0.26863488625932547	
-0.08562302721108093	-0.08833762348030631	-0.17139580258316037	0.18924783285264077	-0.013466732878344817	
0.29183436842118254	0.0893181509910066	0.13691984963814832	0.036211388330027426	-0.16734289328594584	
-0.25710860396534324	-0.44856559711288374	0.36197281064750325	-0.09337017244460079	0.4739671808044163	
0.05166072807877765	0.18894809519010874	-0.01499014895024978	-0.2553807665646509	-0.058525240568261604	
0.0025894674165728927	-0.08187417534346346	-0.16684436134398936	-0.07357017726058708	-0.013833378010093494	
0.013650070828056122	0.03663697203316761	0.10604558213779265	0.078490428654628	-0.03359644248008989	
-0.20349843237544307	-0.231738693990111	-0.08311366354984728	-0.18119222801943313	-0.3318918537257781	
-0.3953407061435901	0.06780672922324177	0.08653926491591904	0.009990336420191932	0.25940142611415	
-0.08130207222704292	0.23576922998537314	-0.35645936477417456	-0.36811480472872643	-0.6130164386674206	
0.10901030058590826	0.024713406359435513	-0.07612045904608082	-2.2077743418479705	-2.219933021961898	
-2.42006978627439	0.2471259444325579	0.12337317091610263	0.25835388201936754	0.013742394238277784	
-0.2770407431379013	-0.3028755528512986	-0.2508328911929267	-0.3494409558212232	-0.5050098963011274	
-0.03829164971501927	0.039207538171439994	-0.0408547201977508	0.3923273238613295	0.5215937076754763	
0.5625680267095553	-0.02347977155037783	0.03394410612787211	0.23375719294555863	-0.6537532905664434	
-1.164968017995837	-1.041511209499573	0.004264932284038826	-0.1177926077978678	-0.20383482989967355	
-0.0035831223541673554	0.07467742989174668	0.11468781406549551	-1.3947914732034894	-1.5873970814726819	
-1.6363036623525873	1.7931745821030531	
