            A        R        N        D        C        Q        E        G        H        I        L        K        M        F        P        S        T        W        Y        V
 1 A  -1.9542  -0.1491   1.1174  -2.2708  -2.5482   0.1091  -1.9723  -2.9542  -0.9998   1.4133   0.3041  -1.6674  -0.3005   3.8086  -3.1328  -1.8028   -1.489  -0.6417   2.7997   0.3831
 2 A  -0.2664  -0.2323  -0.1224  -2.3125  -2.2013  -1.7722  -2.0093  -0.4192  -2.2244  -0.3951   1.2646  -1.5153  -0.4608   0.3157   4.4937   -1.343  -1.2775  -2.8076  -1.5415   0.4752
 3 A  -1.5522   4.2911   -0.926  -1.7222  -3.4221   1.5283  -0.1539  -2.4778  -0.7142  -2.5658   -1.143   3.4742  -1.3272  -2.1185  -2.0332  -0.9884   -1.363  -2.1689    0.645   -2.364
 4 A  -0.0632   2.2046  -0.9001   0.2983  -2.3803   1.8898   0.6215   -0.213  -1.3716  -1.3312  -0.0621    0.765  -0.8875  -2.3743  -1.9952   0.3391   1.0914  -2.7854  -2.0926  -0.4725
 5 A  -0.3406   2.2151   1.4022  -1.6752   1.6036   0.8462  -0.9905  -0.2309  -1.0161  -1.4472  -0.6329   1.2672   0.7152  -1.4566  -2.4014  -0.9282  -1.2239    3.292   0.8199  -0.6229
 6 A   -1.233  -0.2533  -1.9993  -2.8046  -2.1719  -1.8151  -2.3425   1.5649    1.109   0.0058   1.1144  -1.8427   1.2069    1.728  -2.9316   -1.543  -0.0909   3.3261  -0.3392   1.1135
 7 A   0.6178  -1.0217   1.5722  -1.0576  -2.3518   2.4795   0.5769  -0.0219   2.8816  -1.2178  -1.5134  -0.7163   0.7035   0.0974  -2.1333   0.3027  -0.8935  -2.3839  -0.8288   0.1726
 8 A    1.841  -1.1929  -1.3707  -1.2764  -1.7989   0.8203   1.2069  -1.5854  -1.7143  -0.1554  -1.5861   0.2413  -1.1989  -2.5553   2.3905   1.1657   0.5248  -3.0855  -2.1293   0.5711
 9 A  -1.8385  -2.6804  -3.2591  -3.6658  -1.9527  -2.3895  -3.0363  -3.6038  -2.3064    1.611   2.2159   -2.733   3.7255   3.7934    -3.41  -2.4319  -1.5394  -1.1209   0.4635   0.8474
