            A        R        N        D        C        Q        E        G        H        I        L        K        M        F        P        S        T        W        Y        V
 1 A   1.9852    2.649  -1.6702  -1.8119  -2.5954  -0.7519   1.3011  -0.0253  -1.7925  -0.8081  -2.2411   0.0725   -1.829   0.1822  -2.3483   0.8407  -0.3893   3.4374  -1.5182  -1.7052
 2 A   -0.798  -0.1234  -1.1741   0.7433   0.0715   1.7968   5.1172  -2.7375   0.6953  -3.0396  -2.9185  -0.2871  -0.3941  -3.4288  -0.1325  -0.2669  -1.5566  -3.2743  -2.4168  -1.7372
 3 A   0.1153  -2.4288   1.0273   0.2626   0.3722  -1.6685   0.6038  -1.2428   0.3348   0.8066  -0.5528  -2.0548   1.1953   3.0564  -2.9164  -0.6175  -0.5962  -1.9184   0.7009  -0.4204
 4 A   0.6464   -0.937  -0.5847   0.7999  -2.6199  -0.3335  -0.5981  -0.2742   0.1698  -1.1448   0.5072  -1.7498  -1.2189  -1.9075     2.95  -1.3271  -0.6114   3.4186  -0.1057   0.5276
 5 A  -0.9523   0.1204   1.6546    0.264  -2.7705   0.6853  -0.5821   0.3755   0.3461    0.884   0.7627   -1.492   0.4114  -0.4008  -0.4869  -0.7009  -1.5258   -2.693  -0.1101   0.0352
 6 A  -1.5282   0.3522   -1.326   0.9373   0.2733   0.8866   0.4289  -1.2952    2.423  -0.3329  -1.9354   0.2008   -1.591   1.1171  -0.3783   0.5496   0.2205   1.8301   0.3959   0.0507
 7 A  -1.5464  -2.1014   1.7101  -1.9226  -2.6743  -0.3274  -1.8325  -1.1823     2.41   0.2396  -0.5526  -1.8596  -1.2775   1.2566   0.8485    0.709   2.0768    3.494   0.5244  -0.6728
 8 A   1.0866   0.7768  -0.4021   0.1347  -2.3261  -1.4094  -0.6217  -1.0842   1.4169   0.0593   0.2912  -1.3951  -1.0703  -2.1692  -0.3085  -0.2002    1.719   1.6897  -1.8784   0.4261
 9 A  -1.1038  -3.0248   -3.613  -4.0165  -2.0986  -2.8839  -3.3249  -3.7972  -3.0839    0.554    3.503  -3.0852   1.4076   2.9279   -3.553  -1.5316  -1.7327  -1.9703  -0.5823   1.5071
