            A        R        N        D        C        Q        E        G        H        I        L        K        M        F        P        S        T        W        Y        V
 1 A   3.0699  -2.1553  -0.8552  -1.1981  -1.9754  -1.7444  -1.8835  -1.9051  -0.1488  -0.0223   -0.953  -0.3436   0.9458   0.1176  -2.3506   0.7777   0.7698  -2.8046  -0.2537   0.9947
 2 A  -2.3351  -2.2267  -2.6253  -3.2986  -0.2154   2.4043   -1.953  -1.9889  -0.2633  -1.2495  -1.5889  -2.1083   0.8733   3.1337  -3.4817  -1.3595    -2.28   3.6163    6.079  -1.9855
 3 A  -2.1515  -0.8564  -0.1394  -2.4933  -0.0458  -0.4453   0.2671   -1.941   0.1025   2.6209  -0.1397   0.6474  -0.9031   1.7239  -3.2239  -2.1094  -0.9225   1.6126   2.2937   -0.007
 4 A   -1.358  -0.9533   1.6838   4.2121  -3.2814  -1.5335  -0.7423  -2.5747   0.0072  -0.0791  -0.5445   -0.243   -0.251  -0.1319   0.5062  -0.6827  -0.7592  -3.4616  -2.2476  -0.6333
 5 A  -2.2342  -1.8653   4.7127   -1.077    1.331  -1.5838  -0.9095  -2.3026   0.3346   0.5896  -1.3543  -0.2939  -1.7309   2.2045  -3.0876  -0.4994   0.0558   1.3975   -1.093  -1.6517
 6 A  -2.0943  -0.9356   0.6295  -2.6313   -0.126   1.0701  -0.9995  -1.8386  -0.4475   0.0524    0.078  -1.0111  -1.2248    1.021  -3.2029  -0.4965  -1.9071  -0.3858   5.6822  -0.9165
 7 A  -2.4588  -1.8661    4.876   0.5791  -3.5888  -0.3247  -0.6622  -2.2566  -0.9571  -0.9978  -1.7328   -0.862   -2.071   2.3175   0.4124  -1.1672  -0.7065   1.5393   1.7522  -2.3884
 8 A  -1.8966  -0.4422   0.8894  -0.8304  -3.1815   0.2253  -0.3365  -2.8912   1.3094  -0.7953   0.3628   3.5838   0.9995  -0.6911   -2.612  -1.4601  -0.0686  -2.6383   0.7477  -0.1044
 9 A  -2.6574  -3.5672  -3.9307  -4.2948  -2.7304  -3.5076   -3.825   -4.252  -2.6209   2.7019   2.0077  -3.5975    0.864   4.5271  -4.1371   -3.254   -2.303   3.2715   1.8115  -0.0766
