            A        R        N        D        C        Q        E        G        H        I        L        K        M        F        P        S        T        W        Y        V
 1 A  -0.0355   0.0549   -0.018  -0.2411  -0.0431  -0.0491  -0.1885  -0.0115  -0.0207   -0.031    0.013   0.0026   0.1141   0.1082   -0.178   0.0055  -0.0372  -0.0821   0.0387  -0.0516
 2 A   0.0831  -0.0865  -0.1146  -0.2915  -0.0755    0.149    0.113  -0.1828  -0.0367   0.2036   0.3332  -0.1931    0.281  -0.0678  -0.1673  -0.0337   0.1013  -0.0388   0.0032   0.1298
 3 A   0.0532   0.0398   0.0715  -0.0964  -0.0328  -0.0676  -0.1361  -0.0764   0.0301   0.0682  -0.0562   0.0191   0.1099   0.0037  -0.0139   0.0703  -0.0456  -0.0098   0.0316   0.0508
 4 A   -0.033  -0.0558  -0.0721   0.0172  -0.0382  -0.1033  -0.0262  -0.0881  -0.0567  -0.0506  -0.1009  -0.0559  -0.0428  -0.0042   0.0257  -0.0273  -0.0446     0.05  -0.0681  -0.0982
 5 A   0.0316   0.0977  -0.0648  -0.0334  -0.0466  -0.0403   0.0444   0.0581    0.044   0.0704  -0.0157   0.0495   0.0942   0.0566  -0.0589   0.0336  -0.0015   0.0631   0.0579   0.0087
 6 A    0.002  -0.0384  -0.0131   -0.054  -0.0713  -0.0614  -0.0769  -0.0543  -0.0545   0.1295   0.1274  -0.0662   0.1226   0.0845  -0.0029   0.0437   0.0814  -0.0729   0.0462   0.0877
 7 A   0.0664  -0.0367   0.0246  -0.0438    0.009   0.0545  -0.0166   0.0322  -0.0037  -0.0093   0.0189  -0.0948   0.0601   0.0291  -0.0331   0.0575   0.0652  -0.0183  -0.0052   0.0307
 8 A  -0.0259  -0.0246  -0.0409  -0.0816  -0.0623  -0.0525   0.0059   0.0583  -0.1607   -0.058   0.0304   -0.033   0.0463    0.014   0.0691   0.0506   0.0271   0.0219   0.0279  -0.0523
 9 A   0.2172  -0.1582  -0.1213  -0.0054  -0.0834  -0.0966  -0.0735  -0.2075  -0.0307   0.2206   0.2077  -0.0018   0.1175  -0.0082  -0.1461  -0.0372   0.0918   0.0126  -0.0862   0.3508
