TESTRUNID EPOCH: 59 L_PCC: 0.869612211574529 L_ERR: 0.011048247964523058 T_PCC: 0.8235047949959575 T_ERR: 0.014756428466653307
180 LAYER: 1
2 LAYER: 2
1 LAYER: 3
59 :ILEARN
-0.27175206225000614	-0.07296392769946904	-0.11891245384588778	-0.667145159780147	-0.27787243306458853	
-0.4265218321806316	0.600604388997787	0.2573928783955197	-0.5660675307633977	-0.01598065951746697	
0.14991539743673274	-0.02449780905488077	0.5186350090102186	0.21804870312397642	-0.6381620437356764	
-0.14999345198381725	0.3238567975221454	-0.05522366906333706	-0.21376678578972344	-0.03506237364155208	
-0.2786079149585078	0.11650994057281441	-0.1753719618317182	-0.5648257968110136	-0.5588011665208911	
-0.4950656955606679	-0.611429773621703	-0.5029401890719369	-0.041002185588838565	0.098944096582481	
-0.5584171414291489	-0.010347699858982274	-0.045152284202497804	0.2336796525753804	0.03146541885780101	
-0.2063977068971174	-0.15137195196268421	-0.25605259983076534	-0.039345875400952746	0.2795777018859128	
-0.3205867938006337	-0.16494323345303283	-0.13653880764957826	-0.03947687958804284	0.34529650359782654	
0.555530365928009	0.07303375031860959	-0.09006445865881296	0.3659995514247308	0.46244287171975157	
-0.6447533221846258	-0.7424529997691256	-0.11043837299660159	-0.1721558583735024	-0.16321868899656597	
-0.1525284479258044	0.13828661839960615	0.05906143478979451	-0.3451388974885374	-0.35690368931464017	
-0.8160410371731622	-0.8968848149096726	-0.19978840983441393	-0.27702259290441317	-0.3690568722228025	
-0.19707587011835465	0.02284366871915194	-0.2445311676927132	0.5793987218286657	0.5488264685143787	
0.2126076107583086	0.0370101545092186	-0.2609677864429397	-0.5563191647530312	-0.279616742075893	
-0.5312657799136759	0.22155578799273792	0.01311146589402666	0.00838361735475686	0.03425565620768635	
-0.17288881919497145	-0.6231061986612579	-0.1838620615743736	-0.28092570570160236	-0.6615257635316928	
-0.5524825465304813	-0.3181727132819507	0.3024893467366668	-0.11163363461738489	0.022211497057901347	
0.30668294201094665	0.608589499135255	0.3422869656774284	0.7771004822831765	0.3642894294798585	
0.1630535677803612	-0.04402885893299759	0.1489752170038455	-0.31345048500797207	-0.44178734160749916	
0.4084891026870941	0.46377106298198073	-0.4964604543178188	-0.7334465984427978	-0.256477203143562	
-0.9253443671132006	-0.7243766860467308	0.043996500197785296	0.03766816733220092	-0.5678013228964597	
-0.4104717275258265	-0.4172579203039108	0.5350678054817385	0.5345397445506979	-0.1869433084105434	
-0.20914210725950608	-0.388821930470361	0.12844425746802784	0.24809571906807104	-0.08410451570719989	
0.049925443083216565	-0.25951183487682555	0.024270897705142666	-0.10056641402923595	0.22963572252005368	
0.06150876797238525	-0.23303794079793225	-0.26211760166073983	-0.09817810388247573	-0.2938338825126859	
0.23367888337174778	0.36821122345849	0.07227529580830294	-0.3357509285146713	-0.07051198408169412	
0.09961842270057991	-0.08135039603992475	-0.0202107011983535	-0.051503032994139504	0.27024267168288685	
0.16256817137951873	-0.016325116306488235	0.2267480821316459	-0.09553946789180709	-0.3027483674334918	
-0.3418305196204286	-0.16230090786803872	0.060575072521079396	-0.15175886968782815	-0.42031136905970995	
0.08642604199973188	0.09701265537069075	-0.019967163481369392	-0.15661730011167638	-0.29144418845152914	
-0.06320173985174347	-0.4625258876834492	0.29874142006212	-0.013270373719448454	0.3823505248813787	
0.019032959594579284	0.0059208672311711836	0.16140634213712013	-0.13727709933303395	0.2052259402897409	
0.3479689882154915	-0.02444074167303334	-0.06920055011987508	-0.06231162609042198	0.05730758496758245	
0.36960432699228435	0.08842598810012925	0.12757587356284114	0.10030467103448111	-0.07515472863741032	
-0.1808796002456468	-0.02133418903856926	-0.2592688904478063	-0.4636849296268085	-0.18941201564759833	
0.16436249187037275	0.336946900068793	-0.07942875841430683	-0.5688035975824618	-0.19034056698095767	
-0.05917545089162577	-0.2088238305576685	0.2763733184058947	0.3327227657174259	0.1680959214099567	
-0.16724132749584397	-0.24657456442964887	-0.07118581767967531	0.22726373034433628	-0.16324154908150257	
-0.1362715469632438	-0.0541741236105554	-0.054241557431377714	-0.21389834274512856	0.14217491335097723	
0.15322019609797322	0.13855761103298614	-0.036181771298763446	-0.2026394982676091	-0.012467987646776464	
-0.30757351137734373	0.3143017559562846	0.1098003574262022	-0.03594247743450493	0.15210415136861424	
0.2705298299578767	-0.23169388575812921	0.23221341595146297	-0.015122735084246762	-0.19568642680211107	
0.018025407584356522	-0.09710380145799978	0.15745925486667622	0.011595982614602525	-0.0440431991129975	
-0.40394333758060186	-0.34450330668424106	0.4410711635879651	0.5063135274337399	-0.32370404763921423	
-0.17085763071275475	0.054208567234998235	-0.10674910373473034	-0.05894049496694617	-0.5325750880827352	
0.15380136150701784	-0.24254818105480525	-0.04380402386141411	-0.6466030392603372	0.14412828205083997	
0.05649614054631327	0.08323039596014957	-0.2896659379777893	-0.21492098520333447	-0.01188053952588798	
-0.13293076679612867	-0.10462301789210943	0.024060326633120115	-0.2949030787928855	-0.29086334416161663	
-0.19674566254730255	-0.12572433602996858	0.5307601833802043	0.2299355080940637	0.046259300133917866	
-0.2786775667028242	-0.11158056466917464	-0.18198557170761018	-0.04892042769171781	-0.20651311001646766	
-0.18380425674367407	0.02354172918942225	-0.09430843842506209	-0.18198942185375863	0.20591682984871598	
-0.13616617553311325	0.06132594975910475	0.4160477068175884	0.4686962991271157	-0.24632643803711432	
-0.15305663037333217	-0.08184966313579552	-0.193266689338411	0.14198575559283205	-0.1391056333879386	
-0.1543738055420649	-0.28316374394063615	-0.32729522132746863	-0.33293576209082787	-0.03624227046794973	
-0.10482773596781277	0.04173531757772741	0.18933557612451468	-0.14031411765969354	0.10175565357611893	
0.2036748155855049	0.03953064009248517	-0.01933818251509782	-0.08900655545467459	-0.24326056900783888	
-0.14855162572449043	0.22718085427394208	0.4202128543580713	-0.01508647347475663	0.16627751841102453	
0.1784127208530213	0.3689075268909098	-0.030789749237664914	-0.2170288840953534	-0.3473812076912785	
-0.09664226411602247	0.16134788112529988	0.2740971395124481	0.2671873386679632	0.02899897318563499	
-0.10051673828874756	-0.14719635968267109	0.058268421078714806	-0.03049170550215619	-0.3248627351198941	
-0.1878425113262825	-0.09697371865530872	-0.036653454090470355	0.01136345398561515	-0.5511032421318778	
-0.2862467644001678	-0.21805830202309712	0.05198941390973745	-0.09610748758636072	-0.16121836605103287	
-0.1183874127389511	0.06123741476306538	-0.047558641565295705	0.23802375449754606	0.23304682361070345	
-0.792217692235131	-0.9720607773861144	0.10202291651721533	0.04070136583607192	0.5372474521097287	
0.6560050679378191	0.02757402138637985	0.1819604637522237	0.4202819277997926	-0.08037039837320241	
0.052840865947044596	0.3682337247296763	-0.311956747960703	-0.36930376268134735	-0.004034819345350454	
-0.13600795031925222	0.3903428654323595	0.6246743978911063	-0.1199720537997043	0.06500224611781515	
-0.8866897474417028	-0.5709677536385032	0.46636287161572304	0.476373125361877	-0.24673239245857956	
0.487219501360658	0.32626803520826875	0.3893536406017269	0.14788893092318953	0.040527255731197656	
0.03924516106125992	-0.01609679542438633	-0.20431014023999353	-0.20199584506921445	-0.027911977089459188	
-0.010889264913926415	0.4709396451205251	0.46393871002571824	-0.6745262728743495	-0.7439174326094362	
0.11445135091160026	0.0883578837394396	-2.6404052247083603	-2.876001394755814	2.1984443587209723	
