TESTRUNID EPOCH: 6 L_PCC: 0.8741879653805055 L_ERR: 0.00590614094212191 T_PCC: 0.8140274602649551 T_ERR: 0.009245235326268501
180 LAYER: 1
2 LAYER: 2
1 LAYER: 3
6 :ILEARN
-0.17598924533713423	-0.2714276355991561	-0.4862638091872971	-0.8113988839298647	-0.02635682425629938	
-0.04210332612369831	0.2214792500174961	0.5964510506252896	-0.004591774916998287	-0.08641935177239171	
0.07117360822375035	0.2617556086024451	0.10239823958069734	0.47534709590992924	-0.1916950404201563	
-0.0788221334449355	-0.1634692166812245	-0.29098362790933724	-0.1641851223553231	-0.27530439893674136	
-0.11631232146765658	-0.22350949313230423	-0.22526409663283778	-0.363693930468945	-0.021058907284118022	
-0.16460567247069563	-0.0514093532780419	-0.1506376528063018	0.06321093461041802	0.3273086724139298	
-0.15392868299170118	-0.22858485866521486	0.09712369212827929	0.013163699950142086	-0.11098165221643616	
-0.15321284153714143	0.08677838505068182	0.03096718786331984	-0.1799123245116611	-0.15415571306145748	
-0.15042940697543872	-0.3468072874098442	0.17735258933160108	0.29679719752358635	0.12879706013778913	
0.2274334034340553	0.14993147275755048	0.020543650756551363	0.11765960778615463	0.054322950067268075	
0.0800683498319632	0.27824840732231215	0.020952779230653754	0.03314552819034242	-0.033740014455763044	
-0.17269342738838203	0.24992735910736524	0.27192665335516086	-0.21340116516070656	-0.30105807467574897	
0.02329579008546428	0.1074638884151004	0.13192291025832845	0.0787823829424704	-0.002493397741855931	
0.1599853982912593	0.2280224401485132	0.22144507442384959	-1.0317617882285157	-1.3817312720233255	
0.2434775629971114	0.07803795854052399	0.09816559418682716	0.2283915699143782	0.014090668381491074	
-0.07118583418513338	0.29612427787328033	0.227647579939334	-0.20635284973396922	-0.3632008560134022	
-0.28390571890629535	-0.5244010243469284	-0.7117378107808433	-0.8340588614720125	0.0362319099053417	
0.13971350429916016	0.1503613708285764	0.274596909381092	-0.10927178932343855	-0.26420641345239837	
-0.07718134617301615	0.2417637255051854	0.07782641131367926	0.21604151332131727	-0.052825360231915135	
-0.31779552152341994	0.038749110511753025	-0.10637591495498401	-0.10110444237003918	-0.045718262835719926	
0.11111365621756815	0.15647398010406374	-0.14363633708987888	-0.06639094924730522	0.034747245240364134	
-0.050460561673442934	0.1319600663158269	0.29472527040814567	0.022047645357844547	0.14424406463772313	
-0.07643601218419707	-0.07458982982425649	0.12387106877781433	0.12755901886458498	-0.13351789029784641	
-0.013696036216827759	-0.029395792687659638	-0.11751817111011874	-0.12580120641176995	-0.3604558507852813	
-0.17029097555465134	-0.19313064339514893	-0.16237398989600346	-0.33253046836202776	-0.04074252612408805	
-0.1859706351685176	-0.17139779497383226	-0.0011962243802038615	-0.15952419619710256	-0.24009265450905923	
0.04675331874570996	0.06150257945118537	0.08971789747970035	-0.008207858355014497	-0.002639538337160964	
-0.054885951921825715	0.016750484466134863	-0.15944958566016249	0.024500458739197095	-0.00797526841389265	
-0.11591798338139256	-0.35225860754519267	-0.12655046389752608	-0.25559554631815296	-0.12908630848472935	
-0.2408227271920442	-0.049901671375957114	-0.011411162519692632	-0.09720855792383797	-0.1531386237588073	
-0.1984513610771876	-0.11497763781741761	-0.046471061045205646	-0.2678115492131898	-0.1599909081435503	
-0.35876502255257725	-0.10743059771086282	-0.12585123664684475	0.044095863636050024	-0.022546406558515603	
-0.14312841957771574	-0.13650116145825647	-0.38603164377036137	-0.6934238324984038	-0.1726975997691233	
-0.2999887612661476	0.03532575521799855	0.19627822317593588	0.02482815936279352	-0.05560255772450078	
0.19307254636376583	0.37167882492085474	0.11788409820046337	0.03762630671930652	0.030265521637603078	
0.0875399931674597	0.012342333834752162	-0.1731262909478044	-0.14207297480873304	0.007513780817558334	
0.004515115064833185	-0.06740891935203731	-0.029224395944353616	-0.3426201039510165	-0.19179451649583587	
-0.1675511942809962	-0.0902955042684929	-0.1411509298718075	-0.14528617279973807	-0.02810886233638414	
-0.1345731147313021	-0.27527818433464796	-0.0004225413989162865	-0.012839208569715673	0.03785704953170123	
-0.13704245131456624	-0.06023365624297474	-0.11773755296159534	-0.08889352226048346	0.039037764030071656	
0.2943797356621967	0.26309734338876933	-0.37674799170434814	-0.6707606158624974	-0.09302752326313508	
-0.2089499493227198	0.14156050100672082	0.11612610045586333	0.2764683302124753	0.24210302667371209	
0.20468222068946193	0.51242762332849	0.12888958686529697	0.24924680554242154	-0.2556387305867501	
-0.29836049893914335	-0.1000053477641755	-0.1112972137784461	-0.002519455220977004	-0.15220381511169714	
-0.19721711119586383	-0.12851300017675524	-0.11394874215077447	0.03589684480750352	-0.1699273396834206	
-0.01849516859696605	-0.007161559897820239	0.008324407338373089	-0.03447610531080718	-0.10746561930710284	
-0.010610442616028963	-0.06184032037503145	-0.28866684642236334	-0.5806485071633577	-0.014702831235326327	
0.1218512456744507	0.07724432431512944	0.20417184856570972	-0.10386494272484814	-0.05355878059080909	
-0.16675990788996495	-0.07139481959131652	-0.20270065011850602	-0.35202989062148543	0.0811569136601618	
-0.1470380679393157	0.1328536750807367	0.20114071241481227	-0.11846521898136002	-0.15431922495173112	
0.0034206344567331653	0.2598095001948142	0.06464852653477006	0.2037849921626744	-0.1551174641847947	
-0.24749100171556343	-0.04871204193377333	-0.23773470746182213	-0.014171994053567767	0.009343552832925104	
-0.08745230879119531	-0.20452570367229125	0.027452203962891664	0.010784570667532752	0.04023854005907057	
-0.12810252134407063	0.07760470490664532	-0.09387053886155038	-0.17558895330915678	-0.052734385527113965	
-0.09073915491722581	-0.18854595882718175	-0.08115123672747429	-0.16578492350473376	0.05161798573704285	
0.06096652419629488	0.08584833645461026	0.08873451358770795	-0.04470653451681801	0.03351792119839865	
-0.3557122963069152	-0.4401781189782497	-0.02072678019232817	-0.2152326173086259	0.1013849580336024	
0.4164752178938515	-0.016020235770564592	-0.08640029316364425	-0.06244880554444045	0.02465741531422185	
-0.09494817569023477	-0.06442168563725598	0.013628976958709009	-0.08776713705700656	-0.1351926625256021	
-0.1084584815246332	-0.06637224830934642	-0.06669015067611225	0.09374979191483383	-0.053349778205603965	
-0.023161144768104377	-0.09498848094801067	0.07437935899589959	0.06447640721113984	-0.14353797117114625	
-0.05755713886873081	0.04213551839044849	-0.021978508402598004	-0.2723373602924402	-0.5159825234685388	
-0.3916244289990739	-0.5225370189239142	-0.17754914817304324	-0.22064234546326844	-0.04046238260578193	
-0.00844972159283986	0.23854015534173637	0.1911914836674755	-0.13112909969133202	-0.030803965234501605	
-0.08953861504009682	-0.057096781657558555	0.13773503189773337	0.07479050199260066	0.12475308065873511	
0.09315250707719418	0.017703649731305875	0.08511808795020354	-0.1890608862196663	-0.25019689120013405	
-0.014230126033579578	0.06367094642854736	-0.09939219342830449	-0.1348035995296304	-0.03232872859983502	
-0.2595549951815738	0.088680875903375	0.1958318990907391	-0.05302831774787349	-0.05822237813963435	
-0.5749668586323328	-0.6153488680064264	0.2729777711075425	0.2695085568127682	-0.6444571455296466	
-0.6190838138968975	-0.2907025620405432	-0.35340835847865953	0.06905070185902869	-0.13822978556254353	
0.08457636030381618	0.05577947652193824	-0.10143725247990094	-0.14024124793530288	0.11172818657716896	
-0.1507783074099248	0.6047597118345129	0.6984175280997256	0.1222876029446326	0.21344592579912547	
0.22173579821490966	0.37065289016109115	-1.52173240201706	-2.201908043490021	1.0837696910407946	
