TESTRUNID EPOCH: 7 L_PCC: 0.8795627087481658 L_ERR: 0.009457310769251243 T_PCC: 0.8425387337973724 T_ERR: 0.01242365061733927
180 LAYER: 1
3 LAYER: 2
1 LAYER: 3
7 :ILEARN
-0.43011684118437005	-0.3385445566965339	-0.4980587630833734	-0.2238796564434848	-0.23041319829389295	
-0.26637348206133066	0.18655722683116693	0.3222862999064541	0.4755037925459262	0.603944466876872	
0.9421283607517916	1.274484338494574	-0.06364584272149144	0.08255605485727252	-0.03380739596155684	
-0.08106130668656784	-0.004467088915066627	0.1594281247372748	0.2799412081616886	0.5067538723382573	
1.0338477647293995	-0.0357885329659214	-0.1490456118091971	-0.25980639342474576	0.10241402246093542	
0.18756564366910586	-0.013071645480629387	-0.11689896860365424	-0.3057911215284493	0.08332880149057169	
0.015792968462708674	-0.018921196610117916	0.2593645947132808	-0.36293791529231667	-0.3847142621827136	
-0.5094366083604329	-0.23231229357726688	-0.33430739108832813	-0.6023924116532572	0.17285527484948165	
0.3987067852748594	0.4629018165705734	0.48467381860044345	0.9187692302736974	0.9776798236162583	
-0.5121810924131892	-0.4327175807071654	-0.6769338930271586	-0.2871696021574246	-0.5107324434880738	
-0.7257420461077716	0.28274822884369616	0.32934784655854177	0.3901169023742452	0.16805882537036645	
0.2250521530851156	0.3092999279770488	-0.059895267835128774	-0.24507003519963086	-0.2993681674130426	
-0.3414651622045957	-0.35627482206964317	-0.44838938395088235	0.6790530665518522	1.1956587005347221	
1.6495268765771887	0.3882958854929911	0.5518343100207539	0.8591075818592376	0.19945161742612347	
0.3958074590137123	0.2989202469579363	0.47346947521917754	1.277401753636973	1.386044186149142	
-0.1721663154166765	-0.25624086300279203	-0.5969049665672094	0.2319345061685391	0.3776145195143457	
0.4777635547949595	0.22367535030713706	0.4071636311387738	0.38122727052621264	0.35287376786754987	
0.8975322186472952	0.9331226581699609	-0.41458862045843464	-0.7090341546937386	-0.7818644057526841	
-0.350991918533665	-0.46153635515096186	-0.4413503844848362	0.1951078308165198	0.3662961472467363	
0.4092962277440231	-0.15131845560165713	-0.5888797395556558	-0.9209301964239779	-0.058926814049335266	
-0.15543107008193838	0.4310582802062241	0.2672920090095916	0.46729232497094114	0.7302512665127279	
-0.419789296917016	-0.6093195039932728	-0.8474210525337424	-0.44732731120381647	-0.9469690584561361	
-1.331245724504733	-0.048700640259867416	0.09462483138952936	0.07664141495571603	0.12893264860884357	
0.5427692092046251	0.7155096188328145	-0.5485299878996088	-1.0199629101439076	-1.053460845166091	
-0.1150907447951098	-0.06093376689697718	-0.23376203922281258	0.25776718705320617	0.7152607473935896	
0.7972873139352111	-0.09602987834983219	-0.13814580857255315	-0.2290118481752514	0.2540511278359675	
0.34651336947651706	0.328343825949356	-0.07781617540036521	-0.3172260891651307	0.01579848156447764	
-0.06138213513132331	0.040359672356138646	-0.2548728735776057	0.21033188499642552	0.38355356161770227	
0.4903822634378156	0.14758956104755325	0.2666621801071969	0.5393211391377837	0.07805895276446595	
0.2731634932925779	0.44226348195026527	-0.01842736296966993	0.06584027532209553	-0.33159820222084835	
-0.04857798679149344	0.12840662125511643	-0.1745300338699722	0.0349481701635222	0.2522313573643344	
1.126749423112233	-0.42124773509255015	-0.5636285313764704	-0.6177323883410372	-0.26418581648669853	
-0.6838133111065321	-0.4572957755196046	0.24641042872356447	0.582516673362742	0.709980376672541	
-0.12523456003926503	-0.19170627109352176	-0.12089439986676019	0.12251954042893867	0.11759890296132441	
0.0775122376699413	0.058541466671504255	-0.0003438097063920138	-0.06937279006965542	-0.4981128128727277	
-0.5643078468759971	-0.5807900176569675	0.061317445597414144	0.18488394797796945	0.22491931450763217	
-0.21952078120818433	-0.32911603538507456	0.09638391996455326	-0.030594583800520762	0.038729370339576304	
0.1739416685012407	-0.16577464923392968	0.1513974744067886	-0.028453230049170074	0.0985231888854185	
0.06948263780089399	0.189425537838187	0.03924625041737251	-0.022176741683862394	-0.0244635664283122	
0.1548882083861372	0.15184556501543411	0.18612405106266058	0.08135228294157953	0.04669153835535023	
0.31086085631748933	-0.059516656233372475	0.2721002154074392	0.2874611257301912	0.03858513834787662	
0.098139324996745	0.1391621138783556	-0.030234306399925703	0.17043076177536456	0.3723891027733269	
0.047750938978381244	0.1672832768309732	-0.12293325654170625	0.18663909898002426	0.34650418616576634	
0.2750075290438498	-0.3438583291179594	-0.258686377621772	-0.22171716776231734	-0.25675312065953143	
-0.26313107498644206	-0.1062261390763378	0.0020192089487275963	0.22049108897429262	0.12457829501695193	
0.042901007124081375	-0.1553312055597138	-0.12944265125955823	0.03072395747069652	0.15479406829282963	
0.11288220719259043	0.11727556700090819	0.21228758653096252	0.08284591502019459	0.13810949150734264	
0.058969951636385805	0.16523331689367926	0.2100047431672654	0.1607511493574889	0.22264626136995438	
-0.026701626411913967	0.210118159626957	0.12437631440981746	0.003783617013662785	0.2570285144672812	
0.2747807374865266	-0.048655879318230434	0.10464571081786597	0.331590522263913	0.2746701215029389	
0.28318376550618457	0.6535558054578771	0.036400960730828116	0.09698885824198471	0.174068495553479	
0.31641496948812636	0.2866842368416731	0.31452386143357663	0.12997013099028176	0.35552397665040064	
0.3244729999219882	0.10572102836846357	0.11490831310888044	0.3462048704839693	0.08042998187013274	
0.01732822420453079	-0.021359144029810782	-0.12834385083932554	-0.00931967936505104	0.13660122354009546	
-0.10594244732294593	0.03402137734790205	-0.03003985193463063	0.03755016862720495	0.4914106517480041	
0.3339249970383997	-0.04455422497588506	-0.06423887532451071	-0.28127912352095996	-0.19995236830770374	
-0.5168543485138073	-0.11752401809972426	0.057495795545404016	-0.10303930929867453	0.0638599698223098	
-0.00023915458771543371	-0.13875646581518133	0.1184339232508078	0.160993874510857	0.2757475966552974	
0.02781646315808577	-0.10247523880057127	-0.17420013092883152	-0.2705336942652417	-0.11579278545967085	
-0.28054418130216546	-0.11035457124014039	-0.23910932018075037	-0.017484342401301752	-0.1438301977229059	
-0.06523177804600937	-0.033100104130312585	-0.041114344957773455	0.031014897002657284	0.019141678931835958	
0.0193102028368465	-0.001328254392689183	0.14906964748852528	0.41192852594106844	0.11703536584169458	
0.3088246159699986	0.76885360914947	0.01745016175150715	0.0049574921504752	0.21343333127330366	
0.11988731763214722	0.21881624372713457	0.07852430958455645	0.17305430330690175	0.3674457347847115	
0.6382496011879215	0.07906115356407882	0.17708448066446322	0.3042196165881894	0.10093401906635387	
0.15260347809892552	-0.03358662851881472	-0.003430795018864478	-0.01676977036315251	0.02749696432449928	
-0.1225990821359429	-0.057981425895674	-0.21279797119048752	0.3123784247430822	0.5657899228747774	
0.4435476218834005	-0.16210189727645996	0.0011728193438548737	-0.1444779311498712	-0.284482195162108	
-0.41708746310051215	-0.3512908758018809	0.06433287663345524	0.06277713074487683	-0.07230380159649114	
-0.1858189311863661	0.23759884505777487	-0.05467577093172323	0.05174637278760806	-0.23478087288683147	
0.07542178528583594	0.0013169951689645124	-0.17049183740146517	-0.09902901567802734	0.12759747645766642	
-0.1187084029040554	-0.1382076214077734	-0.1462710543886901	-0.006389176349238689	0.054105591590744954	
-0.12213873565513086	-0.06893630712136266	0.2161422870933376	0.183605986307203	0.5234164724962641	
0.7026233826756445	0.21543484635086654	0.11760236502225306	0.43724399539638564	0.23584437280852827	
0.4164644105652116	0.44948060474291235	0.1602627795175916	0.5101138728238928	0.48504891627833213	
0.11512673910483226	0.37012674909450793	0.41510901012509116	0.2872564556193599	0.36507219339893354	
0.5906362785387199	0.01256288207193379	0.21710551629584565	0.10387144820354202	-0.16818570824588022	
-0.1631512668125088	-0.25504154959408704	-0.10026814981389362	-0.13439763196108107	-0.23035607323083104	
-0.44704022802101484	-0.3202713080635533	-0.30865220842271657	0.18304360102068334	0.5202001762317887	
0.7782004701042465	-0.21301776772567085	-0.09379501173758055	-0.38037593912901874	-0.27503372562948314	
-0.3712927730421094	-0.5503439603330872	-0.1439793946795037	-0.19461099538644158	-0.18741159971441568	
0.23624038113122553	0.07101102993504382	0.013106477820245523	0.021195172572951008	0.05630261005901345	
0.3832623589252385	-0.1637088831117066	-0.23170075055148656	-0.2342397636749961	-0.11052355604157138	
-0.28967993777365764	-0.3097106916484511	-0.059156251239328037	-0.0544775928309376	-0.1831506849675172	
-0.09085025599863292	0.12777138893159892	0.29438605999185136	-0.06552968020271112	-0.08408981930661327	
-0.002146688659969432	-0.15594696628751384	0.09048728693337858	-0.17740793743149866	0.20563941421034515	
0.5272033464325387	0.7071119146295947	-0.059917101635935464	-0.0439202590953089	-0.023299872374773583	
0.0022288475298235942	0.12634066948208503	0.031473193327635665	0.1374066282112773	0.0016699243794649783	
0.035006983006852066	0.009540909956139015	0.35751473314107657	0.20109951410369759	0.1591340418281781	
0.18470483225835474	0.19097618495603827	0.416131657152663	0.19336925157420984	0.7230324871591566	
-0.2697656532053285	-0.26406792793181555	-0.27927240030906597	0.18943619042455603	0.22963427570523634	
0.2502327532449191	0.19019982388480988	0.11664132274598499	0.026570027535666223	-0.20648839809057767	
-0.3471367078027582	-0.3794892477543087	-0.2709151146559457	-0.16790965481067816	-0.16957170158406365	
-0.05270552669767719	0.056557018053945626	0.07926897891377924	0.0675689433486346	0.011696536510656427	
0.2342892367333269	0.011178180434335959	0.07817253908300582	0.10421632723283238	-0.13479547552413051	
-0.32863019631072843	-0.5942158361710651	0.053347392141558425	-0.18292200677759976	0.6142249264244513	
0.12720878436334074	0.28758576604331476	0.23427546851583014	-0.6534527719287979	-0.885894390931861	
-1.310930671181777	-0.021477248558640735	-0.06598506715784672	0.04780598191329468	-0.01919899228689307	
0.03681693632604256	0.12599943650055007	0.29635298997074105	0.48497323127099595	0.6073319016996599	
0.22568248658770135	0.327187674782846	0.3457084203990297	0.10323427336914186	-0.009174415940050936	
-0.01912464751997584	0.24399307186883232	0.4350598731693417	0.4856112012179487	-0.07313552280102044	
-0.23834541240430784	-0.30585148834604575	0.33509390773793085	0.7063446808898318	0.7361695915217479	
0.20780695707217034	0.4343752337545817	0.5009590546927265	-1.7352514808038588	-2.3164586457329093	
-2.1710104004752107	0.2505463565993185	0.3339459378843266	0.4688150495612982	0.2571740361003978	
0.4259801008663879	0.5445218334771826	0.12191279131832898	0.12958504446684838	0.08200888946215493	
0.18468467622265214	0.3917216143331552	0.46044638113031966	0.35661877967521743	0.5583587201139244	
0.746169664893695	0.21441131125848753	0.6386603438746634	0.8247978281256847	-0.4454549188255822	
-1.1382666192002389	-0.9681053436520386	0.19815691796377413	0.3325374018998149	0.534797446554674	
0.14054283730441056	0.9800816591701677	1.892238730107332	-1.4136358115806837	-2.1631666598900847	
-2.5178545585762286	2.1105652437551936	
