            A        R        N        D        C        Q        E        G        H        I        L        K        M        F        P        S        T        W        Y        V
 1 A   0.0528   0.0612   0.0699  -0.1198  -0.0706   0.0361  -0.0627   0.0263  -0.0246   0.0078  -0.0162   0.1072  -0.0591  -0.1328  -0.1769   0.0134   0.1096   0.0485    0.023  -0.1759
 2 A   0.0601   0.0087   0.0027   0.0056   0.0049   0.0789   0.2311   0.0018   0.0043  -0.0028   0.0031  -0.0158   0.0049   0.0034   0.0006   0.0027  -0.0018   0.0669  -0.0112   0.0047
 3 A   0.0527   0.0496   0.0784  -0.0565  -0.0794  -0.0104   0.0817  -0.0413  -0.0424  -0.0541  -0.1081  -0.1053  -0.0577   0.0321  -0.0041   0.0464   0.0854  -0.0707   0.0542   0.1388
 4 A  -0.0576  -0.0172   0.1312  -0.0807    -0.09  -0.0995  -0.0356   0.0601   0.0889    0.032   0.1618     0.11  -0.0721   0.1425  -0.0419  -0.0669   0.0696    0.033   0.0502  -0.0253
 5 A   0.0647   0.0198   0.0021   0.0863   -0.046   0.0308   0.0161   0.1305   0.0169  -0.0823   -0.029   0.0606    -0.01   0.0319   0.0514    0.026   0.0351    -0.01    0.178  -0.0679
 6 A  -0.1088   0.0054   0.0868   0.0919   0.0473   0.0944  -0.0735   0.0176    0.037   0.2206  -0.1145   0.0134   0.0428  -0.0249   0.0002   0.0511   0.1135   0.0846   0.0586  -0.0886
 7 A  -0.1582  -0.0377   0.0359  -0.0852   0.1386   0.0078   0.0106   0.0684  -0.0752   0.0072   0.1606  -0.0661   0.0122  -0.0054   0.1499  -0.0034  -0.0485   0.0953  -0.0443  -0.0165
 8 A  -0.0204  -0.0727  -0.0892  -0.0123  -0.0911   0.1335  -0.0107  -0.0011   0.0495  -0.1189  -0.0179  -0.0928   -0.093   0.0223   0.0356   0.0488    0.132   0.0163   0.0828  -0.0652
 9 A   0.0074  -0.0883  -0.0424  -0.1253  -0.1109   0.0286  -0.1261  -0.0076   0.0213   0.1717   0.0058  -0.1177   0.2072   0.1513   0.0102  -0.0836   0.0338   0.1235   0.0995  -0.1061
