TESTRUNID EPOCH: 93 L_PCC: 0.8955466668502788 L_ERR: 0.008254860961783232 T_PCC: 0.7971707989409222 T_ERR: 0.015559309644865706
180 LAYER: 1
5 LAYER: 2
1 LAYER: 3
93 :ILEARN
-0.17340666387119724	0.17538254395082534	-0.21169777165786108	0.05194463998757372	-0.09093092437562507	
-0.33362676904088956	0.17068179696139715	-0.30419020431584365	0.12233161192179251	0.2769032342672448	
0.1242302213962532	-0.26745665575417377	0.14035589126178394	-0.011024245144517735	-0.3348680588999021	
0.6529752356724003	-0.42431729517841577	0.5821298326040433	-0.2559932905282871	0.8033927888330021	
0.07870741550081993	0.13498060228797526	-0.025409415885784506	0.05514063325844105	-0.028537042386544895	
-0.10742440092981789	-0.04697820680092521	-0.26402012703792976	0.01495781756319986	0.11682357647133565	
0.3589098305448246	-0.3266088279534299	0.5151568183068146	-0.13684975478033168	0.6451960685379962	
0.044280011085417834	0.03723724544939588	0.1042385114782311	-0.095561364957328	0.1733633498961682	
0.2034638557074541	-0.03891948395380156	0.041693214245092335	0.03008848560252042	-0.09718477263711915	
0.10009853933595284	0.20923534944430067	-0.049890692518042914	-0.07754758327810182	-0.12801217904177523	
0.023113716943937587	-0.244806364852114	0.10068676528426823	-0.1615161112825408	-0.46157062609272753	
-0.20743501657822208	0.16829163995876872	-0.12415336735699932	0.004738355528961536	-0.4537887905010036	
-0.3620619013970841	0.16316371358352655	-0.2032278316911371	0.10656332919450578	-0.486748848215967	
-0.4679832189130735	0.6208762510279322	-0.5636620410999429	0.30949500759323195	-0.2540385043313546	
0.7211451448662687	-0.605632535206088	0.5327670747091386	-0.2027448685276746	0.976735050300223	
-0.052546961909895815	0.5916717031600204	-0.07393736144575758	0.09871931543506904	0.3405589838960158	
0.14499323736765937	-0.09185060160492216	0.08333294132080514	-0.031259700496322665	-0.084399931277957	
-0.06198198814023618	0.10733146520288459	-0.04401574826631646	0.11721500914200422	-0.07624382202987004	
-0.2811860904687552	-0.031890331181621205	-0.16346361597076914	0.07965129943271974	-0.5094297877547812	
0.07514772637705426	-0.12368221235897588	0.16317361422737822	-0.17101700149043814	-0.0948865763948193	
-0.28526634850426474	0.22048101636069006	-0.1435411219396315	0.11493192944086446	-0.18859581436603093	
0.46029292589975196	-0.4824631505712065	0.5017691559849343	-0.1948559678831576	0.7555170841597396	
0.40003263529233607	-0.4855879991376437	0.5363575991878231	-0.17683566641084006	0.6087934002225273	
0.30249580700389217	-0.18306233440245176	0.31837006545051444	-0.09016816170568202	0.28982281128211224	
0.666301800293881	-0.8707601596552915	0.5723758750191849	-0.4926549693020612	1.326830400008843	
-0.45723061554020794	0.3164313177926821	-0.39162745148706996	0.10212880034260997	-0.7907157233625738	
0.01715185429165758	0.09391914966393491	0.01220604385114199	-0.0962705421254114	0.060126534536123266	
-0.10836171834426019	0.12039068714872286	-0.07777694126473399	0.10063952324011267	-0.033577086088203166	
0.011248046798083777	-0.072708954867863	-0.08801646209755767	-0.07573130885185253	-0.09108962429104767	
-0.22834560924758932	-0.14072937827387508	-0.019315858561086877	0.053243029050994595	-1.1451256647302785	
-0.3939633409189911	1.1168181859186834	-0.4603253221518851	0.23066119405149277	0.12308882195120477	
0.04876517081501858	-0.06091410377813625	0.01627178545465155	0.09400399781766247	0.06936576029800706	
-0.2742698445353524	0.32731223569451406	-0.1679967845139805	0.21764246699498996	-0.33232414880552646	
-0.10561293644391594	-0.06886305656698302	-0.008751645620142747	0.033237238417612745	0.024636403347712738	
0.5597077367636719	-0.418491271105183	0.5824522514878383	-0.2974806641781255	0.9343329882225017	
0.0950557004721826	0.020173695716078233	-0.04919073520727948	-0.06340408385937751	0.04592232089320744	
-0.0626187497439871	-0.1349874455520971	-0.014416905485973382	0.017751933828788185	-0.9039181540030327	
0.0672395266106799	-0.0642599942698754	0.03375609615269131	0.004513780747057509	0.09337481183358398	
-0.0410419239682741	-0.09068259467477485	0.05291661762029019	0.05304725645542686	0.08975482887809885	
-0.26617281705178036	0.21318468935933882	-0.34899538133844116	0.2832740480682645	-0.42014707472169777	
0.04325827633855289	-0.20252521434396367	0.09026935233002516	0.04758309107613157	-0.33442194153483945	
0.29538445166055016	-0.18134023821288472	0.2956226563922473	-0.006226849229351552	0.6222302389749341	
0.20054624192583403	-0.0019093157060807572	0.1522658809953568	-0.07772498815459368	0.19092853713332478	
0.11674153966962439	-0.2261929826841281	0.19444228007647524	0.011201632798771474	-0.24665935954850468	
0.06018952143027881	-0.13789754343604343	0.0368530412103183	0.013122491497988067	0.18529053232276724	
0.1045181041399561	-0.03704397102825753	0.08273935514411906	0.1038146346006495	0.16355440880128322	
0.18849336761216462	-0.22756184379504477	0.2621063106984113	-0.0820979630479069	0.3462748608176866	
0.25044307370022073	-0.2711078288805895	0.2275522333669974	-0.10606453610331866	0.2586878827604817	
0.21818265090507016	-0.10946781393736245	0.23307948375030887	-0.16857823643577405	0.4741513199708035	
-0.3101003916260471	0.1302255183033332	-0.20507228459775279	0.1648396671894524	-0.11182307824334245	
-0.0779087932250875	-0.19210884178879747	-0.07372105016418622	0.031879929388837824	-0.639323667494406	
0.3724869577421387	-0.191115744392484	0.3207439392861912	-0.10138591319975641	0.601570204585142	
-0.3754071997133351	0.4993647785449038	-0.36098385821730744	0.24592235246953956	-0.16988298543803873	
-0.020030588512215196	0.31568773933033795	0.061780859194184745	-0.10235330615801037	-0.1450120468745085	
-0.04496353186601743	-0.14833159763663017	-0.056858150835651225	-0.06503930356213444	-0.20771133978235656	
0.04475595254250144	0.01524577638657667	-0.02858092367167829	-0.04511440399840599	-0.10779137720972609	
0.14759837707741932	0.06052502613104258	0.09282760871641768	-0.053710054288758954	-0.004264170527724193	
-0.13581323023870753	0.14339824048379887	-0.14048828810343492	0.11387605232672646	-0.31250894213480157	
-0.021698674797196733	0.5582985932474755	-0.06766244781472819	0.02184096981921151	0.14552766113757334	
-0.23987408461182894	0.10420603991297796	-0.3335072915484264	0.21925312200111619	-0.026100374859048585	
-0.027700707881527138	-0.14643411451559263	-0.02849666717674806	0.065601707188839	-0.16700633002910067	
0.09448567106879265	-0.08106434740897053	0.010986647095122686	0.010372870517996381	0.12586545894211862	
0.1274510090531257	0.28757529298650186	-0.011886687324187368	-0.0817773970844952	-0.12245709616402013	
-0.07916514589409902	-0.041034471785583775	-0.1814370475179758	-0.03179376217686883	-0.24964433459910187	
-0.02203449076098954	0.09218147762162579	-0.09156630925942798	-0.07600490063539321	-0.016602272642775372	
0.050332982896294225	-0.18283534640372748	0.11931944812628295	0.02696462733946657	0.05912306362937035	
-0.1428403902931064	0.001213922498192938	-0.14239213365433034	0.06508517651426293	0.07298248139734895	
0.02742671941712881	-0.06952361049631148	0.16901554598738402	0.021289320605905434	0.15201408947278472	
0.13952507470679706	0.0018429861332983316	0.1351183133398494	0.025912093069133703	0.006755014911390805	
0.2116526539428352	0.06359279555056276	0.16253339940535144	0.02742676878842277	0.046731759706646434	
0.23636116204885083	-0.13210902658191956	0.044344237100307986	-0.15743974819835274	-0.15456395790583144	
0.017532836933585084	-0.19282624671499948	0.1392014811339173	0.08982341436169376	0.13729143423158777	
-0.05314347450838648	-0.08928742942367456	0.08558854147958513	0.02499387201354201	-0.06288816183958616	
0.056385861490654825	0.03224589211590271	0.03309230746996175	0.024185368079563733	0.2238107262465453	
-0.14591973407557243	0.04797995480509279	-0.18573137085429228	0.09978925432356968	-0.23223847684647717	
-0.10932641150165741	0.40032948542667146	-0.04894869047672244	0.0562457361046312	0.31374940013881486	
0.06598802058426459	0.019340478243260833	0.1705650058380966	-0.08493272131630762	-0.046305984756192596	
-0.015226142858195879	0.025607940573907143	0.006737492754521238	-0.08850651370799888	0.07838501124455927	
-0.022149166558728416	0.30383204616818105	-0.011671540798833032	-0.08138869133254957	0.3468382672231217	
0.2200254432768691	-0.10493943044472785	0.19032238893704534	-0.09752047224249179	-0.32385786195394595	
0.04557752253357592	0.09226172939614957	-0.15783440372177093	0.029172820908878273	0.026560597579236535	
0.13368796037182765	-0.07728619991355323	-0.011133331297971857	-0.08721024053460741	-0.04350988694184052	
-0.0062204680850257675	0.049618636528732836	0.09304013972177816	0.06723332907613336	0.34617103822042133	
0.0055200330859560024	0.02219126322279038	0.07846122611986485	0.0694619439146961	-0.07002383380111873	
-0.10838942913853586	-0.12180112284289392	-0.10809507892185828	-0.08144234008739946	-0.08328166609377187	
-0.032881860981599585	-0.14072837025730595	0.0886566241806142	-0.012452164399532646	0.10416665985931395	
-0.0017208761742413918	-0.12840684295758742	0.014025089277752523	-0.02907392602067727	0.08255198322352544	
0.10575238332236794	-0.19688624895294946	0.030806234504045165	0.023011997638158546	0.1801422407122299	
0.0630685770261158	-0.08627315225642139	0.01605824443939005	-0.07825845303378594	0.1865661375680835	
0.11129551991301355	-0.06520340856773844	0.09614584684083	-0.13020604036170047	-0.6350993320915279	
-0.02898685872337531	0.12245570617500785	0.09052216610554169	0.14403596233258734	0.13111262077002167	
0.11715930557647679	-0.09725688973423952	0.05784713307092159	-0.06754033687588663	0.10387037569206811	
-0.0985462027659411	0.1514970801176737	-0.08896594158525034	-0.03319749600203851	0.14645626552283889	
-0.03063472436912185	0.040108089088226835	-0.07920547468650217	-0.03653807342408075	-0.003911042726901856	
0.3249360283278555	-0.14832253158912959	0.14881384660455338	-0.0641987196747599	0.47809391628092757	
-0.0936543377635262	0.015127667555991958	0.11671603927990057	-0.07464445172993812	-0.11042028379370246	
0.09591579008647437	0.5629220412082228	0.07677262870220633	-0.09591101563648362	0.24088765995019334	
-0.08338904512418199	0.0793418478172656	-0.2163366532939637	0.07169702702122176	-0.1405424155779728	
-0.15080292351900895	0.09606097813951248	-0.14555630913762035	0.055756791784168494	0.031133145255598148	
0.2383029703768267	0.018932594067575755	0.24209247572584763	0.09922084780882105	-0.5060254898844195	
-0.12184529625001124	0.1707763893577573	-0.10421247675893613	-0.006087950760628923	0.18546077513392664	
0.27232090462860553	-0.09094565587362541	0.17653417163468288	-0.02789070886098512	0.39538238007952964	
-0.06291884947744472	-0.06860316998829283	-0.15365526138641578	-0.006814726097587351	0.17701766220058665	
0.041158784237115595	-0.0045281307028180355	-0.04704400289980831	0.023632687965028945	0.27419457682311466	
0.1716164885152613	-0.06429893606915309	0.17539694349176083	0.0721826384555619	0.09940701999870126	
-0.03241640754989876	-0.25065480939167667	-0.008973139066510606	-0.05920287997788624	0.15136368490791757	
0.28376478603702143	-0.16060592507637445	0.2607261283711746	0.002868593190186774	0.4147981920076607	
0.238767316566304	-0.11844319783743613	0.15459645955779977	-0.18230171410695287	0.5172904589662782	
0.07829307211658071	-0.00803153561206609	0.07435717091191343	-0.015602620881228487	0.06104154668350792	
-0.1650152523991982	0.5236799404244887	-0.15926703660536798	0.16687100795216675	5.2666798556805304e-05	
-0.1970303490331054	-0.17972686777358068	-0.11959505572070432	0.03349731338835862	-0.8224097112712085	
0.18657248130903945	-0.08930148165090658	0.23756197241686988	-0.008613689668076956	0.4990009688535426	
-0.3326890298438933	0.13679560292493312	-0.13576245772650747	-0.00982390468032235	-0.4678255430596401	
-0.19252592939035718	0.008988395870820568	-0.10253342508856692	0.07121028068914662	-1.2624223407060897	
0.1825477400133705	-0.08782518649568463	0.28206154365170844	-0.04186612488612061	0.38308636660367096	
-0.055775018520930114	0.001967660897514825	-0.06433698938452666	0.09044235989817014	0.10046802287408385	
-0.015511724266802517	-0.042051667327704954	-0.024751537907637157	0.0108223734006365	-0.1903846203538946	
-0.07805424329303372	0.05176904046780018	-0.08977442299639414	-0.03264731455133719	-0.037928873306243685	
0.057937234399165795	0.1291978613033624	0.1376657722792465	-0.11804229848661862	0.1171453131536675	
0.15862908239592777	-0.12021300925891337	0.17801823922416385	-0.18703187458635354	-0.4363429084107852	
0.07683906359549739	0.6215858142181537	-0.03486632605310126	-0.10259988675991193	0.2123711281827735	
0.3868543258660788	-0.2786212846432306	0.31733128936926774	-0.16005637066162312	0.16862365202991325	
-0.032041145222322105	0.22642726488050471	0.015654422741116426	0.0131763018975289	0.4057667822473372	
0.1928194814118544	-0.2520994291657769	0.02754325786513421	-0.050192261086282844	0.0448398457520925	
0.0007136815295706866	-0.016558649948990294	-0.009764703906727483	-0.015334369620271519	0.09502059705284853	
-0.15140846259901872	0.07088328015009845	-0.06736684114765873	0.10444976672312653	0.2902377491092653	
-0.06647633693361339	0.15457431043421935	0.06400397793921676	0.004569283199382297	0.05026869098478275	
0.1285645021986537	-0.01383135430945678	0.12588210541409847	-0.1032107465981782	0.2893591089800941	
0.06392382728118394	-0.023773852119166862	0.11442568650638082	-0.04681349100717536	0.19525639820654733	
0.06163717758130566	-0.31234854164832837	0.048860080599562226	-0.048060665788021505	-0.46992943540726834	
-0.002287162538181001	-0.2503529260726692	0.11019023407888577	-0.15878194615962896	-0.5066930488091166	
0.3166579126967191	-0.22963300191355746	0.26946501809547196	-0.023784289859645407	0.6531117001069251	
-0.021534464859339575	0.07705633459654576	-0.10245558834289317	0.02878711819487537	-0.05110620852102533	
-0.14433269273938876	0.200386089364272	-0.3007417327507192	0.11687368528541738	-0.33234368456267693	
-0.05400590281575345	-0.012581125226625495	-0.11131056462274254	0.12709812142107071	-0.052331655596650414	
0.10393359220281444	-0.01872138632599137	-0.05751827312006758	0.1160976791412552	0.21319813919168976	
-0.14339856555773187	0.12933880347820795	-0.17324353872767215	0.19845144638818765	-0.1707607806631762	
-0.09371699387600366	0.1465669579513805	-0.13431376825011088	0.09337089851805769	-0.2680092669991959	
-0.10361118577345127	-0.0062344590814337785	0.018839353142484958	-0.048337889026368146	-0.30956266634469154	
0.012361802442946766	-0.0753186475930128	0.13689551858115745	-0.0028885822469190314	-0.22115183759165116	
-0.20667512919086303	0.08751592646396607	-0.11019370138813867	0.05375438043823079	0.008262983697217558	
0.09390593572094605	0.12719967318636788	0.06998765032065887	-0.09205772026600992	0.30197877388616773	
0.0533984267385584	-0.14696720172588226	-0.013347225357538435	0.01728867037087623	0.24325928146246456	
0.25248593316482215	-0.1536756109143678	0.16454869227167387	-0.04760032292463288	0.41233918123924984	
0.26004127974858526	-0.17376057891965446	0.2678011367592264	-0.07359752968933649	0.12772610446309018	
0.11276749436757418	-0.11657261982268248	0.07759783399158796	-0.0025303366308120924	0.235727415837674	
-0.13337052504812716	-0.028480754795282604	-0.03689793623529725	0.013381333135905027	-0.08640126972359374	
0.04954800845342129	-0.05949786376351732	0.052750013190712694	0.04734608931048191	-0.43906820691573917	
0.1053857178530012	-0.1343565163910747	-0.02795663588931134	0.08443198095194678	-0.07969368254354606	
0.20030132416197324	0.051500465578598296	0.17055851788225057	-0.08233624887735247	0.14003166675466433	
-0.11635707345870654	0.047679737563364674	-0.01733601970977138	0.17677304656634787	0.18331772931310655	
0.16813994089223583	-0.08095661380164368	0.15195978758219233	-0.022144366119211417	0.21216841817698204	
0.1712010480237739	-0.10458807783367188	0.1768213036198576	-0.1739106880909749	0.13464413647431067	
-0.14397559308659444	0.03254987407345022	0.0011865325875055773	0.05980773470166784	-0.4158682237479526	
0.04233445235064767	-0.19110039993191325	0.05490764711640572	-0.08693182775945892	-0.8471978887693081	
-0.19408150229469576	0.049780901390767546	-0.25748513787056876	0.07935937097803719	0.03006816041698638	
-0.022880485529657883	0.8097497493614951	-0.08603985611763353	0.1081161530511725	0.4401533273556194	
-0.18886122119731488	0.23644777050156576	-0.12554196697343786	0.029405127949007567	-0.20737089587375598	
-0.13345046863081586	0.050776663794870835	-0.14045089436163205	0.11480011460750951	-0.07185763580072464	
0.21560471168826004	-0.1637023870779175	0.1294620689182353	-0.0684790262599123	0.10832073796758564	
-0.22827347973491602	0.16975751511874376	-0.30294541075437087	0.3030065431768328	-0.7555994839556782	
0.44830763378940347	-0.3505646345003409	0.36766385902888565	-0.12067476768897736	0.4946273477254935	
-0.09724649748845665	-0.016655207525860777	0.0876963783713468	-0.03139437803391869	0.055948859096520004	
-0.06505273743451852	-0.031609432739509516	-0.07108045583238065	0.043354162829275206	0.03986152473936283	
0.40282934411664073	-0.372551521356423	0.3887633831225342	-0.23860830899023167	0.5574207744517725	
-0.025615575666462553	-0.02893841767597556	-0.08846903855174873	0.02632932537318794	0.04146332053633989	
0.022717738900567122	0.0296625512326249	-0.06601185715654845	-0.07011064021222752	0.00283500870517657	
0.07506654527090781	-0.0632093116905556	-0.007432176258348022	-0.014213533194019412	-0.0005421628160967307	
-0.06769784590279762	-0.031511871773037894	-0.04762391917929596	0.0689053886458958	0.06006644915528034	
-0.24044428796005737	0.49942158714688767	-0.31516504075403273	0.07166561032295551	-0.9660552924153573	
-0.29730770815372515	0.4639393099037547	-0.2639483305649066	0.05801726297093906	-0.8298052764653265	
0.6866094692024157	-0.36718345320018503	0.6029828994881952	-0.2892776799315295	0.9287859201021809	
0.08818844079539917	0.10527770272317866	0.027665939377927454	0.053685629332357265	0.17839896221006873	
0.4813151947279614	-0.35409038780197744	0.48902959033555216	-0.2918123991246289	0.7733739305591578	
-0.0894010914664021	-0.06010089077228773	-0.015449467671087819	-0.07849822476296647	0.02473408219954036	
0.05888965573593522	-0.2387252673886149	0.04087236027774256	-0.0074004801930841885	0.2634397652592886	
-0.27157697654997953	0.20727000101819676	-0.15064164967082563	0.21147328492929696	-0.018211642655732573	
-0.0020443478379147564	0.006565606721566331	-0.09382046834879307	0.03261965028775948	-0.028293553020019256	
0.49572756549731806	-0.44146163555266443	0.4969969439286287	-0.24015552674928264	0.9408741669849405	
-0.7346520505956456	0.3633125971366082	-0.7889591233875711	0.35107500398617597	-0.9493202740252729	
0.6173811298086272	-0.16652710329449616	0.42018698835636054	0.02274325352845803	0.40175666342441213	
-2.531394134161108	2.7806428879838974	-2.4122991192233814	1.324046638285002	-4.3410747292973495	
0.7091628182331365	
