            A        R        N        D        C        Q        E        G        H        I        L        K        M        F        P        S        T        W        Y        V
 1 A  -0.0286  -0.0376  -0.0874   -0.217  -0.0983  -0.0798  -0.1955  -0.0539  -0.0916  -0.0232    -0.02  -0.0175   0.0823   0.1377  -0.2163  -0.0403  -0.0549  -0.0884   0.0856  -0.0416
 2 A   0.0772   0.0356  -0.0167  -0.3395  -0.1454   0.1552   0.0509  -0.2489  -0.0206   0.1885   0.3324    -0.21   0.2926  -0.0085  -0.0143   0.0735   0.1007    0.058   0.0425   0.1462
 3 A  -0.0563  -0.1533  -0.1123  -0.0442  -0.1791  -0.1196  -0.1924  -0.1191  -0.0925    -0.01  -0.0368  -0.1997   0.0815  -0.0058  -0.1052  -0.0395  -0.1257   0.0207  -0.0109  -0.0575
 4 A  -0.0899  -0.1596  -0.1339  -0.0168  -0.1254  -0.1298   -0.067  -0.0795  -0.1463   -0.119  -0.1427  -0.1092  -0.1308  -0.1141  -0.1167  -0.0983   -0.091  -0.0543  -0.0856  -0.1435
 5 A  -0.0135  -0.0078  -0.0273   0.0188   0.0463  -0.0199   0.0017  -0.0124  -0.0096   0.0551   0.0099  -0.0294   0.0134   0.0922  -0.0899   0.0073  -0.0379   0.1081   0.0968   0.0371
 6 A   0.0228  -0.0122   0.0443   0.0204   0.0104   -0.014   0.0155   0.0051  -0.0019   0.1393   0.1244  -0.0546    0.085   0.1318   0.0092   0.0264   0.0847   0.0403   0.0476   0.0924
 7 A   0.2374   0.1465   0.1943   0.2125   0.2136   0.2226   0.2243   0.1557   0.2526   0.2995   0.2832   0.1005   0.2726    0.375   0.2719   0.2456   0.2466   0.3381   0.3142   0.2732
 8 A   0.0349   0.0007   0.0172  -0.0622  -0.0125   0.0342   0.0592   0.0599  -0.1356   0.0205    0.061   0.0078   0.0112   0.1111   0.0702   0.0523   0.0524   0.1012   0.1115  -0.0094
 9 A  -0.0194  -0.2298  -0.5141  -0.2511  -0.3399  -0.2379  -0.1362  -0.2432  -0.1444   0.0526   0.0458  -0.1622  -0.0593   -0.106  -0.1849  -0.1898  -0.1151  -0.1495  -0.1322   0.1578
