            A        R        N        D        C        Q        E        G        H        I        L        K        M        F        P        S        T        W        Y        V
 1 A   0.0677  -0.0544  -0.1073  -0.1965  -0.0009   0.0003  -0.1127   0.0139  -0.0726  -0.0065   0.0148   0.0229   0.1327   0.2931  -0.1593   0.0476  -0.0437   0.0094   0.0637  -0.0715
 2 A    0.025  -0.1303  -0.1526  -0.1567  -0.0263   0.0739  -0.0679  -0.0255  -0.0541   0.1166   0.3325  -0.0129   0.3159  -0.0493  -0.2625   0.0396   0.0676   0.0404   0.3068   0.0634
 3 A   0.0901  -0.0022   0.0013  -0.0794  -0.0508  -0.0231   -0.127  -0.0492  -0.1087   0.0588  -0.0382  -0.0402   0.1075   0.1057  -0.0279   0.1136   0.0636  -0.0479   0.0958   0.0223
 4 A   0.0191  -0.0756   0.0107    0.116   -0.011    0.038   0.1211   0.0428   -0.049   0.0464  -0.0328   0.0231  -0.0412   0.0195   0.0569   0.0564  -0.0448   0.0066  -0.0392   0.0492
 5 A   0.0457   0.0094   0.0174   0.0316   0.0421   0.0551   0.0881   0.0054   0.1131   0.1435   0.0255  -0.0388  -0.0366  -0.0288  -0.0757    0.014  -0.0561   0.0022   0.0925   0.0364
 6 A    0.018  -0.0645   0.0495   0.0106   0.0073   0.0897   0.0124   -0.023   0.0095   0.1056   0.1522  -0.1068   0.0184   0.0793   0.0137   0.0918   0.0765  -0.1147   0.0897   0.0116
 7 A   0.0212  -0.1305    0.055   0.0381   0.0593  -0.0224  -0.0016  -0.0239   0.0458  -0.0572  -0.0368  -0.1502  -0.0054   0.1118  -0.1247  -0.0016   0.1103   0.0842   0.1514   0.0694
 8 A   0.0184   -0.033  -0.0293  -0.1587   -0.036   0.0158   0.0285    0.044  -0.0871  -0.0254   0.0283  -0.0469  -0.0609   0.1132   0.0291   0.0695  -0.0298   0.0411   0.1072  -0.0504
 9 A   0.1116  -0.1126  -0.1269   0.0539  -0.1589  -0.0788  -0.0704  -0.0022   0.0174   0.1785   0.2354  -0.1347   0.0798  -0.0101   0.0083  -0.0752  -0.0108   0.0552  -0.1046   0.2605
