            A        R        N        D        C        Q        E        G        H        I        L        K        M        F        P        S        T        W        Y        V
 1 A  -0.0643  -0.2335   -0.095  -0.2511  -0.2082  -0.0848   0.1335   -0.082  -0.2324   0.2917   0.1398   0.2111  -0.2014   0.0826  -0.0363   0.1128   0.0277   0.0117   0.2445   0.0784
 2 A   0.1904    0.147  -0.0373   0.0385   0.0291   0.0228   -0.083  -0.1868  -0.1975  -0.1366   0.0183  -0.0158   0.1428   0.1251   0.0384  -0.0739   0.0411   0.0564   0.3211   0.1408
 3 A   0.1691  -0.1639  -0.0016  -0.1381  -0.0863   0.0145  -0.1976  -0.1977   0.0236   0.2214   0.0959   0.0392   0.0938   0.0553   0.0317  -0.0475  -0.1416   0.3551  -0.0296   0.0219
 4 A  -0.1144    0.017   0.0573  -0.0934   0.0962  -0.0483  -0.0768   0.0953  -0.0964   0.0413  -0.0343  -0.0157  -0.0133  -0.0865  -0.0513   0.1172   0.0979  -0.0117   0.3794   0.1611
 5 A  -0.0046  -0.0355  -0.0505   0.0502   0.1982  -0.1498  -0.1781  -0.0357   0.2077   0.0936   0.1176   0.0444    0.141  -0.0779  -0.2213  -0.0516   0.0434   0.2785   0.1691   0.0944
 6 A   0.0745   0.0039  -0.1182  -0.1498  -0.2012  -0.0453   0.0196  -0.0211   0.1192  -0.1174   0.0373  -0.1413   0.0984   0.1352   0.1915   0.0922   0.1917   0.0846   0.3455   0.0838
 7 A   0.2636  -0.0396   0.0645   0.0457  -0.1571   0.2064  -0.1256   0.0646   0.0609   0.0535   0.0876  -0.0959  -0.3649   0.0371   0.0917   0.0785    0.028  -0.0858   0.0481    0.013
 8 A  -0.2551   0.1116   0.0733   0.0506  -0.1853  -0.0963   0.1342  -0.0071   0.1205  -0.1649    0.119  -0.1358   0.0553  -0.0385   0.0288  -0.1252   0.1289   0.0692    0.064   0.0162
 9 A  -0.1404   0.0366    0.024   0.0658  -0.0686  -0.0963   -0.086  -0.0027   0.0213   0.1707   0.0823   0.1052  -0.2914    0.171   0.0102   0.0491   0.0338   0.2065  -0.1306     0.02
