TESTRUNID EPOCH: 5 L_PCC: 0.7990417659027976 L_ERR: 0.012226810034638621 T_PCC: 0.7091406033822217 T_ERR: 0.01797992920439903
180 LAYER: 1
3 LAYER: 2
1 LAYER: 3
5 :ILEARN
0.1941610202396594	0.7314853454291225	0.31821521162096333	0.12369931046505153	0.5894519385756317	
0.2884361242058576	-0.1120291121925462	-0.1907425355651976	-0.12292961769338782	0.06367018529399555	
0.259665756226418	0.21164508893920606	-0.05965523320362491	0.06019822450259504	-0.10329180372638817	
0.06852466007801103	0.2019358945956539	0.14505179391103876	-0.09698698590587697	-0.07123079971386258	
0.03128184566920827	0.27872974399249195	0.6740737208132994	0.44879983079409114	0.038229702960184464	
-0.07994240713986267	-0.15050081279289654	-0.14766961948084045	-0.24661319443649515	-0.04463343976849178	
-0.25092214730931783	-0.17494363227081186	-0.11250693268320569	0.14760122412502955	0.5707913596310604	
0.28024102897322767	-0.292610923597614	-1.1411718771307722	-0.7360672815238041	-0.2788250407772663	
-0.7712619669998397	-0.5203304486931756	0.08091698771411386	0.6020676358768416	0.22510990052790836	
0.055904487228597054	0.33225394920675555	0.0810108462566775	-0.12238120397284213	-0.24185522883212413	
-0.24442925681112607	-0.14209135201283263	-0.7424157250502578	-0.43516789259506883	-0.07922882151246799	
-0.36035136121612	-0.13927657632189597	0.03228119115452207	0.49229668951316585	0.326375266161604	
-0.3318396708678026	-0.9460715077853837	-0.5193260916843234	0.19438512235118122	0.7494516994930811	
0.4925603356222493	0.09218620085975383	0.27064253763183727	0.2425369197189435	0.05304904933030561	
0.21575047177716583	0.005275524944493278	-0.07551161405635726	0.056264654643483986	-0.0243948133087631	
-0.046709964237283005	0.2974874947107787	0.06156786094390658	0.119341635346056	0.25552110921776544	
0.2120678639675899	-0.011380640774182521	-0.05656405316312836	-0.10800075049408682	0.061811468114387244	
0.5599151570821079	0.24093163609024199	0.12050707333439907	0.09996888590566641	0.06228528514584553	
0.07389870102103392	0.5008411925987117	0.2777086226848616	0.12023916998837123	0.42496030574756916	
0.20200293660453594	-0.01210174550613407	-0.35038878851828004	-0.299429641658778	-0.03315185308942231	
-0.28113279379660744	-0.1245750692292316	-0.6166846181030652	-1.1487321906696126	-0.7767148839852053	
-0.0030615273527981185	-0.17524004902542986	0.018504145703376496	0.1362895337184347	0.3471564988653919	
0.12747144729134752	-0.06915005396246332	0.09346113776803494	0.044827087746649286	0.0010687362782602764	
0.34725683780238437	0.23371186941592925	0.023315985240862876	-0.254951946295904	-0.23604026784310325	
-0.18339290894501475	-0.2450238242567676	-0.19479100857019413	0.09522082050332323	0.6673349650833665	
0.35342033232304654	0.011313082739434828	0.12208767654762251	-0.07176527682280692	0.012551719560612915	
0.12598564768298467	0.178736976429072	0.04374330435056165	0.07259643831722454	0.1484663151122641	
-0.014929890201224564	0.2539014731373309	0.09727961892948259	-0.004975561704366593	-0.0895996944705013	
-0.13199768929230582	-0.030856152561555765	0.22871967917143216	0.0744176311599893	-0.14060526472591778	
-0.2627368126638168	-0.1649430157345397	0.02320481904287082	0.16786214933444282	-0.050685602634654714	
-0.07161622022357317	0.2154561704303297	0.11458446033050086	0.04544213547500433	0.3671364176904062	
0.3028762302578461	-0.1212942551619884	-0.13739576606421325	-0.027404076560428595	-0.027707469219808517	
-0.2879250945509853	-0.1418120825959708	0.117742099563956	0.34384984179075734	0.12056611450229231	
-0.14404801759664926	-0.118505140586726	-0.008308234296517957	-0.0016588045244689076	-0.028022402022428824	
-0.07434072623448967	-0.08431697476513593	-0.6044572032943935	-0.40961287972941124	-0.03710627149384116	
-0.050317687596173055	-0.023586076132756414	-0.13106028004881082	-0.3688114401668889	-0.20233572724918336	
0.0564241940452473	0.19547516700736237	0.18694487268282114	-0.06353822186298613	0.0754683799149433	
0.12701040331926677	-0.15525647638215934	-0.32346384809174333	-0.20325253185374245	0.0830517591037625	
-0.10762138636685406	-0.11826497035582983	-0.01430842933535887	-0.04759662999680984	0.007062158485137736	
0.07305298698141334	-0.05240552492110513	-0.04882881343065262	0.0213181866808146	0.031980900977513965	
0.12121664575755428	-0.006506813562924129	0.050006125846757433	0.0069772093997994234	0.006199585767257995	
0.13281320801118984	0.09427623140717933	-0.0017977596796167209	0.1030628090223144	0.09911863879716178	
0.09067214406925549	0.5714340672464834	0.20073456333569645	0.040794324014522126	0.38928223427671954	
0.29334573286224186	-0.1594249662583867	-0.079759452064973	-0.03869819767132828	-0.16099644029904472	
-0.32253198377901804	-0.17510991459039243	-0.12570574615696833	0.09259599549869647	-0.037403707613520104	
0.055202200923379116	0.186822107025105	0.11791342799018058	-0.03136671420072542	-0.3033481666067509	
-0.2285077890488584	0.0034614679978319414	0.002747606464827723	-0.07952775255369371	0.06018606841104429	
0.39984395871008227	0.08899477208944251	-0.07947534204408822	-0.16809878170604328	-0.10222729574814546	
-0.1316489481065773	-0.2526682655024385	-0.1563592890355482	-0.08522888102351607	-0.07780327534543188	
-0.04025665306844533	-0.04904712597829239	0.2558615632924387	0.15828213990042408	0.002986994686584317	
-0.27996408045148274	-0.06178323094436938	-0.0692894615231995	-0.0389080322024362	-0.03957296390541013	
-0.018193553462959134	-0.04785214952036206	-0.07153561226975359	-0.004381260935048929	0.18881786922391167	
0.15219806801019803	-0.0018085854360037194	-0.06910874826809653	-0.060471919760764686	0.05593674388309538	
-0.07671268256030775	0.028235094706364112	0.023256167993114484	0.08097378855360426	0.06645852293555855	
-0.05656343741566208	-0.08578364507914515	0.012130054621466298	0.20003844959329584	0.918851831996424	
0.516741409152154	-0.17030910222151777	-0.29485184505884326	-0.24790169998170303	-0.0017186130183980018	
-0.1253108721413065	-0.04160947350296367	0.1414139753759534	0.41970629404089044	0.22670605409950872	
-0.06557500450220764	-0.22612880833805962	-0.12087434520681294	0.09066544698003413	0.372348359207916	
0.176734238387875	-0.010942016302478028	-0.13064469238227955	-0.12559614727003554	-0.002029278171199143	
-0.0022015652189131887	0.038050265015716137	-0.04567940526194776	0.22978103384063192	0.04578286489846664	
0.06988983233357086	0.21967193200117888	0.1086437808639784	0.032580504059472756	0.13685362061941625	
0.08318561266534873	0.02130153980701576	0.22958284859435654	0.2066144683640843	-0.18609786876276121	
-0.3956078579057458	-0.2249442763360535	0.01023500904888723	0.21633812676067524	0.1315663061246066	
0.03692550828639694	0.24722345312724892	0.04633122703720176	-0.0795483554006494	0.06251365557383462	
-0.04993258711646796	0.0569232218096493	0.06866501012123226	-0.019237207953057736	0.02714138813699091	
0.05589141236350016	-0.02673871761140273	0.0062415687984467005	-0.08452290731530393	-0.03372258370147531	
-0.03778541630052006	0.33889827510045584	0.13506470756905076	0.05597737899120519	0.32151584300625796	
0.029474154729487657	-0.005551657867840183	0.1665555128819056	0.13823041629284838	-0.08352187416355847	
-0.2688812225896471	-0.08247108968130898	0.009336507924833258	-0.00023399124508499767	-0.15067418181030473	
-0.04571076661661037	0.05092157330843799	-0.009016553507389165	-0.03689906025901933	-0.3629773796886394	
-0.1231100331515785	0.06395694008258881	0.01761091004658977	-0.011776618265881063	0.017509755454491002	
-0.032719931652530766	0.0448229984224674	-0.09813942630372098	-0.24207582048275433	-0.09863483074666828	
-0.11755261617791285	-0.33588002919687004	-0.09075586335039225	0.06694444232092985	0.3230876451497038	
0.1298097436359204	0.060695860023205504	-0.05779707752409807	-0.07266770467834653	-0.10977682106181048	
-0.10379410369507892	-0.11523403125391155	0.006560360113755554	0.4417450234041848	0.11628244430336206	
-0.1154692299163014	-0.1795800955674149	-0.09756874542951402	-0.01605996165063051	-0.24537612334615466	
-0.12250184507771122	0.07002812560387885	0.3780619547357347	0.1189102829648661	-0.07717905691801882	
-0.1389247741958367	0.002887683645257001	0.044105924978226796	0.13949459310763365	0.12974465192621382	
-0.12717897733182684	-0.06880564786653291	-0.1272470868190723	0.07691464874785944	0.7674029548355559	
0.5400526349659084	-0.018023034540948654	0.17544848547812777	0.05108439759463357	-0.06292047464639637	
-0.0900375377208289	-0.0729198004117763	-0.06058459776342763	0.1840698641931769	0.06178910523323584	
0.10812094233745405	0.12064929147299798	0.03622685554842616	-0.15138320634562877	-0.19577303290130602	
-0.22065560092634634	-0.05353393406432929	-0.1332353926208617	-0.07492711661338115	-0.038505006399909246	
-0.24178274649889284	-0.06960504917632941	-0.027463218256293748	0.041378595218069386	0.018805596882026956	
-0.2829856007061784	-0.6704869988984758	-0.4518991089220241	-0.016471246164694246	0.15263864737218058	
0.060274467723272995	0.07499173311485155	0.7791426584655352	0.4131220804657887	0.15412307954919408	
0.4976780333783095	0.28140670829401576	-0.013998809580912312	-0.06491678588899809	0.029689848623520254	
0.04078274671497243	0.29590139114474084	0.04761738151336675	0.04888734392056553	-0.08479556316254488	
0.01949423330914574	-0.04855071467839097	0.24772448566533228	0.009008778786951931	0.19555210725928043	
0.5470287016764299	0.3284626347447387	-0.08350821616046493	-0.37777840582377137	-0.28311439824726137	
-0.1468223690842327	-0.05440104114536433	-0.009735783990367237	0.16615850252612743	0.306095367036221	
0.20511191870244325	0.04741810921107615	-0.12666496189658402	-0.10853649934032161	-0.061080314043708554	
-0.012786875206285239	0.09803741772972963	-0.22882318497573856	-0.5563698372843726	-0.25903911335137353	
-0.07996063087448517	0.07126372841901171	-0.09659282225163847	-0.12594521615078283	-0.40335954733688356	
-0.1782033171629011	0.022007769392358337	0.19840407818366412	0.12221931212039393	0.06787983376463466	
-0.14658761408804172	0.019390786905325762	0.015462286500278408	-0.37939288159479573	-0.1741618289032565	
-0.057715760979249756	0.09642933576736079	0.037756495465394786	0.1442423006370614	0.3096254357774178	
0.23909212283825693	-0.03526368615678721	-0.07606485980272804	0.02886863201863177	-0.004640501574427592	
0.1208541490503554	0.15535139700029907	0.017065567498504502	0.05682739845397791	0.042738995827447154	
0.17324250633896734	0.4359929854203833	0.2777280627440341	0.15212155405336186	0.18154995934135693	
0.06563912296708686	0.0059980225850031176	0.23633689770904326	0.09273560171344639	-0.036113221486124426	
-0.19784031237531574	-0.062413844424352286	-0.02547127787399354	0.43059519643745303	0.17710686674911416	
-0.051425349005626314	-0.18136304766576455	-0.17022524256296342	0.2699085160078574	1.0766018525971444	
0.673288941937284	-0.33575270656393436	-1.2215331986677984	-0.7074922983747982	-0.3088642498333579	
-0.9606357811447754	-0.744563542130962	0.11742746479022032	0.1735170080952853	0.07242196817746129	
-0.027303190270039704	0.20610850204971698	0.08256871819056287	0.030802011107719022	0.11210858269400126	
0.2084082484453627	-0.050733094985510534	0.13831030565639757	0.07547485964202955	-0.4284213147787673	
-1.3460725876823694	-0.8910917046374497	0.23602216810224622	0.8129102124169981	0.523069990679364	
-0.24923780998570702	0.5153316849894386	0.09830652388182817	-0.7621663206954793	-3.2826037657148515	
-1.8797197799752867	1.7875569408818595	
