            A        R        N        D        C        Q        E        G        H        I        L        K        M        F        P        S        T        W        Y        V
 1 A   3.8132  -1.6015  -0.4539   0.0345  -1.3803  -0.2046  -0.9246  -0.0034  -1.7791  -2.1172   -2.234  -0.5059  -1.6645  -2.5381  -1.4988   1.2483  -0.0028   2.9869  -1.8257  -1.1486
 2 A  -1.2987  -0.5835   -0.757   1.0273  -3.9657   1.3945   5.7687  -2.6134  -0.4753   -3.696  -3.3085   0.3078  -2.3621   -3.456  -1.6452  -0.5456  -1.3946   -2.935  -2.3468  -2.8965
 3 A  -1.2129  -1.2576   5.6036   0.1857  -2.9156  -0.8806  -1.0946  -1.1943  -0.3607  -0.9404  -1.6676  -1.0413  -1.7645   0.5884  -2.4785   0.1638  -0.6714  -2.7861  -1.4467  -1.3595
 4 A  -1.8363  -2.0775  -3.0673  -1.7234  -1.9067  -1.9841  -1.4695   -3.702  -2.8183    1.021   3.9207  -0.8043    1.151     -0.3  -3.1298  -2.5177  -1.6019     1.49  -1.4376   0.4225
 5 A  -1.4685  -0.1281  -0.1149  -1.2375  -3.3187  -0.5878   -1.704  -2.5022   0.1959  -2.5096  -1.6524  -0.9455  -1.6892   0.2955   0.2977    -1.09  -1.0518   9.1531   1.4232   -2.519
 6 A  -0.4219  -2.3322  -1.1008  -1.3749  -1.6539  -1.9861  -2.1567  -1.6222   -2.424   1.2838  -0.0181  -1.3336  -0.2964    -0.17   0.5453  -1.3289   0.7073  -2.2628   0.7014   3.3818
 7 A   -0.867  -1.9655  -0.3347  -1.9336   1.6692  -1.5135  -1.7869  -2.3223  -1.9217  -0.1261  -0.8613  -1.6069  -0.9667   0.3781   0.7646   0.4477   4.1824   1.5713   0.8263  -0.2023
 8 A  -0.9379  -2.3887  -2.6243  -1.4717   -1.633  -0.0189  -1.1164   -3.343  -2.6201   1.3714   0.7131  -2.1311   0.0413   0.5481  -0.7181  -1.7621  -0.2389  -2.3095  -0.0101   3.6977
 9 A  -1.4155   -2.399  -2.7719  -3.5466  -2.7987  -1.9619  -2.5417  -3.4433   0.4279  -0.0938   0.2339  -2.3909   0.9493   2.8176  -3.1713  -2.1797  -1.9759   2.8138   6.3237  -0.9309
