            A        R        N        D        C        Q        E        G        H        I        L        K        M        F        P        S        T        W        Y        V
 1 A  -0.0124   0.0453  -0.0621  -0.0826  -0.1099  -0.0394  -0.0394  -0.0144  -0.0051   0.0558   0.0031   0.0024   0.0083  -0.0009  -0.0487  -0.0303  -0.0171  -0.0475   0.0405   0.0005
 2 A   0.0483  -0.0128  -0.0815  -0.1255  -0.0835   0.1663   0.0289  -0.0926  -0.0249  -0.0694   0.1162  -0.1226   0.1173  -0.0005  -0.0551   0.0906   0.0597  -0.0722  -0.0164    0.038
 3 A   0.0334   0.0869  -0.0124  -0.0079   0.0395  -0.0272  -0.0387  -0.0159   0.0525   0.0432   0.0337   0.0317   0.0278   0.0704  -0.0085   0.0494  -0.0182  -0.0196   0.0481   0.0482
 4 A   0.0144    -0.02  -0.0312   0.0232  -0.0902  -0.0394   0.0357   0.0296   -0.049  -0.0399   0.0083  -0.0463  -0.0328  -0.0399   0.0026  -0.0426   0.0022   0.0199   0.0033   0.0081
 5 A   0.0568   0.0279  -0.0123   -0.005   0.0165  -0.0176   0.0421   0.0266   0.0111  -0.0122  -0.0286  -0.0099  -0.0062  -0.0218   0.0246  -0.0074  -0.0283   -0.012  -0.0403  -0.0077
 6 A   0.0168   0.0292  -0.0419   0.0582   -0.072   -0.029  -0.0445   0.0474  -0.0384    0.001  -0.0352  -0.0041  -0.0453    0.044  -0.0539   0.0331    0.027  -0.0559  -0.0665   -0.017
 7 A   0.0333  -0.0236   0.0445  -0.0201    -0.02   0.0324  -0.0168   0.0321  -0.0364    0.041   0.0287   0.0417   0.0274   0.0329   0.0422   0.0405   0.0139  -0.0699  -0.0551   0.0373
 8 A   0.0679   0.0383   -0.061  -0.0308  -0.1022  -0.0293  -0.0061   0.0157  -0.1109  -0.0742  -0.0175  -0.0696  -0.0009  -0.0138   0.0178   0.0493   0.0782   0.0213   0.0101   0.0218
 9 A   0.0014  -0.0576  -0.0615  -0.0472  -0.0847  -0.0923  -0.0234  -0.0653  -0.0443   -0.009   0.0631   0.0039     0.05   0.1761  -0.0892  -0.0993  -0.0093   0.0352    0.196    0.026
