            A        R        N        D        C        Q        E        G        H        I        L        K        M        F        P        S        T        W        Y        V
 1 A   0.0204   0.0953   -0.108  -0.0606  -0.0248  -0.0252  -0.0395   -0.013   0.0295   0.0939   0.0315   0.0499    0.091   0.0077  -0.0954   0.0276    0.018  -0.0223   0.0299    0.057
 2 A  -0.0121  -0.0756  -0.0452  -0.0143  -0.1075   0.0095  -0.0259  -0.0346  -0.0037   0.1352   0.1076  -0.0277   0.0895  -0.0161   0.0041  -0.0001   0.0591  -0.0041  -0.0623   0.1872
 3 A   -0.012   0.0141   0.0739  -0.0324  -0.0089  -0.0507  -0.0834   0.0045   0.0075  -0.0292   0.0155   0.0048   0.0626    0.107  -0.0584   0.0386  -0.0164   0.0431   0.0846  -0.0018
 4 A   0.0884  -0.0157   0.0193  -0.0128   0.0503   0.0084  -0.0035   0.0077   0.0005  -0.0243  -0.0035   0.0017  -0.0189  -0.0006   0.0583   -0.001  -0.0114    0.022   0.0198  -0.0219
 5 A  -0.0246   0.0544  -0.0396  -0.0239  -0.0055   0.0326  -0.0214  -0.0116   0.0666  -0.0002   0.0101   0.0103   0.0636   -0.026   0.0102   0.0007   0.0014   0.0319   0.0389   -0.005
 6 A   0.0157   0.0341    0.032  -0.0518   0.0017   0.0361  -0.0713  -0.0337    0.002  -0.0205  -0.0017  -0.0262   0.0217   0.0355   0.0036   0.0773   0.0472   0.0015   0.0193   0.0404
 7 A   0.0125   0.0512  -0.0286  -0.1178  -0.0241   0.0522  -0.1074   0.0159  -0.0052   0.0837   0.0752  -0.0187   0.0565   -0.002   0.0348    0.104   0.0067   0.0281  -0.0352   -0.019
 8 A   0.0035  -0.0069   0.0077   -0.091   0.0208   0.0276  -0.0183   0.0322  -0.0257   0.0139   0.0632   0.0678  -0.0185   0.0068  -0.0037   0.0069  -0.0232   0.0071   0.0501   0.0426
 9 A  -0.0025   0.0462  -0.0085   0.0014  -0.0325  -0.0204   0.0074   -0.006   0.0682  -0.0419   -0.014    0.263  -0.0063   0.0009  -0.0102  -0.0329   -0.088  -0.0095    0.095  -0.0465
