TESTRUNID EPOCH: 99 L_PCC: 0.7711647123106827 L_ERR: 0.0018021098164086927 T_PCC: 0.47106073964959616 T_ERR: 0.0037913230867016893
180 LAYER: 1
3 LAYER: 2
1 LAYER: 3
99 :ILEARN
0.17484899682407581	0.2896510952809725	0.10302441123817642	0.022399146057314304	0.011686069955355996	
-0.007011766453318539	-0.19139855978136164	-0.188346211555412	-0.15835565831617138	0.0941100012910286	
0.09242490184772774	0.12556625330263363	-0.050323170919582695	0.0866493278285964	-0.08527092037918241	
-0.06190996869337349	-0.12110216440205436	-0.08580924460171374	-0.04970582016991482	-0.03285439775734536	
0.08522728670934285	0.2149750081597626	0.12047418543227757	0.1637220782943764	0.13021035162265843	
0.14820118632061366	-0.023421219021346692	-0.2621993836575037	-0.2760846109016859	-0.14587889641056156	
-0.16015816604111063	-0.11837144056206093	0.010241467165225697	0.10847920281891012	0.1711042375753989	
0.07493662667952608	0.0315800687306594	0.05901220661248103	-0.10047482087261701	-0.25891829230873364	
-0.2939080322163854	-0.2659241594814196	0.023491373614784955	0.14550772279221302	-0.01037961011213967	
0.08682224409888252	0.2067430091981932	0.061200490584499556	0.10599671318693109	0.11880782648305423	
0.05823049130812757	0.034486924720036734	-0.056689634225394844	-0.045213309092488135	-0.19261608239390776	
-0.32957856331525004	-0.18451922310231275	0.050060862295334935	0.17841317926246786	0.16330827918667523	
-0.22478548956518368	-0.21756928395690273	-0.12167612535248488	0.06583912110562144	0.016172725950092934	
0.09855588677048177	-0.018566098720067765	-0.06278764603256495	0.031571530688897904	0.0008559022835286092	
0.05892345336330399	-0.08897047765965811	-0.05260866421802784	0.08779718306088512	-9.047047335927942e-05	
0.025938684389852015	0.20501574733020658	0.06925854527560138	0.12402859823171646	0.14190853027526687	
0.1564802860974605	-0.009330893291601623	0.007282850862720754	-0.06274296607083235	0.03140232888151964	
0.19077926501996126	0.07161900642929203	0.14719187982014412	0.1012554343332915	0.08152387713641143	
-0.2162326878324575	-0.09503032826989599	-0.1624828511878619	0.06710659296968084	0.04956665299230115	
0.0019063039866203384	0.06209181239918516	0.0004576696782945624	-0.11847091747405508	-0.037870942229838216	
-0.12116850658633586	-0.07023075157163602	-0.2457284499746405	-0.3854714467834736	-0.2807567319734882	
0.2725749296356126	0.22192712168247006	0.34799613463769474	0.16393968586300042	0.2572896505162737	
0.07061206296193662	-0.0691448460791888	0.09062371548279084	0.04307077358653329	0.03909662883696283	
0.2158159380883418	0.1861316344349885	0.019616271296186004	-0.039143965378826376	-0.13416905039109217	
-0.1294382388223903	-0.1400516646967298	-0.13325543492551864	-0.42220156890493216	-0.3928379305082701	
-0.400727015337515	0.13625391139559304	0.23154584046027124	0.05562581960574419	0.0758593449953527	
0.16958913290347558	0.22510484406790454	0.04058458438900889	-0.06197273640537824	0.08915569092871097	
-0.10167457180627436	-0.0008681602428170041	-0.08087809405563198	0.10754604601814	0.10265907641495711	
0.05519956107633975	0.05970080677667737	0.09364086424039449	0.067657657743608	-0.048474398480873045	
-0.01904669283239049	-0.010593204159886767	0.06529036648585616	0.04265836660360705	-0.0714760080679392	
-0.10403597038985074	0.06458242768643352	-0.01783563184992706	-0.4456710408487981	-0.5227608452793713	
-0.3690486446745178	-0.028398911221523406	0.0573510425708301	0.12911690015639332	0.1791274291586082	
0.08865484982530661	0.119455524091722	0.09196209071347239	0.14741165563329078	0.003132398287261515	
0.0007907733225122897	0.04127933105867535	0.10046247393594233	0.06719838082498678	0.07992776503742305	
0.014764095595121788	0.11256114306478344	0.03577054177354272	-0.007105374902705296	0.02406324877959199	
0.06700978702455619	0.0580598362685808	0.02351986078193086	0.005640849883757597	0.048115571582518585	
0.03435833087857209	-0.05053258876593858	0.06161918904964172	-0.3171427087713743	-0.3240632390715871	
-0.21344484343004122	-0.0016573027518832961	0.10397474118565271	0.06901878380383476	0.25205367556311714	
0.16206290216095176	0.08227168199236594	0.029882969778876684	0.04522334267778604	0.0639167715846939	
0.14024653685126562	-0.020236335428004446	0.0016508353940605323	0.11352052926032213	0.2168305977385388	
0.18859205821977745	0.045076128700859704	0.11669649361892381	0.05778506288870355	-0.04414235942271865	
-0.03212157559349446	-0.002029589478914777	0.06800306287812868	0.16305130958621897	0.14493313228783164	
-0.1694339970496731	-0.10014054188314472	-0.2141208454112316	-0.2134989119762483	-0.25581664646299135	
-0.13871188494378697	-0.06441066978315507	0.13439974501391663	0.09999260493920589	-0.07873883195780129	
-0.04165675353187909	-0.013821254878363803	0.038451439285962924	0.21177539971268583	0.09210815141671991	
0.07405563352650672	0.0016751831580965651	0.05759687295214696	0.010865279383426796	0.011769902974422158	
-0.06849024834040798	0.021313185421203796	0.08785864282022171	-0.021805026140832948	0.051888546426722436	
0.08968625011073515	-0.03936419436411465	0.050208848138624626	0.024318064086152717	0.09024210789400096	
0.028855146393044977	0.17296024985284017	0.08755809501181654	-0.37618311267822474	-0.34069258156676424	
-0.30931211815204507	-0.14083294858314274	-0.058854512119866184	-0.04663206742294711	0.14971920504742753	
-0.0031964877974768246	0.16257552262547442	-0.10889812271356493	-0.010987070003681645	-0.064420110313581	
0.02489813526270519	-0.04144846083017746	-0.01764136071258099	0.0990524011820924	0.20312840792143425	
0.1988375333222377	0.1285743732409173	0.1301805891939435	0.10182474274037001	0.046939236411918085	
-0.07094237555710181	0.007144743669877213	0.07727320087680252	0.09235525793828385	0.0791657035988593	
0.03192982674251126	0.028458911535088734	0.0847539328329426	-0.06295494498477831	0.010882065267873135	
-0.0380421723160173	-0.08956114020864606	-0.048642714249155505	-0.06110083111393883	-0.0084888047586108	
0.00010945907571538151	0.02038097188492682	0.1407610947987258	0.0998154503973898	0.06833574190448867	
0.19141955375246725	0.16211217710744408	0.1861023647680055	0.04091670017460934	0.08026887505129696	
0.0333378544393031	0.0911772626280036	0.0656158189553397	0.03217444958037075	0.017353173603174465	
-0.01874680261903416	0.026741623897675957	-0.1311537548658976	0.024073928171884976	-0.11026156128834474	
0.06288595767596722	0.08148196709707169	0.039309256557867926	-0.19401897721702352	-0.3116472172932122	
-0.22433272835712326	0.0874723901183401	0.10231620702896219	0.14635495487996758	0.04081600512911192	
0.18641434379255079	0.16403047519871244	0.14059173862887303	0.16625066757873747	0.13365427056141646	
0.10166106609676999	0.1790711189221023	0.04682316530667167	0.06339746012821511	0.2191646923085993	
0.10262074306331972	0.019078132319827815	-0.060572296799907374	-0.09418051770739098	-0.11622853534136254	
-0.1594518512717177	-0.18164044002199914	0.1042125592040949	0.11054096874687698	0.11721468887705246	
-0.21837079378381144	-0.13211948192802483	-0.23274090633281955	0.005492718354019645	0.06214808694149261	
-0.08832762989589248	-0.10554637763037837	-0.0269987896040129	-0.0046576738782870535	-0.19769122414412568	
-0.20240620762917952	-0.12330155836486119	0.18527634806537058	0.23370576246670646	0.04946009052298041	
0.1437787102931122	0.19075878334604612	0.1481443430886556	0.0968954832146426	-0.04427681702540117	
0.09810439215314534	0.03402416724260777	-0.062253399546778145	-0.0637208223352557	0.08051499719756136	
0.03736446458095112	0.11558957735502559	-0.15056372032447926	-0.10621983144791435	-0.06856300630873036	
-0.05974659507036924	-0.0919407310238033	0.03263604168590473	0.07748460277647709	0.18646722673586935	
0.09920322761760664	-0.022014145009987048	-0.13102351884985966	-0.10866502890655001	0.06685101005242733	
0.1489991825867474	0.052592121544072175	-0.06164672863539368	0.056753543863412054	-0.08665640389102344	
-0.13549481764719626	-0.07080860446338783	-0.08141498322550912	-0.06681244545310991	-0.20606058104664887	
-0.12075854950951441	0.13041660141271022	0.24966469831505558	0.062097375953224766	-0.06872324229819016	
-0.07851570709121229	0.018182291745600196	0.06203118443412359	0.0028719955977773047	0.07647579119999388	
-0.026373631251121354	0.09579902660840119	-0.002804420771866297	-0.14315749855870824	-0.04402615241183934	
0.016182837951397827	-0.017442772666494483	0.06098011571288735	0.007388888619244729	-0.007383651797502541	
0.07563792914351736	0.049641260983513395	0.004159052584068876	0.17344328520840377	0.09421140816646727	
0.06662264989053755	-0.0603799986797015	-0.06741696029334815	0.014376795815455024	0.11144328614694866	
0.02713070943696986	0.07275498686722756	0.12345108201848498	0.08844978773000771	0.04869538753844331	
-0.032972443188837526	0.06753936585250833	-0.1279431977630576	-0.07138368108234182	-0.0963385267506604	
-0.24920329696733606	-0.30460511371676613	-0.289208185001771	0.05675335271184498	0.17952422561710413	
0.07369195734368039	-0.020917906940762496	0.14681487010389904	0.059317308558434846	0.17611104022549515	
0.15665651061458916	0.12149353018769764	0.06753350780512347	0.08731105211996776	0.13538193031637957	
-0.01642683854181216	0.08295919688916391	-0.08566691359554447	-0.03029000274392131	-0.17117607964589018	
-0.06632963311548366	0.09965384906275897	0.25361285820050444	0.10492502698963939	0.1406873009789073	
0.14566477106548925	0.11135137612281636	0.012892246750244168	-0.1474065447372849	-0.13940112015123382	
-0.03098414988030091	0.06195885284346748	0.10850686506038128	0.05922875596634904	-0.003951815069467467	
0.015508741749075709	0.12152244413358727	0.032115753160300894	-0.007251279003821125	0.018771094648919587	
0.030911328902523096	0.1519212345988212	-0.10175627828837197	-0.08089341154847887	0.03311835107252056	
-0.12083591308464996	-0.017595029918234955	-0.1282037127702237	-0.06246868162662319	-0.12294131489216367	
-0.022375326677593038	0.0033531064599442418	0.024509255546895547	0.03180380150387523	0.17898333530133942	
0.024452851706204252	0.14001624056096565	-0.2085763802685214	-0.4415375305879521	-0.28988181482409653	
-0.09890066996540801	-0.017009239106499027	-0.06232046523185355	0.1421758879156484	0.12544600455490312	
0.13553394471716	-0.01880110249292392	-0.06680083976459887	0.04015001969736128	-0.03255953666037417	
0.010077617280925998	0.08891234695596328	0.009355663521005716	-0.021682164550554498	-0.0011759450751368196	
0.08353356922440361	0.08360489680057873	0.0668774977946875	0.13891658093466772	0.018653026534526343	
-0.02396298918677116	0.016736306118300685	0.05891214125724121	0.008763584762138798	0.04303022778007584	
0.010546841784177639	0.08705564114828572	-0.08284631988759614	0.009700654869479887	-0.08081556976580052	
-0.23338801563818437	-0.30769882551775096	-0.3584754841793306	0.17447977976669787	0.33472462384466106	
0.2473173748750225	-0.30654728485908117	-0.47723701113228706	-0.3150459926174636	-0.07910010747149238	
-0.1587066093464631	-0.17986716694360752	0.12861681666152847	0.1261780998291388	0.0536987209835488	
-0.05773053188332087	-0.03518558494412213	-0.049132672167252193	0.004572546627042965	-0.0004816925677984565	
0.11507745542983733	0.04563555986528601	0.23821187194010043	0.17368988075206326	0.2995784534384219	
0.33575085310758296	0.2906764467488334	-0.042718689213112435	-0.1446985231065394	-0.07432755425746569	
0.09967556618275834	0.23337979262800043	0.08447220605679884	-1.335871388565579	-1.7904773426272662	
-1.3289283134157948	0.30291466113803484	
