            A        R        N        D        C        Q        E        G        H        I        L        K        M        F        P        S        T        W        Y        V
 1 A   0.8706  -1.3269   0.0859   -0.621  -1.4249  -0.0148   0.0635  -1.3205   0.4119  -0.4898   1.3391   0.6972   0.3897  -0.5011   0.3721   0.0809   0.3322  -0.1648  -0.0987   0.1163
 2 A   0.6201   0.5715   1.5533  -1.8641   1.2232   0.1745   0.7732  -0.4564  -0.9189  -1.7412   0.0794   -1.811  -0.1878   0.0755  -0.4299   0.1307  -0.2352   0.1413   0.3874   0.1768
 3 A   -0.402   0.9193   -1.644  -1.0244   1.9593   0.0523  -0.5303  -0.9873  -0.0704  -0.5953  -0.1786   0.1563  -0.0028   0.0603  -0.5545  -0.6687     0.76   0.5024   0.2848   0.3662
 4 A  -0.6412   1.6687   0.7615  -0.8549  -0.7863    0.979   0.4688   0.0098   0.3818  -0.0405  -0.8949   0.5797  -0.2212  -0.1888   0.0258   0.7578   0.3709  -0.6171  -0.7152    0.945
 5 A  -0.4089   1.0447   0.0761   1.1559  -0.1463   -0.488   0.7464   0.0608  -0.5954  -0.4288   0.7838  -1.2062  -0.2975   0.7057  -0.2373   0.0611  -0.1413  -0.4072  -1.2083  -0.2527
 6 A   0.1562  -0.2015   0.2685   0.7249  -0.9483  -0.2298  -1.4577  -0.1062  -0.3121   -1.009  -0.1028  -0.0459   1.1808   0.9587   0.3758  -1.5715    0.094  -0.3138   0.0127   0.8925
 7 A   0.2522  -0.1907  -0.1555   0.2816   0.7768   0.1342  -0.3892   0.5868   1.1094  -0.7922   1.2861   -0.081  -0.7244   0.4524   0.0483   0.5849    0.437   1.2039   0.5668  -0.0223
 8 A  -1.3063  -0.5439   0.3713   0.5689   0.1681  -0.9757  -0.0624   2.7815  -1.1404  -0.5591   0.2368   0.8412  -0.5975   0.6663   1.1297   0.9253   0.6496   0.8672  -0.3385  -0.0542
 9 A   0.0217  -0.5345   0.4546  -0.2597   0.3299  -1.5214  -0.5682   0.7754   0.1825  -0.9492   0.1923   0.4596  -1.3713   0.0913   -0.527   0.5642   0.2821  -1.7468   0.2407  -0.4266
