TESTRUNID EPOCH: 5 L_PCC: 0.6930735754778194 L_ERR: 0.018394491063865512 T_PCC: 0.6393658856250475 T_ERR: 0.021911883811732393
180 LAYER: 1
5 LAYER: 2
1 LAYER: 3
5 :ILEARN
-0.04886044599130124	0.05714740280954266	-0.10278510546417859	-0.026207638962993118	-0.08793391368570033	
-0.22542838428532302	0.07434200408521564	-0.09090618033264726	0.06882231506107045	-0.20458806395917167	
0.19117114482322534	0.051170557320421334	-0.013795500276328011	0.09220443707309248	0.14216892751065247	
0.21779487027911593	0.033716354685181756	0.03391580279021709	-0.04101099171762286	0.09718341744695906	
0.0503583355686061	0.008065081910173416	0.0027575810757602655	0.004588943472363091	0.02657608676294707	
0.09165701625063416	-0.007684295189272617	-0.10662267722292097	-0.014205157437019979	0.08390174740395992	
-0.12368351724659606	0.08775824857222578	0.04726940921086631	0.07078121323755765	-0.027228676995819205	
0.17799452645008407	0.015360965555571322	0.14601926077684863	-0.08882496100844828	0.31134791776616594	
0.09677762280922611	0.04838605567325094	-0.02531539633672461	0.07722320006788544	-0.08247830006774025	
-0.15723171957751772	0.08960142268702201	-0.06102219346871229	-0.025614139199994182	-0.20873506693652136	
-0.2705219022979222	0.04251054344168653	-0.08453643096759207	-0.026440955647438612	-0.17503535246444155	
-0.2509307415777166	0.18766634118003742	-0.16517494414068748	0.12066856916399236	-0.17943628967800287	
-0.12486836574013732	-0.041185141243554164	0.05359032450865672	-0.01638364949000718	-0.09202866885207756	
-0.2617402936364924	0.02205819949644326	-0.024787449357765733	0.10746730578702186	-0.2787492680669254	
0.18210670046185215	-0.039756900081894975	-0.04899251820788472	0.07371266638123418	0.11052743939112163	
-0.0785893336251473	0.13268894573921755	-0.06273459919751188	0.06694910761088596	-0.03401021109171991	
-0.0587951486336632	0.08022161747178556	-0.0067063496332481895	-0.004730747583945814	-0.2426688982263226	
-0.09611547828658575	0.044696335317593386	0.07334598311415517	0.10588501935453906	-0.15852071594298353	
-0.32558087421195314	0.13277134276239277	-0.06549351943350364	0.0724124141113287	-0.30650405893877003	
-0.19881658729676915	0.09307973636664425	-0.01169599767729522	-0.08407616737149022	-0.1305030417806013	
-0.05656324941831234	0.04509128016419011	0.09694440387915748	0.010120120227323826	0.0445174007256139	
-0.09289068725116625	-0.03441999130805098	0.06415166300187479	0.09317246958059969	-0.021638349466379367	
-0.10607326631587918	-0.025118281605416907	0.11409204463080042	0.08918543746045239	-0.12767488574863153	
0.031045383428415053	0.09740556683699497	0.13563538800469066	0.1004004832027935	-0.08709656625328302	
0.03761120555260272	-0.12400532414053864	0.002110265265523391	-0.05105779030954186	0.23918705663670223	
0.05454229260332009	0.01932198290414639	0.1441892531165461	-0.057270316263479254	0.003985408764965094	
0.028686049299383266	0.10599537952064488	0.06298426295871963	-0.07107635736282893	0.08836979083797386	
-0.10912974585541542	0.11951564055190422	-0.010764345597815056	0.13249452817146704	-0.03141638345248528	
-0.2725191499411376	0.009008844563898272	-0.2065238229225726	-0.024913719156078026	-0.3900245232641066	
-0.09709327538588491	-0.04426686982531769	0.04139197487521886	0.019827841336613777	-0.10909305404927958	
-0.051423985650473014	0.07535904757370347	0.03711188706268368	-0.07098731715689605	0.0217129888207506	
0.052821495841344886	-0.030339741207190535	0.06464612196768811	0.13368975973867556	0.0840812065618142	
-0.15150536894311417	0.04059491762362553	-0.012867785331153262	0.08323921849178975	-0.19183787989393497	
-0.4391288981627148	-0.07067914977838252	-0.22097853722160674	-0.001969506716932373	-0.35078386752918983	
-0.0629420682055614	0.14023289684583645	0.050570860837262296	0.02682363056254292	-0.021662930135093718	
0.09126842051935777	0.04722706453258482	0.020588253212133034	-0.061275413191747306	0.04307588407416302	
0.12595773596647739	-0.06584027436196589	0.13064616713611518	-0.07705606936914773	0.08641630439873246	
-0.12279926228285375	0.03048544423911607	-0.16073978486732415	0.04560655852610615	-0.33180697864181885	
-0.8445754633004909	0.1308915239290433	-0.38842870438501753	0.14957631072696223	-0.9060444599030654	
0.06538848019766325	-0.07078233008374431	-0.054682018703084964	0.04404702098607315	0.06003455229445889	
0.006398043910727229	0.11760337250678214	0.02711031022767751	0.09590116721146283	-0.11277029539668673	
-0.02071691105764221	-0.004008352196769666	0.047570242394995944	0.10260924279602898	0.16588455594098395	
0.18977177931656455	0.07430322482420532	0.005566087185327884	-0.0631529254152477	0.1718966952155133	
0.21317576580457684	-0.1348836882372617	0.19590825924205646	0.06824647462980692	0.21257511213788455	
0.14195948238454148	-0.03693202996676739	-0.025530273278801967	0.06073038908292645	0.08943104668210938	
-0.043424272440484676	0.041558475498811434	0.05801342240356838	0.09971911258466484	0.07633743267797122	
-0.03779118447474766	-0.005249043206991496	0.08568864167487561	-0.032310772716167814	0.08927259697476164	
0.16024623221333498	-0.08891983264296112	0.05276902520523169	0.023660214254129994	0.1443686052985676	
-0.20551150387057296	0.1267493526408833	-0.026876050252405553	-0.02482392548891165	-0.12976665426652395	
-0.10268624548751375	-0.019506483730863833	-0.0515077131849661	0.07888033709754586	-0.10466610485412299	
-0.2236393949729315	0.07458326313975681	-0.01914092168014317	0.07515950441490007	-0.12997802261697966	
-0.09562079601950571	0.06784332017388488	-0.00993667152271652	0.02028007685179511	-0.0887758022917156	
-0.127705118888888	0.10723020292531077	0.011989885606758118	0.05606945483328672	-0.12088246272713479	
-0.06453780712362395	-0.02077739604295292	0.018223842334893013	-0.06052262055475373	-0.07676949335683285	
-0.3068362111050662	0.14682790702424597	-0.11821351250937268	0.09381324765312034	-0.22045535112958245	
0.10556463651176802	-0.03344417702796862	-0.009223769199602053	-0.0035722769124778403	0.1603195443203352	
0.2070145997999952	0.06919774318814183	0.06526783288884348	-0.04971256687144238	0.13255461393295856	
-0.05894944572155418	0.042593632899730186	0.035471123902066394	0.046582919900977876	-0.048985686090121675	
-0.00020091079681081037	0.03451393747158081	0.029491190757338595	-0.016010223766550657	-0.003908864866516485	
-0.14262684518642374	0.03850180425292039	-0.10786015704769261	0.13548595789546122	-0.16141150219759032	
0.005105859923565518	0.10654859636638284	0.021229769631142176	0.040419289175734785	-0.08292674729533347	
-0.08645189881700757	0.037239110257250005	-0.06215562662045496	0.06390742536194872	-0.07697447328310471	
0.2123457600130755	0.07198797797053803	-0.020978567734089675	-0.09019477593024501	0.09563627180734745	
0.175882014018399	0.03806491425531634	-0.016174063210270626	-0.05717020379615741	0.313582673944048	
0.01817358867232348	0.03399685541786174	-0.013176292035442225	-0.043362142090891495	0.04048950866182208	
0.17563485400061588	-0.06840446119320454	0.07378526123221103	-0.0031087135352332526	0.25592152196142215	
0.04946132084094636	0.0691601553231303	-0.041393594904566254	0.015912708968808517	0.2096243087239483	
-0.1545178590836706	-0.014142999063694272	0.06886961048814873	0.10180114443114129	-0.03239746744185119	
0.020551730630586258	0.12776131226001297	0.04385446426571025	0.09772529881288695	-0.11480415333037654	
0.05183758381304525	0.02184853439124472	0.05321127600202018	0.05207613703903483	-0.10789161126287217	
0.08832167186878344	0.03983642074488425	-0.009187798083038164	-0.05191295411597009	0.04389297364900996	
-0.10832099529866265	0.1283134322216241	-0.030163567191317617	0.09667368419981813	0.07410784885560201	
0.13511012214235524	-0.11720861226954968	0.15111527213152331	-0.02226065787531647	0.24314163460354807	
-0.11091502326824004	0.10230321983178205	-0.006455710842280065	0.01758686148570421	-0.268581459363033	
-0.1309444154584901	-0.036255643587599404	-0.12113200555089237	0.11237361383760343	-0.32000551054864423	
0.019134637350625486	0.07171899480317503	0.06808504275088466	0.04096442886291435	0.05872564177000716	
0.10029560053138697	-0.005227603198435953	0.15731944338304973	-0.07030875746534433	0.10860129301423938	
-0.09866094327894562	0.09308028092300236	-0.007460877522364185	-0.049604047482061014	-0.07609703739278884	
-0.19184071587739604	0.10636648390148008	-0.08374538308069904	-0.0658384842312773	-0.14681452757306312	
0.08615605765040617	-0.030629271984971746	0.0766947000764077	0.004196661897832918	0.007839826908775478	
0.08261893865433587	0.10202109474289411	-0.08456605960466404	0.0703055897078498	-0.06984016879664996	
0.09780976620996511	-0.06641548670187926	0.022206483003442537	-0.06408771272021083	0.020285217037820203	
-0.2580196998765421	0.09167536560455994	0.0034820571560370416	0.09813855219321127	-0.2004675554558343	
-0.08639801260381832	0.09410715828104091	-0.005007566068903629	0.10457819161289333	-0.09766628612664319	
-0.22790988318418962	-0.01724755247388105	-0.1534809972131739	-0.03811902169652046	-0.19729793680948746	
-0.07822992270721778	-0.09099882104627637	0.09905277229888756	-0.0010067290308562065	0.011074188136149226	
0.11159760023516804	-0.060619156860599814	0.09384685921624483	-0.023921640068200432	0.17224425103487975	
-0.008992330311226565	0.09425613821656789	-0.0670902166976919	0.08926169963746242	-0.05243192068215524	
-0.06025754446997767	-0.09527849775001919	0.013440437730569502	-0.0592381124754189	-0.02847637237681886	
-0.026024087382054837	0.16499115817394078	-0.009880159429791702	-0.021053300881941236	-0.20213696968982603	
-0.1833948488322755	0.08458784908036501	0.006125165621914055	0.11995307671448718	-0.04445879572470937	
0.0615018123702545	0.08742764612536202	0.04666750578390554	-0.028781582388063144	-0.05117252515909733	
-0.18791858984255796	0.13257042280821893	-0.13730712402898493	-0.01475415212210262	-0.041423334512004625	
0.0462530628923348	-0.001552041895523406	-0.01696054146691848	-0.05215431890597797	0.08020849059779467	
0.30479690228883916	-0.03270814550128382	0.0764513834845517	0.011235126914484337	0.2687300005824617	
-0.06646918870696164	0.05721110054748017	0.09948850135509513	-0.0816836993939226	-0.04349703913674082	
-0.11244586294902216	0.12600494109640106	-0.04106766553074371	0.06257617539870565	-0.19793827929895808	
-0.08276188160768454	-0.03602870549970957	-0.09262638081265484	0.038844918991226655	-0.1833426442427147	
0.023846997576846232	0.029314883406265847	0.007471692388056411	-0.07024327929369387	-0.023952649588230335	
0.002212002113316678	0.19425613430095434	-0.01048990567788772	0.1344958820032349	-0.18663445421512304	
-0.09440921584844111	-0.029595205014391928	-0.05085896067690303	-0.03605163189543068	0.007686613599912077	
0.15976378836941105	0.006576470078239437	0.039915374178987446	0.0071968102884501384	0.11162695508812662	
0.053019681319056655	-0.01372827121456371	-0.08116429403395621	-0.045947543703283356	-0.02737460648329102	
-0.023326763878968277	0.01769853096305343	-0.0378242271776828	0.028545153327036308	0.018639822486665285	
0.08226635937981144	0.0625335021382278	0.08618479754748454	0.12361416257229353	0.034987009437420835	
-0.05773336142084103	-0.12302975525935068	-0.05858519105235902	-0.02719619502338002	0.0026758342030099077	
0.04904563701339519	-0.07467830901727912	0.11351200069258721	0.05801922030271898	-0.019810659422785138	
-0.08211309870638087	0.09701365888971522	-0.03302047917324259	-0.04568834961128149	-0.1954914003813693	
-0.15419409208195456	0.06688062512014979	-0.038539045116060815	0.0026939352592693887	-0.3942071836515658	
-0.093213141159129	0.06592628009307865	-0.04866492395279469	0.12003115020558683	0.04871031826919105	
-0.039965036277650905	-0.012998129163144783	0.04979545589969277	-0.0015371390187933836	-0.028145808979247233	
0.20411112592346134	-0.08196779931311837	0.16619025299613976	0.002974047892725407	0.18700031141633536	
-0.1360452191567735	0.00024370661425610844	0.03747297378066551	-0.08934465477014789	0.029192766034175612	
-0.1006545325857455	0.07016464912998291	0.026216840064355155	0.09561803973272855	-0.2552966706341025	
-0.13136492548222725	0.13795652793048088	0.03521115080360971	0.0805584003596388	-0.10604542302598077	
0.0716920322563348	-0.005117297270508094	0.014178513195819257	0.0576102205323758	0.00526944036312915	
0.036453987348079364	-0.013480397273231158	0.012914286092190485	-0.009625140647430594	0.02305783988925211	
-0.18819798756168996	0.14035841524298642	-0.0836685427978998	0.017940831695281177	-0.14915754100700307	
-0.2777799450288004	0.13937546712174914	-0.05142851537528285	0.00622462420565195	-0.37219458020930785	
-0.09832919241989223	-0.03283459680116367	-0.0590069753198217	-0.05857503599432834	-0.03222814392823894	
0.10975019580351011	0.046324887801267416	-0.039592514226665834	-0.05308284360619766	0.03799479848094016	
0.22091167596596648	-0.04129016353800146	0.09016066414820716	-0.06246247494422799	0.3165493180760306	
-0.18790247273937555	0.1732617321706508	-0.032340149517447556	0.04234757664227147	-0.1974048080683415	
0.02663755441375757	-0.04973943541099218	-0.051935668237986524	0.01189386253348172	-0.00603007358726545	
0.048924327528438526	0.08008922011464487	-0.0209005154065662	0.06427137157763955	0.13465094392172225	
-0.011128135911466632	-0.04081596316581778	0.07222449447927606	0.01062004759456265	0.14401110233985143	
-0.03363952638058479	-0.005301389979707404	0.11391830822239982	-0.02253598284152569	0.20342795871396616	
-0.013422245886581273	0.08115873225558712	-0.019831250545700115	-0.0064875743703350554	0.020949864479836683	
-0.14717962031938095	0.10046514571009456	-0.04721207046429757	0.02366015691490514	-0.024458694954690875	
-0.12137167977787025	-0.019462621187488746	-0.09771895870161122	0.02742680182303699	-0.20803912760006515	
-0.03974954294469006	-0.05371791738736862	0.06458403426882978	-0.05569316660038004	-0.05076539561657685	
0.18546499809911782	-0.10096530084224511	0.008771695734641592	0.011473651647614703	0.3469863260977306	
0.053625688200903215	0.0369659410787533	-0.06300813504006114	0.005965583406338989	-0.11952920096119606	
-0.09041451012069997	0.09568743782764419	-0.09624600034422717	0.10435564589349292	-0.32672357789780015	
-0.07821208714597179	0.07915310530733838	-0.07757368279616123	0.1059526129851323	-0.09707932701671904	
0.1725159871938113	-0.05278913485507433	-0.05288273328922398	0.09378624226439271	0.18387535232108293	
0.001892141185862097	0.03599938180200448	0.03844079639159706	0.07792976219727055	-0.08254294190408826	
-0.07129593438921289	0.07727861106764906	-0.011994923012796217	0.008513491405283055	-0.10097625499746078	
-0.14243271886988956	0.012011518319540792	0.09999522488532463	-0.07530038671647293	-0.11510633377216105	
-0.08425954588781209	-0.019051629222998107	0.08092544262943359	0.026721762741295802	-0.1502508375835985	
0.003125054768016219	-0.07265010688252332	0.08486750536517912	-0.033471486876447576	0.06837002939303422	
0.018699506359233727	0.046050818598031895	0.039172652824673825	-0.022955763191943628	0.06107946461596568	
-0.12151601046117903	0.0018346925528247683	-0.009513858285503057	0.05144408163992885	-0.03073537108690471	
0.09693085574628636	0.042214897613472066	0.077247662976152	0.04673471565369612	0.04856444435028534	
-0.08277994801837815	0.15080699989510732	0.00810507932974276	0.11168772623111693	-0.1113409397572443	
0.08657895174926261	0.06008057068410149	-0.027649449314813918	0.013532790054281723	0.20598945191432758	
-0.04908736837208917	-0.01851561793055123	0.07527676102246776	-0.010327644743882843	0.0018917115317600803	
0.18997432462769542	0.04275020717969009	0.07498444360326446	0.053619528951250967	-0.02578924697747089	
-0.1772526551812533	0.02930512874610744	-0.11211909162175192	0.1570001454873514	-0.42982972333286906	
0.1151290897724577	0.05770725674162503	0.021465816148018492	-0.05397388737347136	0.15570298874704327	
-0.15897940597320445	0.04919213022960312	0.00505152642948188	0.14168433533660585	-0.13999444492462934	
0.10971724794989206	-0.05377625031191185	0.08921190057363165	-0.02530689220735251	0.04919621956454559	
-0.09857391538356863	0.14152231430868256	-0.0585823011984849	-0.05850839821576838	-0.06482478537695081	
-0.36496561522893184	0.1557503336432406	-0.11671950791537028	0.11522510748262411	-0.31020067736803836	
-0.017943369273705725	0.0026007229299862995	0.06828176361826241	-0.0036867651978734033	0.03999231751755068	
-0.07209533508551995	-0.04821486437638168	-0.015462379932745164	0.0024427102823913606	-0.08258706419817193	
-0.13638410024804393	0.12551170269414272	-0.03830502876770388	0.1382942627843778	-0.10996483047464854	
-0.08852792565610204	0.12890174962726508	-0.0126540460651504	-0.014760358862642351	-0.030893966024413272	
-0.0856634759316253	-0.02128646165207925	-0.049858358900137366	0.03685937351132659	-0.13494815642377814	
0.13043232895600396	-0.0678037691226266	0.06123541304125366	-0.00759333766169385	0.17733553547616768	
0.17193772686836548	-0.0764461664234395	0.08875449596922412	0.08695920906870988	0.09208276096787002	
0.2782956065454949	-0.06371249036976243	0.12336436582283573	0.047984544388298175	0.17775537244822381	
-0.0031475816640177297	-0.0070811619702921234	0.1781475979683439	0.0013869824451978926	0.1579656365729152	
0.06053801563970565	-0.02881954492737413	0.021936765121024483	0.07719110629590546	0.18212820477554498	
-0.031345209474810384	-0.010388411171294729	0.021908700735753073	-0.014443818862171507	-0.10326552173781756	
0.24221821210153358	-0.09561917178344727	0.04971849861342824	0.006146248401757067	0.36265762532183915	
0.1513347606963062	0.02516930278507062	0.008981461925172688	-0.05007153166824528	0.1482703597364179	
0.1397585792464059	-0.04179716611445547	0.05989734852219432	0.02681882180407626	0.05830410861899877	
0.15999377920560487	-0.05818325478757484	0.07283618843929145	0.06377766726271841	0.29756582155968675	
-0.22950901331661275	0.042739087178611336	-0.15460570673682728	0.006883786458759062	-0.2707661284270124	
0.06564125943445404	-0.03166864227504027	-0.04825517806602611	-0.13172704520795944	0.015579192065762908	
0.2768267485999623	0.06639078619364853	0.1358100407914594	-0.05768489299652032	0.2545538683769685	
0.07339014768000357	-0.08440721535614819	-0.009730972782675321	-0.03845477488106599	0.15945572680168685	
-0.27881302292592364	0.1312307077837378	-0.09707892766852735	-0.04788763223424053	-0.33909021744762285	
-0.07113258161765683	-0.02715692126795558	0.039167721875713775	-0.030425558701203767	0.0368506995062592	
0.010998569985041314	-0.041583712552224567	-0.016365796554833147	0.06283015069431166	0.1433813908902557	
-0.006095141539207736	-0.061571238980665716	0.06598772908117237	-0.01946734547710213	0.08484793586094969	
-0.02633509921565202	0.04730154595363694	-0.07656145283450476	0.05441449610467669	-0.09743043691537055	
0.13725743564555265	-0.035603833962064915	0.07287311106386997	-0.03930585475118322	0.2640374801454442	
-0.15401653363005918	0.06451781820754847	-0.023767639261522682	0.08217559456704498	-0.15942104019427294	
0.02099273491995945	0.01056775234893169	-0.1044441883073013	0.00838856585220177	0.11029745861674503	
-1.2349563115337574	0.3534654307179206	-0.5016507553704521	0.2796804664654195	-1.449965622981199	
0.5088493076908238	
