            A        R        N        D        C        Q        E        G        H        I        L        K        M        F        P        S        T        W        Y        V
 1 A  -0.0735  -0.0463  -0.0691  -0.0981  -0.1331   -0.158  -0.0195    -0.12  -0.0377  -0.0464  -0.0686  -0.0978  -0.0642  -0.0038  -0.0147  -0.0798  -0.0989   -0.228   -0.036  -0.0684
 2 A   0.0413  -0.0129    0.123  -0.4829   0.1605  -0.0296  -0.0094   -0.165  -0.0379  -0.0914   0.0248  -0.2589  -0.0092   0.0127    0.082   0.0327  -0.0063   0.0782  -0.0312   0.0339
 3 A  -0.0595   0.0432  -0.2402  -0.0469  -0.1129  -0.0146  -0.1776  -0.0945   0.0089  -0.0533  -0.0622  -0.0928  -0.0528  -0.0185  -0.0324   -0.068  -0.0467  -0.0047   0.0035  -0.0086
 4 A   0.0485   0.1533  -0.0342   0.0792  -0.0765  -0.0011   0.0588    0.017   0.1613   0.0161   0.0991   0.1117  -0.1499   0.1007   0.0698   0.0467   0.0676   0.1079  -0.0445   0.0292
 5 A   0.0495   0.1517   0.0733   0.0561    0.144    0.074   0.0711   0.0792  -0.0147   0.0617   0.0554   0.0938   0.1079   0.1651   0.0811   0.0494   0.1356    0.152    0.037   0.1077
 6 A  -0.0572   0.0379   0.0362   0.0306  -0.1449  -0.1045  -0.0529     0.05   0.0278   0.0523   0.0221    0.043   0.0822   0.0448  -0.0939   -0.058  -0.0192  -0.0343  -0.1148  -0.0308
 7 A   0.0724   0.1303   0.1009   0.0967   0.1029   0.1105   0.1259   0.0704   0.0498    0.092   0.1073   0.0193    0.123   0.1594   0.1212   0.1194   0.0766    0.025   0.0931   0.1538
 8 A   0.1134   0.0764   0.0328   0.0137    0.013   0.0235   0.1037   0.0331  -0.0987   0.0105   0.1179   0.1019   0.0536   0.0624     0.07   0.0619   0.0814   0.1058   0.0659   0.0906
 9 A  -0.0967  -0.1829  -0.4426  -0.2664  -0.1876   -0.176  -0.0363  -0.3986   0.0447  -0.1395  -0.0519  -0.0891   0.0291  -0.0149  -0.3809   -0.123  -0.1472  -0.0473  -0.0669  -0.0644
