TESTRUNID EPOCH: 94 L_PCC: 0.8892653997044547 L_ERR: 0.0033898150648712625 T_PCC: 0.4614503983991315 T_ERR: 0.01465465932514975
180 LAYER: 1
3 LAYER: 2
1 LAYER: 3
94 :ILEARN
-0.08813433960421957	-0.05876648856247263	-0.21544362730252317	-0.017233762904123737	-0.0721884940498288	
-0.07528072590714065	-0.133127875778781	-0.11793867112610415	-0.1101154196324265	-0.13137681031082	
-0.16604523340179225	-0.10420574652343204	-0.06434967802178417	0.03492720599462641	-0.13788272644885866	
-0.022667708386511744	-0.08741437573575477	-0.06654931940154322	-0.11610528955625853	-0.11932147691068713	
0.0033947160149882874	0.00036393938285912854	-0.15856468140800026	-0.08396021947485033	0.23578007824297195	
0.24165308735102659	0.10239480236049488	-0.04566851858177675	-0.04230899667670299	0.10843767887391198	
-0.036790727207661245	0.008284366593688648	0.11567441416380973	-0.03161277077572246	-0.022869668691270786	
-0.10082741082784222	0.07762492422504122	0.09150704259988945	-0.07313236319752364	0.17316097878911427	
0.22845555652572447	0.17087670574629624	0.024125959552901293	0.11109811912338614	0.008637145828216026	
-0.10147366375799317	-0.02680204051769085	-0.16692825871362152	-0.080529515204891	-0.13038410784118237	
-0.16767831430826147	-0.1264225084944325	-0.21437783613799516	-0.2706845214611326	0.06861356716927033	
-0.009591405459934232	0.0840269633668782	-0.03780303872603818	0.02552530960860205	0.05498655432886544	
-0.08996947576644118	-0.04000352545565491	0.013951424001322986	-0.05195398365354843	-0.1310015221851177	
-0.04385119273839108	0.03604558455394954	0.002650956928228617	0.08982914871090698	-0.17322301590697264	
-0.11275711153540048	-0.3068306763470426	-0.04752931155266899	0.056091730109900324	-0.012905746598610855	
-0.27148044231617874	-0.11930291941549699	-0.2850407228444562	-0.5274327635975564	-0.5312002526122805	
-0.6341562515766963	0.14094323678737897	0.14849697056528516	0.09533803365919967	-0.04637290745147913	
0.08359921472960678	-0.011373253706412706	0.18351351620814363	0.08878020142619686	0.11849120488040726	
-0.068453681993126	0.06640393790005474	-0.01646976482882548	-0.10607509669274129	-0.1431332984658028	
-0.20932071176891837	0.08449388734799122	-0.0018050717476177452	-0.10494629693933298	0.07070336054377863	
-0.010494289001903172	0.05318998034552464	0.1940185231952583	0.0993088401670366	0.21552531685237028	
0.13405993524960602	0.009987932395568014	0.21221758715742864	0.12762965760298461	0.1777173066127355	
0.03320704540563197	-0.0877331287024752	0.041374657549690504	0.0006886069568293168	0.018192023508106118	
0.1512333038452271	0.18224652862724783	0.12506722553979346	0.0521764128112095	-0.041671111409744166	
-0.09528868403328623	-0.10605194213947883	-0.09298644472394871	-0.020817911899259973	0.0796442289909397	
0.026715861177444233	-0.08489980629776851	-0.05444774359371528	-0.18670496704339434	0.007427858274854974	
0.022533715065923283	0.14541749250367894	-0.04768351577614327	-0.1756257905221745	-0.02447385575937201	
-0.017709754620180748	0.07099679277234192	0.006938774554782625	0.11042100174372733	0.0591718311144312	
0.04523274286752387	-0.10555669190857322	-0.15719593513684824	-0.12829044562235198	-0.10268907357931485	
-0.10881616552667367	-0.08548620481377864	0.024502978152863893	0.007728388653465986	-0.12489645607997067	
-0.09570395278616242	0.08754161162561822	-0.009431751097766627	-0.004893770876113968	-0.014896769320985536	
0.1051841984961632	-0.0834955402040834	-0.0019255963265396169	0.058506399934450885	0.01908806183630866	
-0.07668499697442542	-0.0711252371938865	0.06758264537111319	0.07873049111887721	-0.031573068578128693	
-0.1423091411791134	-0.15469695993090307	-0.055746379572838754	0.018355418177398743	0.0008577565032409786	
-0.03729711791366355	0.09939746017110235	0.006335006869964773	-0.050646252288199974	0.023360415229302163	
0.07613778044866039	0.02853525591432452	-0.06940265184385973	-0.09881287767918603	-0.05925512522596389	
0.1266773193507643	0.02552075182290397	0.16061347246243005	-0.12434111168015377	-0.08446456567283757	
0.01037256610083244	-0.028580484542098685	0.06008610490337339	0.019750503545313842	0.10707886740562612	
-0.018996604750166412	-0.08850199297288748	0.056281602229908766	0.032659028953643594	0.07474109156707948	
0.06949959729964911	-0.10806793718301795	-0.08026112040520487	0.018736974580128272	0.09196379607831283	
0.07217503816921528	-0.0006546870643860187	0.03414749728628164	-0.018220552259390108	-0.04636948857287502	
-0.039137181895640166	-0.027949430939537327	0.03184526043183708	0.09268942099373302	0.12094329070880029	
-0.15234883458798115	-0.060504018878976176	-0.2164725659564982	-0.10241075420922599	-0.08414222985328144	
-0.026819923181667763	-0.1633744006231979	0.006533030571692933	-0.011052699887239392	-0.169755558086636	
-0.1685965178025008	-0.12938326215004703	0.039842672373983944	0.15224164398806814	0.08708793185561665	
0.13240696228130847	0.05072611926544286	0.11307553446574047	0.09611123523275236	0.09957385193995454	
0.017766474153426512	-0.03727429920106479	-0.005791050920264288	-0.12124488951924342	-0.01639118052398535	
-0.009549098996927219	-0.12332151375283931	0.0842239641664454	0.04030111956507773	0.15028124932782472	
-0.06080784478926304	0.0395918938187988	-0.02665459717494359	-0.10867159283429738	0.008155432182018299	
-0.05106068787029952	-0.09904090414519547	-0.02612662738156542	0.00794030976047214	0.1017351004389763	
-0.09462673506092037	0.07862899958275128	-0.030461816422993167	0.0557226571455242	-0.016546412203977408	
0.04440208669554919	-0.005324930575206117	0.00036975690423518635	-0.016686520954366027	0.035105302340076784	
0.06325168105883991	0.06933369157092033	0.03327876339319984	0.013459752452067703	-0.035665137893312215	
-0.1572319040589278	-0.1133528379520016	0.04442353792124118	0.005865293243724978	0.02880783829350421	
0.08517677554167455	0.0478603251099592	0.13428427710716667	-0.0316237241074928	0.07492039610023997	
0.0009239908856132236	-0.005002786281126969	0.02901775972175464	0.03065626092423958	0.028028896466284203	
0.017557163451986813	0.02640420059224577	-0.1263872759056371	-0.22223756842381992	-0.25207185630330625	
0.001955472127915115	-0.07296606680681988	-0.039844009730966676	-0.010574123954094532	0.010275318883622294	
-0.03936567479154248	0.040759402838366716	-0.004323911992585365	0.043468437588305694	-0.127866666029232	
-0.19615455167396104	-0.1503094102795478	-0.050419336407840555	0.10655302039971566	-0.039365249159380306	
0.08225005829410505	0.09181788433290042	0.059827387809363204	0.023397844869373515	-0.07981664135098027	
-0.012258421880219963	-0.12182899256874952	-0.1599165969757007	-0.10890268337837884	-0.07340586880516557	
0.029734394225158504	0.021639048239986126	0.03938509160563086	0.001476906864916691	0.031300422566108536	
0.04929976554166774	0.08346552129726062	-0.010950345401673115	0.1156429871991314	0.22828800738827126	
0.1757540282824553	-0.0838033127627501	-0.17980947478242165	-0.22955238917163132	0.01095732281864619	
-0.006303406769508253	-0.09018948918977898	0.023750721417451978	-0.008331813440387371	0.02867140453177649	
-0.036416405302401755	0.06754461337533267	-0.028179068479390296	0.03291088051721261	0.06809373687016516	
-0.06896314110547427	0.028515280738112075	0.12210684402008652	0.1331965113324273	-0.042207605316523365	
0.017099647352866166	0.017071651179436494	-0.021482728211379358	-0.029798082869562332	-0.17926061330490753	
-0.06315181597908918	-0.06139373260728261	-0.1011818233302764	-0.06498660939854332	-0.2234942063737464	
-0.10249949155242148	-0.003815337477159967	-0.1183784681636149	-0.12725025617810362	-0.045350414676830104	
-0.09475678350712004	-0.02897283249834577	0.020817345315494205	0.07634769536789364	0.13921203278183442	
0.011235455254038039	-0.021682338888327848	0.14119590926875608	0.023796624757177164	0.0720632902762842	
0.035655493025291925	0.29224912368248573	0.1934879119741437	0.238260103171245	0.07439950772837879	
0.1013471662420084	0.06920535662925971	-0.15440896400752255	-0.04921282826542091	-0.18677120073591763	
0.0059772005169659035	0.08480699868261245	0.06371665834161123	0.08836474709763623	-0.034976947698607555	
0.03772054188283525	0.0697174869458687	0.1260465130592008	-0.014697781501873262	0.0008800011695048571	
-0.019964652354987893	0.09976059339119198	0.005536767014470411	-0.06137702495268974	0.015975190759054042	
-0.10555244242890592	0.01482670767549358	-0.10019271526459207	-0.07752537813298982	0.007853205332497995	
0.07246693899504192	-0.033886027373013806	0.04421815293764526	-0.013319123902049788	-0.055707782355470276	
0.01627488036840155	-0.015783489118255434	-0.22877560957605092	-0.12089305298962232	-0.21665652195347923	
0.17507712479224005	0.01497767165796277	0.06340221940151923	0.03576442116929095	0.09795872286809819	
0.09400135914287307	0.0006067572201045951	0.007305602921799136	-0.00843520974051023	0.07890418505640354	
-0.013512475553382287	0.10115842517626705	0.017373427286043273	0.10801590195242713	0.07029644341267113	
0.01925199707633097	0.006748961248983856	0.015767747248439212	-0.11672967736911705	-0.0537414813922666	
-0.12400459287801477	-0.062425477996843906	0.06080431760310543	-0.020064454792295856	0.022829900518793703	
-0.05183627306973106	-0.0737829923931499	0.010171626971851878	-0.015979119454298165	0.06341683374528288	
-0.1196636621699376	-0.019238259498208603	-0.20982767769824345	-0.00032713654056743544	-0.12821526744941125	
-0.04701252133501566	-0.0006222541453491708	0.06283934251703996	-0.025653278006822072	0.06720658230303281	
0.04281968344203065	0.0005155438806497211	0.11713049871258092	-0.033270907971082134	0.0024121075658691455	
-0.059112880864243	0.027764700944819344	0.09795576376653849	0.1079595233392694	0.04938081193937064	
0.056182063198871195	0.0926086600519495	-0.004814916826654307	-0.021629908562663558	-0.14542165220160097	
-0.18483293627104844	-0.05497397552861201	-0.17912963380662927	-0.1667189217050976	-0.09208646650600794	
-0.039128199410114604	0.07359338364970937	-0.07299715321390042	-0.03714336955442295	-0.10334815362958735	
0.011048173271536205	-0.12099291267484784	-0.1429331867746454	-0.13224832201610584	-0.014957744778475977	
-0.21644198875585535	-0.09140504824804198	0.1075596137991199	-0.05874323126533893	0.07656880238556563	
-0.021824508994910532	0.06684652497486185	0.015230453510332788	0.09162571329777076	0.028721692240826848	
0.08376945708711389	-0.03181022552319828	-0.11673406318844086	0.01516962126238281	0.026617359344789426	
0.034053710259774224	0.14345628406910596	0.0632125426853393	0.010801979258891665	0.053759166747326614	
0.051805248129072196	0.032844383415497155	0.01665660102350776	0.1350749585543214	-0.024335630085354103	
-0.0334764860027724	-0.08481879706527627	-0.10627089361750329	-0.12660709267539547	-0.09214654728487921	
-0.14958792619948305	-0.05935640488749732	-0.10904360758212656	0.00257703299821629	-0.11493944888821163	
-0.04413876504471576	-0.07072852242365092	-0.1706775540170283	0.0002721422033049575	0.06648843475412956	
0.051864926540226224	-0.15743168159190352	-0.2126140900722484	-0.19067548970097034	-0.08626885987472262	
-0.1101832705785286	-0.1833526422229809	0.08850139971810857	0.03807785404302028	-0.011746168352900299	
-0.054703892959056644	-0.06377118534376458	-0.0502280026316851	0.04174886700553903	0.017413541628552947	
0.1464357219582423	-0.2503232968743346	-0.11856682448746972	-0.17534402143391403	-0.17334365769194332	
-0.2095318326715568	-0.19490340539691903	0.01544746754040774	-0.0712744522222674	-0.00675254544303354	
0.023065283399632222	0.12379966668265611	0.06472901129483032	-1.0068139475802458	-1.0850813910884194	
-1.298068066524846	0.63524531436318	
