TESTRUNID EPOCH: 2 L_PCC: 0.6940648725717851 L_ERR: 0.0180719972557989 T_PCC: 0.7100752926246108 T_ERR: 0.017242028010588207
180 LAYER: 1
2 LAYER: 2
1 LAYER: 3
2 :ILEARN
0.27554797285294685	0.6936011274347499	0.1794901576983713	0.6078989837584343	-0.10687916825563518	
-0.1407605041461193	0.021286036398428652	0.19655222000831965	-0.017667624479280553	0.016086288547058868	
0.02699056716468809	0.1416301869217194	-0.12397586155301331	-0.08443816487826655	0.09436533162533042	
0.47690055059637165	-0.07015326958629901	-0.10093019850897705	-0.12195983472094636	-0.12776810465923777	
-0.1742878348932607	-0.27937044352652424	0.0983860286131025	0.33798743782587504	-0.32088813997858223	
-0.7663541039881513	-0.39846558318753483	-0.5797306302066639	0.05158277807654433	0.36279076269105553	
0.03628500998726698	0.2628417823318675	0.004804448377517926	-0.185861452977665	-0.10680006392147791	
-0.3899131486315787	-0.09941341707875403	-0.2702805215563975	0.05367618766030056	0.4643791565282596	
-0.2020587580086918	-0.6159313152771885	0.13978340721984409	0.4771511619851568	-0.03279630352973527	
0.10844799666357892	0.11626324320934144	0.03853606678091051	-0.05616724568377447	-0.10711081458591847	
-0.10568864475606453	0.052553926793664434	0.07297055733960223	0.2614963169454461	-0.044642407729436215	
-0.1821234946816615	0.13098805150300113	0.1943517991497658	0.04870810798078532	0.10125496787993571	
0.1358065758776312	0.4218057211323351	0.11200932709176414	0.1623323937757722	-0.13072405319332372	
-0.08799618094648272	0.004027319869458323	-0.06822636068868573	-0.696025605870532	-1.0804310577378657	
0.08314848244745973	-0.06997220719784734	0.09854572976517285	0.3974355782249514	-0.016121310509818205	
-0.05865009682326863	0.21826928535423706	0.26065004360036786	0.0205610158782251	-0.05314178203307703	
-0.0550570498606048	-0.23248025392707117	0.2300310022600151	0.3946929827698681	-0.03479400030475597	
0.09282088199002173	0.12005059540466326	0.3540914557506744	0.034504387418926176	0.026940821313245027	
-0.01825039331141111	0.247514708618265	-0.05767974326114157	-0.054603174683197926	0.02467144020272191	
0.10354148126937406	0.023443413519476795	-0.06767784846048015	-0.04326497751351262	0.26030765073589557	
-0.0102077422909768	0.17135061961208167	0.26861946378140056	0.42732147426529965	0.018525973841967126	
-0.10835910802858205	-0.2068161645268634	-0.1143798969321649	0.13627231825150013	0.30373621965604314	
-0.09121968929827479	-0.1169658874274786	0.022684358835673185	-0.06305755512189462	-0.24218840419382515	
-0.3152480828423778	-0.023966324871426286	-0.04154843942169554	-0.1364447437296561	-0.3997432743842867	
-0.018409378443026692	0.12857558365760563	-0.06489427010154739	0.06843452816550478	-0.05498868496355523	
-0.2512007568786636	0.045115749034830385	0.1281026469329265	-0.16895883263953482	-0.15954038136215948	
-0.01085467743035637	0.0082049812318759	0.053901299789893255	0.004204383253075712	0.1478483444698143	
0.11673896292765706	0.0708865709764803	0.029579704385874206	0.07426852231990581	0.10253203256471807	
0.09244054444741644	0.13574821178614693	0.03887479000763461	0.22186819522124737	-0.17913022353856	
-0.2679156202233212	-0.1362985050013987	-0.132125045721694	-0.010609047042139358	-0.01780742750875311	
-0.0951712895137182	0.19170094807576132	-0.0988829828640578	-0.2866495905080734	-0.047216887731669974	
0.04736102931253073	-0.022737191007743268	0.1059931544870987	0.017396647979708357	-0.057509785973258565	
-0.13622610809787122	-0.21931605753056288	0.07221318675565179	0.16120452187212123	0.01687010223722278	
0.11805490170726667	-0.12433896985023954	-0.09880054720107553	-0.03613182437128848	-0.0826757614073182	
-0.11817657400726599	-0.010402976243169952	0.09461941848523109	0.17860664410866864	-0.05099138497495473	
-0.051999889988061966	0.06125217634712757	0.03222600274192984	-0.019842908141388643	0.1587291361719735	
-0.07840452381003839	-0.18686425597289869	0.3042917694129742	0.5215853751240763	-0.15589712408749395	
-0.14869568599334299	-0.07430059790588027	-0.011566872494122665	0.047295178823517005	0.24824579638570507	
-0.18026874317766914	-0.2544892335258967	0.05436732222581385	0.10428019098478698	0.027159710056621055	
-0.01579813961459336	-0.06941041572402865	0.016261632618146442	0.011922041242110078	0.062261806679841936	
0.08039470175193765	0.110796994445889	0.11208207780893696	0.1503562464561233	0.03750123215419859	
0.1307573905576009	-0.16726025913211462	-0.3440170142916395	0.1658883218167938	0.2559011062871952	
-0.101570015017892	-0.0016678292507830497	-0.10486572048174513	-0.19119500088507072	-0.06528005711030074	
0.06741836445985895	-0.020723964453317898	0.2642904986763863	0.15968623670915844	0.10946604602113019	
-0.027171192780017166	0.13731738624128803	-0.006923629448680441	0.26307696471340564	0.018169763634801165	
0.18581419606190247	-0.08995900943971845	-0.14083700237460084	0.039453118786308826	0.030079866232270137	
-0.07461691431085697	-0.07830243500261842	-0.0013130537600616644	-0.1417368229520236	0.005752687661930614	
0.04186882802317234	-0.07391876483188131	0.07751749885720205	-0.07110645432798483	-0.0732994116006555	
-0.10745592964792423	-0.03745501849390508	0.13310440593604622	0.22530644828704116	0.0469671598107023	
0.017132541783427283	-0.08703629496526175	0.06486004763627973	0.08963169351470754	0.21883038611551647	
-0.21603005347184295	-0.1391640465710024	-0.12127266468588505	-0.12022468028625266	0.11393174687769922	
0.23841587344025983	-0.008207176099372923	-0.01756780042684221	0.05724363651163096	0.23673166157137335	
0.025419877162390036	0.06356617919402845	0.19103832981946073	0.3877645746428575	0.10652434752250708	
0.051658945702565975	-0.05585262115224303	-0.11197704350468848	0.0156733990916785	0.09931293953495599	
0.029419832872942572	0.11683933721928516	-0.045697336462298475	-0.152648977015396	0.0037657324170423745	
-0.10449542968449725	-0.11592502627749081	-0.09490762194152003	-0.12059805734341261	-0.08759363097705078	
-0.30615432995738673	-0.6498033918677617	0.10805855304418188	0.12532352302005673	0.12304631885563583	
0.5086558988400933	0.12879782774952467	0.34072941414572083	0.03372242444818352	0.0820840986557665	
0.06702689501751179	0.1894425648522838	0.03263851612815127	0.043353862012261594	0.12345169380901753	
0.24756057510843643	0.09859169540532328	0.20392646962022462	-0.04090687288947606	-0.30999310456966805	
0.006591737232931289	0.011879265829475922	0.1376164984545915	0.24542346115431715	-0.10969303790628394	
-0.07686430490613042	0.022886348374845912	0.07266664126053395	-0.16591857939076357	-0.3728750240831465	
0.03510001219635731	0.059589952270603465	-0.21674999808893283	-0.38903955082760633	0.006262551120424268	
0.16339182981754638	0.06136229804057314	0.033590833759265686	-0.12889890478001903	-0.12538149726450756	
-0.012053341233004736	0.1026597070727264	0.10307040999594981	0.25029881418309285	0.01448916367269407	
0.022258042081952933	-0.027897573182075818	0.1253757108843222	0.043092639360570936	0.10903098969777622	
0.026078411198538716	0.27686940918780567	0.008525850910906584	0.13757893584432518	0.08581897966335988	
-0.023236281707657465	-0.08475144128227458	-0.03655798694722901	0.08003730686199276	0.11292566695748205	
-0.02653905232943835	-0.018730839898644273	0.4886846616584829	0.9470804507906383	-0.4353449202669733	
-0.7956395657834732	-0.39707825355911625	-0.7847976174687625	0.08737330618459468	-0.02694784214915755	
0.10504372195699407	0.1709325553814066	0.026501327764367102	0.14060548014463356	0.1184620638977436	
0.1912989736818466	-0.5312608454801132	-1.1158575733538183	0.36277222644076107	0.7961433053432482	
-0.14882286474659465	0.3004792780622964	-1.2196238612388135	-3.0783653557151767	1.0517388747205332	
