            A        R        N        D        C        Q        E        G        H        I        L        K        M        F        P        S        T        W        Y        V
 1 A   0.0275   0.0637  -0.0346  -0.2199   0.0269  -0.0972  -0.1469  -0.0077  -0.0473   0.0187   0.0158   0.0299   0.1543   0.1499  -0.1482   0.0896  -0.0315   0.1068   0.1234   0.0508
 2 A  -0.0348  -0.0403  -0.2298  -0.0596   -0.251   0.1688     -0.0  -0.0524     -0.0   0.1975   0.3151     -0.0   0.2791  -0.0848   -0.224   0.0163   0.0814   0.0144     -0.0   0.0284
 3 A   0.0901   0.0784   0.0493  -0.0292  -0.0489  -0.0538  -0.1263  -0.0942  -0.0013   0.0557  -0.0706   0.0976   0.0925   0.0277  -0.0016   0.0387  -0.0592   0.0387   0.0358   0.0049
 4 A   0.0252    0.001  -0.0172   0.0617   0.0857  -0.1047   0.0565  -0.0062  -0.0296  -0.0105  -0.0295   -0.025   0.0591   0.0174   0.0662  -0.0028   0.0167   0.0713  -0.0602  -0.0511
 5 A  -0.0138   0.0218   -0.032  -0.0471   0.0035  -0.0228  -0.0477   0.0729   0.0304   0.0898   0.0178  -0.0519   0.0374   0.0015  -0.1014   0.0407  -0.0179   0.0838   0.0715  -0.0125
 6 A  -0.0061  -0.0181   0.0055  -0.0509  -0.0271  -0.0261  -0.1409   -0.028  -0.0577   0.0885    0.122  -0.0522   0.1098   0.0284   0.0543   0.0822   0.0779   -0.146   0.0051   0.1035
 7 A   0.0458  -0.0495   0.0348  -0.0727    -0.01   0.0008  -0.0259   0.0242  -0.0011  -0.0271   0.1035  -0.1154   0.0152   0.0433  -0.0239   0.1154   0.0109   0.0292   0.0305  -0.0039
 8 A  -0.0229   0.0328   0.0534  -0.0737  -0.0426  -0.0745  -0.0194   0.0397  -0.1129  -0.0394   0.0193  -0.0598   0.0355   0.0274   0.1477    0.129   0.0062   0.1132   0.0103  -0.0452
 9 A   0.1868  -0.1134      0.0      0.0  -0.1408     -0.0     -0.0     -0.0      0.0   0.1675   0.1539  -0.1345    0.022  -0.0904      0.0  -0.0741   0.0425  -0.0089  -0.1336   0.2473
