TESTRUNID EPOCH: 26 L_PCC: 0.8898875026690136 L_ERR: 0.005234818674231013 T_PCC: 0.80229809733835 T_ERR: 0.009199564980959024
180 LAYER: 1
2 LAYER: 2
1 LAYER: 3
26 :ILEARN
-0.04369465299256914	-0.051889376829409126	-0.28430491785735523	-0.3374936045673887	0.043658778979594026	
0.1759868044506772	0.24176923827895308	0.6483836253557971	-0.008896390903059628	0.037896034338375004	
0.14518576886076054	0.384293560564732	0.10107192635599711	0.45673960236990335	-0.013788797211225182	
0.23251377412652463	-0.10441844557337752	-0.09895645094411436	-0.22312595559613285	-0.331591365133844	
-0.17454819191702292	-0.25683498901104307	-0.0932526247777461	-0.09274139406512488	-0.04054557511006008	
-0.16174284257461183	-0.07990991863904863	-0.050395388626034376	0.056938857701693255	0.32252984940981655	
-0.0862424102303294	-0.022515685550543243	0.16897252700783721	0.16797239727148075	0.025905065941324763	
-0.043018891641217465	-0.007871557776387712	-0.049232035289324544	0.014617946939390244	0.298107705604516	
-0.023398646560552697	-0.204486856745214	0.14378767846815027	0.4184960682802536	-0.046097265378860865	
0.05167874004756274	0.11139992101013843	0.011423057266994278	-0.00393615484384918	0.0013384391484784091	
0.017525864788405357	0.242670615675765	0.06486097179922268	0.1823323797024933	0.0016178150422032779	
-0.070726266072061	0.1586584364994575	0.18474843751254105	0.030733009150335434	0.05606834635100323	
0.15317880712412302	0.37692042307435875	0.09919782950697235	0.09118951925912448	0.028788070453484537	
0.21305690198821908	0.15705723390816428	0.21754461744921366	-1.225137225251917	-1.6945254829643959	
0.2372050998678768	0.21319284807849365	0.10869779636332653	0.36159538907195027	-0.015268967366566518	
-0.05767767942286188	0.2574411360705074	0.30103834698122417	-0.02385768571394249	-0.15069507602821405	
-0.18020309528424494	-0.4092517659766584	-0.3907958085809355	-0.7067046444560114	0.017725283622513917	
0.19861220326806037	0.16066222908965042	0.43270848507668513	-0.0214830907948752	-0.08016016779289174	
0.013185796274707461	0.3034531773451095	0.09923608333549834	0.2455021021915722	0.04068812843990901	
0.04735623388326095	0.09763935973973306	0.06029652658613004	-0.07014977663233489	0.09466244729631246	
0.17544137939488016	0.4004247416145154	0.1137733981741824	0.12344026572485126	0.047774599059976074	
-0.0393124111769135	0.06749999051795477	0.41891387370506017	0.07416069785157542	0.21653402136872743	
-0.0049888811766467586	0.06305264180202876	0.15686899183955186	0.19147209845831714	-0.07792978996490418	
0.08743734569313275	0.02329035513857431	0.01854858943364858	-0.04788517900934673	-0.20598088359836242	
-0.09461181170928949	-0.08590291019660233	-0.06981952350203634	0.012033581790568938	0.09531402581309499	
0.027469388170378015	0.0422578562659589	0.15830834465285423	-0.05117576447371902	0.02856656953428175	
-0.0011835418582256028	0.0935204947810838	0.07917050884496087	0.0633154498517064	0.20937388311635186	
0.2940008119915449	0.0005376249999767861	-0.07547300945724235	0.20916011934383602	0.3666857436164611	
-0.05884716065597949	-0.15617295123376673	-0.1431536104458951	-0.20898845334712793	-0.09272862010617297	
-0.09203667404132786	0.025659997371021724	0.2693736584956777	0.10104678214361931	0.1584784909902389	
-0.12311649635400027	0.035428084301029526	-0.06804329474946329	-0.18079152836225929	-0.053294187406673424	
0.0363318004549919	-0.1073390602356159	-0.07301781317349627	0.0689697230281507	0.03791678070214195	
-0.06605859345353336	-0.003815393614625722	-0.16631814996912322	-0.3239942782632655	-0.1160887217300142	
-0.14843040764061918	0.01313993704282454	0.24168211494094977	0.039964154993769	0.052441661456194916	
0.13347897065889303	0.4665080654753079	0.08089183329583428	0.14627674934549262	0.0934552902385268	
0.23332840219427797	0.025841645112326745	-0.05190043672991682	0.04361938628730088	0.2548337094120607	
0.11777856846646814	0.12970934224652778	0.035126368233556186	-0.09136248675760289	-0.1459662224972363	
-0.1509354892246202	-0.04873475261088615	0.050561504396116605	-0.036992360248012696	0.06840233362638189	
-0.0989261388039323	-0.11524925078564875	0.06850571792083081	0.1670999911298675	0.12214839791351279	
0.15858631302414555	-0.12286518154681512	-0.08161395200237821	0.009598532815384092	0.11146820188986227	
0.18373823939052839	0.2853898189190926	-0.19510265441548505	-0.47768569227532764	-0.05009430672387339	
-0.06678937039127887	0.07779467492062948	0.1777950080347262	0.1877425320506534	0.28546294117334575	
0.0409273072751143	0.24423949513124174	0.06908097435621692	0.20090728120516213	-0.12942697525677183	
-0.07154089251030157	-0.07563194815168282	0.14102111707362044	0.19367575987096883	0.1594622607924269	
-0.010956226631055534	0.12911986730571046	-0.06695932592075594	0.0991156588832515	-0.1287965316479742	
-0.10166404110671866	-0.016573555459983354	0.03122160525777194	0.03394251142267157	0.00999773769393298	
0.11443967870902719	0.2359296856159234	-0.15830465964655044	-0.38493837566382505	-0.003356634587828708	
0.029362285680783074	0.09007123116628235	0.39267732285003204	-0.006394034809113774	0.12727226270149974	
-0.09469321093041141	0.027132979389052146	-0.07883827844807	-0.18769871612330813	0.08269136764424442	
0.04437946089789418	0.14507415153718345	0.45981243607636574	0.022022059522782432	0.05489677613922952	
-0.033066293125611164	0.23756615107866966	-0.017592208401702947	0.1335080012871802	0.023904172666855572	
0.0865453845097645	0.04593830046018786	0.09733574671491034	-0.04936418346735907	0.05506472350362622	
-0.08173358607706012	-0.13777784261464684	0.1414252938590126	0.20870566369991214	0.07328378282654072	
-0.018703841218700962	0.057718371594822473	0.04416647794963222	0.08520209743779841	0.19301948782540596	
-0.005820869458422409	0.06954012999517672	-0.0735078918035793	-0.09562580436074138	0.11980351080958512	
0.09358093466825451	-0.024625228135699263	0.06897255159094808	-0.06757940639849784	0.012714090912846018	
-0.24742640773406108	-0.4068721520196769	0.10535589619741172	0.10126647768604607	0.07730078175202809	
0.35468126667035504	0.07263268398580999	0.15603799853081807	0.06644351375527228	0.18684521626140077	
-0.000312177598651561	0.06993159054226558	0.0879594122806151	0.11371870571044256	0.11925384322271242	
0.2366334944635442	0.04395129644856105	0.06828641509068853	0.0675432453777825	-0.05016110210675703	
0.07956742785079483	0.07507790724462601	0.17778638868426397	0.281693140979251	-0.07789125890062824	
-0.012569614627169986	0.048645030291376824	0.1353560307469573	-0.1296328505345736	-0.3073803610125818	
-0.22053834327121402	-0.4503745982830465	-0.034363787841446086	-0.02049088245480329	-0.03760021271886617	
0.07232998379659604	0.21622370544716119	0.28956242290340384	-0.06246958914843449	0.10283968240044175	
0.011100373156485481	0.16825231530221563	0.10161232640176596	0.20395688981144022	0.014759852699951639	
0.0137371808196631	-0.05644929386157382	0.04789569377080885	0.02651656572331237	0.06394465229115003	
-0.06272192192985344	0.062468482331011224	-0.024327566965296712	0.05895439288788985	0.10765023451221056	
-0.005169147222913816	-0.016136978333668204	0.11201987213763688	-0.02103031367173402	-0.10312632313996438	
-0.39732056594566634	-0.5221904638653778	0.35143568291832084	0.5580106474330492	-0.47298965425564643	
-0.6233949069656051	-0.0919373533978493	-0.21641042929572388	0.09924942767187322	-0.025179042180875504	
0.11367494088288772	0.16990026461336266	0.001797598588296225	0.04202760194717167	0.14413911645885444	
0.2093388955559201	0.5442410960337501	0.9506468378344146	-0.0026419737709399123	0.008357025572281586	
0.18677408593492925	0.8932293837573354	-1.6773692187326714	-3.4873967212177837	1.4502866696920897	
