            A        R        N        D        C        Q        E        G        H        I        L        K        M        F        P        S        T        W        Y        V
 1 A   0.0175   0.0203  -0.0846  -0.1494  -0.0357  -0.0426  -0.1403  -0.0398   -0.036  -0.0024  -0.0482   0.0017  -0.0002  -0.1199  -0.1325   0.0688   0.0548  -0.1554   -0.089  -0.0186
 2 A   0.1194   -0.026  -0.0933  -0.1868  -0.1059   0.0903   0.0142  -0.0894  -0.0431   0.1426   0.1304  -0.1976   0.1034   0.0463   0.0627    0.191   0.2237  -0.0802   0.0041   0.2229
 3 A   0.0376  -0.0529    0.001  -0.0233  -0.0052  -0.0096  -0.0678  -0.0208   0.0059    0.031   0.0239  -0.1122   0.0838   0.1068  -0.0489   0.0435  -0.0249  -0.0885   0.0636  -0.0006
 4 A   0.0738  -0.0121   0.0037  -0.0114  -0.1512   -0.047  -0.0302  -0.0323   0.0108  -0.0076  -0.0164  -0.0535   0.0094   0.0791   0.0103   0.0054  -0.0154   0.0091  -0.0197  -0.0277
 5 A  -0.0487  -0.0179  -0.0595  -0.0972   -0.135  -0.0483  -0.0721  -0.0308  -0.0378  -0.0317  -0.0313  -0.0716  -0.0615   0.0321  -0.0213  -0.0039  -0.0297   0.0046  -0.0377  -0.0156
 6 A    0.042   0.0493  -0.0137  -0.0298  -0.0512   0.0017  -0.0328   0.0073   0.0005   0.0368   0.0174  -0.0482   0.0287   0.0798   0.0042   0.0694   0.0534   0.0216    0.037   0.0285
 7 A   0.0095  -0.0522   0.0195  -0.0043  -0.0478  -0.0046  -0.0132   0.0297   0.0157   0.0708   0.0728  -0.0413   0.0867   0.1311   0.0315   0.0403    0.023   0.0358   0.0675    0.061
 8 A   0.0182    0.035     0.03  -0.0814  -0.0464   0.0057   0.0276   0.0009  -0.0446  -0.0402   0.0479      0.0   0.0001   0.0712   0.0755   0.0288   0.0267    0.032   0.0809   0.0184
 9 A  -0.0383   0.1808  -0.0644  -0.0518  -0.1107  -0.1774  -0.0121  -0.1658   0.0605  -0.0822  -0.0077   0.4181  -0.0482    0.043  -0.1659  -0.0819  -0.0743  -0.0782   0.1589  -0.0091
