            A        R        N        D        C        Q        E        G        H        I        L        K        M        F        P        S        T        W        Y        V
 1 A   0.0261   0.0795   0.3044   0.2464   0.2337   0.2132   0.3753  -0.0049   0.4216   0.1951    0.165   0.0246   0.3809   0.2428  -0.1035   0.2223   0.2657   0.1412   0.2004   0.0986
 2 A   0.3545  -0.0179   0.2532  -1.1904   0.0199   0.0602    1.538  -0.2226  -0.1503   0.2775   0.2233  -0.7818    0.163   0.2108   0.3782   0.3193   0.4426  -0.0486    0.126   0.3922
 3 A   0.0999  -0.0829   0.0063  -0.1752   0.0089  -0.1383  -0.0944  -0.0463   0.1894   0.1027  -0.0574  -0.1127   0.1018   0.1962  -0.0896   0.1064   0.0432  -0.0113    0.082   0.0819
 4 A  -0.1173  -0.1872  -0.1594  -0.1415  -0.1735  -0.1969  -0.2073  -0.0867  -0.1768  -0.1693  -0.2202  -0.2245  -0.0782  -0.0286  -0.1613  -0.1778  -0.1818   0.0222  -0.0714   -0.195
 5 A  -0.0291  -0.0289  -0.0099  -0.0472  -0.1106  -0.0359  -0.0274  -0.0964  -0.1537   0.0764  -0.0724  -0.1828  -0.0138   0.0244  -0.0675  -0.0269  -0.0687  -0.0773  -0.0125   0.0407
 6 A   0.0602  -0.0054   0.0001  -0.0383  -0.0959  -0.0517  -0.0299   -0.065   0.0167   -0.011  -0.0348  -0.0263   0.0269   0.0369  -0.1266  -0.0145   0.0206  -0.0071  -0.0716  -0.0279
 7 A   0.0201  -0.1022  -0.0245  -0.0422   0.0465  -0.0321   0.0044  -0.0602  -0.0287    -0.02  -0.0324  -0.1479    0.089   0.1318  -0.0512   0.0224  -0.0588  -0.0247   -0.005   0.0372
 8 A  -0.0269   0.0511   0.0061  -0.0422  -0.0374   0.1019   0.0969   0.1117   0.0024   0.0076   0.0896   0.0379   0.0794   0.1267  -0.0462   0.0108   0.0167   0.1576   0.1281  -0.0177
 9 A  -0.1459   0.2935   0.2294  -0.4172  -0.8588  -1.3254  -0.5689  -0.1067  -0.1387  -0.2681  -0.2496   0.1933  -0.1904  -0.1082   2.2033  -0.1616  -0.1879  -1.1542  -0.0062  -0.2824
