            A        R        N        D        C        Q        E        G        H        I        L        K        M        F        P        S        T        W        Y        V
 1 A     -0.0      0.0     -0.0     -0.0     -0.0     -0.0     -0.0     -0.0     -0.0      0.0     -0.0   0.0362     -0.0  -0.0082     -0.0  -0.0008     -0.0      0.0    0.008   0.0616
 2 A   0.0131  -0.0014  -0.0082  -0.0043   0.0038  -0.0055  -0.0151   0.0043  -0.0063  -0.0089     -0.0      0.0   0.0129  -0.0119  -0.0096   0.0709   0.0616      0.0  -0.0064    0.008
 3 A  -0.0293  -0.0008   0.0031  -0.0209     -0.0     -0.0      0.0    0.015     -0.0   0.0183     -0.0   0.0178     -0.0    0.032     -0.0     -0.0      0.0     -0.0   0.0616      0.0
 4 A     -0.0     -0.0      0.0  -0.0089     -0.0    0.015   0.0059      0.0      0.0   0.0616      0.0   0.0173     -0.0      0.0   0.0183     -0.0      0.0     -0.0      0.0  -0.0123
 5 A      0.0      0.0      0.0     -0.0     -0.0      0.0   0.0616  -0.0089   0.0183   0.0059     -0.0  -0.0055     -0.0      0.0     -0.0     -0.0      0.0      0.0    0.015   0.0104
 6 A   0.0059      0.0      0.0     -0.0      0.0      0.0     -0.0      0.0      0.0      0.0     -0.0   0.0107      0.0   0.0616  -0.0057  -0.0082      0.0      0.0      0.0   0.0326
 7 A     -0.0  -0.0008     -0.0     -0.0      0.0      0.0   0.0059      0.0   0.0183     -0.0   0.0019    0.003      0.0     -0.0      0.0  -0.0082    0.015     -0.0      0.0   0.0616
 8 A   0.0235     -0.0     -0.0     -0.0     -0.0     -0.0     -0.0   0.0616      0.0    0.015     -0.0      0.0      0.0     -0.0     -0.0      0.0  -0.0082      0.0      0.0   0.0049
 9 A     -0.0     -0.0  -0.0171  -0.0029  -0.0058  -0.0028  -0.0149  -0.0046  -0.0061   0.0018     -0.0      0.0   -0.001    0.027  -0.0188  -0.0024  -0.0272   0.1296   0.0472   -0.005
