TESTRUNID EPOCH: 93 L_PCC: 0.9180127045630905 L_ERR: 0.0032666493692422712 T_PCC: 0.8271326468652537 T_ERR: 0.008326515579144569
180 LAYER: 1
3 LAYER: 2
1 LAYER: 3
93 :ILEARN
-0.052695766525133726	-0.014350855477992811	-0.14519463559942528	-0.16230599792359063	-0.22444185850692178	
-0.25132782305875073	0.04211380608905403	0.08368766648581424	0.11582025995466153	0.2241133010412462	
0.21384981624275073	0.304938755523549	-0.0723225704798103	0.02030488669173012	-0.135474843113833	
0.041620619796818574	-0.017012504493361683	0.013982561483241174	0.023009290589049325	0.028723451123544994	
0.16452501100200742	-0.0452921774396853	-0.17018184389781424	-0.10287348830547194	0.2496364627715509	
0.2747758302788954	0.13144353486399826	-0.09578605564270735	-0.10423637195525656	0.04129161592712066	
-0.0986293888006241	-0.06887112131546025	0.03732730672472211	-0.07212977674355733	-0.07067830403435288	
-0.14727448785052602	0.01569797212115986	0.0224759159873819	-0.14382572317357262	0.0474754975521707	
0.07011594929363257	0.013938077080777357	0.06421493833023563	0.1730613566033004	0.051013113219979436	
-0.036832993086774395	0.020596000847400642	-0.07372713355167143	-0.05071228985238607	-0.11270288740267285	
-0.1178327053067937	-0.15665279492629522	-0.2636575405511811	-0.31044907773346847	0.000888348567767963	
-0.0945959715936643	0.001445865373022697	-0.098691005970905	-0.04975677919551235	-0.022842908274273314	
-0.07801170372581755	-0.027521937901560482	0.03308264586498176	-0.08000603271765373	-0.1644013374428525	
-0.0826115460120921	0.031049185863796437	0.0014920772354344546	0.0858143379055836	-0.16440735496067885	
-0.1443642272004356	-0.3051646250372453	-0.04617367792182716	0.07236557886654006	-0.004591896303001722	
-0.20803584018064056	-0.08002079890032214	-0.20653929233451548	-0.4943395007072008	-0.6209328505284691	
-0.6136001982339389	0.1262038384562195	0.15878560484224347	0.08348723614898311	-0.06591885103301191	
0.05976588777586862	-0.040946889180958145	0.22497221139925025	0.1772694956397415	0.17842441178505303	
-0.040052838187064135	0.11921165398863633	0.02257985354741989	-0.07225896479398371	-0.123071617736325	
-0.1671194538042946	0.11275914369616126	0.047337345894661875	-0.06551534439536506	0.05874677384206894	
-0.0046327275457825595	0.036110746918778545	0.15406614391249768	0.03775791962583601	0.16700974264515409	
0.1358281928748846	0.03135000807571454	0.2245058868199982	0.13496831171255363	0.20647405211272832	
0.055277266716026514	-0.05853746464686826	0.09025656472309297	0.0401244151899478	0.007149350751767736	
0.17061581517419064	0.16799373243926333	0.15614041026753753	0.1137658802057762	0.0037789124369737373	
-0.08189754966748501	-0.0825494519873834	-0.07589684538631224	-0.10785476169161727	-0.010278073532403264	
-0.08743074686344988	0.019576719056710337	0.08723813047577705	-0.07300162939254101	0.03937517485098733	
0.09976467627232385	0.17869360147746277	-0.04722922987689363	-0.18305553481621334	-0.02818921638017519	
-0.06803682922507995	0.030660493121845177	-0.05993704770020417	0.08116801219861805	0.04675494203251627	
0.0023871548633387697	-0.0017332547589658418	-0.0011868275656289318	0.004792217716814993	-0.10151015513194067	
-0.07998540092696489	-0.08182749017844224	0.011059485869030581	-0.06313361644505955	-0.13988412338748318	
-0.14684359534287417	-0.005795845954854269	-0.07208360756073727	-0.10375918596794764	-0.1174187163682288	
-0.02700106839848672	-0.10578355722515151	-0.055815201852216494	0.03193931723221941	-0.0141594312184362	
-0.12169784095473267	-0.09751194350461571	0.05321319678526992	0.086684475440362	-0.05053223230982747	
-0.17001980169963138	-0.16149337395958893	-0.09695113685367189	-0.088925091827047	-0.12254992951018832	
-0.18165405132371498	0.0643341561808018	-0.026335888135198254	-0.08281354107195864	-0.011694451554858681	
0.04467743717129734	0.005408914772601241	-0.08389657008483603	-0.17176577859976008	-0.0772979741672769	
0.015234604873496996	-0.06867068194305062	0.02915010738864326	-0.11136042086745897	-0.09165691322967177	
0.013609140866508638	0.00501566683447592	0.08275394929597994	0.06918423587567168	0.1428871000043859	
-0.03652312795201082	-0.03314844890184402	0.05114081645769383	0.051630634084527886	0.062020837658457964	
0.08476779578595622	-0.11675718727478804	-0.0630214367558462	0.019678868012670905	0.04997901665716846	
0.06786587326797579	-0.007144210504572214	0.030588885187608914	-0.0165226239601363	-0.03393327403573003	
-0.042842963661799266	-0.014372384042405276	0.09799400190085783	0.22291754176714942	0.1929726854489954	
-0.030396766693277944	0.09320165200595865	-0.08869750875477564	-0.09079944274420258	-0.09450397845658115	
-0.023401583463482468	-0.08122634445247516	0.12128657796716001	0.07633758481875352	-0.11584396055273648	
-0.0987741339871452	-0.07574798113897839	-0.18184173223170855	-0.05690949142283651	-0.15363834849140576	
0.09120915851313383	0.007453611049760833	0.06697818020575479	0.08864601186710448	0.10474667290004798	
0.008179670438880678	-0.09097637292283217	-0.10694414461851871	-0.180225113851299	-0.012491030710436226	
-0.0067768209749543345	-0.12268304620786245	0.09118886515992138	0.10638707903326955	0.14987457432830464	
-0.07423420842467947	0.03271966514041945	-0.034531329045214075	-0.1567324042674146	-0.09082863007860333	
-0.10713786307270431	-0.15836009939202458	-0.0022793547361485054	-0.006681902692143801	0.1735850653471632	
0.06389194473445543	0.2248086658940602	-0.0765005090572291	0.01625664520474646	-0.05648901063904246	
0.06289790710208396	0.012670319614784193	0.02067596429282781	0.04703930412051239	0.13276070483097555	
0.16410964802852535	0.03358934766042058	0.035600446667475326	-0.014704163278178747	-0.023825559161739725	
-0.1467334768995781	-0.08766276848503625	0.011059764873741945	-0.04257071502839444	-0.006423409801395228	
-0.018474989308706995	-0.11502619970387024	-0.0036131443475033616	-0.06469879190954303	0.027839901398246464	
-0.03213288170674804	-0.0807107967613734	-0.08631717264606079	-0.07189983359006413	-0.06509794283899509	
-0.14582908672280576	-0.11424940096290767	0.013461741928445433	-0.0651384651840343	-0.09159731458259605	
-0.034556238829947745	-0.08527432826537762	-0.058434275775303524	-0.026688435043242077	0.0063934564988407	
-0.041623567836938484	0.0779520155398315	0.016992953656217318	-0.013177910673435149	-0.20484468497943759	
-0.3391977593024652	-0.2665425178668594	-0.053547861635775594	0.09605667961318162	-0.03504880007240873	
0.04098481548950323	0.027483367376446185	-0.003963019712760368	-0.041156465949239815	-0.13204104802766953	
-0.07227128381023548	-0.019513493761651853	-0.055975260490207235	0.025919390584643202	-0.00921782663531014	
0.09847033885529313	0.11420885214878716	-0.07758294961233766	-0.13147330910294375	-0.12354618661357329	
-0.05302767163967447	-0.011492187838320539	-0.11860040332052958	-0.03458149965340131	0.08839383025931377	
0.006818374693881894	0.02704131579311706	-0.09696444582353349	-0.10454147993921348	0.004485891943365417	
-0.01673585654383479	-0.06683244227427879	-0.00043056475774332244	-0.016922954312048866	-0.016172131262724005	
-0.07391810268610412	0.0450010613503258	-0.07874739186907188	-0.0611540486944021	-0.01056092386436152	
-0.16359681564689924	-0.012603182081476864	0.09564878371374316	0.08353788731671254	0.009420708328996392	
0.061202447936556645	0.07963016175052187	0.10820789081548828	0.12090172575106978	-0.022431418138594644	
0.011255743859535858	0.009911816805794688	-0.007697680017189393	0.05337848442890895	-0.08787980353632115	
0.04261179360319425	0.024247209547783068	-0.09594214813074121	-0.09127478355074599	0.030187607130522914	
-0.03359389336775884	0.07186856454794519	-0.042311849518309595	0.026428538231037604	0.043981411765495325	
0.008598421997817518	-0.025288487697283146	0.13312011718000372	0.007324509530305099	0.07835045656502006	
0.009204343114702716	0.16502743273636977	0.12515110185099898	0.11234035461763359	0.0014743977814902943	
0.07062039624959089	-0.0029585062845861156	-0.2746187931566733	-0.19309147143740468	-0.34635569917514875	
-0.02885649538227684	0.06301301045098875	0.02644637699061949	0.04230183807842523	-0.061958419155624944	
-0.01721819674876752	0.09028776349274016	0.18377798070767787	0.0275004022534256	-0.09064251795370411	
-0.10322932373376444	-0.01235592429913257	0.0828822365813832	-0.0047094337029738005	0.10648677572634217	
-0.054622654200883976	0.021340055255086764	-0.05142804421408559	-0.09233394868485985	0.016894403425337053	
0.06241170037386257	-0.003919679976068651	0.04663733313267621	0.0184993361280362	-0.05942904854701945	
-0.030643665901812236	-0.0526932983745135	-0.24796422744863336	-0.1438239302160731	-0.2291759951562347	
0.1106858064422311	-0.023037402830749638	-0.019864834673330646	-0.05854179028815621	0.02157751164222207	
-0.045474787078630244	0.03647937286799912	0.0372020366258958	0.018962886587215125	0.02491257160593139	
-0.0946626717252152	0.007579919551901264	0.09106735924866917	0.1709479228725994	0.1489210917952174	
0.04861465407010295	0.056888266415191756	0.05439656773847871	0.005223327294191748	0.09824111633319195	
0.025787897000561135	-0.03513276534117786	0.10756759299153615	0.039369310897679324	0.0015103207290455573	
-0.09461394612114998	-0.08192256678170856	0.020885758571184968	0.01293714799815202	0.07831209567887322	
0.13688271748142453	0.28278203641470084	0.10573117482181067	0.050473826667578915	-0.07146765145980355	
0.017768317084446268	-0.05155397946292636	0.0004638260984478342	-0.07442667846002587	0.1716270629236659	
0.1610172069646875	0.13224489137688308	0.09848111668670748	-0.012050660326653254	-0.023519327271176442	
-0.0712573412005821	0.010184993053945924	0.07311221914777123	0.21046509204563454	0.18638291599861886	
0.1853518803546344	0.15194503542471705	0.07873246392089879	0.047604408757558205	-0.17924947970646957	
-0.25240509101072733	-0.11072846045463718	-0.2435032517362792	-0.2689024852418227	-0.18464677475606703	
0.003407979135159922	0.1241690428451528	-0.011074955365637351	-0.037784472240034186	-0.09901138617440151	
0.017419277034668643	-0.01304891761718998	-0.03209955940348564	-0.010746900199986231	0.09867514727441123	
-0.10286137186831278	0.03432093827188468	0.11149429300230113	-0.002818068597019818	0.07632928696881076	
-0.08572231010724402	-0.013916745792109267	-0.0742307573565425	0.14405896700558277	0.11871415656192964	
0.14486654724178755	0.06260258316331	0.006795550553106303	0.12568491960650482	0.028102808788326536	
0.06597735274431993	0.14160814744842634	0.11714596236544966	0.08886579517959775	0.12249932852484817	
0.16387178069889868	0.1724930956356827	0.1559047021806138	0.16415225049872173	0.03293722960910889	
0.0059511130514874585	-0.0574307344766947	-0.07744030377871931	-0.09973368565978313	0.10825605306145117	
0.06904267993485802	0.16286077714084776	-0.27570565597899654	-0.22753271195687094	-0.32729575097426233	
-0.19831657993979626	-0.2795451337076409	-0.34524054833920886	0.06610807596106973	0.17454261720663813	
0.13683502264129457	-0.1268315125001538	-0.2399227887895025	-0.14610554423455252	-0.05615355334444644	
-0.14185997324884425	-0.1659107544278851	0.14925244422645137	0.12408331466656128	0.06413381956001832	
-0.09041561165923959	-0.1003263492859399	-0.10627639616723178	-0.09555799228115719	-0.14069577287001628	
-0.030580382964347317	-0.04289766075454705	0.11030761713603644	0.08485643201495276	0.05953268165302233	
0.011081918538027574	0.03375420720006332	-0.19264314168447855	-0.3319156718616119	-0.27849403390781075	
0.024603289235406813	0.11917435186102557	0.06675505838037739	-1.083091325578195	-1.3790848001412366	
-1.4196316470726085	0.9174070384923633	
