            A        R        N        D        C        Q        E        G        H        I        L        K        M        F        P        S        T        W        Y        V
 1 A   0.2318   0.2092    0.104   0.0196   0.2544   0.1483   0.0386   0.1849   0.1726   0.1895   0.1514   0.2161   0.2424   0.0906   0.0072   0.2826   0.2524   0.0858   0.1225   0.2126
 2 A   0.2715    0.104   0.1409   -0.632   0.0039   0.2377   0.1924  -0.0673   0.1667    0.297   0.2473  -0.1981   0.2861   0.1976   0.2079   0.3396   0.3639  -0.3039   0.1518    0.378
 3 A  -0.0037  -0.1104  -0.0079  -0.0899  -0.0731  -0.0331  -0.1066  -0.0505  -0.0162  -0.0061  -0.0407  -0.1652   0.0702   0.0846  -0.0623   0.0044  -0.0471  -0.0682   0.0541  -0.0425
 4 A  -0.0083  -0.0262  -0.0525   -0.045  -0.1162  -0.1009  -0.0645  -0.0627  -0.0276  -0.0794  -0.0541  -0.0801  -0.0147   0.0214  -0.0345  -0.0264   -0.036   0.0192  -0.0574  -0.0647
 5 A  -0.0606  -0.0206  -0.0789  -0.1058  -0.0484   -0.045   -0.084  -0.0423  -0.0622  -0.0354  -0.0391  -0.0656  -0.0047   0.0493  -0.0398  -0.0157   -0.037   0.0512  -0.0185  -0.0121
 6 A   0.1074    0.111    0.046   0.0145   0.0298    0.029   0.0099   0.0838   0.0853   0.0621   0.1022   -0.023   0.1337    0.163   0.0283   0.0846   0.1057   0.0646   0.1019   0.0971
 7 A  -0.0929  -0.1245  -0.0632  -0.1144  -0.1544  -0.0767  -0.0901  -0.0877   -0.078   -0.028  -0.0305  -0.1439   0.0109   0.0592   -0.022  -0.0459  -0.0643  -0.0368  -0.0411  -0.0654
 8 A  -0.0224   0.0003  -0.0191  -0.1118  -0.0533  -0.0064   -0.003   -0.017  -0.1335  -0.0909   0.0361  -0.0492  -0.0114   0.0594   0.0594   -0.012  -0.0108   0.0257   0.0443  -0.0184
 9 A  -0.2948   0.0065  -0.0028  -0.2976  -0.3209  -0.3275  -0.1141  -0.3585   -0.065  -0.2498   -0.211    0.227  -0.2956  -0.1537  -0.1933  -0.3503  -0.2648  -0.2649  -0.0288  -0.2042
