            A        R        N        D        C        Q        E        G        H        I        L        K        M        F        P        S        T        W        Y        V
 1 A  -0.0133   0.0677   -0.009  -0.0287  -0.0051  -0.0073  -0.0062   0.0174   0.0075   0.1028   0.0077    0.065   0.0105  -0.0079  -0.0155   0.0053   0.0286  -0.0129   0.0517  -0.0017
 2 A   0.0565  -0.0184   -0.017  -0.0354  -0.0083  -0.0277   0.0059  -0.0087  -0.0037   0.0358   0.0291   0.0019   0.0503  -0.0056   0.0082   0.1062   0.0914   0.0065  -0.0051  -0.0055
 3 A   0.0444  -0.0023   0.0174  -0.0025  -0.0115  -0.0059   -0.027   0.0043   0.0057   0.0773   0.0168  -0.0086   0.0307   0.0279   0.0005   0.0382  -0.0024   0.0292   0.0144   0.0101
 4 A   0.0291  -0.0004  -0.0023  -0.0078  -0.0037    0.025   0.0447   0.0183   0.0051   0.0139   0.0158  -0.0138  -0.0015   0.0005   0.0197   0.0106   0.0027   0.0234   0.0339   0.0432
 5 A   0.0101  -0.0133   0.0113  -0.0017   0.0056   0.0063   0.0089  -0.0061   0.0155   0.0506   0.0056   0.0029   0.0082  -0.0084   0.0061   0.0466   0.0397   0.0052   0.0321   0.0314
 6 A  -0.0083  -0.0135   0.0028   0.0112   0.0115   0.0498  -0.0189   0.0462    0.044  -0.0129   0.0003   -0.009  -0.0034   0.0302   0.0819   0.0062   0.0129  -0.0021   0.0261   0.0015
 7 A   0.0148  -0.0057   0.0006  -0.0061  -0.0011   0.0082   0.0192  -0.0185   0.0333  -0.0036   0.0647   0.0038   0.0373   0.0179   0.0257   0.0065   0.0245   0.0192   0.0101   0.0057
 8 A  -0.0033   0.0148   0.0003  -0.0181   0.0212  -0.0091   0.0315  -0.0161   0.0731    0.049  -0.0039    0.016   0.0071   0.0134  -0.0039   0.0019    0.004   0.0014   0.0359   0.0412
 9 A   0.0016   -0.018  -0.0132   0.0066  -0.0072   0.0087    -0.02  -0.0261   0.0298   0.0362   0.0293  -0.0346   0.0098   0.0576  -0.0222  -0.0086  -0.0323   0.2216   0.0471  -0.0096
