TESTRUNID EPOCH: 97 L_PCC: 0.8708544048868099 L_ERR: 0.0010645400910846451 T_PCC: 0.601959191311905 T_ERR: 0.003127604544698633
180 LAYER: 1
3 LAYER: 2
1 LAYER: 3
97 :ILEARN
0.1964603752041528	0.22564436408264996	0.06622756528303572	-0.08009820578197777	-0.11928559255617482	
-0.08946387295067368	-0.27678076484975245	-0.2537197080469327	-0.19288063086331778	-0.07021836508644723	
-0.10047375014874405	-0.02443605141304225	-0.10746984116475289	0.007483515477020759	-0.15338791298358248	
-0.04160395210594085	-0.08526734048887501	-0.03632629020518093	-0.1317399256848488	-0.11370080688880509	
0.024965441673910342	0.2065465111161615	0.05910776204609048	0.13766869278704016	0.03354916305363307	
0.07458941311374001	-0.06510190340029218	-0.22277664846684625	-0.22605230268566495	-0.09732942027884635	
-0.2057467187395069	-0.15450828493841665	-0.04708530560212942	-0.015434136167535374	0.007044288260793027	
-0.04460643633336302	-0.040665725425307504	-0.025698459109282902	-0.19048585770415394	-0.30162585787966284	
-0.20591994103792685	-0.22223661383370555	0.08850200237926349	0.17521280096942554	0.025915662222044805	
0.13051294709614816	0.2044154978473422	0.08353957843580138	0.13075621829025663	0.0744219879382588	
0.04119265063395077	-0.07667702690873461	-0.13925343275805516	-0.11336690841441614	-0.17633326911072775	
-0.21559933301784848	-0.08625789299884778	-0.046226529335795914	0.004181741004776939	0.0024670124951267267	
-0.19433830531199636	-0.1386868161623384	-0.059362287323103446	-0.03712856990589491	-0.12558528861281104	
0.006554472119648653	0.06722115884180571	0.017298430414864244	0.11681525192268655	0.021752419707988843	
0.07288480796150905	-0.08051714181960071	0.05031380634725958	0.15165854778006407	0.06718799198786234	
0.04227674289814211	0.17993480569260376	0.06320508583124185	0.11469141424842773	0.09203388323297174	
0.11753866006387906	-0.0823099883179437	-0.063345346059347	-0.11973482039047374	0.00425733034482984	
0.11548304866003364	0.025057274232886968	0.04778629419214007	-0.024609688104504666	-0.011152597226289897	
-0.23546755058940072	-0.08935200646025734	-0.128069833913592	0.03314636979684121	-0.0038842084558400655	
-0.03291672660081234	0.02524115733573201	-0.05603804803394973	-0.13180646477716673	0.06182527898463921	
-0.035231271550551675	0.015072823256282255	-0.2173743745272852	-0.2248823544127865	-0.19436896974077103	
0.24515999462158225	0.1110334324276913	0.2766008731048291	0.19972545672096484	0.2526238887484896	
0.07591516717892464	-0.09584406539319086	0.031074312715032984	0.0029688852070382543	0.09214266846109309	
0.19614273877875255	0.18794210934325992	0.11846894672147282	0.06025324231613584	-0.04411707861176614	
-0.16717305376151292	-0.15761838263314323	-0.14465865197230965	-0.42335018665148055	-0.30426350544919684	
-0.35994734220188834	0.18393227083652014	0.22640842802822217	0.07145521316726482	0.03833052059539749	
0.08448958546861524	0.16886403447884674	0.11601253144855214	-0.006426458576118082	0.14633471370147724	
-0.170606687444	-0.07354545183472173	-0.1317525161561627	0.042906981309178346	0.0033509877864994456	
-0.01716402157313779	-0.019905879256389116	-0.03555756371306366	-0.02411890430234192	-0.04829316963682362	
-0.04404163530534038	-0.019470607197529032	-0.07985234194153992	-0.11099697437281837	-0.19143986829354462	
-0.19617152332411497	-0.017998732056137584	-0.08749159686875248	-0.4970531507169072	-0.506636690192318	
-0.3515556235516691	-0.08696291181353373	-0.013469040540843637	0.07134612948427863	0.09372592885144149	
-0.02518613731788397	0.02638431909826217	0.009469033548685904	0.030794986586334193	-0.079646692205449	
-0.001373609255581229	0.003022407593327719	0.07564004085468662	0.10280775456596739	0.09627174521880591	
0.030621882541324554	-0.06429641499488488	-0.14220409980906484	-0.1486881000489257	-0.061054212347168436	
-0.012595735229732667	-0.006109314142895259	-0.1420004571850473	-0.17682151603058263	-0.09671986560261739	
-0.002718371870418999	-0.1030402195341028	0.02481157526696911	-0.36012789979705306	-0.2867235245641039	
-0.21134558829518466	0.03898422445355709	0.11491144557855981	0.08222350253521575	0.24630404463580224	
0.09774701100846017	0.0588084715117314	-0.08286425606751216	-0.06657929801964653	-0.036802096959248125	
0.13090336991943963	-0.038712221989678275	-0.013163128062118161	0.13166481404415578	0.22094783041051747	
0.19499915030282536	-0.00569599604320475	0.030292782241017318	0.0028803276972736483	-0.09079753738125602	
-0.06992295914618343	-0.044059726537170746	0.013154906472214614	0.05616169957064456	0.07729010574734593	
-0.21129658438373505	-0.11394299707977665	-0.225252336990164	-0.3046397547425228	-0.2786457631954414	
-0.20056287058685418	-0.1242482330936601	0.048823170314808435	0.04005322310563584	-0.19151220414445846	
-0.16447103753239886	-0.10864746852068358	-0.062478299140352356	0.055516504589213256	-0.01891482974937198	
0.049716691843198164	-0.02906635369736358	0.040878775163879125	0.020841273422302922	0.02526155238129078	
-0.057039189004314705	-0.0070775613790030915	0.05659020417019881	-0.024415515113824424	0.03803992241327516	
0.05842042061261926	-0.06048684549855833	0.046050926696809436	-0.009375429789335914	0.07100561442234427	
0.013445962111221194	0.11776635955078577	0.05162847236922305	-0.4932511316664315	-0.3798443902163976	
-0.374716801235379	-0.05902613706037684	0.011648786398674236	-0.007945112951807996	0.24301903295002802	
0.06297276951191352	0.1906373991507373	-0.17364334061497402	-0.08515452939947636	-0.12064536149359222	
0.05248303557804571	0.0041599815018027	-0.007271918529549506	0.043219735239343776	0.09318664585947521	
0.09713975907575764	0.0966677761246815	0.0919331326879522	0.028807004047061314	0.02341466320117275	
-0.09643768192071571	-0.03766207509061733	-0.05991297381110891	-0.09204535969647969	-0.03307031876908578	
-0.048059970704400296	-0.08090091344140575	0.023586028586375443	-0.15131840867348184	-0.04739051624588664	
-0.11746420442552023	-0.1095050384457308	-0.07544436442568642	-0.06324407270179845	-0.03796064924107996	
-0.016913305529031447	0.03668053717718492	0.0634525608654701	-0.02279609246435453	-0.026386852640039215	
0.18698306027134395	0.11724492952186613	0.1293236676664684	0.018459165778162097	0.03493909786903802	
-0.008469345888237178	0.0550939616523705	0.03340052321314042	0.03847961175871803	-0.11132730932870945	
-0.15438771131181747	-0.06290224742503282	-0.16202118073102648	-0.007127111694134335	-0.10459371506370936	
0.04923009063306031	0.06791830061936441	0.026895387874731478	-0.2845436786798232	-0.37393503326936484	
-0.2520278292129819	-0.00010060606149093687	-0.025268886010189832	0.07355944150374458	0.08245039885653349	
0.19034127887414112	0.1977193465033009	0.2547498313077058	0.230255918228306	0.211668303066675	
0.10956390160357819	0.131637457093525	0.044098172878276706	0.0790535713695277	0.17233252789613113	
0.0945903136177104	-0.19662576520870584	-0.23523512572671026	-0.236143869655081	-0.2554811309756828	
-0.2868412720496873	-0.2542271501492694	-0.05205792679656765	-0.08328567294748827	-0.08009166144991768	
-0.2736494087560865	-0.17909965881476178	-0.26843240602478896	-0.09445687759755159	-0.05417195820009507	
-0.16413282860526943	-0.13693316726548566	-0.058297866190288775	-0.04717013621791622	-0.11288100870559674	
-0.0680346827806853	-0.04755313349223876	0.18518735452868856	0.17035392376643005	0.021144801549092117	
0.021558383977668363	0.041713779261056065	0.040045729682079007	0.014934268628842794	-0.14144224656792012	
0.018801236425961803	0.09161710780376682	-0.016954364421983708	-0.03634938439898405	0.026465218378091383	
-0.04987290406871924	0.04307435160506992	-0.07828452290644147	-0.01760425016001592	-0.0013360149474363793	
-0.14664558967720934	-0.1734115139893583	-0.033305214363395404	-0.029643443612324957	0.03410595439378325	
-0.022872952296269553	-0.029141234496231322	-0.089248885298474	-0.07298193043837951	-0.008400377795470404	
0.049849726329286734	-0.006000870975783946	-0.2365798632426764	-0.10853659518620706	-0.24664036433590386	
-0.060996599640292505	0.016511177680044276	-0.012503532658946454	-0.08504767500723713	-0.21175741564171363	
-0.12970747969713345	0.04869170985941697	0.143138409073288	-0.008734962798389215	-0.15401123118627044	
-0.1633505676068866	-0.07193287616926454	-0.12707127479634872	-0.20342147860190354	-0.10538180293179106	
-0.12007274998343945	-0.010395985209363042	-0.10536870198129036	-0.2202455016971208	-0.11979443901137501	
-0.05108962275957134	-0.074862033314107	-0.010315801612255928	-0.06082653692227061	-0.14634602592502136	
-0.07064460713223544	-0.08443442826535152	-0.048133391998006	0.051221139207614	0.013112192638540595	
0.040332079585790645	-0.0793496110188028	-0.07730215865229961	-0.08350236625603553	-0.0067839872697180136	
-0.06959346855942049	-0.08575189013807066	-0.08616280865878687	-0.08026299189900188	-0.07822114040186486	
-0.17897283795153812	-0.06311795677568822	-0.15305528833860527	-0.0728491338420017	-0.10389759755229716	
-0.38139634379667664	-0.41540740580200713	-0.37192856508609445	-0.10695208232998381	-0.054822129157174555	
-0.08908082040203628	-0.04368475364918372	0.07090512950700509	0.022857606272475097	0.09519088250470147	
0.0007560278933112046	0.028240153174820756	-0.04404797636417508	-0.05264219229497746	0.01387474107256896	
-0.0783403462718382	-0.0036949049124540795	-0.1409335407841096	-0.15376517651797314	-0.3193540011512704	
-0.17419802452473357	0.030084822138885327	0.08472821133512877	0.012297632295774907	0.19814908015131105	
0.14998491846031312	0.14590238938343816	-0.20116744947423498	-0.2808457000234436	-0.30289695259509775	
-0.08958048273378308	0.036926013381828514	0.05152254630520759	-0.05473500705313201	-0.13241309042677113	
-0.06587817862301945	0.0401067528041589	-0.024710146654362507	-0.08272548300264443	-0.04103211819695099	
-0.05102222730223531	0.06971200216409325	-0.2278915105894284	-0.22513731407574905	-0.08865381268361974	
-0.16120558450706693	-0.06264319433734944	-0.15498033380265486	-0.07954057016292734	-0.12937480644302696	
-0.02051610397407641	-0.0689815120986758	-0.07613325575535694	-0.05207352011454797	0.11304207270799856	
-0.07656628876939503	0.0602719924282142	-0.3106032111641833	-0.4124293081988639	-0.3257813282628153	
-0.10555164629542114	-0.014929846556935744	-0.05939919642356595	0.1023044256852637	0.03532361412571677	
0.07356956364597785	0.02114977052338722	-0.059606712129270295	0.05934791697197248	0.005079756375734795	
0.024310848139118463	0.10892897151354818	-0.10238170599810624	-0.15281737041927618	-0.09907707403041144	
0.1080826062597703	0.08444663387954858	0.07586532454141164	0.01291590675953752	-0.14437719793253503	
-0.15120098575208651	-0.03707425528007039	-0.03678868481040102	-0.0566338998270592	0.05565922228795492	
-0.0005394160025839555	0.08895261199948219	-0.11975029981044119	-0.010006482216722828	-0.10936221293959245	
-0.36330605148003053	-0.37535264274827573	-0.4034031819098814	0.09161805942827193	0.14475136117172088	
0.10780710027417827	-0.33511364787783654	-0.39656694372202733	-0.2787967680807716	-0.23837377186543143	
-0.23322831566826022	-0.24368787433558559	0.10412962145257267	0.06747201444085865	0.010204747145775045	
-0.13665980470707476	-0.13463938775765044	-0.12362965595000439	-0.12037773474589984	-0.12661180674263248	
0.007835090662255177	-0.14133150094641975	0.01782586347116058	-0.00893736047207457	0.25536511608288576	
0.22638611221960475	0.20717488436934003	0.01603984825337956	-0.07384182686399722	-0.019967217443756638	
0.1852543908735555	0.2527447592529628	0.1666643034399076	-1.3028265036181805	-1.2577392299248278	
-1.0055550134194187	0.7214617040921874	
