            A        R        N        D        C        Q        E        G        H        I        L        K        M        F        P        S        T        W        Y        V
 1 A   0.0059   0.0187  -0.0307  -0.1118  -0.0743  -0.0376  -0.1008  -0.0164  -0.0356   0.0164   0.0435   0.0505    0.037   0.1118  -0.0975   0.0023  -0.0238  -0.0566   0.0851  -0.0073
 2 A   0.0106  -0.0263   -0.049  -0.0722    -0.07   0.0114  -0.0214  -0.1132  -0.0478   0.1317   0.2885  -0.0909   0.1917  -0.0516   -0.047  -0.0045   0.0428  -0.0839  -0.0437   0.0639
 3 A   0.0351  -0.0452  -0.0123   0.0486  -0.0381  -0.0188  -0.0996  -0.0255   0.0034   0.0499   0.0721  -0.0656    0.055   0.0598  -0.0375   0.0422  -0.0414  -0.0151   0.0659   0.0101
 4 A  -0.0118  -0.0427  -0.0442   0.0715  -0.0325  -0.0275     0.03   0.0246  -0.0403  -0.0111  -0.0128  -0.0312  -0.0492   0.0039   0.0031    0.001   0.0036  -0.0053   0.0169  -0.0306
 5 A  -0.0024  -0.0165  -0.0082   0.0013  -0.0282  -0.0513   0.0055   0.0089  -0.0169   0.0435   0.0054  -0.0327  -0.0439   0.0474  -0.0548  -0.0125  -0.0123  -0.0099     0.06     0.02
 6 A  -0.0346    -0.05  -0.0008  -0.0197    -0.04  -0.0261  -0.0256  -0.0358  -0.0379   0.0659     0.06  -0.0516  -0.0017   0.0506  -0.0174   0.0004    0.027  -0.0356  -0.0145   0.0262
 7 A   0.0192  -0.0596  -0.0233  -0.0281  -0.0498  -0.0276  -0.0209  -0.0508  -0.0164   0.0402   0.0394  -0.0686   0.0008   0.1112   0.0174   0.0095   0.0095   0.0213   0.0429    0.021
 8 A   0.0001  -0.0228  -0.0138  -0.0623  -0.0371  -0.0126    0.026   0.0221  -0.0669  -0.0225    0.037  -0.0235  -0.0273    0.047   0.0287   0.0467   0.0251   0.0077   0.0408  -0.0504
 9 A   0.0957  -0.0711  -0.0709  -0.0484  -0.0771  -0.0725   -0.065  -0.0752  -0.0519   0.1569   0.1617  -0.0208   0.0248   0.0116  -0.0802  -0.0463   0.0188   -0.052  -0.0121   0.2619
