            A        R        N        D        C        Q        E        G        H        I        L        K        M        F        P        S        T        W        Y        V
 1 A   0.0332  -0.0039   0.0035  -0.0098  -0.0082   0.0013  -0.0256   0.0017  -0.0068   0.0129  -0.0072    0.011  -0.0086  -0.0244  -0.0234   0.0218   0.0021  -0.0267  -0.0144  -0.0323
 2 A   0.0047  -0.0027  -0.0126  -0.0271   0.0085   -0.006   0.1201   -0.027  -0.0144  -0.0079  -0.0246   0.0019  -0.0132   0.0204  -0.0233  -0.0157  -0.0026  -0.0183  -0.0072   0.0063
 3 A  -0.0109   0.0021   0.0241  -0.0086  -0.0222  -0.0033    0.008   0.0055   0.0121  -0.0051  -0.0508  -0.0015  -0.0058   0.0117   0.0076   0.0176  -0.0292  -0.0234  -0.0123  -0.0011
 4 A  -0.0178  -0.0107   0.0044  -0.0013  -0.0252  -0.0129  -0.0092  -0.0167  -0.0156  -0.0051   0.0333   -0.043  -0.0189   0.0256  -0.0022  -0.0084  -0.0192  -0.0115  -0.0034  -0.0228
 5 A  -0.0218  -0.0025   0.0028    0.016   0.0011   0.0112  -0.0065   0.0005   -0.001  -0.0165  -0.0154  -0.0057  -0.0019  -0.0008   0.0294  -0.0115  -0.0178  -0.0007   0.0127  -0.0116
 6 A  -0.0075  -0.0133  -0.0001   0.0049  -0.0326  -0.0191   0.0044  -0.0106  -0.0052   0.0048  -0.0053  -0.0092  -0.0106   -0.007  -0.0294   0.0023    0.021   0.0181   0.0142   0.0222
 7 A  -0.0081  -0.0059  -0.0098  -0.0052   0.0176   0.0004   0.0069   -0.038  -0.0191  -0.0074  -0.0144  -0.0118  -0.0171   0.0202  -0.0061  -0.0106   0.0237  -0.0051     0.01   0.0253
 8 A  -0.0149  -0.0115  -0.0208  -0.0103  -0.0029   0.0009   0.0144   0.0114  -0.0145  -0.0245  -0.0227  -0.0082     -0.0   0.0024   0.0081   0.0007   0.0043  -0.0152   0.0117   0.0512
 9 A  -0.0013  -0.0418  -0.0228  -0.0077    0.006  -0.0053  -0.0232  -0.0258  -0.0096   0.0017   0.0063  -0.0078   0.0234  -0.0136   -0.006  -0.0052   0.0008   0.0091    0.045  -0.0036
