            A        R        N        D        C        Q        E        G        H        I        L        K        M        F        P        S        T        W        Y        V
 1 A  -1.5322  -1.2875   0.6346    0.074  -0.2549   0.0927     0.48  -2.8009   0.1776   0.5789   0.0728  -0.3531   1.4909   0.4483  -4.3478   1.3562   1.3837  -2.2302   1.1624  -0.3168
 2 A   0.4019  -6.3481  -2.2571  -6.5502  -4.2894  -2.8228  -6.1763  -4.7148   -4.842    2.177    1.222  -6.0244   2.0767    0.341  -6.4799   2.2131   3.2067  -3.7184  -4.4318   1.8666
 3 A  -0.2131  -1.9273   0.1069  -1.6556    0.271  -0.7544  -1.5971  -3.3203  -0.9495   1.4747  -0.3328   0.7762   1.3589   2.2654  -1.9698   1.1289  -0.2701  -1.2823   0.7965   0.2333
 4 A   -0.208  -1.4674   1.4096   0.3117  -0.8975   0.5726   0.5898  -1.7935  -0.0608   0.2267  -1.0789  -0.1138   0.4349   1.1202  -0.6484   1.0886   0.4275   0.7996  -0.5401    -0.46
 5 A  -0.4699  -0.9629   1.8745  -0.0331  -2.1938  -1.8202  -0.7064  -1.9525  -0.6017   1.3211  -1.4362  -0.8823  -0.2503   0.7548  -0.6501   2.1122   0.5487   0.4027   0.7467   -0.228
 6 A  -0.9079   0.1568   0.9603   1.0389  -2.2179  -0.6839   0.0876  -3.2665  -0.3139    0.238  -0.2907  -0.2123   0.0052   0.4222  -0.0824   1.4891    0.816  -1.3381   0.7352  -0.4519
 7 A  -0.3939  -1.5131  -0.2901   0.0474   0.0176  -0.5038  -0.0643  -3.5914  -0.0692   0.7889  -0.2254  -0.6246   2.4523   1.2518   -0.661   1.4728  -0.0178   0.4225   1.1846  -0.7022
 8 A  -1.4207  -0.9255   0.8283  -0.8806   0.2497  -0.7101  -0.0667  -1.6801  -1.2422  -0.3858   0.0491   0.7187   0.4584   1.4278   0.0714   0.4167   0.7034  -0.5766   2.2458  -0.5565
 9 A  -5.7011   4.9118  -5.1095  -5.8629  -7.7389   -3.656  -4.3597  -6.5836  -2.9737  -7.0734  -6.1371   6.0904   -5.902  -5.0199  -6.1026  -5.1411  -5.5759  -3.4822   3.4303  -5.4344
