TESTRUNID EPOCH: 92 L_PCC: 0.9750023291035691 L_ERR: 0.0009639840979439082 T_PCC: 0.8917768695456936 T_ERR: 0.005268147653873469
180 LAYER: 1
3 LAYER: 2
1 LAYER: 3
92 :ILEARN
-0.051507701860177724	-0.08184298507144054	-0.2568320425070824	-0.3683550276112527	-0.42476470160922974	
-0.46923413926264235	0.13305400331227799	0.2512255887993155	0.3006434632444115	0.3034013884416144	
0.28270245493216434	0.4138184574023555	-0.03261187047331538	0.05282821783313847	-0.10824887072345797	
-0.06698711212612475	-0.13416938922668567	-0.10073144665359278	0.034855612506631564	0.022671261843276017	
0.17731306261543206	-0.17626087803408585	-0.2781066904470067	-0.24330314805358522	0.2858287398736388	
0.3206158920790809	0.21048413295454566	-0.05458783469808469	-0.08378996508573547	0.06365162129846749	
-0.07933185910132763	-0.07400935911098211	0.0400355848695153	-0.22674444402671345	-0.2235784977071703	
-0.3098727370021574	0.0070660034585127126	0.0033690567426283074	-0.16324174142244027	0.13586858152930528	
0.1527143284835136	0.12199748511486157	0.16313181963975762	0.3156870996755046	0.20428575596575224	
-0.04367806704506127	0.014204880448671823	-0.10345235782449634	-0.02524002023013892	-0.08361777721571798	
-0.09894448883632868	-0.2819618448969021	-0.3988097624532455	-0.44529796455942616	-0.0833738605378995	
-0.19762904022842223	-0.09249096916516636	-0.08897742589611432	-0.07280689012381868	-0.05802002334195871	
-0.10147293026138779	-0.09997466098813793	-0.03691882330447503	-0.06766914579671471	-0.04028093274255649	
0.059306171792458506	0.07854574984727303	0.09855807717495824	0.19757069850542383	-0.1438521918240701	
0.055794393407774666	-0.06872632125183128	-0.08854786489313712	0.0033882403842903953	-0.08310761008486008	
-0.17501051188221375	0.13095760297907266	0.027678641282592276	-0.8688466655237074	-0.855294087198722	
-0.8230382192098422	0.19417402454717017	0.16635940647414124	0.09487303969916482	-0.04758678581806259	
0.15715744941826595	0.07250924297610623	0.28652976627874166	0.15211839552138176	0.12244253659145815	
-0.03644017921615429	0.08747824010397895	-0.031443929396600755	-0.05150914766874781	0.031740490345768854	
0.014107898979906492	0.10464666418541961	0.00587514086139312	-0.13258980753795435	0.001684982309988918	
-0.13255604661257867	-0.10983250341488392	0.2140760444512771	0.03314516313233159	0.2178861261753019	
0.24878908710170533	0.127468213550004	0.3430318992143418	0.2196462048151208	0.24172512201898796	
0.10243071294509368	-0.09430606906647189	0.05565563027119142	-0.011275272419122087	0.06302413928121377	
0.22771405918465853	0.21701430689873896	0.1524551534581995	0.010749771297883395	-0.12821720502837888	
-0.08819092090781627	-0.05845807479449722	-0.04942620482405643	-0.1941248824297789	-0.11611592312557685	
-0.16828959198647728	0.0661244594269041	-0.0020023916775694234	-0.10420707766285403	0.17074005283133997	
0.15985219577302365	0.2952841137886188	-0.09124943131212962	-0.2248767331024076	-0.0649365724958053	
-0.10117334390449477	-0.020751910024642724	-0.09180712795291819	0.11596261108771326	0.05055648884940757	
0.04525092864177485	-0.030130480392922578	-0.03155145077273742	-0.03208752831738604	-0.10637300292046477	
-0.12630913062356464	-0.10320982362420701	-0.007687557880401092	-0.05168945653144531	-0.15302615681154833	
-0.17195878889294547	0.037614444077285016	-0.0690536949455401	-0.2128016254329608	-0.24946686323792125	
-0.134333171038964	-0.13632388278161037	-0.05181629376404534	0.008900616050892502	-0.06122228824441146	
-0.11791063665647147	-0.12368003686290228	0.08058525812841424	0.12048058082961317	-0.00629089145937222	
-0.2567330833646912	-0.27050308772865894	-0.19006888791201343	-0.18323273631113252	-0.22829017470503268	
-0.27908903152635023	0.022024916225494767	-0.03895342461814525	-0.10401690327821143	-0.026300630522369296	
0.04062843880491417	-0.0035095986804746676	-0.09919057467617405	-0.16434699820080892	-0.08165608097425785	
-0.04148994666586781	-0.10025007518959922	0.007909056257159021	-0.08800887461137313	-0.0862333162822731	
0.05984642342409161	0.04030792124153195	0.11377446577473183	0.15077766268896448	0.10671557160854973	
-0.11226465045221676	-0.04336067365463399	0.0494220348828346	0.0644216512128978	0.07757400613878893	
0.10087167994173973	-0.11959211431934859	-0.029276953152733175	0.035873005002266346	0.018126728245066615	
0.09995454713272087	-0.06661906482994875	-0.01894962718464991	-0.04461432661189511	-0.04942068854638394	
-0.07588343459152927	-0.016723007163080193	0.1501006032395813	0.30691712148466893	0.2312863272156798	
-0.09662623553730469	0.014608944102317225	-0.23728637645709527	-0.06709933492012984	-0.09414791585669824	
0.026801072434921774	-0.09575449901408421	0.10825796124901906	0.016881269949139403	-0.11654554272554178	
-0.09435657703025536	-0.11040907104043875	-0.23492125671995423	-0.08699572270208124	-0.1618633100640347	
0.10450521158964854	0.03476970114759109	0.13289764833729564	0.18071548314472433	0.22403795756729247	
0.15228248316227305	-0.03593518346400417	-0.023115561538226987	-0.12031847002666715	0.007487756334357294	
0.022346736808385996	-0.10368289426055954	0.16481736187564588	0.21835069189794076	0.2321642683374192	
-0.13404580487517895	0.07692229499037467	-0.026195391682246102	-0.24085123085499424	-0.1394299168297959	
-0.12969810309630597	-0.2092592320688039	0.10965420919124964	0.09729741575097162	0.10953330109981003	
0.11976197707552978	0.2941721753633241	-0.11453047873853461	0.08329718048118565	0.010254676696264502	
-0.020578653024008894	-0.06744718929449803	-0.05406481451911426	0.06915355016131944	0.1981795519865081	
0.2529314874439877	-0.011556107253878137	0.04136815857273389	-0.030271780042647987	-0.15783841547033192	
-0.14410654040807036	-0.038602796707201764	-0.042783610474415076	-0.010089137564405944	0.02550668712926964	
-0.03761281394308118	-0.12669077992410788	0.006934140323769346	-0.16648570159812562	-0.03239485298930142	
-0.08786987552482134	-0.1339005844354054	-0.11686593798433131	-0.09164870733573348	-0.0642398032143566	
-0.1857886277823648	-0.09347425841140602	-0.2566134273065465	-0.3059854659862844	-0.35014542286199735	
-0.1813096010008958	-0.112134686096975	-0.10326818372058351	-0.08991742067435828	0.01886729671146946	
-0.0401771620281901	0.42393737388787184	-0.15627149704072948	-0.21739192724998604	-0.5620449083143157	
-0.6584254611391124	-0.5289923316962171	-0.1175890672892971	0.13304318798720832	-0.008447565257238785	
0.08965995872223016	0.09559304850337998	0.06238076986237744	-0.07658949168249468	-0.1576029938065968	
-0.10389770393752586	0.018307268722604988	-0.018213391736500727	0.06633761482950888	0.07041689799798401	
0.20039393562683092	0.21054757833341012	-0.078235280542769	-0.12051206740944492	-0.11337073703455564	
-0.1582391829144273	-0.10052798031622821	-0.22599499734462875	-0.04162101569670791	0.10044061428665767	
0.014984967460433507	0.13897200387781067	-0.025890102146403363	0.01030652285134469	-0.009579663265094117	
-0.04108550191290583	-0.07642210966756482	-0.05531153748057141	-0.047150341298370244	-0.06695884883672092	
-0.08494951971746072	0.06444573735414931	-0.0850994230998535	-0.11405610388171683	-0.04774100116640211	
-0.21814263278417448	-0.004657349626005491	0.12230830618745199	0.10399915793948362	-0.020943891145845987	
0.018357789408510704	0.047555006638526784	0.0009320862422968843	-0.014263657672109381	-0.13124196425852144	
0.03654382187521577	0.04118808741369666	0.022394021418323022	0.0458118496883844	-0.08005169130631565	
0.0354697923917977	-0.020871026169182825	-0.15472018290318962	-0.1315636826490957	0.0009591485439817718	
-0.08766877647825863	0.04493799397120599	-0.08337352837396983	0.007343546286408607	0.012310624182452178	
0.07094125633257921	0.01061528694810793	0.1879405535767007	0.04108063167189371	0.08545516976979828	
0.03366398188607974	0.11035421237645525	0.020402103121298972	0.009049797496607686	0.13401623387453526	
0.24723897682562967	0.18156729796680585	-0.35277643806906156	-0.19791314291172885	-0.4248652024408645	
-0.01372391898928294	0.06508205495535806	0.04345511122913508	0.10716509798434669	0.007091797800214774	
0.06993859591767355	0.0492823315808974	0.14879479373774226	-0.02478733635323446	-0.09758368506141392	
-0.14302680922245553	-0.03271627220247021	0.14826769108086582	0.045840262697460034	0.173599240438781	
-0.13920404969321296	-0.08221205405792126	-0.1523531509251245	-0.023429819555941454	0.08392362306351325	
0.14128907572255703	-0.06762936733935776	-0.050084797554987334	-0.06942813898981526	-0.0637463437547627	
-0.07015601579875241	-0.06678318092973173	-0.35564096590161154	-0.2689585900660014	-0.32054959852926374	
0.18202435804035919	0.0027984939798104563	0.02252639305328603	-0.03338085370069076	-0.0670730809097343	
-0.0957949900356648	-0.011139369636212171	-0.06915478339846523	-0.03991904901976728	0.11898276722889017	
-0.05554552326134013	0.09552249787612939	0.2044198883487061	0.25843127037537095	0.2599463168849869	
0.09559529927476636	0.07101618555235747	0.10536908769019458	0.011887187112695761	0.11376296968839492	
0.05481108717425498	-0.09891630000709233	0.051245584232401976	-0.006572156796177455	-0.0634690125646092	
-0.1377397287807489	-0.13189194631710627	-0.02136545479305706	-0.04367323922998299	0.045777492871965926	
0.2151782679368187	0.4019899985535292	0.2166345006812078	0.013418375914509496	-0.08189182419353119	
-0.0026429602275740024	-0.15136624392410888	-0.091262417787281	-0.1665942332006553	0.20373798522488798	
0.21225929437463975	0.1854295383663344	0.1810373549722809	0.04315747941213504	0.047563051101343456	
-0.10140037170849053	-0.02679564061552924	0.05473137337046144	0.2519214612684365	0.24281706064242142	
0.2463420147342788	0.19620210482676098	0.12376397086640897	0.1092206097917833	-0.21498633536962855	
-0.2730605376493335	-0.1330562853180613	-0.20146302849283043	-0.23598594289548544	-0.169058524650152	
-0.09294024320391986	0.013122170281146678	-0.09287356807058349	-0.24870370664803587	-0.347278553051988	
-0.18543912196976	0.011740720009451483	0.004959759144865559	0.03519782263490219	0.19195159512152965	
-0.019288582136291806	0.13479608141586522	0.19191629275182687	0.03119027399413031	0.13671362593941563	
-0.08642013183257313	-0.02717123974974561	-0.11840588937700348	0.1139468071438552	0.11169763838883254	
0.17632376068879674	0.06260454674509694	0.08326539222571969	0.2627530684342955	-0.030598735378598012	
0.027396096869106712	0.13984988457501887	0.27524024155143545	0.32505479522001496	0.36008484256315965	
0.059780263777071976	-0.07234647698268405	-0.06070418493937641	0.12397983973559346	0.023906313469879165	
0.022330178910549787	-0.2862553999195242	-0.32897170135368226	-0.3196235333052663	0.03898755936503271	
0.01399008913047435	0.1942589044803838	-0.15954436822136558	-0.23713678250034478	-0.40653574611115345	
-0.1976859822805617	-0.39768805720414563	-0.5236217118226056	0.07908545928416319	0.19984004912073944	
0.19440521901582578	-0.11433350235282433	-0.3562788040484364	-0.26577171130689997	-0.2676641304378591	
-0.2846771713512441	-0.27760640335464165	0.12018158771398862	0.1333752320055853	0.09354702140277311	
-0.2878813853481135	-0.2934406982945281	-0.27708720327117986	-0.36271078802627255	-0.43444428408934443	
-0.3253111453387756	-0.057137837966309925	0.09448897800213196	0.11102295853350555	0.033087042996495356	
-0.042446360511514465	0.06931202387561919	-0.04980448979188056	-0.3070419679669762	-0.3353928864659887	
0.05179718636353674	0.14065708095287335	0.07680069295235377	-1.5576391827037905	-1.7593096740020466	
-1.8615944875682628	1.7154194956086564	
