            A        R        N        D        C        Q        E        G        H        I        L        K        M        F        P        S        T        W        Y        V
 1 A   0.0767    0.001   0.0043   0.0018     -0.0   0.0068    0.003   0.0071  -0.0052      0.0     -0.0      0.0     -0.0   0.0008  -0.0021   0.0218   0.0024   0.0296   0.0022     -0.0
 2 A      0.0  -0.0029     -0.0  -0.0032  -0.0012  -0.0033   0.2108  -0.0029     -0.0  -0.0068  -0.0009  -0.0092  -0.0033  -0.0018  -0.0027  -0.0091  -0.0034  -0.0055  -0.0019  -0.0026
 3 A   0.0091      0.0   0.0212  -0.0059     -0.0     -0.0      0.0   0.0286     -0.0   0.0062   0.0354    0.001     -0.0   0.0369     -0.0   0.0023  -0.0017     -0.0   0.0057   0.0115
 4 A   -0.004     -0.0   0.0089   0.0215     -0.0   0.0013   0.0117  -0.0001      0.0   0.0318   0.0499   0.0021     -0.0    0.002   0.0142     -0.0   0.0072   0.0007      0.0   0.0029
 5 A   0.0351   0.0149   0.0142   0.0089     -0.0   0.0188  -0.0036   0.0008   0.0068   0.0043   0.0018   -0.004     -0.0   0.0001   0.0087   0.0023  -0.0003   0.0104     -0.0   0.0307
 6 A   0.0351      0.0    0.001   0.0046  -0.0017   0.0016  -0.0053   0.0117   0.0049   0.0038   0.0101  -0.0002  -0.0056   0.0148   0.0213      0.0   0.0462      0.0   0.0102  -0.0024
 7 A     -0.0   0.0024   0.0102  -0.0011   0.0375      0.0      0.0   0.0286     -0.0   0.0224   0.0129    0.001      0.0    0.009   0.0158    0.002  -0.0059   0.0068   0.0097  -0.0011
 8 A  -0.0036     -0.0   0.0021   0.0048     -0.0   0.0379   0.0007  -0.0056   0.0008   0.0048   0.0322  -0.0051   0.0013   0.0383   0.0108      0.0     -0.0      0.0   0.0116   0.0192
 9 A   0.0368  -0.0056     -0.0  -0.0025  -0.0044   0.0024  -0.0108   0.0014   0.0002   0.0164   0.0403      0.0   0.0238   -0.001  -0.0067   0.0092      0.0   0.0037   0.0476  -0.0005
