            A        R        N        D        C        Q        E        G        H        I        L        K        M        F        P        S        T        W        Y        V
 1 A   -0.048  -0.0081   0.0397   0.0249  -0.0119   0.0414   0.1323  -0.1635   0.0233   0.0105   -0.003  -0.0986   0.1124   0.1408  -0.1445   0.0317    0.065   0.1509   0.0511  -0.1089
 2 A   0.0952   0.0159  -0.0783  -0.0032   0.0427  -0.1178     -0.0   0.0366     -0.0   0.0799   -0.018     -0.0  -0.0301  -0.0673  -0.1159   0.0486   0.1896      0.0   0.0035   0.1564
 3 A   0.1362  -0.1142  -0.0188  -0.1148  -0.0292  -0.0957  -0.0408  -0.0453  -0.0161   0.1339  -0.0533  -0.0456   0.1296   0.1051   0.0398   0.0815   0.0397   0.0316   0.0291   0.0851
 4 A   0.0569  -0.0252  -0.0479   -0.042   0.0677   0.0445   0.0364   0.0847  -0.0038  -0.0612   0.0466  -0.0493   0.0095   0.0619   0.0791  -0.0422   0.0057  -0.0114   0.0181   0.0097
 5 A   0.0272  -0.0163  -0.0604  -0.0181   0.0386  -0.0089  -0.0758  -0.0176  -0.1099   0.1295   0.0115  -0.0083  -0.0283   0.0393   0.0769  -0.0169  -0.0069   0.1062   0.0409   0.1351
 6 A  -0.0218  -0.0103   0.0404   0.0297  -0.0316   0.0629  -0.0692  -0.0579  -0.0578   0.0412  -0.0061  -0.0555   0.1265   0.1499  -0.0014  -0.0045   0.0898  -0.0384   0.0234   0.0284
 7 A   0.0194  -0.1155  -0.0331  -0.0665  -0.0029   0.0003   0.0222   0.0668   0.0541  -0.0118  -0.0366  -0.0968   0.0806   0.0574  -0.1199   0.0722   0.0446   0.1185   0.1127    0.072
 8 A   0.0444   0.0232  -0.0181  -0.0902  -0.0081  -0.0331    0.048   0.0516  -0.0317  -0.0562   0.0455   0.0028   0.0519   0.1156    0.113   0.0579  -0.0642  -0.0381   0.0398  -0.0163
 9 A   0.1072  -0.0701      0.0      0.0  -0.1565     -0.0     -0.0     -0.0      0.0   0.2227   0.2088  -0.1561   0.0605   -0.091      0.0   0.0066   0.0486  -0.0733  -0.1766    0.307
