            A        R        N        D        C        Q        E        G        H        I        L        K        M        F        P        S        T        W        Y        V
 1 A  -2.3079   -0.062   1.3982  -2.6245   -2.902   0.3547   -2.326   -3.308  -1.3536   1.6342   0.1567  -2.0211  -0.6543   4.0561  -3.4865  -2.1565  -1.8428  -0.9955   2.9554   0.2985
 2 A  -0.2911  -0.1332   0.0233  -2.6663  -2.5551  -2.1259  -2.3631  -0.4269  -2.5782  -0.7488   1.4668  -1.8691  -0.8146   0.3789   4.7142  -1.6967  -1.6313  -3.1614  -1.8953    0.622
 3 A  -1.9059   4.5766  -1.2797   -2.076  -3.7759   1.5556  -0.5076  -2.8316   -1.068  -2.9196  -1.1636   3.7712  -1.6809  -2.4723  -2.3869  -1.3422  -1.7168  -2.5227   0.8263  -2.7178
 4 A  -0.1091   2.4224  -1.2539   0.3128   -2.734   2.1778   0.5991  -0.2434  -1.7254  -1.6849   0.0329   0.7067  -1.2413   -2.728  -2.3489   0.3307    1.309  -3.1391  -2.4464  -0.4697
 5 A  -0.3571    2.431   1.6289  -2.0289   1.7446   0.9671  -1.3442  -0.2593  -1.3698   -1.801   -0.705    1.394   1.0157  -1.8104  -2.7552   -1.282  -1.5777   3.4652   0.9723  -0.6022
 6 A  -1.5868  -0.1511  -2.3531  -3.1584  -2.5256  -2.1689  -2.6962   1.7182   1.3135   -0.348   1.2084  -2.1964   1.4142   1.8776  -3.2853  -1.8967  -0.0041   3.4936  -0.6929   1.3518
 7 A   0.7364  -1.3754   1.7687  -1.4113  -2.7055   2.8929   0.5594  -0.0719   3.1275  -1.5716  -1.8672    -1.07   1.0063    0.191  -2.4871   0.2985  -1.2472  -2.7377  -1.1825   0.3698
 8 A   2.0912  -1.5467  -1.7244  -1.6302  -2.1527   0.9452   1.3761  -1.9392   -2.068  -0.1654  -1.9398   0.2384  -1.5527  -2.9091   2.5206   1.3162    0.532  -3.4393   -2.483   0.7028
 9 A  -2.1922  -3.0342  -3.6129  -4.0196  -2.3065  -2.7433    -3.39  -3.9576  -2.6602   1.6282   2.2725  -3.0867    4.256   4.0438  -3.7638  -2.7856  -1.8932  -1.4746   0.1097   0.7244
