            A        R        N        D        C        Q        E        G        H        I        L        K        M        F        P        S        T        W        Y        V
 1 A   0.0041  -0.0018   0.0527   0.0141   0.0485  -0.1013   0.0337   0.0051    0.031   0.0275   0.0294  -0.0242   0.1142   0.0196  -0.0988  -0.0035  -0.0071  -0.1243   0.0675  -0.0074
 2 A   0.1947   0.1402  -0.0942  -0.4704   0.0584   0.0933   0.0861   -0.014   0.0731   0.1276   0.1803  -0.0963    0.181    0.124    0.145   0.2594   0.2792  -0.1069   0.1548   0.1715
 3 A   0.1126   0.1027   0.0401   0.2337   0.1025   0.0678    0.134   0.0647   0.0234   0.1069   0.0699  -0.0215   0.1127   0.0963   0.0696   0.1458   0.0476   0.1849   0.1012   0.0874
 4 A  -0.0953  -0.0285  -0.0766  -0.0291  -0.1693  -0.0901  -0.0665  -0.0748  -0.0469  -0.1002  -0.0476  -0.0319  -0.1041  -0.0632  -0.0894  -0.0557  -0.0322  -0.0517  -0.0526  -0.0712
 5 A  -0.0607  -0.0775  -0.0948  -0.1125  -0.1791  -0.0656  -0.1346  -0.1062  -0.1862  -0.1138   -0.108  -0.1275  -0.1725   0.0349  -0.0774  -0.1178  -0.1002  -0.0817  -0.1049  -0.0824
 6 A    0.119   0.1385    0.174   0.1792   0.0755   0.1127   0.1411   0.1561   0.0959   0.1714   0.0925   0.1314   0.1924   0.2141   0.0743   0.1261   0.1693    0.103    0.168   0.1501
 7 A   0.0075  -0.0041  -0.0254   0.0024  -0.1213   0.0095  -0.0196   0.0122  -0.0258   -0.005   0.0038  -0.0321   0.0238   0.0676  -0.0059   0.0358   0.0155   0.0259  -0.0394   0.0116
 8 A  -0.0389  -0.0702  -0.1403  -0.1122   -0.084  -0.1639  -0.0749  -0.0941  -0.2492  -0.0741   0.0016  -0.0844  -0.0571  -0.0715  -0.0461  -0.0806  -0.0561   0.0427  -0.0056  -0.0577
 9 A   -0.088  -0.1304   0.3605  -0.0255  -0.1429  -0.3338   -0.238  -0.3983   0.0007   -0.075  -0.1003  -0.0999  -0.0785  -0.0462  -0.2166  -0.1379  -0.0846  -0.0826   0.1037  -0.0794
