            A        R        N        D        C        Q        E        G        H        I        L        K        M        F        P        S        T        W        Y        V
 1 A   2.8436   0.6765  -1.0844  -1.6981  -1.5896  -0.8764  -1.1148   1.5425  -1.5304  -2.4024  -2.3899   -0.292  -1.7298  -2.1678  -1.5956   2.1453  -0.3703   3.1815  -0.5249  -1.5223
 2 A  -1.2182   -0.503  -0.6764   1.1079  -3.8851   1.4751   5.6427  -2.5328  -0.3947  -3.6154  -3.2279   0.3884  -2.2816  -3.3754  -1.5646   -0.465   -1.314  -2.8545  -2.2662  -2.8159
 3 A  -0.5919  -1.4073   4.2507  -0.4611  -2.3494  -1.0842  -1.3051   -1.496  -0.8613   0.3701  -0.4347  -0.7882   -0.972   1.2913  -2.3341   0.6259   0.4469  -2.3675  -1.0003  -0.6004
 4 A  -0.0294  -1.6231  -1.9755   0.7011   -2.068  -1.2521   0.0833  -2.6308  -2.2238   0.0582   2.2295  -0.0249   0.1672  -1.0437   0.9287  -1.4416  -1.2951   3.4987  -1.4116   0.5802
 5 A  -0.5095   1.9075   1.7527  -1.8026  -2.7429  -1.0631  -1.5565  -2.0791  -1.1684  -1.7467   0.1278  -0.7724  -0.9848  -0.1282  -2.8776   0.0692   -1.243   7.4929   0.7055  -1.8226
 6 A   0.0243  -1.5086  -1.5991   0.2506  -1.9504   0.1683   0.6083   -0.298   -1.631   0.7861  -0.2148  -0.0576  -0.5395  -1.1195  -2.2551  -0.9762   0.2167   -2.029    1.135   2.1703
 7 A  -1.1286   -0.425   0.9535  -1.8855   3.7489  -1.4675  -1.8635  -2.4007  -1.3874  -0.0692   -0.042  -1.4331  -0.8023  -0.2639   1.1891  -0.3931    2.698  -1.7248   1.8488  -0.6542
 8 A  -1.1555  -2.4116  -2.1403    0.027  -1.9856  -1.6679   0.0429  -0.9253  -2.0064   1.0719    0.881  -2.0065  -0.1574   1.1259    1.046  -1.6428  -0.6882   -1.824   1.1259   2.2864
 9 A  -0.4267  -2.4967  -2.9027  -3.4504  -1.9761  -2.1629  -2.6303  -3.2009  -0.8413   0.9814   1.7466  -2.4351   0.7362   2.3935  -2.9453  -1.8889  -0.8805  -0.1445   4.2756   1.2095
