TESTRUNID EPOCH: 8 L_PCC: 0.8040724687028789 L_ERR: 0.011945375649978373 T_PCC: 0.7161463376214189 T_ERR: 0.01709413967680879
180 LAYER: 1
2 LAYER: 2
1 LAYER: 3
8 :ILEARN
0.3816032184669254	0.6630558452289396	0.35206345315541576	0.2665718570672738	-0.648457354469759	
-0.6442599361809729	-0.5508598215483763	-0.46717900792261896	-0.165707478157433	0.1409719017081107	
0.26465422607659284	-0.27329609202821037	-0.11645948488514372	-0.4409557476137444	0.08919563216815345	
0.6558633375214717	0.10707569748700649	-0.5367370252549263	-0.2924512658191491	-0.04709562714822794	
0.04628912798591216	-0.6024584807814203	0.39741224751209303	0.23604196352263304	-0.39040101853282094	
-1.3176631297539505	-0.40779389939450594	-0.9259668319811716	0.28130206049864925	0.47734631119226234	
-0.4909568305928853	-0.08934522564172906	-0.4782702683863072	-0.35862523833770915	-0.2510120246739619	
-1.1040282402174784	-0.008972888846287282	-0.21714123210968106	-0.20050271231502081	0.4785816451134873	
-1.0515590365972112	-0.9767280282650611	0.721980436853838	0.7520059089869826	0.10747622431595318	
0.3150444790729001	0.37023517772268344	0.3285234877247983	-0.3118054803926215	-0.3484771095957335	
-0.08039301249660563	0.3128479774352882	0.04626535189027618	0.08641719256750673	-0.3887831112255038	
-0.1259665135339257	0.3237629988720115	0.25867974413234646	-0.10625189778612312	-0.12037630580097379	
0.2778209600330407	0.21163725421655707	0.45373153715992426	0.4226523528412219	-0.31450692298431565	
-0.15243561170138084	0.2950016724789117	-0.3655637939893623	-1.0358802253536115	-1.131985118105273	
-0.2620448730724758	-0.25668115110802014	0.24674518016236932	0.5034096584558578	-0.03145023592959571	
-0.2812101328123742	0.22483461604718455	-0.18533452296366096	-0.21079518250754087	-0.15678864488323332	
-0.544653080963524	-0.5796190304203824	0.4974986941466394	-0.0962428100391682	-0.04532891602267242	
-0.21908135587985425	0.0591264208338134	-0.3723290137620059	-0.17038481648104653	0.21447163753392365	
0.3869907627299551	-0.1639468191772179	-0.19751398888394958	-0.6023582222550615	0.16404121849905232	
0.2859983070155836	-0.013760924934457915	-0.2525107492479621	-0.05316273628799431	0.0151114300612899	
0.01664466643575475	-0.02324050936344771	0.6148228930001762	-0.0690611099109118	0.027670943428133605	
-0.1929140175392062	-0.3456540168962651	0.16718697621331507	0.1991487775072598	0.5996436689027147	
-0.08250918339145816	-0.3906302761055138	-0.017595509929459546	-0.18682418773190926	-0.7587725193817871	
-0.5954754534997866	-0.01433740273298258	0.10820135492439753	-0.1578301554532886	-0.2871665214062759	
0.29290195112897605	0.33371679360562057	-0.2873037826622974	0.2263987247762966	0.0020050503661297775	
-0.5982300901425189	-0.13548782305522786	-0.15303476225426604	0.11695903975774742	-0.16947224863388224	
0.09979258774998567	0.22408257846410226	-0.028875693157152778	-0.041929055753692275	0.20859245902320883	
0.08993742224980639	0.17469332785124822	-0.09085627618931166	0.11669817057522783	-0.11626088718582142	
-0.005020769625959862	0.08856381723337226	0.1900374146917578	0.30060117678296894	-0.21013672138404677	
-0.23457959974405299	-0.2801512119992193	-0.07172448830651638	0.18763998689380829	-0.6086776257032211	
0.09020063560940488	0.23444859873076954	-0.317562055733687	-0.42467830702983245	-0.4752077684138863	
0.024214411237239487	-0.19400420323910295	0.2249346551472942	0.06258825171827335	-0.04825300757414168	
-0.4165633132747269	-0.6604886489153112	-0.10196769155462447	0.7075119542496991	0.2344592294743747	
-0.08942283753856839	-0.445928904523899	-0.46733201566762217	0.03534637047576095	-0.004042643851367285	
-0.11647054121644786	0.1599678706693035	-0.12209372828618692	0.11979575559170713	0.28718910972614653	
-0.695702502971605	0.218275971316318	0.06387383168739962	-6.052145065539045e-05	0.2915783814518129	
-0.12400043271443914	-0.2630601188712339	0.4984099881281281	0.7728825893123253	-0.22761311342806792	
0.011930376609398491	-0.24889721243165122	0.12886728261018984	0.2840709043465753	-0.12739036265116116	
-0.26823906691022203	-0.5148793218881162	-0.07946595400161084	0.14555044172821313	-0.10038474524265645	
0.11572473169219673	-0.21169806903804292	0.13717547449812462	-0.008246941053847785	0.39048575450423123	
0.2205344773225389	0.1215685397836107	0.29512412767670354	0.020098434954834463	-0.18138183335427582	
0.35370805445089926	-0.40274951424163435	-0.24124757946597197	0.25421817426446813	0.2437050427156212	
0.1592490675219908	0.11907167110738845	-0.17653917941983885	-0.24649474131528448	0.01784077533958906	
-0.025381286781268653	-0.08984742885215466	0.5563840813618606	0.11350305509978481	-0.1253837680981336	
0.3728071434852481	-0.09314959415616865	0.12356239493355345	0.32535926939654	0.2801830512244401	
0.12328037100664614	-0.11966041850308037	-0.05564267053518205	-0.06686958269629292	0.09314027279697372	
-0.06775929092304368	-0.0907618725136387	0.08857146052490797	-0.15603109734044454	-0.18603464622000696	
-0.14349692928203883	-0.16296886459233798	0.15812598259293614	-0.0343095292634626	-0.09106335525393064	
-0.5088633431668005	-0.3844160617272074	0.2195296109133465	0.08286751603747061	0.11084509733351759	
-0.2235447011104835	-0.11204412238693474	-0.2627065104615854	0.35155681657501076	0.2837024832427902	
-0.07659666774187088	0.08540119686123278	-0.17536725942046216	-0.14753474802962932	0.12523695156910147	
-0.14137783720201075	0.021993128550676203	-0.49912377661987845	-0.22983548003346302	0.2926775031175881	
-0.05305422546709621	-0.006107261545608669	0.6346524615139475	0.6529269728916043	-0.11000199834503191	
-0.002425345510880047	-0.1075979626370497	-0.22906162748503486	-0.47758858839899027	-0.02303879637573649	
-0.1490695771877034	-0.18919722643713754	-0.3042445873494464	-0.27227459297157747	0.1669805182248243	
-0.2841639936885806	-0.21179372439856745	-0.3897703736689074	-0.39698812787586335	0.15950516525316635	
-0.6111818961936348	-1.374817389589411	-0.03646815877842891	-0.04332884389028089	0.40038780116067346	
0.4368489243104519	0.22672168799359896	0.4553093945570096	0.031737553353252596	-0.11604747561992045	
0.08170194270246899	0.11397685026873794	-0.363772168283562	-0.3452757013583997	0.34678206861863264	
-0.21069143843252616	0.2849772576180107	0.1610428882663784	-0.08055823495455373	-0.25291763755647073	
0.04211025825445966	0.22355085805792196	0.1992120098052822	0.31715455124003905	-0.15959989963052593	
-0.2266675834746367	0.014845077402981188	0.06288026863696278	-0.6181489492995903	-1.0338217577623945	
0.10268159912241666	0.043048577452897537	-0.2692881996877219	-0.20875861363606651	0.05340319975579818	
0.19097472108556132	0.04217778075345826	-0.2240600507060511	-0.4941173066960618	-0.45999768305078176	
-0.15511118993833933	-0.4072728109854501	0.16257986808666833	-0.03085691680526284	0.028965123221652712	
-0.23779410590930342	0.06648274676936414	0.02699374398278156	0.006489631781159257	-0.1071545954505427	
-0.19771311996063612	0.00408295418941117	-0.0958667189986621	-0.10042690523524282	-0.16600927956580355	
-0.5028232437650094	-1.0762559617739875	-0.8712249517908088	0.4184051474320446	0.24379825578533168	
-0.8147500993998691	-0.2529126244688092	0.6886296980158317	0.4610540177895601	-1.443773136298079	
-1.0616232051213672	-1.1059825729050548	-1.0775905439088567	0.2149058651453542	-0.19665692949262997	
0.06890301967731387	-0.20829759228116967	0.10021985417689168	-0.03349057171466002	-0.26903364731983753	
-0.028112389805234797	-1.2290547332957162	-1.3233852732141171	0.7042450675399629	0.5477747811421304	
-0.01900345301262693	0.06961167992807696	-1.7842684590254962	-1.809758395780058	1.0383327603005565	
