            A        R        N        D        C        Q        E        G        H        I        L        K        M        F        P        S        T        W        Y        V
 1 A   0.0628   0.1308    0.036  -0.1733   0.0621  -0.0257   -0.139   0.0557   0.0567   0.0551   0.1081   0.0839    0.177    0.222  -0.1083   0.0983   0.0893   0.0737    0.159   0.0282
 2 A   0.0874  -0.0664  -0.2043  -0.4708  -0.0392   0.1587   0.6802  -0.4098   0.3161   0.1943   0.3272  -0.2089   0.3174  -0.0648  -0.2321  -0.0749   0.1163   0.3886   0.1354   0.1575
 3 A   0.1078   0.0665    0.074   -0.079   0.0441  -0.0302  -0.1383  -0.0854   0.0827   0.0814  -0.0496   0.0567   0.1554    0.031  -0.0076   0.0661  -0.0674  -0.0074   0.0753    0.012
 4 A  -0.0853  -0.0834  -0.1198  -0.0271  -0.1431  -0.1732  -0.0604   -0.108  -0.1217  -0.0955  -0.1373  -0.0652  -0.0495  -0.0221    0.027  -0.0865  -0.0979  -0.1067  -0.1043  -0.1229
 5 A  -0.0857  -0.0029  -0.1529  -0.1534  -0.1333  -0.1277  -0.0858  -0.0209   -0.021  -0.0562  -0.1114  -0.0578  -0.0365  -0.0502  -0.1579  -0.0745   -0.115   0.0102  -0.0479  -0.0923
 6 A   0.0326   0.0224   0.0316   0.0201  -0.0288  -0.0207  -0.0628    0.001  -0.0156    0.168   0.1809  -0.0558   0.2038    0.152   0.0153   0.0791   0.1164  -0.0568   0.0753   0.1356
 7 A   0.0811  -0.0276   0.0335  -0.0571  -0.0339   0.0869   0.0048   0.0288   0.0065  -0.0147  -0.0002  -0.0979   0.0263  -0.0077   -0.027   0.0896   0.0851    0.034  -0.0267   0.0326
 8 A  -0.0847  -0.0448  -0.0686  -0.1447  -0.0765   -0.122  -0.0487   0.0461  -0.2414  -0.1067   -0.032  -0.0398  -0.0456  -0.0566   0.0162  -0.0073  -0.0508   0.0102   0.0132  -0.1534
 9 A    0.284  -0.1464  -0.0555  -0.0293  -0.0727  -0.1293  -0.1513  -0.1615  -0.3828   0.2989   0.2781   0.0037   0.1709   -0.097   0.0156   0.0547   0.1612  -0.2096  -0.0841   0.4031
