            A        R        N        D        C        Q        E        G        H        I        L        K        M        F        P        S        T        W        Y        V
 1 A   0.0481   0.0573   0.0001   0.0094  -0.0006   0.0005   0.0009   0.0059   0.0002   0.0025    0.007   0.0034  -0.0001   0.0142   0.0032  -0.0011   0.0007   0.0003   0.0407   0.0031
 2 A   0.0196     -0.0     -0.0  -0.0011      0.0   0.0007     -0.0   0.0003      0.0  -0.0006  -0.0015   0.0009   0.0044   0.0027   0.0206   0.0035   0.0593      0.0   0.0818   0.0052
 3 A   0.0066   0.0025   0.0012   0.0006   0.0009   0.0493   0.0042    0.009   0.0016   0.0498   0.0062   0.0086    0.001   0.0003   0.0341   0.0081   0.0115   0.0001  -0.0003   0.0005
 4 A   0.0021   0.0046   0.0078   0.0027    0.052   0.0197   0.0079   0.0017      0.0    0.005   0.0338   0.0063   0.0063   0.0008    0.037      0.0   0.0025  -0.0006   0.0007   0.0054
 5 A   0.0193   0.0002   0.0288    0.005   0.0059   0.0013   0.0033   0.0147   0.0003   0.0001   0.0116     0.01  -0.0006   0.0029   0.0493   0.0023   0.0002   0.0065   0.0004   0.0342
 6 A   0.0035   0.0225   0.0017  -0.0008   0.0075   0.0015   0.0001   0.0105   0.0325    0.001   0.0055   0.0001   0.0037   0.0017  -0.0002   0.0032   0.0013  -0.0002    0.032   0.0688
 7 A  -0.0014   0.0006    0.009  -0.0003      0.0   0.0546   0.0026   0.0081   0.0132   0.0015   0.0043   0.0201   0.0015  -0.0002   0.0068   0.0305   0.0079   0.0274     -0.0   0.0096
 8 A    0.016  -0.0012   0.0001   0.0032  -0.0011    0.049   0.0108   0.0035   0.0072     -0.0   0.0027   0.0307   0.0004   0.0334     -0.0   0.0126   0.0248   0.0001   0.0003   0.0036
 9 A   0.0097  -0.0039      0.0     -0.0   0.0005   0.0007  -0.0013   0.0088   0.0032   0.0522   0.0579   0.0091   0.0024   0.0467   0.0009  -0.0014   0.0029   0.0035   0.0057  -0.0017
