            A        R        N        D        C        Q        E        G        H        I        L        K        M        F        P        S        T        W        Y        V
 1 A    0.078   0.1018  -0.0333  -0.0045  -0.0591   0.0405  -0.0308   0.0141   0.0325  -0.0307  -0.0197   0.0258  -0.0189  -0.0471  -0.0318  -0.0655   0.0125  -0.0291   0.0188   0.0299
 2 A  -0.0066  -0.0376  -0.0529  -0.0667   -0.029  -0.0433   -0.022  -0.1017   0.0095  -0.0431   0.0049  -0.0847   0.0354   0.0791   0.0484   0.0188   0.0275  -0.0729   0.1413  -0.0111
 3 A   0.0068  -0.0105  -0.0927   0.0366   0.0058   0.0285  -0.0671   0.0063  -0.0197  -0.0247   0.0309   0.0196   0.0142  -0.0137   0.0141  -0.0125   0.0247  -0.0398   0.0164   0.0665
 4 A  -0.0096   0.0052  -0.0348   0.0368  -0.1116  -0.0473  -0.0147  -0.0303    0.001  -0.0353   0.0463  -0.0377  -0.0306  -0.0136   0.0378   0.0012    -0.04   0.0123   0.0047   0.0069
 5 A  -0.0014   0.0026   0.0134   0.0183  -0.0188  -0.0315   0.0247   0.0165   0.0023  -0.0284  -0.0127   0.0198  -0.0156   0.0624    0.011  -0.0137   0.0186  -0.0068  -0.0014    -0.02
 6 A  -0.0123  -0.0043  -0.0306  -0.0378  -0.0161  -0.0428  -0.0268   0.0119   0.0302  -0.0236   0.0375  -0.0327  -0.0235  -0.0292  -0.0542   0.0066   0.0542   0.0118  -0.0307   0.0093
 7 A   0.0138  -0.0058   0.0345   0.0308   -0.061   0.0325   0.0215  -0.0238   0.0783   0.0163   0.0051   0.0164  -0.0219   0.0092  -0.0138   0.0251  -0.0537   0.0525  -0.0715   0.0315
 8 A   0.0229   0.0003  -0.0273   0.0318  -0.0589   0.0053   0.0585   -0.014  -0.0242  -0.1065  -0.0451  -0.0246  -0.0655   0.0178   0.0038   0.0165   0.0938  -0.0164    0.005   0.0141
 9 A  -0.0286  -0.0062  -0.0366   0.0207  -0.0336  -0.0114  -0.0283  -0.1104  -0.0525   0.0128   0.0412   0.0649  -0.0026   0.1541  -0.0496   0.0053   0.0182   0.0264   0.0072  -0.0294
