            A        R        N        D        C        Q        E        G        H        I        L        K        M        F        P        S        T        W        Y        V
 1 A  -0.0125   0.0102  -0.0016   0.0041  -0.0065   0.0034  -0.0194  -0.0229   0.0048   0.0014  -0.0314  -0.0091  -0.0238   0.0047  -0.1059   0.0812   -0.002   0.0788  -0.0732  -0.0443
 2 A   0.0021    0.015   0.0131  -0.0895  -0.0369   0.0346    0.284  -0.1319  -0.0089  -0.0419  -0.0408  -0.0625   -0.022   0.0441  -0.0202   0.0288   0.0127   0.0321  -0.0079  -0.0056
 3 A   0.0444    -0.01  -0.0204  -0.0462    0.019  -0.0443    0.009  -0.0279   0.0615   0.0096    0.004   0.0023  -0.0112   0.0016   0.0112  -0.0116  -0.0048  -0.1076  -0.0342   0.0898
 4 A   0.0474     -0.0   0.0189   0.0694  -0.1276     -0.1  -0.0595  -0.0931  -0.0315   0.0458   0.0419   -0.085  -0.0109   0.0256   0.0351  -0.0162   -0.046   0.0406   0.0489   -0.032
 5 A   0.0219   0.0575  -0.0255  -0.0503  -0.0377   0.0554   0.0653  -0.0078   -0.034  -0.0483  -0.0127  -0.0973   -0.035   0.0168  -0.0502  -0.0078   0.0394  -0.0886   0.0009   0.0377
 6 A   0.0405   0.0423  -0.0337   0.0766  -0.0565  -0.0346   0.0559   0.0443  -0.0331   0.0819   0.0233   0.0156  -0.0003  -0.0183  -0.0249   0.0437   0.0395   0.0536   0.0005   0.0453
 7 A  -0.0495  -0.0438  -0.0036   0.0298   0.0041   0.0311   0.0016  -0.0482  -0.0238   0.0058    0.017   0.0101  -0.0654    0.066  -0.0091  -0.0128  -0.0156  -0.0209   -0.037   0.0476
 8 A  -0.1272  -0.0037   0.0268   0.0039  -0.0832   0.0221   0.0516  -0.0024  -0.0222  -0.1111   0.0456  -0.0057  -0.0632   0.0107   0.0063  -0.0127   0.0154   0.0095   0.0373   0.0873
 9 A  -0.0246  -0.0266   0.0279   0.0097  -0.0419  -0.0322  -0.0437   -0.179   0.0048  -0.0119  -0.0115   0.0437   0.0427  -0.0238  -0.0246   0.0249   0.0781   0.0303   0.0931  -0.0913
