            A        R        N        D        C        Q        E        G        H        I        L        K        M        F        P        S        T        W        Y        V
 1 A  -0.0204   0.0392  -0.0193    -0.03  -0.0021   0.0138   -0.017  -0.0121  -0.0218   0.0196   -0.024  -0.0095   0.0021  -0.0136   -0.044    0.009  -0.0172   0.0736  -0.0316  -0.0352
 2 A   0.0072   -0.019   0.0113   0.1426   0.0437   0.0674   0.1878   0.0148    0.007  -0.0157    -0.03   0.0315  -0.0099   0.0086   0.0013  -0.0093  -0.0097   0.0409   -0.018   0.0096
 3 A   0.0159  -0.0323  -0.0492   0.0303    0.078   0.0108   0.0218   0.0043   0.0112   0.0018  -0.0097  -0.0064  -0.0161   0.0361  -0.0071   0.0057   0.0088  -0.0244  -0.0008   0.0039
 4 A   0.0601   0.0236   0.0143   0.0249   0.0484    0.033   0.0386   0.0112  -0.0064  -0.0378  -0.0148  -0.0164   0.0231   0.0442   0.0209   0.0042  -0.0047    0.013   0.0399   0.0112
 5 A  -0.0032  -0.0106   0.0167   0.0404    0.012   0.0638   0.0454   0.0475   0.0386   0.0438   0.0238     0.01   0.0368   0.0175   0.0244   0.0424   0.0158  -0.0396   0.0497   0.0294
 6 A   0.0325   0.0082   0.0137   0.0369   0.0172   0.0421   0.0174   0.0242   0.0486   0.0164   0.0258   0.0422   0.0271   0.0253    0.029   0.0327   0.0214    0.071   0.0148   -0.001
 7 A  -0.0117  -0.0062   0.0243   0.0016   0.0376   0.0187  -0.0011  -0.0109   0.0556   0.0135   0.0177  -0.0141   0.0046   0.0087   0.0078   0.0007  -0.0298   0.0583    0.024   0.0117
 8 A   0.0103   0.0076  -0.0012  -0.0092   0.0181  -0.0161  -0.0076  -0.0103   0.0158   0.0117   0.0098   0.0093  -0.0642  -0.0127  -0.0068  -0.0015   0.0139  -0.0014  -0.0118   0.0028
 9 A   0.0384   -0.003  -0.0015  -0.0923  -0.0003  -0.0101   0.0068   0.0045  -0.0284   0.0036   0.0618   0.0154   0.0225   0.0362   0.0399   0.0219   0.0012  -0.0046  -0.0039   0.0258
