TESTRUNID EPOCH: 73 L_PCC: 0.9600987478665703 L_ERR: 0.0012173086400048105 T_PCC: 0.5243499373476742 T_ERR: 0.01408542775931688
180 LAYER: 1
3 LAYER: 2
1 LAYER: 3
73 :ILEARN
-0.178480087811061	-0.13330551234945567	-0.3812689222421005	-0.1173882332595726	-0.17077664561299763	
-0.2966422211180473	-0.2035152425452488	-0.21269219506858514	-0.14090478439336646	-0.21554798930352073	
-0.3369263169505964	0.06677691937598985	-0.06561576318590219	0.05106113029980368	-0.19769523236182865	
-0.09624437309842114	-0.16751229050013539	-0.17181295844082609	-0.1787980863166708	-0.2151862028029044	
-0.004056248675697138	-0.0525750296376392	-0.22007687285537839	-0.1242545418437235	0.2053132647857722	
0.19719708573293032	0.06536746173199826	0.02896087476916488	0.055497393706377206	0.17450755034384566	
-0.013201985640636283	0.051344877874209896	0.0992142474259899	-0.11432142878345991	-0.10256244122605022	
-0.2903934706283527	0.08667641064308028	0.12634673571209631	-0.12654744812706853	0.14258437651575248	
0.23432791274480858	0.06707737903478872	0.23992006473736743	0.30153875568748423	0.29451553164544414	
-0.16442553997152518	-0.07523351877822525	-0.32066154018073484	-0.11864186708588122	-0.15238302863880054	
-0.34681559677607615	-0.22792995535861374	-0.2640286017249808	-0.47439268221767283	-0.0963336047162596	
-0.14206539557172573	-0.16426991405233282	0.025095013989349938	0.11781080026240479	0.07996410216153695	
-0.1482013447877717	-0.09271786167208129	-0.05092901943952353	0.0931371637893884	0.00039229000888809886	
0.03476097082655408	0.13345958446257059	0.09653375607056663	0.16275309392749907	-0.046641796380765745	
0.03198449048757874	-0.23692392917638685	-0.09938614671979755	-0.00054677962064313	-0.0560369332098674	
-0.2772960125844068	-0.09787819001897534	-0.41232826715803544	-0.7133373177416744	-0.6322134558577733	
-1.0953812861099625	0.1522577609186416	0.14159669232644212	0.22185730436896964	0.059557011508918276	
0.19158755579572095	0.06859935128630712	0.11386612397456207	0.001515541887027262	0.10660619924052193	
-0.1259456438239709	-0.0012150265801244846	-0.06228870504883705	-0.07101742600500674	-0.09595722616024388	
-0.267397521729344	0.04341605934430553	-0.0493548755663889	-0.15880126153971078	0.00407469423129081	
-0.0860496381378621	0.06334688394432131	0.22855104903788664	0.13748205490771656	0.28903481634914857	
0.1906928021551952	0.05636061673326267	0.2936793616293337	0.11660449279164199	0.15553082624826553	
0.011983103937293764	-0.11966062896696592	0.004730463014994403	0.00975494329869903	0.07879414488815364	
0.19365495208960337	0.3342446653857236	0.03157636087672469	-0.050161538197145035	-0.1141849703612665	
-0.15226163797992828	-0.17929336320744232	-0.12976673349762138	0.0069446544233006235	0.09615082494879156	
0.06619711919510135	-0.17588394660037487	-0.17654130893225195	-0.2383086415210165	0.07732745725279408	
0.05211646106607564	0.28303063900569436	-0.09496362644623099	-0.22477121759889623	-0.07543026297025647	
0.009755799112530762	0.08374379451122979	0.06733054725696272	0.14558034898569522	0.0709196270505817	
0.1087255089468029	-0.1474934716875277	-0.22411715255693115	-0.13937721728199673	-0.1193742464872968	
-0.14210531377226773	-0.099703357487527	0.04279773815913468	0.06206518764130752	-0.10630751399418852	
-0.04990611409519077	0.16737709739892762	0.024559873654300988	0.03946720204048468	0.018261706429756105	
0.1836128714938102	-0.07723718014693061	0.029660316010790114	0.061450703405574604	0.014772050044356362	
-0.055432145108918765	-0.15892314541253313	0.07440794495232919	0.06500898383878354	-0.008106548229486732	
-0.21507059830188918	-0.2530386896382031	-0.12659991447486368	0.009493840995386953	-0.02024197153642587	
-0.06699708207801533	0.11614294024847437	0.027261444782340015	-0.06166615470750195	0.02497507454331287	
0.08518695533689753	-0.019655967058776532	-0.08145639632027904	-0.08341770420175741	-0.07651024342434219	
0.18070313348638	0.04290909543794153	0.224182673331059	-0.11559176766365939	-0.08871268422345922	
-0.0012753458716406988	-0.04620407000568081	0.0306083757931709	-0.03335452346739262	0.10697555417312099	
-0.026482431928974388	-0.13017579407415522	0.08329475112742858	0.03721916703988199	0.13669109624750364	
0.08048123083520807	-0.08715885933982966	-0.14085705358548312	0.08805507963209888	0.16033543069356535	
0.09601176008925144	-0.1087938234625574	-0.08366066992616655	-0.15700813187312235	-0.051821060515704453	
-0.040217755690561505	-0.05039257371031989	0.09123260629499448	0.11864982309975416	0.2539440093647337	
-0.26873533612906786	-0.1493371276536571	-0.35492575969172785	-0.10487140671967052	-0.1105610348121826	
-0.0760952223441907	-0.2153329564654316	-0.030959675711827898	-0.07893373653523501	-0.15465995921189604	
-0.1270576963636261	-0.016085807634200838	0.12676577885994356	0.21320504382551536	0.17719578236021463	
0.13940437187847932	0.035025778575548616	0.11253447440222435	0.11571151020334715	0.1038463147735335	
0.04502969886774	0.0007607846101266682	0.11505403534703823	-0.05939681130064651	0.039194202749656924	
0.05982444216135202	0.0025808072821484683	0.20345023513375549	0.11271707625280358	0.35995309483573207	
-0.06521589483473078	0.04680946077214377	-0.02166151438333834	-0.046198473481377844	0.10706965581319272	
-0.13841827606030788	-0.07448818734313906	-0.01963369345295849	0.04562410807808728	0.15773849195538403	
-0.06037405386783244	0.11442893833990625	-0.02519629891821479	0.06025223358295865	-0.0007536783694645785	
0.10409583577682498	0.06238385194748548	-0.02207067260762753	0.048834681698932486	0.09112896189337566	
0.08008727303281428	0.08048762273827198	0.031757905992052665	0.04321678034509901	-0.08163101504830851	
-0.21820692598298144	-0.2808128336290633	0.03867447247105114	0.011594160803274767	0.05977201081091472	
0.15779876321733421	0.12122532222928478	0.2015726269328729	0.004369234509108128	0.11428707477826108	
-0.08520719687092147	0.033606283862338986	0.07310960126962815	0.0599278104625626	-0.041685400467593364	
-0.0535191157966089	-0.08242763571420379	-0.22263630184561936	-0.36145941839399637	-0.31166083471971356	
-0.0137214650662109	-0.09062626401617815	-0.0955094794690192	-0.025674753377623906	-0.005009827158745367	
-0.07933482629799822	-0.041281357111273106	-0.08206531244030314	0.12106460384899126	-0.2787059816580804	
-0.34141498014741417	-0.4484701001969679	-0.07542528061916523	0.10364864861250433	-0.027906284466409997	
0.12979144603463846	0.14468554927685123	0.13720271556057304	0.029554364810814384	-0.08009843286655317	
-0.032056782001351335	-0.17872237511376035	-0.1922214572523334	-0.2799920148693478	-0.09425646408507969	
0.055276599272891073	-0.08402527497839446	0.10277802546780372	0.05032310757664928	0.16512430260331834	
0.05880307927622569	0.09550111402070142	-0.03321611095975934	0.265420746606742	0.37554150593190605	
0.32095800967725524	-0.03174825226119812	-0.09013317876535255	-0.26123716028579463	0.03422105108757841	
0.026233896200052745	-0.11566206064257695	-0.06343502481827164	-0.14955171682575688	0.030428491652158107	
-0.05279193811654327	0.006716257291348612	0.04136175213803441	0.04925586549774659	0.08877656604927855	
-0.10468768721424578	0.030441740240686112	0.07930866974030108	0.18551256893673457	-0.07929844729679518	
-0.050208517583711774	0.0073984709161289165	-0.028879013169037782	0.01056612064542744	-0.20080657927251344	
-0.11928487368470586	-0.09640313750246493	-0.23111319937133182	-0.19031637418785663	-0.3505950928872148	
-0.3025686650312877	-0.01780946511943518	-0.14993754235431214	-0.12131795848927501	-0.102796637219747	
-0.1702165443359142	-0.059009942850329546	-0.0327906400381389	-0.03622118929766756	0.20955020113254694	
0.07148104463271555	0.030546564304911556	0.22938219078667949	0.030947524150115955	0.05274431088676553	
0.109474186801111	0.27981368635792675	0.21736324155512488	0.028867839147004016	0.11383189202459228	
0.14735504106046668	0.03263621806696253	-0.11968129493818451	0.006339174539306367	-0.08902928587319459	
0.012653711484277717	0.08691709566919362	0.06802952466208058	0.12356705931824878	-0.012931163527672838	
0.09678181806691914	0.08169558110449263	0.14520074272140576	-0.068941926182002	0.03974086139984472	
0.021966212767448024	0.04601270766480368	0.024064690587696076	-0.035303565722502595	0.09952354612407849	
-0.18368898792370897	-0.07472135825925484	-0.09498585405181707	-0.053445740691434006	0.026394666545436474	
0.17856219833431877	-0.08392262826688104	-0.002612924023729886	-0.047775567688484503	0.013182622176907806	
0.06379926885155818	0.08429886997272751	-0.23517534249297317	-0.15074366512616488	-0.2620019793878776	
0.24078930745039576	0.056668254834416835	0.10931893503565819	0.20515704730376136	0.19579539623192668	
0.37333016235259225	0.09815922942987866	0.0777036598919456	0.119808936810676	0.22895690553513567	
0.12031412502237929	0.1932550950039099	0.07328169353477734	0.15393668254481266	0.2175681014341599	
0.04325813358107968	0.002945013735200347	0.0784217532516602	-0.07647950345630933	0.002271525899239208	
-0.04926467770721036	-0.04895646196270783	0.07607749460605	-0.07538163911256653	0.02021831710415255	
-0.02513677594930952	-0.15558398679802396	-0.005459241399942313	-0.055089848534307234	0.05287731948843297	
-0.20663288914436378	-0.10476925267476944	-0.4012538841709582	-0.005563912139720601	-0.11463725311899504	
-0.06432651958054907	0.08223772582407216	0.1294036909158359	-0.0018445396558506306	0.08591518746957026	
0.07611627398379041	-0.06283555334690848	0.07703767368463242	-0.0970511481870902	0.10238955162035884	
-0.04734140906880694	0.028848347014301712	0.07786671925523905	0.2116481992203109	0.18172367268631637	
0.2773947576705897	0.09095167894937654	-0.019574081738564737	-0.04762892071388753	-0.13826869471088832	
-0.16493859122197718	-0.107350172698913	-0.24610257833818114	-0.24862349923752083	-0.15773711059655113	
-0.07369310838884467	0.01838250733742696	-0.21817810467545173	-0.15481612651865104	-0.2648529410743752	
-0.29026872316824553	-0.149963080525908	-0.17190469198720548	-0.23056836269091338	-0.049590606990516255	
-0.23553443116924352	-0.17990081424102075	0.024232375137954038	-0.1785078031266301	0.15210706334823654	
-0.0626049707121806	0.03219316330759916	-0.010519177973363094	0.1317929959593479	0.05562505326350793	
0.2263808419868819	-0.12160061406311962	-0.21250335178366894	-0.034486797379794584	0.039600408464807425	
0.031193619976007093	0.2322831995009202	0.12046954260070253	0.059940046147837975	0.10964215175799588	
-0.07923760727880501	-0.09008918966831515	-0.07097498144847177	0.1676455479029082	-0.0012049195390907445	
0.04414673575718701	-0.19785013472065854	-0.21619619366279672	-0.21061749419112438	-0.1873027478643252	
-0.24751470797424296	-0.0155548652986096	-0.1028963297789432	0.009717925540179608	-0.21644103511259336	
-0.010164648683671406	-0.020450001492662816	-0.20510198834004312	0.00599022782241959	0.060598570932024566	
0.10202917654855881	-0.32678300799186955	-0.3577082913945519	-0.491893573555601	-0.12375533830175518	
-0.13555963350665423	-0.25189308856660275	0.052949383318510325	-0.0026574189895855714	-0.031877708198514834	
-0.07327569056175168	-0.08528501748988707	-0.01765332638568065	0.09226936064784945	0.06438450779323474	
0.21475612478140135	-0.28384539411931087	-0.13756728133067336	-0.15997674905937626	-0.20532790302730805	
-0.24856559908334072	0.019207213378408493	0.12007732796147597	0.02532120443999664	0.07611862701127689	
0.0035268240518103993	0.11184442677685585	0.018548567057384117	-1.4175484592978675	-1.539306914373422	
-1.9447889627635022	1.0185222787164427	
