            A        R        N        D        C        Q        E        G        H        I        L        K        M        F        P        S        T        W        Y        V
 1 A   2.9407   3.7843   -999.9   -999.9   -999.9   2.5534   0.4093   0.0667   -999.9   -999.9   -999.9   -999.9   -999.9   0.4551   -999.9   -999.9   -0.727   -999.9   4.8474   1.3174
 2 A   -999.9   -999.9   -999.9   -999.9   -999.9   -999.9   -999.9   -999.9   2.5182   -999.9  -1.9465   -999.9   5.1064   3.2802   -999.9   -999.9   2.7366   -999.9    6.978   0.9978
 3 A   -999.9   -999.9   0.3709    0.915   -999.9   2.1684   -999.9  -1.4053   2.2397  -0.5442   1.7951   2.5636   3.7477   0.8099   2.0949   -999.9  -0.7728   -999.9   1.0074   -999.9
 4 A  -1.5179   0.1634   1.8788  -0.9652    2.343  -0.0165   -999.9   -999.9   -999.9  -1.8752     0.55   1.6175   -999.9   0.2909   2.8047   0.9879   0.2958   -999.9   3.3412  -2.0748
 5 A   0.0932  -0.3873   1.3826   -0.598   -999.9   0.3971   -999.9   0.3992   -999.9   -999.9  -0.1144   2.0887   -999.9   3.1717   1.0599  -1.4235   -999.9   6.2307   -999.9   0.1882
 6 A   0.6917   0.2397   -999.9   -999.9   1.4222   -999.9   -999.9  -0.4999   3.1299  -1.2632   1.1955   -999.9   -999.9   1.7133   0.8293   1.0094   1.5396   -999.9   0.4095   1.7492
 7 A  -2.7005   -999.9   0.3285   1.7894   -999.9   1.4558  -0.5023   0.6313   5.0878   -999.9  -2.3577    0.642   2.2766   0.2909   -999.9   2.5669   -999.9   3.1161   -999.9   0.0594
 8 A   1.1838   -999.9  -0.6612  -0.5023   -999.9   1.4558   2.0545   -999.9    1.309   -999.9   -999.9   0.7619   -999.9   2.6441   -999.9  -0.3536   3.0597   3.9992   0.9117    1.271
 9 A   -999.9   -999.9   -999.9   -999.9   -999.9   -999.9   -999.9   -999.9   -999.9   1.9916   1.8512   1.7852   -999.9   6.6326   -999.9   -999.9   -999.9   5.9012   -999.9   -999.9
