            A        R        N        D        C        Q        E        G        H        I        L        K        M        F        P        S        T        W        Y        V
 1 A  -0.0046   0.0386  -0.0689  -0.2622  -0.0005  -0.1331  -0.1871  -0.0396  -0.0762  -0.0118  -0.0111   -0.003   0.1344   0.1234  -0.1885   0.0645  -0.0571   0.0922   0.1034   0.0167
 2 A   0.0168  -0.0162  -0.2154  -0.1527  -0.2842    0.226   -0.083  -0.0692   -0.066   0.2511   0.3655  -0.0158   0.3304  -0.0652  -0.2041   0.0609   0.1323   0.0717  -0.0963   0.0788
 3 A   0.0806   0.0744   0.0293   -0.046  -0.0697  -0.0736  -0.1473  -0.1222  -0.0208   0.0396  -0.0801   0.0831   0.0786   0.0117  -0.0199   0.0222  -0.0761   0.0277   0.0217  -0.0112
 4 A   0.0222  -0.0018  -0.0217   0.0644   0.0937  -0.1105    0.062  -0.0109  -0.0396  -0.0095  -0.0385  -0.0275   0.0619   0.0149   0.0758  -0.0093    0.014   0.0868  -0.0674  -0.0539
 5 A   -0.005   0.0401  -0.0291   -0.044   0.0123   -0.023  -0.0417   0.0876   0.0465   0.0988   0.0278  -0.0414   0.0479   0.0086  -0.0996   0.0486  -0.0169   0.1197   0.0807  -0.0005
 6 A    0.014  -0.0021   0.0186  -0.0362  -0.0166  -0.0081  -0.1395  -0.0187  -0.0456   0.1042   0.1344  -0.0409   0.1284   0.0455   0.0663   0.1023   0.1042  -0.1774   0.0153   0.1194
 7 A   0.0413  -0.0608   0.0242  -0.0882   -0.019  -0.0065  -0.0342   0.0095  -0.0144  -0.0371   0.0974  -0.1301    0.013   0.0391  -0.0363   0.1061   0.0019   0.0345   0.0291  -0.0104
 8 A  -0.0486   0.0141   0.0264  -0.0947  -0.0712   -0.104  -0.0451    0.021  -0.1595  -0.0642   0.0089  -0.0786     0.01     -0.0   0.1302   0.1067  -0.0218   0.0993  -0.0098   -0.071
 9 A   0.1972  -0.1272    0.024   0.0658  -0.3237  -0.0963   -0.086  -0.0027   0.0213   0.1738   0.1683  -0.1395   0.0304  -0.1063   0.0102  -0.0878   0.0469  -0.0058  -0.1512   0.2533
