            A        R        N        D        C        Q        E        G        H        I        L        K        M        F        P        S        T        W        Y        V
 1 A  -0.1048   0.0421  -0.1789  -0.1675  -0.0995  -0.1774  -0.1408   -0.077  -0.0383  -0.0062  -0.0834   0.0114  -0.0611  -0.1202  -0.0987  -0.1268   -0.039  -0.1663  -0.0242   -0.051
 2 A   0.2487   0.0559  -0.0463  -0.2116   0.0043  -0.0175   0.0269   -0.086   0.0245   0.0362   0.1128  -0.2016   0.0941   0.0774   0.0263   0.2418   0.2076  -0.2298   0.0923   0.1268
 3 A   0.1337   0.0518   0.0862   0.0118   0.0436   0.0308  -0.0464   0.0693   0.0347   0.0921   0.0444  -0.0431   0.0298   0.0835   -0.033   0.1164  -0.0504   0.0885   0.0698   0.1432
 4 A  -0.0264  -0.0222  -0.1272  -0.0227  -0.1862  -0.0348  -0.0402   -0.038   0.0273   0.0109  -0.0349  -0.0362  -0.1169   0.0423   0.0046   -0.046   0.0243   0.0051  -0.0146  -0.0319
 5 A   0.0806   0.0148   0.0149   0.0478   0.0992  -0.0086   0.0439    0.002  -0.0001   0.0135  -0.0429  -0.0178  -0.0062   0.0735   0.0509   0.0723   0.0408  -0.0091  -0.0067   0.0806
 6 A  -0.0018   0.0188  -0.0541   0.0174  -0.0319   0.0078  -0.0466   0.0206   0.0359   0.0068   0.0088   0.0185   0.0195   0.0408   0.0132   0.0031   -0.001   0.0999    0.001  -0.0084
 7 A   0.0455   0.0482   0.0638   0.0553   -0.117   0.0983   0.1465   0.0756   0.0026   0.0991   0.1416    0.024   0.1091   0.1338   0.1099   0.0669   0.0748   0.0923    0.052   0.0369
 8 A   -0.017   -0.029  -0.0229  -0.0332  -0.1192  -0.0131   0.0273   0.0305  -0.2991  -0.0763  -0.0116  -0.0256  -0.0787  -0.0594  -0.0147    0.033   0.0073   0.0669   0.0025   0.0489
 9 A  -0.0961  -0.2573  -0.0974  -0.0011  -0.1353  -0.1744  -0.1154  -0.1807  -0.0476   -0.004  -0.0273   -0.141  -0.0465   0.0742  -0.0846  -0.0937  -0.2307    0.312   0.0523  -0.0455
