            A        R        N        D        C        Q        E        G        H        I        L        K        M        F        P        S        T        W        Y        V
 1 A  -0.1076  -0.0683  -0.2211  -0.1887  -0.1918  -0.2584    -0.15    -0.12  -0.0567  -0.1075  -0.0698  -0.0855  -0.0775  -0.1167  -0.2065  -0.1342  -0.1634  -0.1962  -0.0965  -0.1473
 2 A   0.1689   0.0883  -0.0059  -0.2107  -0.0576   0.0785   0.0559  -0.1004   0.0489    0.049    0.133  -0.0959   0.0988   0.0407   0.4482   0.1145   0.0964   0.0415   0.0719    0.113
 3 A   0.1261   0.1979  -0.0318   0.1052   0.1622   0.0054   0.0136   0.0606    0.105   0.0875   0.0376   0.0169   0.0813   0.0348   0.0738   0.1182  -0.0145   0.0055   0.0708   0.0772
 4 A  -0.0181  -0.0222  -0.0162  -0.0167  -0.1386   -0.027  -0.0206  -0.0391  -0.0048  -0.0643   0.0481   0.0203  -0.1053  -0.0147  -0.0253  -0.0153    0.017    0.089  -0.0056   0.0155
 5 A   0.0445   0.0975   0.0558  -0.0209   0.0191  -0.0399   0.0321   0.0282   0.0248  -0.0044  -0.0206   0.0305    0.126   0.0614    0.032   0.0369   0.0061   0.0178  -0.0138   0.0574
 6 A   0.0204   0.1439   0.0653   0.0664   -0.069   0.0068   0.0106   0.0508   0.0327   0.0136   0.0425   0.0687   0.0413   0.0544   0.0223   0.0111    0.125    0.102  -0.0119   0.0546
 7 A   0.1074   0.1122   0.1067   0.0472   0.0319   0.0854   0.0671   0.0892   0.0392   0.1261   0.0961   0.0835   0.1536   0.1819   0.1158   0.1192   0.1163   0.0506   0.0678   0.1297
 8 A  -0.0074  -0.0719  -0.1375  -0.0713   -0.181  -0.0417   -0.077  -0.1076  -0.1828  -0.1055  -0.0648  -0.1067  -0.0628  -0.0909   0.0085  -0.0064  -0.0558   0.0207  -0.1085  -0.0674
 9 A  -0.0829  -0.1573  -0.3474  -0.1018  -0.2271  -0.1918  -0.0568  -0.1872  -0.0665  -0.0003   0.0173  -0.0694   0.0796  -0.0036  -0.1487  -0.1937   0.0016  -0.0545  -0.0628  -0.0662
