TESTRUNID EPOCH: 99 L_PCC: 0.8729206884142812 L_ERR: 0.010784695822655533 T_PCC: 0.827926704791239 T_ERR: 0.014373140364312219
180 LAYER: 1
5 LAYER: 2
1 LAYER: 3
99 :ILEARN
0.10010883622373241	0.009085189375714637	0.01972225021549595	-0.049819221152039024	-0.06284826149104009	
-0.30700536385014504	0.12064312948899426	-0.10319813610998535	-0.007315244929321976	-0.06069632062528254	
0.12069168061771826	-0.05901173327775984	0.035610627564165276	0.08336125262601726	0.019123154851739654	
0.4446725116334819	-0.9453383396901207	0.4166006225028832	-0.07488768029366885	0.9908629237759543	
-0.02447513753692209	0.21407645618801116	-0.10461030625065841	0.045367262366635845	0.07855941160834719	
0.21020351018596684	-0.19301318814606047	0.07896624537311941	-0.07099084142050109	0.2097727015903623	
0.2866986939324708	-0.6057340247542885	0.4294200074808162	-0.00849416092857138	0.7509192877352511	
-0.09632264411453491	0.056809010721493684	-0.03651022272739727	-0.09087413057447116	0.007937423039427374	
0.13057621357385635	-0.07010825426562853	-0.01350209545224603	0.05712564779132708	0.11673863745094498	
-0.07654487697851416	0.0797497224008315	-0.05537332765704891	-0.032366718008595335	0.027444172614132463	
-0.23456800967197802	0.04494239832357025	-0.10581879353123286	-0.03250702495952086	-0.052604178601301205	
-0.1873053166657446	0.03733510114315802	-0.14264244573879742	0.011197443444654573	0.03441497470832281	
-0.2549490247721082	0.4989828726571785	-0.241237298037899	0.0069820734670446565	-0.5281088002541164	
-0.27825001403751004	0.442208428317577	-0.41051043680959615	0.08267867459652332	-0.4888877880991967	
0.42410745359872837	-0.73574519997223	0.2562152329281599	0.02934807635197268	0.5825985346019074	
-0.1363072490137032	-0.01933956143931301	-0.41450092159152524	0.020028054036039803	0.03529160861724644	
-0.08330196466069915	-0.05059548725851855	0.07076313622412415	-0.022406157658685515	0.029595689921278402	
0.06067974669867393	0.030469485498036755	0.0422362648626233	0.03373594124678372	-0.05142306846151376	
-0.2634018715780778	0.3932335427624285	-0.14115155197783386	0.015145693073846014	-0.4277609303139878	
-0.02801184525780565	0.023539060063630556	0.1252848412203381	-0.10027506601071465	0.032060785996030176	
-0.22988177438533497	0.01311656431439931	0.03146728280999513	0.02193127647303348	0.23699483190451703	
0.19954543376874545	-0.45085535630382995	0.26078232461310824	0.001058183313989402	0.40201775631408565	
0.27192134809381685	-0.7875017807402221	0.48994682460891026	0.001437185440548508	0.5768643717156987	
0.2198786670081045	-0.3056943991819108	0.23143253585527063	0.0031929612758572093	0.21617829811134992	
0.2908749759779946	-0.7837950474038985	0.2663754988100341	-0.10600157553273314	0.691316046553098	
-0.2418178586885567	0.548620949037996	-0.21066373301839741	-0.03627737790008192	-0.574001647377651	
0.01715185429165758	0.09391914966393491	0.01220604385114199	-0.0962705421254114	0.060126534536123266	
0.04688337492493891	-0.11214327686687271	0.07137542612841741	0.057256748357632316	0.2000786894235817	
0.011248046798083777	-0.072708954867863	-0.08801646209755767	-0.07573130885185253	-0.09108962429104767	
-0.4740688639806517	0.42200322329288964	-0.20723754145510598	0.07517204227503203	-0.39861334107124347	
-0.7430100921132475	0.6855796482636815	-0.8352198692859417	-0.08396527653077397	-0.7218171842022008	
0.04876517081501858	-0.06091410377813625	0.01627178545465155	0.09400399781766247	0.06936576029800706	
-0.5653933688531622	0.7172088664195202	-0.6189099293395066	0.09130224174163158	-0.7817655089392543	
0.051318562029341284	-0.3642357545595587	0.1411082339778507	-0.0047561162518955855	0.2476227071722615	
0.6833034371984015	-1.0859871202579237	0.7497814785967868	-0.11778937457696576	1.0728917515455176	
0.26275159520411484	-0.40668902111298255	0.11502864684497434	-0.08916501248553088	0.5116135276178352	
-0.061401770092306206	0.13295225471752575	-0.05437016549657001	-0.015820105232766963	-0.20947355855224623	
0.06127170848309911	-0.06409980916887814	0.028429819246068865	0.006363302998477621	0.0890663079511729	
-0.047340645902577805	-0.08680778186319525	0.047013192657733904	0.05443560590864935	0.0815631705007048	
-0.06870909585693967	0.4187110971487309	-0.12038330592425563	0.08499926691514484	-0.15220924354308782	
0.06610764684715527	0.2787776429446456	-0.020027795107270804	0.04421986247243488	-0.1965970501726985	
0.011251062744178267	0.04135369383354418	0.014977388866161142	0.08415819732901555	0.013712453352618312	
0.015345566512033492	0.22681097047011567	0.02670171839250011	-0.05832963826616978	-0.2774344802730816	
0.15436724522389544	-0.4822913617115732	0.24130089656614	0.06668213542761621	0.24905392732942377	
0.10100364337319642	-0.34233990523805274	0.11357399610169563	0.04501269145224066	0.22571903619459466	
0.24970012952321458	-0.1331074994420968	0.21696641966844132	0.05299297201160039	0.2581132592296491	
0.28235945213943864	-0.5208731237158507	0.38653786489220787	-0.05823139848875617	0.5168565006025645	
0.25298118628443783	-0.3459508300076447	0.25533501610095183	-0.02986267006680505	0.3168526307302974	
0.05171251376743978	-0.025728637942529553	0.022597853935111833	-0.06954488091433766	0.1904542647046943	
-0.12782829984390665	0.03576153888428814	-0.13139077709704253	0.05466451091043241	-0.20600060600268336	
-0.21567086611887923	-0.17161463868247379	-0.02155482235229828	0.12708465817559658	0.838036483312872	
0.030075510128986314	0.22902382845169578	-0.028473301848995526	-0.0547253461444338	-0.3378661824761038	
-0.2745521345927289	0.4003669732898394	-0.16868259204570482	0.06764804419217521	-0.24388234285828225	
-0.3152062974194173	0.006168774335635365	-0.24288408875376102	-0.05460948128646	0.1279458952020238	
-0.036914930957893	-0.06156459840173387	0.017128285571254166	-0.010470988470579893	0.06318829887191653	
-0.08121010544083603	0.05175949584744824	-0.059739801625259506	-0.006273367796995488	-0.1259672840133476	
0.1982834324334646	-0.10176386297162739	0.18427138106452173	-0.04570032535308975	0.17807768066675025	
0.07322232894106996	0.028428645276354567	0.046782496588568624	0.0120791934123781	-0.01582705892790991	
-0.15960982515836794	0.09078920332798383	-0.33352235299916166	-0.041549845774313345	-0.02533263431965558	
-0.13073183345460104	-0.20817872009563593	-0.26659187341385193	0.0874963550591423	0.14427034210501632	
0.04375237214972187	-0.02296644871517332	-0.058346752857362384	0.0100825110707447	0.12266306023958616	
0.04661908749886675	-0.15755888959799572	0.003311960921852553	0.022594216550931908	0.10793761901798982	
0.1368702578009371	-0.04828655024112099	-0.05038025858818276	-0.07381966477154119	0.16654730196373055	
0.04556066272845257	0.11896172890625294	-0.1138917910655527	-0.05303792205539501	-0.18414071468258525	
-0.0046872028131562556	0.09058694664228685	-0.10499992260335132	-0.07523489078548716	-0.10453999802051249	
0.08800898663408345	-0.16346127511735398	0.18505150941677367	-0.0004848578230957256	0.04534118628817579	
0.0218981965318756	0.08314570571997387	0.09327943595296685	0.005288902343371415	-0.21262000576176548	
5.7024063256258875e-05	-0.06925139706430918	0.244230261896534	0.051782311079645066	0.07278781851497483	
0.08703742784807485	-0.009649111623812536	0.1245832549727104	0.06346541287158428	0.0024116339635756787	
-0.27243432795361133	-0.4057722927559416	-0.13221389384592	0.0765207545773694	0.28144081854302	
0.20377580706854034	-0.14183170844394333	-0.11410032241053007	-0.05558071937798713	0.281028374570062	
0.037949184234285	-0.03571082364686695	0.12358807348219872	0.052797913537872124	0.24657712721831548	
-0.17128086259623346	0.1362207407647544	-0.07976367385982745	0.028504342754874734	-0.00695761384084937	
0.09082276531289622	0.010872073110463367	-0.001995625329944159	0.008830754111145877	0.017562058554612014	
-0.1530894342697182	0.07861256790722042	-0.1505615296897741	0.05662843474248444	-0.21506151673542365	
0.06000358101671847	0.053634752171677534	0.21382510867691223	0.03141701621568562	0.006220070811728699	
-0.004304536013693387	0.04013095329981357	0.1662333996557825	-0.04890601932827071	-0.06152196470506885	
-0.15475393363880752	0.2246169745438274	-0.10619355196606124	-0.07596254274297892	-0.15807280371515825	
-0.24857047524234985	-0.11481813298519912	-0.30214338955035036	-0.13319058927415947	0.49243129158227317	
0.10431059550480082	-0.33630875257270837	0.09507927469235962	-0.005667072593947383	0.2986052570025376	
0.12205380491981685	0.03022219354707402	-0.023653185572093005	0.04135735603354764	0.14706079233897373	
0.012096518367979208	-0.015510685976330013	-0.1145805546791229	-0.06595142896712115	-0.06873682358805212	
0.07666958797124404	-0.1911658796054112	0.23659946927747236	0.034927900208123704	0.26575336691468876	
0.2504520439841726	-0.07647591730623879	0.21625300069461176	0.06138453291964184	0.3009847389398582	
0.001263494567731893	-0.18800356274556485	0.005236617132289236	-0.09853176296486278	0.07646980744029233	
-0.0015034827223281907	-0.18844898200089893	0.10594012986786264	-0.03197583823406212	0.038499175215323395	
0.12654334941009532	-0.13773729949668553	0.0756114553144976	-0.014941047731728914	0.19415854727335782	
-0.001640893310811636	0.10616700391875125	-0.1290438368536029	0.06902254015381173	-0.10995479307872634	
-0.05681786058043522	0.12634117926801913	-0.06192847691168739	-0.07571457106813484	-0.19868780107386064	
0.046406005652189414	0.11537885504793827	0.018927826510566924	-0.08945980320009687	-0.1435905830849357	
-0.26847109819063897	-0.12905379808627612	0.145786983038532	0.1313873310745327	0.17440010645468193	
0.04460509911534042	0.008173393708137088	-0.0866538344285722	-0.038998370635936225	-0.07907250849214782	
-0.21109655585515638	0.02960544461348047	-0.16362938690342882	-0.05412377038856376	0.11006161009929064	
-0.07332476051272187	-0.092975384942754	0.10162116308458428	-0.001884046082766904	0.008902238107112078	
0.1576457114785352	-0.27620617872929826	0.1393744441749274	-0.0006820325022184603	0.4788143106736712	
-0.05373213745134833	0.07713330693866371	0.10049202496984243	-0.08465972907723412	0.030041400770540114	
-0.07220686879110533	-0.21018478117642594	-0.31584506444140836	-0.02704323939023298	0.30683973719982477	
-0.11865218286927107	0.2073462822609734	-0.21656429614741937	0.030135032718557792	-0.307216749174507	
-0.09031750402355718	0.10406843658907272	-0.07799498750912316	-0.05426309817203728	-0.004436139687170527	
0.043900497594207555	-0.014841947626740754	-0.14322178239409114	0.08663379690083513	0.255265026876947	
-0.17582672008710634	-0.1310112693755949	-0.20635618228989838	-0.08772752787116396	0.19995513435758178	
0.134330642013058	-0.2814217358678595	-0.005285707772146451	0.04636298511627222	0.31198471499289093	
0.210659356077137	-0.0970584100342429	0.06933840539874976	-0.054858946466794144	0.04809075812629179	
0.20483987698783193	-0.38970360800925696	0.10557506800728904	0.009263923453905224	0.4713139719428124	
0.08814608389287924	-0.13443894794484693	0.1276658517710797	0.07613813680718834	0.22179228166881967	
-0.0871861749933822	-0.30844736536061174	-0.06480604020223206	-0.036527985118522094	0.1907300353361526	
0.2371077577358499	-0.3893429928676739	0.2551721782697107	0.048034984682881116	0.3909660484912505	
0.08004801065510232	-0.15671442075073128	0.08470183909325034	-0.11149721747464612	0.24654454630101244	
0.18391793933836192	-0.17833997518354555	0.09852993526158071	-0.019974878241663687	0.09344251658525028	
-0.3485445677621998	0.16462224253454025	-0.06846806038053668	0.10173454769937307	-0.3809325603973522	
-0.17193109820338615	0.349592881053354	-0.06133033181078526	-0.0005690501630160464	-0.41639983124793006	
0.1634394012886303	-0.47688744201651945	0.19169462596261166	0.04939983401339056	0.4492708245220801	
-0.29337044836452797	0.2759903709807458	-0.04516970574913044	-0.07803807945862533	-0.30114588146393034	
-0.1178750059964112	0.15074242078794112	0.07551743116923357	0.05953198870811207	-0.23961796222188742	
-0.06939412616232482	0.202359646553192	0.1332227401612843	0.028045337720336395	0.03900151525385901	
-0.05014813375539892	-0.045719742120425504	-0.05920270984089271	0.048393441396083335	0.0004900590452096066	
-0.14923125526554246	0.33841817373962985	-0.15944724274477162	-0.006559151176649994	-0.11368881155387903	
0.16438359242881093	-0.25356893466076197	0.17242472687851781	-0.08807024597963158	0.33773984334192975	
-0.08566442607383207	0.08987841594519085	-0.08932180565222946	-0.04964235726765128	-0.007807642303102104	
-0.17199150878183014	0.10447482274006792	-0.4175452132364115	-0.11013600409374041	-0.372677152398213	
-0.3089070861408654	-0.004813840179053006	-0.5797499300638155	-0.12394849913995099	0.10844836410238962	
0.1452918259993229	-0.004884081441540204	0.037901927157056835	-0.037162574068591185	0.2965004708244297	
-0.11196092409861365	0.028756878062675663	-0.05158777486299306	-0.014654776802710762	-0.09591246220476726	
0.3001961245257673	-0.19842242500009144	0.08183962489130565	-0.0064797816939886985	0.16567637217700648	
-0.10009472349309567	-0.1833348911012962	-0.051212222695570256	0.01663229064331856	0.3456389660199807	
-0.07825430467817134	0.07611245056719891	0.021053443580554148	0.03240274017173819	-0.02701327428002725	
-0.0352696511414414	-0.09495722568316498	0.11034601987807177	-0.0019423786726551378	0.12251306891903631	
-0.0198258665244929	0.055142700804397767	-0.13815153744436248	-0.019947805134426125	0.02672155090388462	
0.0013622133879662643	-0.06750430020605445	-0.00945626497130643	-0.011367827159345627	0.18215427715002924	
-0.06430956373580075	-0.09517301407673003	-0.07687461921568281	-0.0021680761132926584	0.19001744812024698	
-0.227449096154756	-0.08383786787329359	0.09475258101947344	-0.05447718446759304	0.14202611382574903	
0.23367719318373767	-0.2682410043745292	0.20855613922300842	0.048708292131905286	0.129780008189425	
-0.08863618514782003	0.12976765211818542	-0.08670800154575774	0.021417325216993528	-0.20476762523281752	
0.039804052996367426	-0.09262121505409639	-0.03311777076329257	0.07046457988266987	0.09915734567999196	
0.18374138899330913	-0.09824521256152988	0.1624023527907879	0.04378920806316483	0.01829032164091506	
0.035590466129570536	0.11626886166508912	-0.31818818023006273	0.08549711255223325	-0.1408696425042405	
0.012849137508121812	0.1730083167287944	0.03587004498344616	0.07982452217736259	-0.4087717159577684	
0.08035184496994628	-0.007408528248155728	-0.008114690069091024	-0.014342001490513047	0.15036339598364876	
-0.049119829722026775	-0.062657146403469	0.13371522500515168	-0.04766455650069397	0.10930650883813348	
-0.08966115818720052	-0.0847330987640409	0.1941304470404887	0.025935481249528363	0.03756248555553879	
-0.21106107621472076	-0.11051441450016918	-0.06429277476299214	-0.036386774535023696	0.2066358691544852	
-0.026878667425300942	0.023741521105699565	-0.060416681251836656	-0.018174035953926797	0.10765943630853768	
-0.16182337355828172	0.023644941546038946	-0.13490662764891745	0.039107699882313315	0.10102892037412238	
0.2793063308191146	-0.1897627764999986	0.3624207550972405	0.025338934075536224	0.28839192558256155	
0.15958478434158654	-0.15053573019411173	0.2019608487851083	0.0407558823957191	0.16248425485297438	
0.1986733156356759	-0.16090262030752978	0.17749076815778292	-0.0013560344181642854	0.24137476017698842	
0.02897270831133911	-0.09215822661322352	0.10104707725375178	-0.055085546408290574	0.023479866249191742	
0.0038922612797446035	0.21524337338251676	-0.07831958374764768	0.06475225398789759	-0.19849125789592292	
0.35319255692276946	-0.4214053941713307	0.22678043944241352	0.05634005036379608	0.21291637192652735	
0.044135959776294635	0.02814559151488176	0.10805691212796932	-0.04208069208236718	0.14881324109310026	
-0.2944756238590017	-0.18198675844472567	-0.19704946573003293	0.08985929442550007	0.06099193530444221	
0.1711119435808739	-0.021220964317448063	0.2272472969612063	-0.017777719095572835	0.009711946557433928	
0.036486148656167124	0.07496139915346009	0.041477076603774615	-0.08152986875234706	-0.08897896545116352	
-0.3427229521423011	-0.06775511910065046	0.12464864573779237	0.06342235551637211	0.15170343972119368	
-0.011151194822779398	0.23998632850054544	-0.09437911232791933	-0.0036742953999306894	-0.2791482272005027	
0.0441384398979629	0.07679441429484966	-0.18280658264281704	-0.002881981077637919	-0.21273367044828673	
-0.29719767126525687	-0.002638749618362098	-0.5628668491399056	0.046099826940928304	0.41913604955119294	
-0.1615093334234602	0.23276529000736512	-0.11790978417169261	-0.04786734803554341	-0.08739481637798066	
-0.08533811387841703	-0.09315549505555414	-0.14193778309675553	0.06405513784762111	-0.08862122728225613	
0.1860092368730218	-0.18822566179126168	0.035984440986781926	-0.00033891534311874855	0.26223703187581615	
-0.21145122118195483	0.47483971746511994	-0.48344769105014485	0.1331202173465852	-0.4103997645667836	
0.6527243691008687	-0.9689861515196133	0.5728984696886184	-0.03609200143915795	0.7618029660993451	
-0.09724649748845665	-0.016655207525860777	0.0876963783713468	-0.03139437803391869	0.055948859096520004	
-0.06505273743451852	-0.031609432739509516	-0.07108045583238065	0.043354162829275206	0.03986152473936283	
0.24861022530064872	-0.43818318019215746	0.25908641598447696	-0.09312982546925783	0.3042072439382584	
-0.025615575666462553	-0.02893841767597556	-0.08846903855174873	0.02632932537318794	0.04146332053633989	
0.022717738900567122	0.0296625512326249	-0.06601185715654845	-0.07011064021222752	0.00283500870517657	
0.07506654527090781	-0.0632093116905556	-0.007432176258348022	-0.014213533194019412	-0.0005421628160967307	
-0.06769784590279762	-0.031511871773037894	-0.04762391917929596	0.0689053886458958	0.06006644915528034	
-0.44139628607366266	0.5746290229615354	-0.5462601225260929	0.015312381103079366	-0.257737212653978	
-0.21744700734721228	0.44219383717064115	-0.3180038480782763	-0.02092100738564631	-0.589973244239259	
0.5309694074846822	-0.44685880050093135	0.4643153602030105	-0.09345426320925862	0.5800632987993869	
-0.17800417002832902	0.12226236112999757	-0.19943770914106435	0.06264965490022706	0.12214392590727437	
0.23195794524100366	-0.30058458519244674	0.30572321729829705	-0.10487999360000765	0.3697411529471202	
-0.0894010914664021	-0.06010089077228773	-0.015449467671087819	-0.07849822476296647	0.02473408219954036	
0.03579222990401548	-0.2800443260483122	0.029100295158468625	0.04038299131858635	0.2953278461082069	
-0.14317330594832167	0.1032321701405362	0.07465958336186915	0.008733470197344271	-0.08844607549493541	
0.08501494673938494	-0.15224176879643578	-0.00929526098104619	0.0135143260101605	0.10867853231848577	
0.5132131312613495	-1.0227245585858313	0.547751153427653	-0.07586854525867337	0.9956372589813982	
-0.8913584066416211	0.6789124938907678	-0.7286977049704735	0.0919487067048781	-0.5907538129870393	
-0.05473546541337034	-1.071048291340339	-0.10991580534732101	0.07044554241873673	1.4124134338263603	
-1.9840936651511627	3.5615880782384504	-2.0550204785752504	0.5606054741881288	-2.9975321150673238	
1.2216026882024735	
