TESTRUNID EPOCH: 8 L_PCC: 0.8365623931734444 L_ERR: 0.009522883241809922 T_PCC: 0.8217920178021114 T_ERR: 0.010457753184120042
180 LAYER: 1
2 LAYER: 2
1 LAYER: 3
8 :ILEARN
-0.018636595718445993	-0.029968795458664786	-0.7773600602637651	-0.5886487067047675	0.35406740530189995	
0.5673789943902559	1.238131623389594	1.604412516530234	-0.12416877294362212	-0.04538646155546311	
0.19987745757415887	0.2267112597573027	0.587589163864428	0.7758620560829034	0.003342408243491154	
0.07193607771846017	-0.5735021809850195	-0.7105392244201014	-0.31072665672068966	-0.3507543783542496	
0.11640577709836547	0.22168368987264245	-0.636076879584648	-0.4673991017470871	-0.6216200276193085	
-0.5069457873931342	0.2640202401242096	0.4133865680054917	0.8386121565775543	1.1494512584568481	
-0.009937946978207327	-0.2259336958789878	-0.007144631234308075	-0.28784195053359257	0.30158135358367244	
0.2913426705901295	0.34448275326529104	0.27977271828277733	-0.32835261382432274	0.05669115820695334	
-0.1704231058870643	-0.17231095178304542	1.34233394787367	1.7415877719346344	0.33503532070431674	
0.4441600346327942	0.369024372643807	0.2653205030894442	0.8304782324296498	0.9918816529630494	
-0.28817416927738737	-0.2789252957673813	0.3951280975728235	0.48775450338104714	0.45536133322473904	
0.41558387985797285	0.5998372102148751	0.6549095403011088	-0.5630936173900721	-0.8449077527264682	
-1.3315569001031942	-1.1214354450335833	0.9105519960548559	0.9962746058514174	-1.0971787234306976	
-1.3448793569743487	0.1344319782353307	0.4465450455403902	0.4619724574451516	0.47753579005767005	
-0.3251499574283602	-0.64875382466007	-0.8783523196760991	-0.5648748320835261	0.16765827759182936	
0.1538387849908478	0.7978676900118497	0.8589048808392666	-0.7102350942042666	-0.995827229167511	
-0.10453256401088211	-0.3612502661749305	0.24520198534213072	-0.06518279444169409	-0.3425917912660275	
-0.19700957073332953	0.4222555738062203	0.718482922643471	0.38531408029311687	0.41849268333070344	
0.38911583213169	0.5288181403804585	0.8270316711927774	1.2567999946472577	0.1878272447611303	
0.15070693508412072	0.09536567437479915	0.1310253407621173	0.08321432167761848	0.3377638270313991	
-0.022738737610408715	-0.06527277661177898	0.3668040000196979	0.08897465077647651	-0.273556614378468	
-0.39407747098587753	-0.7327713752075594	-0.633708948458855	0.6801798718264155	0.9360552510921425	
-0.13387548630014498	0.14796598622312504	0.2048754868342768	0.2590220841344615	-0.3082915268249358	
-0.09005800226958859	-0.908846100337616	-0.8500212142284965	0.437592426380676	0.3606776448341773	
-0.053671034157722494	-0.09054918992920766	-0.007757709239420131	-0.06555989894472654	0.07007542956870998	
0.07738072836400696	0.06415069793340514	0.6481492630247501	-0.13631561444630177	-0.1279525785034017	
0.06635604376388206	0.3240027580223079	0.4129949575007048	0.22846460823685757	0.2525710219990813	
0.2615696346009264	-0.22125324028515264	-0.3869216567129836	0.37039942463339914	0.42730390449803624	
0.06891340335340605	0.05075711597444301	-0.05030641165063504	-0.05644058256352468	0.2055668333575889	
0.2506329429688496	-0.17341471944711845	0.15277529162938402	0.21540254679565524	0.0586260488845649	
-0.43547197759398304	-0.08245469171502175	0.38148900036299294	-0.09812561347190035	-0.05393866007724081	
-0.10465550746930052	0.03361042634822347	0.008162970405338109	0.16184033237951492	0.4510798488105231	
0.40228614780688643	0.5155070960215679	-0.3174969207271518	-0.30736813584135814	0.384708648561296	
0.2635542951216447	0.3049911126387031	0.6440209344031699	0.038123760389941294	0.062214778666171235	
0.0650840184661064	0.14193157960137986	0.5741116332182237	0.5714748843584634	-0.11230236368278285	
0.31872771671750433	-0.06814809002984507	-0.21929212995237538	-0.19043430570562841	0.24894639756662976	
-0.059559072658294354	-0.1427437536611525	0.2813114146585964	-0.20649764392263165	-0.06440768453253595	
-0.024064971172832874	0.06466840860742379	0.33894378124058444	-0.11881297159376422	-0.17992830751947025	
0.026519765175185325	-0.025854160372306565	0.3995890011310893	0.10345046112380017	-0.016293091029340356	
-0.033738410787439575	-0.2284768602753505	0.05871100141590074	-0.18080056662999566	0.20280081770004707	
-0.06154819642494936	-0.12773509119896512	0.11040812160620395	0.018799709884819455	0.2343847459426568	
0.2666693864949067	0.9026492365318877	0.9624453575652866	0.15215467313932396	0.28719640831940896	
-0.15118380182243468	-0.12255243692257776	0.6564393358650072	0.922860162405803	-0.008678443463446341	
0.14852186608386858	0.04848949197075263	0.5009789453297491	0.040433409682572925	-0.029359049626767907	
-0.15211720228261705	0.038179213506441226	0.4206301961973782	0.5057152558016391	-0.3004000622072797	
-0.1739260670105393	-0.3885302222446808	-0.258436525292607	0.11994243857831263	-0.009246574670004077	
-0.07451247708991889	-0.24102455165083161	-0.23881998200027718	-0.43294270678344177	-0.1683386164880087	
-0.14439102614266894	0.1530902717361084	0.24441914135239842	0.058386440353515694	0.3073840955139398	
-0.15810539821023387	-0.015894475259119228	0.18013890153558762	0.3447209544526034	0.4843179462643973	
0.4753160538282653	0.7652480843454252	1.103227330387612	0.35660100675794265	0.44623312074449323	
0.17230079040780785	0.20708211724438036	0.8070964166313904	0.9794008882959881	0.003457642489541656	
0.012882964852973725	0.07052218951128769	0.0037308548661170427	-0.6025272115806891	-0.0986357361467123	
-0.38461369354001096	-0.40961277433584675	0.5745619907965309	0.8303188188986429	-0.4763631655022399	
-0.650554409062398	-0.35353197780802037	-0.3511157954706657	0.03227337157203379	-0.010099032121299263	
-0.02736023039774493	-0.2478686851780812	-0.03626883902105395	-0.11277249522913273	-0.0009668205961699374	
-0.03595736887331892	0.1615927068941873	0.2978800431089323	-0.09506845676828171	-0.10394804649317416	
0.10981514923332464	0.22390566757068933	0.02019100847490198	0.04950317298255155	0.08165654166695321	
0.02984692182208181	0.5189136958339674	0.5763734552278154	0.20284744634084745	0.3773905842795071	
-0.06489188504286875	0.01467805260386353	0.3627704560066965	0.6405268826462941	0.19729055362060094	
0.2952706889618308	0.10816179869806616	0.0785451925134472	0.4997571654622071	0.40156499017590214	
-0.4880732019548529	-0.3464802575379753	0.11637755135232322	0.045634022839274084	0.17388068100477755	
0.30489883361889714	-0.5091124748087411	-0.7065953619879485	0.2207239429972406	0.09925312003710499	
0.08750753020809626	-0.14945660549101647	0.38030773087688174	0.2379662806754096	-0.17688361520232948	
-0.14795995911965729	-0.33608634647302116	-0.20482893347496217	0.050338170919933256	0.3935744107684808	
0.23438483296934473	0.19293681303353585	-0.8368133440452469	-1.0372637948063146	0.06468553931632698	
0.05438443366001112	0.005040214032852838	0.11096097441286495	0.5127162704881417	0.6237095112420403	
0.29144606861140837	0.5205599811547414	-0.008157474048764664	0.06642514226728184	0.47323110847149036	
0.3716174616248698	-0.6207225695595278	-0.6286356454583626	0.6617566189752182	0.639327189420219	
0.6427801464980699	0.7967022277385423	-2.293413999521488	-2.3080997177198515	0.4644986735044252	
0.6580622597776643	0.5249449924673049	0.6063240873946159	0.15510874646184378	0.017677527084734797	
0.4693192456627713	0.5280351006769967	0.7668294002916203	0.8322242146789925	0.5394327325132483	
0.5569118221734115	-0.9536227610278237	-1.0481206740560733	0.48024045252336023	0.8375010619264093	
1.3898373876040087	2.1104289203461146	-2.213496634507909	-2.46676119350787	1.6698189708860474	
