TESTRUNID EPOCH: 30 L_PCC: 0.8553990878657187 L_ERR: 0.008495146145274395 T_PCC: 0.8230296182816624 T_ERR: 0.010426940784617587
180 LAYER: 1
3 LAYER: 2
1 LAYER: 3
30 :ILEARN
0.04098911384854426	0.03159082646482758	-0.028140298671607413	-0.3223759003235688	-0.1947887533966593	
-0.585452956126185	0.1167142046270107	-0.011275304218528232	0.12523054756934293	0.3943006619812788	
0.30883601274086286	0.5301903762609053	-0.0623191585850682	-0.04276359084815399	-0.14522000314985273	
0.08145384491811211	0.11449565431715232	0.004975760766232092	0.17287145725158634	0.2170025192138283	
0.30675915952761	-0.19931386400418669	-0.2663542326487978	-0.2759725967720188	-0.29095333248645056	
-0.18758597326006968	-0.5099306248160341	-0.18479028835995948	-0.29962391788646864	-0.162676770622266	
-0.058562794286100374	-0.12388341310413123	0.1536781130368145	-0.31154533126102985	-0.11313867684009243	
-0.5432333050507868	-0.10490383339609916	-0.1823404016457763	-0.37870013170918015	-0.012665861165976159	
0.09405312095497666	0.1553409672484371	0.13311475199342584	0.35980451566244115	0.0714181003569584	
-0.12742427180870322	0.00669680797296799	-0.09642301162972299	-0.09386044420649375	-0.13971101966849353	
-0.18733893671257082	0.1578726498281889	0.09686180284522465	0.13672049503987366	0.11946667045973214	
0.07138174544327155	0.22453810093584398	-0.09779052533205554	-0.16560536199298284	-0.14234215003432082	
-0.06913120966405004	-0.025549343600298882	-0.05794215467947081	0.34328248339274564	0.26116719783215253	
0.47696559816654693	0.03843849220722741	0.05296907168212617	-0.01220775773941486	-0.08154535860647244	
0.008191268706668899	-0.32998254529547427	0.06680724084723505	0.2368348479777375	0.19080993482575395	
-0.4064489577060807	-0.13664812250240221	-0.6173097886596023	0.009301952580443923	0.028220673871437757	
-0.05641141311392016	-0.023160108198810897	0.07388175874983871	-0.1814536135147292	-0.049540783839482815	
0.21287899821084286	0.08136577169489174	-0.05646925424788886	-0.2448599311631368	-0.24631437281783497	
-0.5452341783242013	-0.424630384181484	-0.7421834688444452	0.2587705408816648	0.22681245267405106	
0.20305250976334574	-0.2489216503949608	-0.27249790819886954	-0.6565283077405236	-0.11040191641119582	
-0.12903860562180008	0.15123878308248717	0.14254546536277604	-0.016431179120959656	0.0739160157863251	
-0.503734535656586	-0.450694959172966	-0.7305070193786614	-0.1849808757342687	-0.27039573474424083	
-0.6042630505170582	-0.22438210233823644	-0.011674026584893879	-0.04898866049332093	-0.12076485971989034	
0.16117062698243395	0.34670517422776653	-0.1485803853439077	-0.2825717493335138	-0.47549400781066536	
-0.256565132962859	-0.30206354400050217	-0.3526123591067316	-0.22223508789143487	0.16596200359077523	
-0.41864512728348185	-0.25061622470428796	-0.2791131934592546	-0.6103404739245668	-0.11188812561034242	
-0.1298015519552142	-0.08681246308745688	-0.055219478498947656	-0.1957609608447663	0.036294848849303236	
0.1398454349151334	0.27328457974847525	0.09718763815601332	0.33370142280491855	0.33110434893291624	
0.2403420092396889	-0.029484891012169376	-0.11518535074728066	-0.09975581427100949	0.017286031470752798	
0.17905337206967775	-0.04320754011992714	0.08221123407492557	-0.09670756894626166	0.04574988849349126	
-0.2960813345808418	-0.07929474892310721	-0.20382464170206693	-0.11577948633394976	0.03877299406167927	
-0.23091800774726126	-0.2776362430755437	-0.1707269200006241	-0.23112527845532427	-0.31743102692292485	
-0.23756049153350725	-0.3654791965626751	0.04665902550797617	0.12660017156413755	0.041373840140765436	
-0.14105771847273324	-0.22391709493263445	-0.06958210190533884	0.14594655297373035	-0.007813975903098326	
0.13998012927415854	0.006828616756978055	-0.14769619192794287	-0.2534923785311649	-0.3313960517855003	
-0.09383890064520936	-0.40386762040225654	0.14210906069962168	-0.08703867852109154	0.32146651749796085	
-0.12253318820274833	-0.1340148295101218	-0.23180523623385232	-0.005164142479490221	0.05142257793514952	
-0.05770316564127531	-0.008970651766614046	0.09148378902048197	-0.12455225578816854	0.2763054625748302	
0.005970978807353962	-0.15344152455879195	-0.13932664574048295	-0.047746138734149575	-0.11032742568424503	
0.16022040617193303	0.013443146930916248	0.05258162022381166	0.11925293213586495	0.09499184209618768	
0.0976734820005047	0.11074798785096722	0.18356707834891747	-0.008172161413469822	-0.0631655055915836	
-0.058918484456477876	-0.1273655117854559	-0.026921398317518063	0.009539538030382922	0.2774780840484009	
-0.22171882423212141	-0.10062004930964615	-0.032858087538722595	-0.14337457656106137	-0.08810326386066239	
-0.2171384364303053	-0.19368800412307124	0.04856004226080938	0.19457190784075956	-0.22671890331558073	
-0.22975441819464126	0.15481423702344999	-0.11757199030669475	0.11607704868759565	-0.10362071177817836	
-0.07645428006877951	-0.06820928017254442	-0.2779585878215413	0.10690673774664954	0.14952604286939594	
-0.003969762989395085	-0.10610453890074893	0.03843882588464952	-0.17133122768788883	0.014662115883431618	
-0.018793414191532274	0.035847920766650616	0.025801550304584895	-0.06061809100154341	0.2057854336579253	
0.12101345593517905	0.29727723297558273	0.2607979489436731	-0.2695877751609524	0.007090624887761126	
-0.22375326712704302	0.06692747561135073	0.11341686675546933	0.12665045274018147	0.20237261747419255	
0.07838909210603812	0.11207349584642025	0.0063772232615142335	-0.07242771368301495	0.148000851468094	
0.015504212719895336	0.15787273248432915	-0.029103135509737994	0.158549257235162	0.33646819051178695	
0.30435279569625157	0.15487437775551155	0.10060879922325701	-0.0009976102453044004	-0.08563848124293638	
-0.13793450501194662	-0.27785055487699106	-0.05282747688475511	-0.08133667137586846	0.11243682257766156	
-0.05832919574737387	-0.04412350016066407	0.06288481980491782	-0.04977980170555974	0.1617114140556389	
0.02403047633711789	-0.06970046559627682	0.06344638115893737	-0.014837983784429973	0.18446082993379267	
-0.030971067471577025	0.22546039494297657	-0.019562517424877548	-0.00957400098403726	-0.21529183864669427	
-0.12121187802064755	-0.13581932395541793	-0.24184595190723487	0.0734767055437091	0.11027091947422725	
0.07449012894591425	0.12212032174139628	0.05351091319748218	-0.13870408842924076	0.018559584842334054	
-0.09102933331231121	0.019559048090892237	-0.16225402236638775	0.04909982061180932	0.02097728321806201	
-0.006343257467683453	-0.0319500150939378	-0.04500141920993597	-0.2117843656630366	0.0574657974446369	
-0.23611542271569214	-0.15476980577901375	-0.14836026161703017	-0.016417489567189542	0.09583968808840919	
0.2850217991042488	0.3441106524297533	0.01629947510904435	-0.2302498090969558	0.1346347470210263	
-0.20872765710950644	0.03146482331013589	-0.23826058477572232	0.056062514169543484	0.38408929080709947	
0.22407728443610964	0.006900798353801338	-0.3402093879870565	-0.11497393759894389	-0.23210684446720864	
0.06094515039885535	0.1721108655805045	0.028377780461544638	-0.11009402272865852	-0.15533589189881308	
-0.0006665114098550445	0.1141826554384409	-0.21873990673694826	-0.045505211104174645	0.282494240985813	
-0.05032938495607001	-0.08506159292611644	0.057175365345662726	-0.18175580878343403	-0.25580227975705344	
-0.08249457903682739	-0.3919164669206877	-0.10566502180293061	-0.002233690759440811	-0.25445477953627277	
-0.09889311488160961	-0.05492228779225862	-0.07713350496914519	-0.1403367313532026	-0.2741961412216195	
-0.3016936364235638	0.0989769309890514	-0.11125123938972739	-0.2801950807897661	0.11129905676286403	
0.10907634055544614	0.3064698991106405	0.123074809840887	0.027125934753859007	0.12506064369672035	
-0.15302971464585155	-0.15285128553792926	-0.05195071595039934	-0.04002385867593109	0.021280180760031797	
-0.09724621169916436	0.10450380261575878	0.012502609516644735	0.0869599041852844	0.15669285718597326	
0.21641771874494226	0.2480999267073006	0.20180956720404034	0.12596523431955375	0.08219272437372704	
-0.17342821071231035	0.0021773808626018025	-0.05433192595092081	0.334422851137832	0.2692909282152579	
0.37047321611884293	-0.12653187170271174	0.08332648608312455	-0.18381545703763635	-0.13104671451321712	
-0.09164884066624382	-0.12795037936325218	-0.04017378563695492	-0.22865094722438048	-0.005268293984930207	
-0.26558478861651497	0.024949364979900013	-0.23858007549081356	-0.033775558228353625	0.07586849488412806	
0.24384268361587264	-0.30012529045810654	-0.06759278607461644	-0.09988643492781746	-0.07734901566678364	
-0.030133529745628395	-0.2406074854796699	-0.23776345078029668	-0.10791771995174965	-0.08626360706243948	
-0.20775395452743906	-0.20604398168291319	-0.4132081772774359	-0.03396431973028409	0.06863781362560492	
-0.0538053497328459	-0.04665243852882587	0.02663783947829914	-0.0412231867471374	0.2650419050622888	
-0.004977378138759769	0.23550590097678184	0.08208199457281251	0.027017294530984677	0.1166753165115448	
-0.13333045975749908	-0.07541053998590133	-0.053223481136953216	-0.09327203643882276	0.06409878675937401	
-0.12908915369237256	-0.2354370105945572	-0.021812804312770308	-0.25280573355487196	-0.011482238883531077	
0.056948375902779284	0.005416831809416836	-0.019727932335970186	-0.1256944006700106	0.09001706916261572	
-0.10439488402708277	0.037683377010876117	-0.30651762498323054	0.19456786340919416	0.2151221957309636	
0.2295928203187342	0.04003803226909433	0.14899368511408909	-0.04579355654956298	0.19671433052390583	
0.14139357746075548	-0.08587266814430349	0.14955355349873678	-0.1293471085591745	0.14543424667007465	
-0.37016044112224206	-0.3181235136963354	-0.4402987382688611	-0.03653659184139652	0.021404485878939995	
-0.18570837263331091	0.22724749397141333	-0.022321834280319097	0.038985135911008925	-0.177709093875273	
-0.3070229264413639	-0.3304356108116924	-0.19717939504661	-0.09071341839955038	-0.025465278894466693	
-0.3033146352320268	-0.03342474205562763	-0.22054812449627445	0.0259575047860003	0.05351327970863461	
0.3937194614626764	0.06123992281095659	-0.027571711225428147	-0.05594499376560588	0.18343133334393277	
-0.17192202143249335	-0.13056505563759158	0.18350512840377634	-0.045735874629440974	0.3999332437764877	
-0.04478343005259443	0.09032382511302815	-0.030311202721511613	-0.034889107212035995	-0.0700669841620139	
-0.043024072182768734	-0.08571631794506726	-0.14917057801252406	-0.06775739785338931	-0.04396430253520009	
-0.020827425300838538	0.01599247042760565	-0.01720275208477274	-0.05255891459427082	-0.06503363398174773	
-0.07793339729726347	-0.12298200128088425	-0.2060619790043322	-0.1039596230894398	-0.24677054396196996	
-0.38634501269061117	0.010695879263048548	0.02691305955297725	-0.015834277488891175	-0.07832619097423249	
-0.15128129801264295	-0.03359623473391857	-0.31956124464617736	-0.18108166954367821	-0.38623914562775225	
0.06854070717823797	-0.004670877725026951	-0.023419625747143694	-1.3577438452386015	-1.098469151034948	
-1.7608339871724983	0.12296025694370177	0.014894235604281242	0.18151965287520708	-0.08704895232459735	
-0.04780827276977685	-0.19202999193949497	-0.17515591815810405	-0.15266005108995226	-0.3901168642749866	
-0.04468358338043412	-0.01965835522435305	-0.031032679137598718	0.33670175796822377	0.2891343960433818	
0.561659166468892	-0.10762982255948231	0.08770259948509351	-0.02521233656726444	-0.688230065904471	
-0.5467229493670605	-0.8725490308514731	-0.07390625810655028	-0.14879225905920032	-0.09441986245329989	
0.09886229351457942	0.14231601210305536	0.18570845269952274	-1.6628974541605976	-1.4607112390118788	
-2.434233598131986	2.0469107528052524	
