TESTRUNID EPOCH: 67 L_PCC: 0.8567262708980714 L_ERR: 0.009667700582599139 T_PCC: 0.7502252897897046 T_ERR: 0.016222586622509434
180 LAYER: 1
3 LAYER: 2
1 LAYER: 3
67 :ILEARN
0.10609604088725791	0.2183268848832958	0.06867277492658194	0.00033908772185572885	-0.23336548473768393	
0.2611206708945838	-0.2794098389858815	-0.2689026467129285	-0.37132245256059626	-0.22228021898630712	
0.07540819279160174	-0.5496373973829081	-0.3795114276953994	-0.0525360901836084	-0.3094965095046712	
0.039255360028763286	-0.013770614822820212	-0.152367293321258	-0.5593090663928382	-0.6858313364545423	
-0.9385247824166901	0.19743558333905112	0.167703331774854	0.29023532179346895	-0.023482774014004913	
-0.03407543265695508	-0.14610657109051162	0.05590205211285679	-0.00923992704274224	0.06423847919148384	
0.1736198335046518	0.10393612684963283	0.41231876888686153	0.464717431674042	0.5690071726611743	
0.7547304497283231	-0.2845120277844562	-0.7960953629038185	-0.915190724137221	-0.14684754229284022	
-0.4969093081878419	-0.6319080002076509	0.2643766416953331	0.5606369192239768	0.005239395642602378	
-0.20238860682610815	-0.13737075138121546	-0.4193072522093343	-0.273935533824313	-0.43623756976764944	
-0.6058248443182593	-0.029885938189519286	-0.6111988151460258	-0.6419757682276611	0.3498886160681438	
-0.09259390952942888	0.2449571333462536	0.08601551672568247	0.174971945103016	0.19190686313641217	
0.022743522352147556	-0.2820312170021718	-0.11825711003953422	-0.14251595787188706	-0.17992592096469903	
-0.1349667640479529	0.21550977946794597	-0.24317171767179696	0.1576000508998039	0.022880827730984033	
-0.03714338372226138	-0.1914986379338639	-0.3542557817842793	0.05712603328343815	-0.08071192255614806	
0.10898545521414756	0.21349657323266374	0.2906751590506997	0.0020440739619596027	0.02124213197235885	
0.0513063332146107	0.03839551903412021	-0.19447623676577586	-0.08645436602742286	0.10319701577329864	
0.14060232989492846	0.28743823393802853	0.1997838325320732	-0.20108409102811542	-0.4243686423164885	
-0.34393409128564695	0.24370115723630714	0.32984166501713846	0.13078625908956756	-0.028823665300500033	
-0.02523172755036874	0.19136201273705244	0.006819799026815622	0.32656762437177395	-0.0434743288578471	
0.07275480003376494	0.0766626382500502	0.2846546992170619	0.1771794896590233	-0.19634213382988758	
-0.07626881253951692	-0.26937756625475257	-0.12730826559189345	-0.5954156662717307	-0.426802427030563	
-0.9570923399403054	-0.12599426644118486	0.049016550894291834	-0.015161355304841358	0.007647300387106194	
0.07808652196391808	0.05511885852195964	-0.026734369793522787	-0.3169266994257242	-0.8759155928166464	
-0.3879919325140187	-0.6196312165698454	-0.6924249616528576	-0.07018793406859163	0.178629248626919	
0.15901014247619855	-0.23152893264607285	-0.18225140601891487	-0.6191893173140529	-0.11249281987238512	
0.03630990399988132	0.3629162507544281	0.3072177447065035	-0.32597416635136195	-0.09473188964830281	
0.06655195417876288	0.08028570365357668	-0.20949241647099778	0.15794310438084852	0.10548109328454804	
0.027652003736046465	0.13264875930529285	0.2511616092731022	0.11433478620968354	-0.025897091610647138	
-0.3043231841432333	-0.25959163631499954	-0.40578474348991417	-0.2782293679133514	-0.4200769851709781	
0.2700825308660129	0.8662632826654455	0.6513378826375563	0.0843848275017774	0.0942028338745492	
0.18594939658515655	-0.32976379340278233	-0.2985884153265583	-0.572716634907835	-0.17355344305763196	
-0.8052455736512937	-0.6849240516751077	0.07247450185693717	0.047477157691886755	-0.6502196255297875	
-0.26749843317043154	-0.5710121729170805	-0.2835514984308594	-0.03554893679898028	0.2913515230113429	
0.29252379901480596	0.009419382844712101	-0.10749341051756722	-0.4120442626587219	0.24841409927437594	
0.12998925986586243	0.43526917253056135	-0.42052670328531666	-0.18992305199461457	-0.03518881350850891	
-0.18628047310303714	-0.5380794597181499	-0.4128528377375673	-0.02110819649558635	0.006004470965879481	
-0.07686180145571839	0.09984276014917436	0.38455739979602677	0.07329442847682711	-0.12380988658288274	
-0.22263033546069408	-0.3600575598183035	0.02153132476367482	-0.32467950666803574	-0.269406456689947	
0.2541421733539449	0.05802283517177054	0.04998204029818065	0.04590676194393772	-0.18921364590318368	
0.13920602168175078	0.04917702861603089	0.05346921308953871	-0.3231365416804896	-0.0017244758331768657	
-0.3381082520670846	0.08584285146590111	-0.153307515646688	0.3770426044232038	0.26345091197560794	
-0.26581704912736154	0.09689398219135371	-0.02441869027304102	0.06563618285760114	0.18405017113217784	
0.22425255078041326	-0.17718860356313432	0.004283699889460952	0.050247300869410205	-0.12957361002963727	
-0.08207598737199474	-0.0098017768470852	0.019411651789230374	-0.23039609264336663	-0.17859522316817783	
0.45669326037298663	0.2809456868884331	0.2602314970482666	-0.007164675478077044	0.00041938551742404896	
-0.03236949210275068	0.02850033199735972	0.0674051081653003	-0.2834701573015807	-0.00435281946133407	
0.026284669313669455	-0.1270931314015895	-0.13214634994967747	0.1355429539440586	0.16878824335141993	
-0.11081313509511824	-0.09867796239526873	0.239320984544459	0.048479801994741535	0.21994527413837725	
0.01655526728006953	-0.09441133025523982	0.3624772562381583	-0.2200771548118507	-0.045996253253546046	
0.03326762919145402	0.2219498503944199	-0.15944253729995073	0.04955578310707517	-0.017699639140160973	
-0.03423551362710019	-0.11731073034501376	-0.20648411336090777	-0.007957269198579729	0.17933030155941307	
0.37578661213466097	0.20226754105678355	0.15959200202075272	0.0705735860336575	0.23154827390361254	
0.06866110164937843	-0.15326380132938586	-0.34381218880862574	-0.2359721978645738	-0.33879925156839125	
0.23246890109652696	0.20019648147056557	0.33532024609791583	0.19254698688820407	0.2774848132545368	
-0.03817473264637811	0.10801270776613496	0.27143528734587397	0.1574492365790006	0.20095788474353682	
-0.21301874042595523	0.005237408899576408	0.08853805069397393	0.04228256095061343	-0.17256061876067993	
-0.19702767707304286	-0.018890447706843217	-0.14953526105145423	-0.10953366735238772	0.5416020452213894	
0.37288259206608476	0.20095252086115015	-0.25470462322527887	-0.05478959721718859	0.11111692705310457	
-0.2689729550895007	0.17605614426022706	-0.5084975779388697	-0.007584763233627433	-0.18812445100947386	
0.10062206696216056	0.31430218096541174	0.032573867714186557	-0.03435216649085745	-0.2622317373623196	
-0.47808088433905543	-0.11677413042586304	-0.2019880129352194	-0.11935503644101927	-0.1410780973633765	
-0.03002835855490077	0.056214498717670855	-0.04690804400830561	0.18747292716766578	-0.25319047281369406	
-0.31413854825515714	0.10249725444726362	0.14944699889152047	0.09372174099446792	0.46951119471167446	
0.3001577682457377	0.2083033013569877	-0.054274995351925634	0.236714823805804	0.13028209031437837	
-0.22195743439951013	-0.18728286996253748	-0.21234852854490618	0.054402025617879796	-0.3116439915763847	
-0.0708684407063907	0.31889073420461533	0.223704459078567	0.3371066794491747	0.39056227385182063	
0.08037048746566713	-0.3157981532613929	-0.14576722351780483	-0.28627805319999783	-0.20052074138370005	
-0.28708356167927374	-0.4904730405551567	0.022012796602115584	-0.15182490171061436	-0.281908513366116	
0.11032377503793399	0.11762597477729318	-0.3111979549038282	-0.06944689375007815	-0.18507921205827796	
-0.7089267830676155	0.017770346375758996	-0.10865724185320665	-0.06596695577364506	0.2110097778933178	
0.3899115047670966	0.10409404577118996	-0.10297613981445303	0.411539304592873	-0.1333187817829211	
0.20282987547968467	-0.1265912830780402	-0.34148628051341084	0.12617336655748349	0.3467454116277851	
-0.011240870857752307	-0.34513193204651543	0.15975461884384123	-0.038932746754138596	-0.2012078731306656	
0.04823770193818432	-0.32463594304349364	-0.17995493648678756	0.07742946984753266	-0.13924258510910334	
-0.21209343326964328	-0.22119428461138183	-0.1580109328010588	-0.17431813779560948	-0.19585267189805244	
-0.41799369547262155	-0.11214795209589155	-0.09697213885663593	-0.34148359972546666	-0.42718027925633006	
0.1507117499655236	-0.17857769698909062	-0.08401858021415756	-0.27230729723038877	-0.23729366343767877	
0.36808039543879867	0.5402310045876588	0.470927769396723	0.21165728924794486	0.4615018927783428	
0.4714290409483616	-0.2703652394830806	-0.1245208835109974	-0.23359262815335885	-0.5886309353734486	
-0.18157859437393062	-0.4461321163414794	0.1740903998739509	0.060449868565482026	0.16417007837879263	
0.0034233947427246367	-0.3055638039775167	-0.2998442338194596	-0.1132492428778638	-0.060412472351720994	
-0.03097756654166023	-0.1012334870983776	-0.48388268358014175	0.04853732491340369	-0.26462205702857494	
0.07162854075145403	-0.09046104506055318	-0.02806444528755869	-0.1684544833587886	-0.281154888642058	
-0.26207648541320616	-0.47110080507990376	0.02104342788089547	-0.08221600347064073	-0.2409219802451908	
-0.22046977636640988	-0.07707740820740522	-0.3704278701345423	-0.10691113207444145	0.4112857394179878	
0.4163852295664782	0.4756159149220879	0.11166316229758103	0.03031193739005269	0.026486721882633783	
-0.18780074530553081	0.289598990939098	0.01496163594917108	-0.08957724133636334	-0.2304388140999984	
-0.2986263922560327	-0.44119162353517605	0.15584383782579597	-0.1547910161815308	0.2502105506124057	
0.305577195332638	-0.12711884571656012	0.3167302018864204	0.010561869113382328	0.4283766906820582	
-0.2598129598163747	-0.21505600277719977	-0.22299850243958155	0.2728160683845768	0.017186844095047175	
0.3475805234261713	0.031552281183078144	0.12646915820004034	-0.0847247294954836	-0.135445487571349	
-0.3452464485951983	-0.5539574499187163	-0.18451897456836677	-0.024984110023523663	-0.5221298102612297	
-0.5004297420861036	-0.28309400238386145	0.10828823874686565	0.2225066161929425	0.23004142525748003	
0.4468987543701574	-0.03821337268740438	0.4045921266096226	-0.1246531517571757	-0.034576401174473984	
0.19610510303345774	-0.06220767640062601	0.1563172866141106	-0.11925229997937588	0.46799066215631824	
-0.5071753453274751	-0.5997029430285711	-0.37112447679307775	0.0253140048429402	-0.17792317664358634	
-0.29909874503540224	0.3179591389559374	0.3489046011883889	0.44399555521021494	0.05904556006393661	
0.022235300314760613	0.0866016407409978	0.39923438468312733	0.20201073619466986	0.2762604315656947	
0.24857707032099186	0.2820988677833048	0.23646614921810297	-0.004245849629254903	-0.2970198146963245	
-0.305447046282174	-0.05047211862711683	-0.08033464256210238	-0.04194681352170196	0.28649786854127207	
0.3229414257837339	0.2418656757496265	-0.25936742802074425	0.12496011852138371	-0.11131528949797874	
-0.5253690471989635	-0.5850481991193073	-0.6573581347821248	0.37869623923277734	0.515651318395181	
0.41142245648362114	-0.10603123182751982	0.18898071833281163	0.1955014920271366	0.21395443525981314	
0.40439732871296485	0.106307899816453	0.25452089120684157	0.29635541792534703	0.21986915170405086	
-0.2530550764366483	-0.4980353077825407	-0.24663223740759768	-0.047908846952590636	-0.19826353245595793	
0.09955162002675114	0.03947824347537288	0.3344523424524547	0.11186601709800882	0.16361370785744977	
0.25006595994091885	-0.039023902764524755	-0.6863245013787352	-0.8684271246356984	-0.8059026064036802	
0.06489726706530953	0.14686138643427582	0.29750774947201064	-2.0246379400376164	-2.4737188512094423	
-2.567273818691846	2.692076366117236	
