TESTRUNID EPOCH: 14 L_PCC: 0.8539255603644228 L_ERR: 0.009158723932032858 T_PCC: 0.7529437147866671 T_ERR: 0.015296960895888518
180 LAYER: 1
5 LAYER: 2
1 LAYER: 3
14 :ILEARN
0.3658217019171518	-0.17986978398905162	0.17858419792534794	0.1943147736934977	0.21776047668564028	
0.01797621238029272	-0.19718342577633496	-0.012779553522266908	0.27667828284281887	0.24393222814497917	
-0.24191297995864738	0.35254157032788674	-0.3309619773767994	-0.18262291697094718	-0.27073393307495824	
-0.3189131670961246	0.1318666723387402	-0.13982822119421284	-0.2683531674773325	-0.21272246628455366	
0.05515089519703738	0.2923023763735016	-0.2079310671892347	-0.030672835818282437	0.010798817246315004	
0.018046966258478923	-0.281615016973188	-0.30613004045652376	0.045611631078898075	0.20547326786471906	
-0.40765386758555716	0.12301499464879581	-0.18499628403414856	-0.11904647981155518	-0.0726283150905825	
0.3600697409513213	-0.12450672683703295	0.36736174843468533	0.11200332750866412	0.3491867921509721	
0.036488534351804186	0.0953642232226575	-0.2701007386248136	0.1793645380906462	-0.18702655317813927	
0.10010818533025274	0.057326230736195034	0.021455296692135493	-0.10764201065653113	-0.019824765899291965	
-0.2985980633743037	0.22189755398459604	-0.09530326916745376	-0.026492149432932377	-0.1790839559185068	
0.08898958369218689	-0.2757639094137288	0.0051658323834956376	0.2836445261658562	0.3604304611783705	
-0.6215194669074029	0.4270168884989315	-0.4416045067740757	-0.27501242825275624	-0.5506156120913058	
-0.46994262468692377	0.45006479838163327	-0.1954472343831985	-0.11142148677550219	-0.37708493137282634	
0.23531967971968806	-0.26034217363048323	0.08641990689431572	0.21222604339160103	0.2153234455398038	
-0.1866127266827292	0.06896910853696259	-0.12729287834139819	-0.07556646571756342	-0.009478709294320492	
-0.21277802499817194	0.21687651820304868	-0.21473998417523527	-0.3099698864308861	-0.3096369250878832	
-0.4311826471079728	0.45160517713346005	-0.27168078976044147	-0.1615259617009342	-0.38909988452231925	
-0.19491739217919904	0.14979909307976916	-0.06381978552121362	0.044974306480174815	-0.1383273682168942	
0.20780470285836874	-0.06460102313163377	0.15940599518643897	-0.09434721549527668	0.17811227845849326	
-0.6743967271600184	0.6549405749793271	-0.5551266122254873	-0.5956278481853206	-0.5709281392223247	
0.34755433656026175	-0.2020472033112136	0.5628771474230818	0.27465721162624923	0.38382904557651104	
0.16297978536304197	-0.0809059018464332	0.3258717120070573	0.08004690912059347	0.03652066677329775	
0.3034613277884761	0.04664435208537333	0.31550539634863156	0.1358430640706532	0.14992760974165603	
-0.2626550254697549	0.08383594891949832	-0.16830173817808308	-0.16698926123548538	-0.1072155880262588	
0.13250887639801523	0.0713593374038351	0.2515917865766891	-0.0943676120065426	-0.0008751145222289148	
0.07464956915812315	0.1905379622053058	0.1020146896935404	-0.12049561969826872	0.12185479571548313	
-0.053564326004325015	0.24663357711600006	-0.12969922638650325	-0.19953463605181287	-0.0022398884520664687	
0.18391486707093668	-0.1523645663743698	0.0819726564963667	0.019452952436304436	-0.0010542497170316428	
-0.17841834576950796	-0.15484494612994273	0.009537844836331206	0.18847895560082162	-0.1633820656375779	
0.008578022079512913	-0.1589756853968814	0.31865362402282277	0.2227467598828305	0.0619121073649144	
0.3001094968093803	-0.06214951025076136	0.3063036499352702	0.24043980283648259	0.29049408473738697	
-0.24691760934490709	0.0236529009848817	-0.032378532843768654	0.07613827864372665	-0.26575878835208405	
-0.2622776159492534	-0.21732868417807036	-0.04458752557595308	0.13880489055165415	-0.04090212338441803	
-0.6160063363750292	0.7312227353969126	-0.9211126310149537	-0.3694169433052528	-0.25981264852549385	
-0.039706298871603964	0.32292564256237455	-0.10922868742156608	-0.3729569564811969	-0.2554263792246573	
0.24970126527136668	-0.1826974319293996	0.44297247525685934	-0.013332013381416664	0.0586458987183913	
-0.08983137693709295	-0.01394093615372788	-0.0241061751606015	0.02445737393097122	0.02692744289423933	
-0.19411994929518703	-0.15932592257575567	-0.028178695612720156	0.12686719707961044	-0.015014500048863526	
-0.08244832505177926	-0.09711759466069016	-0.1398945055272787	0.07808420116779534	-0.0743299646281093	
-0.29902133937016806	0.15508443315063394	-0.24044473173520672	-0.31962945119193553	-0.37453371207586805	
0.07887483888100548	-0.17944856138255336	0.1987683187910827	0.27733723092933443	0.12692422871513	
-0.09606673543717449	0.1992599256286692	-0.056057514893230055	0.006422593014981984	-0.2269882531438044	
-0.17974618804259257	0.15844802038673597	-0.05175663456503508	0.18518219226624313	-0.2743196983113388	
0.0933796022819057	-0.12957949601929503	0.011910092314742823	0.1389514006825503	0.004646982227336666	
0.06537835795340627	-0.009826644502322587	0.1309917299341887	0.38694642215049685	0.046168601672157396	
-0.3433386643572271	0.25705240871463847	-0.25121066235934986	-0.03356919861461066	-0.24223999461884307	
0.219905163348481	-0.20629735162288276	0.12771803214614738	0.020366548092241733	0.15169475321239065	
-0.2339102849564713	0.21363870524110556	-0.07720184820911226	-0.11175392045945994	-0.005844185785522873	
0.062211582114115344	0.014055767095941828	0.033361272977648446	0.13407275414447117	0.22366317450637574	
-0.10421951364990135	0.2539584386549618	-0.1210032023339726	0.19649149692098375	0.11569653264413246	
0.12210128945154419	-0.25548226762479087	0.29845590717735065	0.26773839994778137	0.051021623669684775	
-0.06628743337733396	0.28205305930237784	-0.09242367280663025	0.061848617859169355	0.04305441398592179	
-0.07662486133054906	0.17305704678565417	-0.10819316965048155	-0.16845517870332016	0.1577095297445488	
-0.030714611165198465	-0.33427079094477036	0.183412126693284	0.0006910171139645503	0.15854810277223216	
-0.14610370994822286	-0.01821960579935305	-0.07427697235836282	-0.11990515842192725	-0.17360245372532365	
-0.09552222703680208	0.16181584895831974	-0.009811549927756789	-0.11578005605295337	-0.24315470202767836	
-0.2365343299493486	0.5115758085827192	-0.2002698809924461	-0.28359389380508315	-0.12071778837328971	
0.03055210760837455	0.1507549974383795	0.04161917354169445	-0.07548938498328087	0.11569236851209656	
-0.1724974835773215	0.1371781472922015	-0.16109539776874002	0.03833171975361853	-0.0702736849037273	
0.2836274906101941	-0.1536099732541214	0.18644213740627538	0.24807201479702284	0.044368052016314524	
-0.0029394760007001616	-0.018719237801297625	-0.040755210998363524	-0.005434218960980064	-0.08300241365501129	
-0.13002438260781427	0.2853132554496624	-0.19289749266424353	-0.13199439337640723	-0.2639670905485464	
0.15221198263122973	0.29573598245581134	-0.15620401078352664	-0.04078410325978268	0.023501648731343656	
-0.09306684240376228	-0.20138808804683136	0.0831151964857427	-0.05360442651428929	0.11343373658168053	
0.0828487170760022	0.05090822410891413	-0.0019437522737345049	0.032563411967729494	-0.01882671014231639	
0.07355232785246897	0.15432281519361873	-0.03802578402749451	0.009186967435596865	-0.003445361390241348	
-0.11178296827788031	0.042141203190412944	-0.03312982159241649	0.21753054031306343	0.08878825782726231	
0.05451255165166055	-0.006084810149163029	0.06075917686643806	0.14382139860511625	-0.06073055174631329	
-0.07821607046672464	0.12206730984217673	0.09929483200654048	-0.0026968094453939523	-0.17436721008148132	
0.21936803719326436	-0.046102923556982665	0.17274838220764774	-0.0763670459921287	0.12283645009674647	
0.16286915264952118	-0.008234109164421832	0.14555980047765665	0.26648001108016584	0.251391084133996	
-0.12697784601729833	-0.036554293581692994	0.09861470125399897	-0.07990308561054234	-0.02510423465863751	
-0.09757265121367942	-0.0033569685560577932	-0.030861767283601398	-0.09207929889918987	-0.12348666029244065	
-0.27930779556264773	0.20784796422048404	-0.3254870803167627	0.31592589624275713	-0.0420787501213084	
0.11631664329356163	-0.060837721014719605	-0.07745349981707468	0.23275456339056563	0.062390128790471816	
-0.19740322569558008	0.13843649481757883	-0.24360773622784007	-0.16401113792281585	-0.2460567123792652	
-0.0734291364424377	0.13141196444374426	-0.1453665719114723	-0.22235022907935006	-0.02338641120366903	
0.011507377041036071	-0.20162555944343508	0.05326849849119065	-0.12612998718675106	0.11216084162031939	
-0.03624171000153756	0.029350274044641522	0.06847170359573362	-0.0890796943859926	-0.09050113617165685	
-0.23953569617966852	0.3073800907174507	-0.3784377282053808	-0.1022086496412377	-0.2694062878474857	
0.32848946025303133	-0.09859480179925958	-0.19142391338788986	-0.31637812490354006	0.2277100600622223	
-0.014658510306787047	0.010849214895578317	0.29400363216229214	0.20506661836389353	0.2777868269521019	
-0.37251657123402565	0.5020484313329974	-0.26061950047176696	0.03572794054276986	-0.027515896313002216	
-0.05160343777176866	0.1452346975451148	0.1505102399621474	0.11058894551804883	-0.021059830162919388	
-0.13087729518721344	0.02667529695068492	-0.10623981369221581	-0.09720842775074974	0.06509201697007844	
0.008459756622607947	0.17883640783394086	-0.08253775708516985	-0.02259333802495825	0.21455323582056507	
-0.21722356927584954	0.11664022970980889	-0.07207377876474835	0.097289318714456	-0.2112628611805345	
0.035882541907906525	-0.21002060471696818	-0.019500141016154146	-0.016994670145883708	0.21990184162394946	
0.23873078227695813	0.04521991262933296	0.18138564643846034	0.11362109891854458	-0.035218943885288866	
-0.09491478448816813	0.17544976729805842	-0.049167485466025694	0.12102507266788519	-0.016599924417014914	
0.5883066896261802	-0.28692616844875873	0.2907478977509799	0.1389299657956961	0.5099032675314938	
-0.161789527448034	0.25933945771283284	-0.3104755983394897	-0.12911283826962572	-0.10811325042068823	
0.025895548425697735	-0.044989948334721606	-0.07808984729514366	-0.005678267453943515	-0.039918864245736735	
0.01673433214388694	-0.35850345095716085	0.15129180679618576	0.15565564801145554	0.3155843337637651	
-0.3584901212549741	0.08860548895888773	0.06031410106377751	-0.2185376797535725	-0.08721120371550269	
0.025769893177638375	-0.07557813788334182	0.22690189887616113	0.04812444305352276	0.14201422937560695	
-0.010026414027949822	0.005816467125123227	-0.18588955552361147	-0.11439468826597012	-0.2547279458918305	
-0.008523846107658044	-0.004365836801724836	-0.1477385333448331	-0.10919780473889318	-0.07105809797399298	
0.17178981050855532	0.16388490017951587	0.12108501551866718	0.17413235199413948	-0.10200681556680523	
0.07959225679896113	-0.07099516629997915	-0.06737480802889682	0.08932242755695868	0.18911830127982518	
0.0613440568641453	0.3142609572257824	0.029654889151223933	0.16831168567223048	0.08244908859452804	
0.1903395642360531	-0.30130413782876025	-0.14242710164480946	-0.005097675320068298	0.07356547541713564	
-0.3052008402290292	-0.011463925847302619	-0.37099435569453376	-0.10207186792429107	-0.09683533229335889	
0.1836726316500259	0.0019190100847941132	0.0734655557282039	0.28700171987921885	0.17448776277348763	
-0.05872936385869303	-0.11242398920450075	-0.1120153025174872	0.01209308241510035	0.16009267371204444	
-0.050204141177662864	0.04371143299564067	-0.11836709871719438	-0.016305100572491057	0.037858803829750334	
0.03786023234678275	-0.2440800906760647	-0.12742361739763833	0.1234435801774016	-0.03480082078505475	
0.18941086142021887	-0.08311638990671935	0.07195838866643421	-0.04303957830463821	0.1371808872947106	
-0.06773258641990977	0.19045829551827237	0.08842199269788036	0.07843351374327359	-0.07813740024572897	
0.03460762041367198	0.05520757082103356	0.3345081382879191	0.10348315774537163	0.036453385403461894	
0.182167301721895	-0.0762849608601382	0.08248890372739284	0.2003094353234909	0.19486089610090435	
0.022485046022542178	0.00819450760072226	0.3596145254861824	-0.05608657518239197	0.157499631959655	
-0.03172567066528291	0.18283838932974705	0.20151756495639195	-0.07665749278540689	-0.09891133995256085	
-0.04358266227022548	-0.001086041377512138	0.03607575650100703	-0.038536320959760915	0.004912046847770874	
0.02842446576485985	0.03436564704613337	-0.18469839589995538	0.11782339119727173	-0.041671021024573145	
0.05517323370201941	0.228005442204807	-0.08345596270269848	0.032218737577352545	-0.08605829013144974	
-0.018470650702330414	0.3148991123079551	0.03522753894539579	-0.14719735696063588	0.1596121709971244	
0.07123605606260507	0.11179163581554269	0.22233482426097706	-0.124534252591755	0.11406475026041653	
-0.0638891855264861	0.2188939242284606	-0.028358109380077268	-0.12090122181314025	-0.15306926012052466	
-0.15559827058016562	0.36321104588595143	-0.3632413945981254	-0.2798942964417836	-0.21761347690665173	
0.130084498613688	0.1825586593424645	-0.04597169097908939	0.08965965308621808	0.25738074827221885	
0.040588154837086055	0.27913724153594555	-0.05550150490072252	0.12364993651163332	0.08146886709606806	
-0.09970388960433844	0.26083183008490185	-0.40305325428732247	0.03855844326691116	0.03055133001245196	
0.11385541552403317	-0.020554675080887264	0.12637366356273155	0.18503938514486365	0.21602458346018727	
0.0017410985414058038	-0.12433718692494873	-0.13155701611779702	0.11308609123044423	0.1848937743210933	
-0.17903037229457108	0.16800012059877134	-0.25695121006728994	-0.035509390572157976	0.04959460644068235	
0.06042166789677829	0.09137527526920344	0.08092045177483405	0.06501962591595403	0.23852318644926065	
-0.2158913940856158	0.11246477511206117	-0.11224458528597821	0.0026452837616288047	-0.06961419280863815	
0.029561646074330265	-0.1671732336483226	0.10690381860668602	-0.016503466172391786	-0.17673367301501466	
-0.08723647158009365	-0.11196081516577615	0.13708362004510258	-0.16145371720339857	-0.1833919198287889	
0.3617780285551294	-0.21367155033448013	0.06456852127215432	0.4970155152298209	0.4080981830833035	
0.0945592982266839	-0.164141961159367	0.12511258284995438	-0.10469566112167758	-0.2294618120145034	
-0.14283689635504368	-0.020709295284807874	0.08231668825758849	-0.08098621852747546	-0.39938354980129825	
-0.08766093839727986	0.035042372574773856	-0.3568936078443047	-0.022674632607441306	0.06638571653399987	
0.13240723698959894	0.12230524653195732	-0.24425453320360122	0.1152830723792208	0.16789248854857752	
-0.16929254080412476	0.3256529722378278	-0.2629389620955572	-0.05323329911041023	-0.19960017067201116	
-0.1342230626980581	0.10322009809916975	0.11451582224296489	-0.03545052950867123	-0.06725048755426133	
-0.3192595195006908	0.07735775335956485	0.16327921825756325	-0.1554796436407043	-0.2682590784649908	
-0.07784191261333653	0.022782463420793188	0.10951982669021074	-0.09895780153183446	-0.23186999848637896	
-0.6677725332204495	0.4825263149818244	-0.253004032819009	-0.3744408886877155	-0.5536531279448997	
-0.17112774362547084	0.1977683561230015	-0.22133134646287975	0.05839351195639388	-0.028671349451959347	
0.1345227276977168	-0.10461522567608071	0.2889162350306365	0.2583344513429956	0.41512289566407556	
0.10636524201603285	-0.09775635993067092	0.14339320397546346	0.13062932009780737	0.2411763305670789	
-0.12546116374436403	0.1131555761495112	0.0022592192759916876	0.10632796909458513	-0.030739935636843747	
0.06163409013555083	0.05960407060393001	-0.0002947961093473078	0.14333493124617672	0.32512609765317535	
-0.2744452134285212	0.25885175636455204	-0.21639056084476396	-0.15616762314387123	-0.034170337226364575	
0.1323155909961979	0.18691042701816948	0.3246210070427665	0.10968209525641609	-0.27128403921431515	
0.15641253331574065	0.02984507962808384	0.12736947806970805	0.2771500126052712	0.07468094795172302	
0.044307446995680545	0.06815336890767013	-0.1011685889087339	-0.18855553872258024	0.08447565812098101	
0.1670132447975909	-0.19596764474204767	0.06222743998448474	0.08482852057549387	0.17828922128438507	
0.21341598104770032	-0.15483083645118065	0.16770054297590375	0.17967053997593194	0.3509135512184839	
-0.028835762973824657	0.1640251456222158	-0.03436169461368453	-0.14160777076818862	0.046415472310302325	
-0.04475743138549695	0.27866547667453195	0.029134486283594524	0.16952397536975072	-0.07692350903678971	
-0.49510563155545895	0.28879002725228614	-0.33137851045091526	-0.22422954175127335	-0.1842954413824205	
-0.10364998688422945	-0.040062297504554506	0.07133100020167862	0.10486504201705096	-0.013814947717765022	
-0.23768019354765874	0.1917037162811004	-0.27053063989400844	0.04104429623091242	-0.10032342114667636	
0.2611026923639044	0.18469068277238532	0.28409991927735306	0.16820092408774895	0.20300450288048044	
-0.04529408054184378	0.2750067635647035	0.02081187709610511	0.12479355608671215	-0.1817478948584587	
-0.17626410792352726	0.1089527474061406	-0.27898729950021883	-0.2492620457067387	-0.1447196324720075	
-0.20006384585873951	0.3330755880364684	-0.28017137831050154	0.004128249682124596	-0.18931793388547166	
0.08686622253717124	-0.019110250867546842	0.13690758685994475	0.1468007942647768	0.05756272929850275	
-0.2868061572459453	0.17321169825292054	0.027500242099953394	0.001598128647253213	0.04411290732244218	
-0.09322042269064272	0.07296917006205342	0.021878004605583177	0.17380104725988413	0.15061375976092917	
-0.053589764576333264	0.07795239921575	-0.07168495165313486	-0.024962406948776557	-0.04074475816118909	
-0.09298098714584772	0.08697655048859872	-0.10545873063098346	0.014156128028795609	0.006651193715629256	
-0.10926859880491215	0.16243083854279203	-0.12292331833476401	-0.07111070307343027	-0.02755020555133809	
-0.17208925921245527	0.29353919818306257	-0.24152370407776091	-0.0989102748138956	-0.1134960091851668	
-0.7389972856346482	0.276790992280132	-0.4491739310406381	-0.42508147646378447	-0.3774904693196076	
0.2040071217525659	-0.16747630173150344	0.054324918205583356	0.25475761950769177	0.08634653245508399	
-0.1015148069363154	0.19941713938440184	-0.33260012523684246	-0.4278945757827148	-0.41346533187175954	
0.3080373231087482	-0.002425334694472107	0.34580736224198794	0.24365444104996023	0.32626740625935374	
-0.6617575164916549	0.5658276898293979	-0.850343763110009	-0.6053393958786627	-0.7241598127515503	
-0.5960612642010034	0.3491472298655162	-0.5594886990055413	-0.7728942380816647	-0.4649051677743712	
-0.17305910753846496	0.11048086882351922	-0.02596121844518004	0.02192639805478338	0.08358631321887237	
-0.2632537069258582	0.19628341768656685	-0.19156558245531585	0.053594575928385665	0.009331508688604837	
-0.05534835531237588	0.030000587256631645	0.033070663246180125	0.04117989068062509	0.07912992024233909	
0.09827166444119909	0.05264416659241387	-0.07399131842572058	-0.13314763194278106	-0.04425825486181357	
-0.7865198195394976	0.4051787900123921	-0.5771587057335741	-0.661120598085641	-0.4649858884196156	
0.3327063783185284	-0.24596513663598302	0.29852093911223804	0.5066129222972543	0.26365379715795784	
0.0009474733947189877	-0.07777480911669232	-0.07478590918576522	0.002294711119556467	-0.046004139066355754	
-1.2069344855749382	1.4106546884177786	-1.3372911275801438	-1.2557413240443793	-1.2097025060184425	
0.8694199864640626	
