TESTRUNID EPOCH: 5 L_PCC: 0.8717376257762793 L_ERR: 0.010013328687138352 T_PCC: 0.8313786863060431 T_ERR: 0.013149714615298475
180 LAYER: 1
5 LAYER: 2
1 LAYER: 3
5 :ILEARN
-0.14299587574293585	0.05176654389579242	-0.29661740423020694	-0.051167555995455485	-0.5380997656178755	
-0.5062883389707411	0.4225188619692942	-0.24085028821899643	-0.28107937298827673	-0.37392471865828125	
0.12454374371677181	-0.13688156145081648	-0.27764981284444007	0.29300871594338973	0.037432480166784944	
0.5031124057412745	-0.427108125812167	0.34678000097833506	0.3664610141171244	0.5351695077210983	
0.09419334059816045	0.21529392638606742	-0.18000010280309892	-0.0037314759496052904	-0.12799351947559842	
-0.09601624600434024	0.18489088570447315	-0.1399294624694578	-0.27544260690786765	0.2018662138651097	
0.23774775182776767	-0.18199023902411204	0.3832842539133606	0.25634064058397676	0.4750701599613561	
-0.4487759742120903	0.36279715369871823	-0.4199930716485011	-0.22489350802258207	-0.6765562728427871	
0.09089876774192929	0.23947923122769732	-0.2084124327277479	0.09202702112000033	0.06840995797727836	
-0.07022407053110867	0.015619885773373369	-0.19261440884059572	-0.19109730356806853	-0.13075239609117945	
-0.21883237256284843	0.18500315813784088	-0.1315080902617938	-0.2118832388964259	-0.010506712922815178	
-0.6734613818764936	0.5263820450489208	-0.5234061344559012	-0.4204503356053146	-0.5510158929994804	
-0.37970430451378223	0.23083825887005854	-0.23914841655614136	-0.2556733610136983	-0.2881699413226899	
0.14402879437894506	0.1300061820561618	0.08099441842250846	0.1797125870955777	0.10047607033851594	
0.31978759380840355	-0.2997162773711065	0.2762264741001797	0.3289540548910134	0.07793137591620455	
-0.47826811508344336	0.6073216991606168	-0.6847794505476478	-0.3589510520798246	-1.0196005796605905	
-0.2764277768787905	0.42967609306456983	-0.536712186532327	-0.4358238288727503	-1.1151653199984557	
0.03465595283722504	0.2584087682187012	0.13928766373476667	0.0906653303450523	0.06877030208422144	
-0.03713010815009034	0.19794933994681874	-0.01726637718146138	0.0838033491543522	0.16553405843216873	
-0.14127360176798767	0.08230219206072989	-0.2111449031689675	-0.28760829144988276	-0.2342019331906492	
-0.12635884352752944	0.5042382708678632	-0.4385600451075323	-0.09442232815043212	-0.5104128159834692	
0.4719509305117646	-0.24106660754529677	0.4380861400411656	0.3418238291236779	0.4387563868943322	
0.13739790722309558	0.015376709585892712	0.16808761000407946	0.003934322147947199	-0.26547000004581817	
0.10171455582700674	0.2409557492147342	0.0498730434802417	-0.03686840833465641	-0.3176504621442822	
0.3709976259824019	-0.41130678295600254	0.10710806635596012	0.4323948634345854	0.784286441909731	
-0.4305504014839248	0.5408376877402292	-0.5170514938147457	-0.5245068797882021	-0.8415582734302998	
0.08846268449843371	0.17740072437711293	0.028380383908080578	-0.09763826845935145	-0.03375251104453063	
0.10419515176233801	0.24117819579750688	-0.1208077906301154	0.14115667469912696	-0.13505463364557307	
0.3998493362656079	-0.33049471622367455	0.2932094618029126	0.1256113717537626	0.2724360134284558	
-0.7615943962767168	0.5179237423491868	-0.5200852005087203	-0.36346643181637467	-0.8211010612862035	
-0.44042608711077	0.10231171169866568	-0.1098685816376579	-0.1383508985944574	-0.08696248455742259	
0.2788807129516468	0.06145660103962725	0.10094383433949093	0.2235124552324609	0.06594727625633966	
-0.23787968641263632	0.187381979818993	-0.06394931821627135	0.043719226642203374	-0.24874283053305954	
-0.4292460482271308	-0.4642676294692724	0.05790210900482181	-0.15212998723256366	0.08233970902383822	
0.13777785059684425	0.2881165516243188	0.13441651318296977	0.06091977665108555	0.02960549876652469	
-0.6466015050193368	0.9592714947357458	-0.9874152834794523	-0.8266579004766113	-1.3734585239344128	
-0.8118709326923556	0.6357862367083992	-0.786899720980401	-0.8863062596642867	-1.273974603161694	
-0.34672690001195733	-0.10428996000462826	-0.27213101842544346	-0.28504776485508754	-0.2902841481863027	
-0.19403361169255326	-0.33299121833489403	0.05265680263100436	-0.09465038320227852	0.057122123085895996	
-0.7388475938817286	0.6888268101886125	-0.8685759353708272	-0.5177066194257602	-0.9146550787485833	
-0.07382891574715429	0.2749720655614715	-0.24501510417184635	-0.10552263464579398	-0.4175692256011108	
-0.015914046194511262	-0.29377491613857903	0.2996237912328023	0.2605189999907771	0.49751593721581644	
-0.34373791545927945	0.25227742388561153	-0.23280860654593466	-0.43028209866521827	-0.5418900549638008	
-0.07358827889591897	-0.26548057865371244	0.067659675880887	-0.040577425907853716	-0.41971244941014973	
-0.1026456240799836	-0.057995085601909184	-0.5414842184875279	0.25284468078166294	-0.7155563938740138	
-0.20348895967612474	0.17202708991955107	-0.04220445303862533	-0.05706997647007821	-0.4543165926496569	
0.03907545924848487	-0.1286317590665784	0.1837320669092366	0.07432195593189371	0.03400452939586408	
0.1575262563281835	0.1975763048828161	-0.0505138882081161	-0.06283451275800335	0.05576132716162712	
-0.15391672698216494	0.0879357251215883	0.28188351029491615	-0.16810463877551626	0.17272840873614356	
-0.0401077213977266	0.2332294675451773	-0.24344483300656558	0.07994204486409581	-0.11435649369474529	
0.04436246806828869	0.3477859012329181	-0.01687888694648875	0.3424258652610291	-0.12726936857324522	
-0.03692852836517562	-0.3148213884770497	0.11713261324033615	0.058888319659641294	0.3381070842601342	
-0.28932018731466685	0.7599940194372989	-0.3781868444955612	-0.16545824528203293	-0.7474334667538721	
-0.49234384156592803	0.7247378880740167	-0.17632941835642976	-0.551476846976851	-0.3459699060072831	
0.05965468028126644	-0.018241299216715634	0.03996962040637549	-0.07080726783537179	0.2939709714416243	
-0.33228093731707786	0.13725439928321229	-0.33253308540765497	-0.39312314087943734	-0.4616300980952595	
0.132924508420753	0.07286863552355838	0.12044235998379993	-0.0026635940130399455	0.13438833326568603	
-0.19017972991865958	0.35199862971225093	0.04257869665694449	-0.24982673566907165	0.09278560170930551	
-0.5378946313367705	0.6148530665895778	-0.12108072090203734	-0.5686761429037168	-0.3321064515973047	
0.03710719926356571	0.07804270405535116	-0.18412116184669822	0.3328267697607537	0.008963400685462294	
-0.2584573238566017	0.23090973326887645	-0.3251020761629248	-0.27433564331627386	-0.3300266744464874	
-0.10095500558780862	0.3071548287347158	-0.06076634479720832	0.03182501719314146	-0.17223955840966582	
0.04973465270203714	0.1987734707769678	-0.11380035968655489	-0.07390903817629305	-0.26599764282061716	
0.0573194439117961	0.131424731254446	0.01416684086050059	0.015505127871501536	0.055537542905316165	
-0.08140022987269385	-0.1334726704806395	-0.12336469934268883	-0.12737745966220013	0.05718336445806557	
-0.02685831480580607	0.05879068125625428	0.22669734874094716	0.08661207067878542	0.1303093344746468	
-0.1592060853368226	0.13289724218294777	0.16355494276644134	0.04339569357638215	0.26844336900424093	
0.11489549335428487	-0.32394611765148035	-0.12682852873915654	0.17342349533490364	-0.0460733194838597	
0.059734632422283634	0.3200228862758279	-0.2076447018364419	0.06585528901832238	-0.01702736083584571	
0.09926605420753341	-0.11453620222596206	0.07769512690669331	0.19718005441825007	0.040716394241973736	
-0.043394525072336404	0.10427480309380058	-0.21985825934666503	-0.08541684696264382	-0.11556217246110782	
0.025632478127917593	0.0659662718907381	0.2170089101812591	0.19438832521540883	0.2708653242563434	
-0.35457812901147967	0.02564884912195021	-0.2360943953277296	-0.1478654182097595	-0.2012357453300942	
-0.08040952259596594	0.29939799226203445	-0.2933494861831899	0.028848750828177835	-0.26870152652457535	
0.05120448874746264	0.3415550935024209	0.15883242943444562	0.039105027268593905	-0.14852664750451683	
-0.1926106590098812	0.2611974994810039	-0.28219558381446336	-0.19444370945592404	-0.4323488294695404	
0.2254778568276831	0.057298631721936735	0.2746276275729693	-0.0005126459150690647	0.08310969693427775	
0.014343113521814733	0.027762292776916154	0.2839859187373524	0.059650170094666936	0.16133446204017188	
0.052943889576448584	0.1257178176959874	-0.09063824388380434	0.13318822956329374	0.15777949998848964	
0.16389486980670342	-0.19409002843421355	0.1773720966904932	0.12167265837539525	0.2576671881987552	
0.19421786960159404	-0.09130753607109265	-0.08446814055883295	0.10947172819769267	0.09507615255324214	
0.33907311886522173	0.014630088506675604	-0.3366443320647692	0.19482563919644993	-0.14513266928349042	
-0.12277784711520594	0.23350240757977803	-0.06186927122141555	0.04200238550406709	-0.0527789093699201	
0.2131465552035351	0.25015275325868136	0.13523766552711805	0.4036345473684206	0.2557591854314357	
-0.026002721598654483	-0.09856357541774151	-0.04353675809121285	-0.191874901988605	0.344520167276954	
0.15546413702107892	-0.16824649954288512	0.15547459240967443	0.20161545459168148	0.15106158028203995	
0.13162227534118964	0.21829195484197322	-0.041012290141271966	0.21814024285512984	-0.06397535003517299	
0.043716451446957516	-0.15468778941307393	0.004898603701266081	0.06656966689110679	-0.08889320095750407	
-0.01263370327573447	-0.12467440468573841	-0.08568556430127032	-0.028351464583203832	-0.06589459802962018	
0.04433272400207023	0.1804456953089134	0.18352613993878264	-0.016029022899073788	-0.021386478983504237	
-0.08210235964250358	0.01096298038363456	0.23381590133965216	0.15153184073025605	0.2232793392161018	
0.3794890914891178	0.213176291613343	-0.2145529871364159	0.3066355032673859	-0.03776780612537297	
-0.1405649420072405	0.08901809877467659	0.04548725714060068	-0.0775501004196293	-0.005172508657927233	
-0.5276954130674477	0.2858013956326641	-0.14466528263802503	-0.34084211969037354	-0.06718222663235901	
-0.1378226006037634	-0.12171966568585024	-0.16952620751515077	-0.21738962119147187	-0.31747377959737494	
-0.18559619340896819	0.12622634455779494	-0.10605223560295031	-0.2924572530766746	-0.12997321957134106	
0.006629694910881464	0.050615774708356764	-0.026953714576525466	0.03024853910689629	-0.03802639018787368	
-0.001996231284397522	0.11210383461200091	-0.03641068081295724	-0.004238580458916801	-0.07832476422883694	
-0.20674474026986667	0.1407707764952276	-0.08633295308474472	-0.14140467028614978	0.08473601757835121	
0.0703202012355468	0.24376011000986283	0.08053645665766183	0.11373321946285098	-0.13684321736007646	
-0.2774936176627027	0.0475729177881967	-0.04131030006699946	-0.12595115160184317	0.0012631841555430284	
-0.10366934358676967	0.35476541707155146	-0.2133512883179208	0.050783716584515866	-0.10613509691203651	
0.05715420236511341	0.08122328779812958	-0.14649585078851293	-0.13517344375905874	-0.21274443716045024	
0.3729971180724269	-0.2216848496746954	0.04767451733312248	0.21594772629472556	0.23517887119285807	
0.03857231863444764	0.0017360624838592498	-0.06797846463164584	0.22518585771995903	0.07338439782162844	
0.028209402601244764	0.11283021789170389	-0.03262728766317134	0.10892546446863743	0.009903664512701372	
0.40392205151343546	-0.21897834188802504	0.10363188612690613	0.32282106835521385	0.14284144658945241	
0.013266642819105808	0.10382396547308134	0.0641170770537112	-0.21105022023698053	0.15568995939867333	
0.16853574112408193	0.4071812853399435	0.3530632086545138	0.10911633366810418	-0.16532031127029034	
-0.15975210238918008	0.03463571017151457	0.048385960668034765	0.11890909283476271	-0.03124415133738386	
-0.008099245882890061	0.2961446955888608	0.06406509690793863	0.06451927743314968	-0.08568982543381198	
0.16303661137253614	0.0442076932946394	0.133823476141918	0.28577876377189326	0.08334874635234069	
-0.12067211397107513	0.350531682865883	0.1282682277104156	-0.05647473460603227	0.12128437274479606	
-0.26985342171121024	0.24595426136600174	-0.1150322537511458	-0.23260568277865062	-0.58064621539473	
-0.18615864831975132	0.1358922975347878	-0.0333966312801698	-0.044195857576192814	-0.20422630587839596	
-0.14097956353737615	0.3804407202690395	0.03167365312777004	-0.08199204983555562	-0.05099961747786541	
-0.19999912286917015	0.36934293228880066	-0.1383205310768293	-0.32813189787370955	-0.006936309663210816	
-0.030226695684482895	-0.008900698003321382	0.021464441503643582	-0.10003472862153463	0.22781360896075836	
-0.04033280273752865	-0.019750356253440245	0.4574729506286914	-0.0668799619194357	0.12124897372835733	
-0.13152225471143103	-0.13428125205027272	0.07525391069212137	-0.06019180289665245	0.07410779778213482	
0.07369289456061329	0.21072116205568364	-0.1130715497376959	-0.11013569572996353	-0.10645449217428278	
0.46140007807281413	-0.1398589792065106	0.27583444983713945	0.24637780818892038	0.5682001375298185	
-0.06069356964403093	0.18360680708485907	0.09159615817274684	-0.08517571028184612	-0.13063268856886787	
0.16287523283608973	-0.025032929126703077	0.13996432223959562	0.01572446446882095	0.028709100546859663	
0.06928905681478269	0.06098400303949462	0.08590540926155966	0.2278899946451632	0.20927236774258617	
0.04576903956542128	0.06388074100138594	0.07096650509731917	0.09372441060498365	-0.01187788101737807	
0.14915816030394388	0.03541529353016796	0.3782421142166364	0.035939722049944424	0.2976215979878471	
-0.1126826598760482	0.11764559795607694	-0.16561724457792323	0.17325487927606195	-0.054256631722947445	
0.06351410603562845	0.29048185207070415	0.03543999573530935	-0.08169988313018903	-0.28999168207229625	
-0.04588422092629358	-0.10979082934595769	-0.2583097013328929	-0.039718658798019744	-0.11736652901437876	
-0.31069549226028015	-0.1466211276012944	-0.3900402582282531	-0.2985239245790912	-0.18139373939080744	
0.158915379111624	-0.14337940285706863	0.06056905486694741	0.24628077083563335	0.2428098913372041	
0.01821893103991992	0.009441353741337368	-0.2870849050115783	0.023500605231468075	-0.28867586415183255	
-0.10960274703497308	0.2719138187275923	-0.21453875243349024	-0.14058133112080592	-0.4687013326724386	
-0.13714303327589958	0.18881448389274427	-0.19475469168277448	-0.07588624359279611	-0.09299532498133319	
-0.051821611265066694	0.23539070807768941	-0.28032129163845343	-0.0991558688024869	-0.14441165426197444	
0.013561990890186799	0.07370225815537242	-0.019266789006078415	-0.06475813290261066	0.15716021174965805	
-0.013549501088277289	0.48251056200780973	0.12609579316877642	0.1283328335233767	-0.27636493945973317	
0.06762701648659113	0.34069927439769343	0.15783402455870402	-0.03867358206186912	-0.3392646611945629	
0.09846459655195615	-0.0545921042123229	0.045125175255908236	0.028055485321794582	0.06206581579511355	
-0.24864927918954738	0.008319658296245602	0.09280735769073037	-0.12874430868779446	0.10117384463424281	
-0.023258767093464295	-0.012636511627710628	-0.02229419870135378	0.054514806516275605	-0.32491604037340116	
-0.23744977466669803	0.29850552435635247	-0.0889594748429808	-0.075237232017124	-0.24135448186000377	
0.09351593818580102	0.091258689682206	0.08885297321492376	0.4873861569155094	0.2569445620008175	
-0.175993179521437	0.31707675674196184	0.07091955464398136	-0.10059891877431683	-0.017148271478729656	
-0.05399980974287496	-0.01017817631773887	-0.12919062632989242	0.13889180398832934	-0.17034076758113775	
-0.1063525813876321	-0.04061501262984458	-0.03923212092412956	0.10766871818918869	-0.1393272876005119	
0.03536572953557698	0.19430658510246776	0.10642393732900796	0.26183838481126465	0.1501303282237792	
0.3058914544862579	-0.07273241239393138	0.17733906868762853	0.3381535798884642	-0.15488276934243358	
0.35378113802609207	-0.20606971674129496	0.13399533847747697	-0.08912074930652174	0.4059825533864654	
-0.29176097468936973	-0.0036226719524675745	-0.3577534066488991	-0.31958609583875247	-0.27622001973325744	
0.24376760636233089	-0.29076542584113885	0.20768294118435865	0.30392003848149185	-0.08028629749803587	
0.08376583315997455	-0.028838744529657623	-0.023961056898160554	-0.20402710793779505	-0.07171282916984295	
-0.1488525161622372	0.39076751926028175	-0.04850650395837814	-0.12807169872138088	-0.33550565534955434	
-0.06515680169752339	0.42641120131389404	-0.24175744481852754	-0.10351978710914764	-0.232118954052499	
-0.2899183410159786	0.19751243687149836	-0.03456055678133814	-0.07139218806072889	-0.22499168994276142	
-0.02046351907905294	0.10538127897496123	0.08677481951553495	0.13804522983109052	0.13138923609188277	
0.16200271605999972	0.053528799076435436	0.17591893960231703	0.16157806906722524	-0.15315653004227253	
-0.06715632186650591	0.2907927265566143	-0.21784892352849056	-0.0890102868456121	-0.706234568754598	
0.23971184589353373	-0.2872953946216615	0.10399821675157324	-0.10024335760809774	0.31929527079955883	
0.045804650967903836	0.09028787178601386	0.03841502547360948	0.15884356854410614	-0.11631953327240249	
0.15511323226480703	-0.10930802427580316	-0.33766140096961833	0.03976627208757988	-0.22501631665897534	
-0.21600787255047574	0.011278484812435237	-0.10806293842818238	0.021984627198233908	-0.10028302207349205	
-0.060257069563123426	-0.0355309105495829	-0.12243291241891013	0.21045439254483117	0.0036042659758992726	
0.0658743010073719	0.06954767921514209	0.10580908436467393	0.05401724919831016	-0.04414641192673156	
-0.30538442309473973	-0.050561852430782525	-0.5472043483230306	-0.16398469601030966	-0.3272304719390819	
-0.21306265563800944	0.14385843155537967	-0.43142993020385634	-0.16795091721052863	-0.3423726222597119	
0.15127018784599036	-0.11051399644727082	0.11015755361613631	0.16136643470199083	0.09553218581163868	
-0.019439063316880365	-0.2002139921223656	-0.2865087614030141	0.25859656975318795	0.2815184393995749	
-0.45427322759157646	0.506405263054075	-0.3565648136503542	-0.3789736108692276	-0.5834204681148828	
0.16246250637656806	0.14839050209740018	0.22838667248308986	-0.05904955567527434	0.09356810430342288	
-2.170807033595928	1.4123090906846072	-2.4487166144151002	-1.9004208392946538	-2.8261501362937884	
0.22762872567204134	-0.06680306201136221	0.276946963726643	0.14755935227274894	0.3525106044383607	
-0.2193635560130275	0.18836646970390605	-0.12081532279424448	-0.37004520044740014	-0.1771119446975845	
-0.5242302501747147	0.28520699831005025	-0.42947667068956075	-0.30004200172938206	-0.5553300430153982	
-0.14136642678378342	-0.04584591772299015	-0.1041186350979445	0.16914631422300092	-0.05016719771216099	
0.41325710212830924	-0.3192741157451074	0.5622498454361895	0.45352702723362087	0.5354539772273837	
-0.007690662961133689	-0.16624254008798667	0.11094161453628203	-0.15840260003560994	0.17235788896875368	
-1.1665456941927475	0.497494325096488	-1.1340845458873194	-0.967605036857187	-1.1242984000394718	
-0.10054476542657852	0.3291124129272746	0.07415906628862534	0.01292765111368969	-0.147495566341343	
-0.0644369745263676	-0.09355663290782619	-0.04333318942049142	-0.009082664519789637	0.08172073933922444	
-0.9862970392673418	1.3289167733052716	-0.9605271443844555	-1.0819362189850472	-1.1414946526796828	
0.9568606482683819	
