            A        R        N        D        C        Q        E        G        H        I        L        K        M        F        P        S        T        W        Y        V
 1 A  -0.2691    0.187   0.1491  -1.1696   -0.406  -0.4385  -0.7088  -0.5984    0.021  -0.0897   0.0025   0.3147   0.3638   1.7455  -1.4084    0.079  -0.1141   0.5066   1.6387  -0.2642
 2 A  -0.4972  -1.6714  -2.5304  -2.3874  -0.5134  -0.7451  -2.1585  -2.9862  -2.4846   1.8346   2.6995  -1.8975   2.3989  -0.4407  -2.6097  -1.2021   0.1784  -2.2098  -1.4306    1.302
 3 A   0.0726  -0.3819   0.5942  -0.5105   -0.768   -0.312   -0.723  -1.1316   0.0796    0.083  -0.0921  -0.0897   0.4311   1.0586  -0.1476   0.3115  -0.1368   0.5458   1.4876  -0.0337
 4 A   0.1443  -0.1113   0.5665   0.7067   0.3662   0.0304   0.4243    0.095   0.2941  -0.9252  -1.0228   0.2428  -0.6459  -0.1743   0.4624   0.5048   0.2023   0.4741   0.2149  -0.8942
 5 A  -0.2079  -0.0451  -0.3297  -0.1621  -0.3752  -0.1245  -0.1985  -0.7436  -0.1716   0.2649  -0.1911     0.25  -0.0611   0.5339  -0.4395  -0.0095   0.2005   1.6291   1.3239  -0.0316
 6 A  -0.3652  -0.6058   0.1416  -0.8047   0.5536   0.0809  -0.8695  -1.0652  -0.5363   0.6934   0.6873  -0.7127   0.7941   0.8725  -0.7615  -0.1946   0.3136  -0.5185   0.3234    0.471
 7 A   0.9541  -0.8132   0.1446  -0.2443  -0.0412  -0.1591  -0.3579  -0.1261  -0.0056  -0.2814  -0.4589  -0.4491  -0.0383  -0.1337  -0.0721   0.6576   0.7659   0.6821   0.2007  -0.2344
 8 A  -0.1029  -0.5502  -0.2523  -0.3155  -0.6556   0.0092   0.0241  -0.1177  -0.4384  -0.3255   0.0706  -0.3303   0.0694   0.4663   0.1526   0.3345   0.6354   1.7748   0.8701   -0.409
 9 A   0.0504  -2.3476  -2.7394  -3.0843  -1.2516  -2.0343   -2.462  -2.9152  -2.8972   2.4079   1.8601  -1.7687   1.2054  -0.2758  -2.5484  -1.1503   0.1413  -2.3689  -1.3657   2.6412
