TESTRUNID EPOCH: 8 L_PCC: 0.8136663296434312 L_ERR: 0.015076164567355659 T_PCC: 0.8185158512357352 T_ERR: 0.01492482213024924
180 LAYER: 1
2 LAYER: 2
1 LAYER: 3
8 :ILEARN
-0.6329452289959928	-0.35512567925927707	-0.3987700522870683	0.11909449781556926	-0.008450305490015828	
-0.3242839465922094	0.9837482587921023	0.5999321294776504	-0.21393008762508217	-0.5211329721938732	
-0.24132947825025952	-0.02678843619562091	0.20810928047327065	0.3247534304041009	-0.49306290313377477	
-0.5797958128650541	-0.005061568654401726	-0.2582889139206716	-0.23965619481233363	0.028365060157967817	
-0.19010885528508634	-0.29565067267378986	-0.9478769963935189	-0.690114942906444	-0.5081728942118228	
-0.41716820653839487	-1.3691431799613758	-1.0048881312482336	0.007655503775368237	0.5078460356992766	
-0.6420507349318677	-0.5570490195612242	0.07325461205017571	0.16527431779032464	-0.25055753866137254	
-0.010957654788629844	-0.18784269287838012	0.14658242397064317	0.1570230992548853	0.6222277284599191	
-0.10319353343073541	0.13806248105734287	-0.2163656395037658	0.0436394346371836	0.5576365739550829	
0.2952175946490339	0.1789377361515364	0.026969614238654863	0.2997221159466171	-0.11415435229232226	
-0.3648087665477495	-0.03583712770537559	-0.14754819352514068	0.0013585325476593788	-0.19568935734334408	
-0.23345045568978098	-0.029642308385727005	-0.15234834891381654	0.10110980003606894	0.12830826144697416	
-1.0319683979672194	-1.1432852951733652	-0.012010253072127398	0.07916170146179313	-0.6424776801171505	
-0.651414710005421	-0.4044300834808858	-0.4446336139867124	0.3743963641560128	0.8481205900336087	
-0.11544522474193163	-0.053621918667054035	-0.31227880675928876	0.12233058590378877	-0.4145595978986321	
-0.26658439226782943	-0.017601230443522655	-0.05631926903507707	0.26861026942021377	0.3815341856588855	
-0.8503501585268475	-0.694351064634478	0.07270928998093285	0.17190529369954738	-0.7502588407240561	
-0.009080197142662253	-0.05220406824627562	-0.10781137481039303	0.025822947700784	0.04311243178413574	
-0.0002717201218580094	0.3522159829216744	0.08660420114722539	0.025003953030936957	-0.1371467769109547	
-0.06537260420516157	-0.18670314965018933	0.07517989516553876	-0.4477522772268	-0.14739691451627904	
0.5127972816399465	0.4138101730656584	0.10307268307751698	0.23047844950397883	-0.6951478589056401	
-0.3617097559666205	-0.6783125165631428	-0.6187053864594279	-0.17063318572597855	-0.02611471823501727	
-0.9860406180419413	-0.5894699048107179	0.18705941476917395	0.3765787063157468	-0.08280070589122775	
-0.08303363233160399	-0.14986519165461126	-0.2700900074794332	-0.2013569668837455	-0.1541925205636987	
-0.1629542278552264	-0.34035775924255385	0.09297987515590062	0.22571322062090707	0.6290293776480052	
0.12328712723494183	-0.4229153236709236	-0.2746565803242188	-0.15609122982738224	0.016159287947481143	
0.10541025292681214	0.19659078482516498	-0.487875764673162	-0.216875049875069	0.10436439766573613	
-0.15677721864012623	0.31477296571061153	0.08673236800621345	0.18890280850719668	0.10469866435101775	
0.04017158009657149	-0.03669678694146108	0.10488728054710228	0.1903317958045681	0.007507388985417044	
-0.057487857986813745	-0.34305411285176424	0.06525457687288058	-0.03206786588845258	-0.3892278270733064	
-0.17462867147919123	-0.010968082558868886	0.27568123310886944	0.1844108399686883	-0.27350637841113895	
0.024571702058054153	-0.19762155961199745	0.05041522708688294	0.1146193799049853	0.08940846586285348	
-0.39389915260917824	-0.20158517007562066	0.03402247636986675	0.38733291226037325	-0.01872914713816526	
0.023839886639583904	-0.23911745679841337	-0.08757812206300669	-0.08110985795064271	-0.287938276618939	
-0.41611780137959253	0.10206678536307977	-0.19602387286686185	-0.09566558932532158	-0.14540886284405335	
0.06066961173324003	-0.05612261766750373	0.11200562131090669	-0.5798332206586314	-0.5294922267927697	
0.13963753687182057	0.01695908044225083	-0.27826515254001527	0.049928830061148656	-0.17359681846307737	
0.15512278648450525	0.007226768086407415	-0.3543875532804369	0.46096011039473467	0.44127552242243334	
0.039596686379184357	-0.07879874487210185	0.7383939507377884	0.18593922788363662	0.12719028805962723	
0.12660530617260385	-0.44395230945301833	-0.3985435363174596	-0.26772385259222553	-0.31294084438709235	
0.279961665968133	-0.09346534616708996	0.3020625457457482	0.12645268542815946	-0.5104624435828288	
-0.193708297348172	0.10308941876747345	0.10491294088964506	-0.1278340140639681	0.1674749069031372	
-0.5145719024300941	-0.16941360318078613	-0.046688063315490275	-0.04326118227832789	-0.00545037101012805	
-0.06590598188142999	-0.3658158987379108	0.05209442242767372	-0.06582161112121553	-0.29370084235670785	
-0.5548126513164338	-0.3879364429118286	0.35491266968486285	0.7266070474302591	-0.1335489613037086	
0.08598647745179125	-0.3848146543429413	-0.275976176609575	-0.13551698604069712	-0.03646616266660489	
-0.0530131121860769	0.10005528832065246	-0.5253033411205209	-0.3699932623057198	0.025937696936556835	
0.25777263169082887	-0.090871915840865	-0.039090163663596494	0.08920016514009124	-0.13663135681044636	
-0.19235768984854817	-0.4514944105906516	0.4120387795856663	0.1053951910161375	-0.309293257603934	
-0.35854270551103345	-0.5472525655448234	-0.3863058470276283	-0.02593797757829429	-0.07682848707504093	
-0.19612005324344325	-0.058336872896580766	-0.29533291012088464	-0.4162965692220478	-0.041088716535325906	
0.2342220223092058	-0.2517629972406602	-0.25024028268151377	-0.10726622381961876	-0.07686172253985125	
0.12689934389450855	0.1587618404114157	0.8559381730706889	0.7100617852952466	-0.06275787236247916	
-0.07352905907335298	-0.20507731949637975	-0.39892484447792553	-0.3081347955570726	0.267029365414429	
-0.2974832785337902	0.16699287823345982	-0.7578804532062734	-0.14543920891037232	-0.2565113649392392	
-0.29955021257223524	-0.32475864166381857	-0.6070592876997059	-0.35089238603146106	-0.2441184503786076	
-0.023020919294620933	-0.40554949462304984	0.17769207506293805	0.0005821358296197654	0.19586824275747616	
0.16184910523163806	0.6725518389754784	0.3205834800516775	-0.1881987679770442	-0.07513556333007716	
-0.18328429497361284	-0.1847859810149417	-0.22439970359343067	-0.35856856070685184	-0.2707927891166557	
-0.4537908303989443	-0.02804862770161444	0.21899752950387202	0.4455402657379442	0.041530969756328216	
-0.41046224532906217	-0.34518590792314285	0.0951237095882755	0.1457253793870244	0.08717779675315501	
0.0757910258332517	-0.7453253504185736	-0.2697729648731173	-0.7007711382616221	-0.005378979168590511	
0.10191086712174036	-0.3011221394913053	0.317358573057239	-0.3006529166193238	0.015715590143782647	
0.12326328641516272	-0.3921298674968485	-0.18080460745490315	0.426405182583981	0.08118199664317785	
-0.8281843285311704	-0.6710502154553284	-0.12700169711624926	0.037186542676528295	0.771479629779493	
0.7747806925667122	0.22434723269301748	0.42423512751640124	-0.41901777268359874	-0.538366776806235	
0.23574627426914807	0.2898303381528506	-0.3986692934354343	-0.21563972244821775	0.031823852932710915	
-0.11922655496727816	0.5153249226838055	0.5486316555014151	0.3606282127130776	0.31149191972030105	
-0.8436286928845012	-0.9991480088309453	0.6751450249027258	0.798842996239447	0.07157698643256688	
-0.20743351855398173	0.3228953615181518	0.21858197082309697	0.46616239329600945	0.43403392487771786	
0.03219827048621918	0.13485814395769835	0.08041433164877052	0.30808898016221903	0.10405295909216501	
-0.041584497596038945	0.7651237635699815	0.6429171464215553	-0.5496407474352298	-0.29525742280655043	
0.1854270982646804	0.06602978532849205	-1.9277881865528959	-2.0424348492609194	1.8277036219024378	
