            A        R        N        D        C        Q        E        G        H        I        L        K        M        F        P        S        T        W        Y        V
 1 A   -5.272   -1.084  -0.6668   -1.719  -4.1408   0.1419   0.8071   -7.272   1.3608   0.7858   0.5321   -2.569   4.1991   3.0849   -999.9   -0.179   -1.028   3.3608   2.3169  -1.2327
 2 A  -0.3531  -6.2539   -999.9   -999.9  -4.1408   0.5867  -4.3628   -3.272  -4.2539  -2.3841  -2.1118   -999.9   1.8592  -1.3184    7.495    0.125   -1.028   -999.9  -1.6831  -1.2327
 3 A   0.1289  -0.6392  -1.1929   -0.023  -4.1408   0.1419   -0.023  -0.3531  -0.2539   0.3729  -0.7109   -2.569  -0.1408   1.4386  -0.2539   0.6511   -1.028    2.916   2.0658   0.5811
 4 A  -1.6573   0.6649   0.5031   -0.023   1.4739  -0.3841   1.6372   -2.102   -1.084   0.1419  -2.4971   -2.569  -0.1408   0.0378    3.072      0.4   0.7209    0.916  -0.8531  -0.0628
 5 A    0.903  -0.6392  -0.2221    0.281  -0.9709   0.5867  -0.7481   -0.102  -2.2539  -0.1091   0.3841  -3.3991   1.0291  -0.3475   1.7461   1.0959  -0.5832   1.7461  -0.8531  -0.8929
 6 A  -0.3531   0.6649   0.5031    0.556  -2.1408    2.972  -0.3628   0.3427  -2.2539  -0.6881  -0.7109  -3.3991   0.5031   0.9566   0.5761    0.882  -0.1979    0.916  -1.6831  -1.2327
 7 A   -0.102  -2.2539   0.5031   -0.023  -4.1408   3.3119    0.281   -1.272   1.3608  -1.4133  -1.4679   -2.569   0.5031   0.3776   0.1908    0.125  -0.1979   3.3608   0.7616   0.7673
 8 A   2.0157  -0.2539  -2.6668   -1.719  -2.1408   -3.028  -0.3628   -1.272  -2.2539   0.5867  -0.4971  -1.9252   0.5031  -0.7923    2.916  -0.5188    1.977  -2.2539   0.3169  -0.3139
 9 A   -1.272   -999.9   -999.9   -999.9   -999.9   -5.028  -6.3628   -7.272   -1.084   1.4679   1.8882   -999.9    3.673   4.5336   -999.9  -6.5188  -6.1979    0.916   5.5658  -1.2327
