            A        R        N        D        C        Q        E        G        H        I        L        K        M        F        P        S        T        W        Y        V
 1 A   -0.034  -0.0164   -0.007  -0.0228  -0.0316  -0.0092  -0.0122  -0.0164  -0.0109    0.013   0.0716  -0.0023   0.0269   0.0225   -0.041  -0.0197  -0.0075  -0.0055  -0.0283  -0.0116
 2 A   0.0019  -0.0118   0.0041  -0.0156  -0.0219  -0.0112  -0.0242  -0.0484  -0.0307   -0.007  -0.0061  -0.0192  -0.0353   0.0298   0.2113  -0.0087  -0.0096   0.0028  -0.0155  -0.0243
 3 A  -0.0041  -0.0186  -0.0357  -0.0067    0.003  -0.0243  -0.0233   0.0309    0.025   0.0049  -0.0257  -0.0106   -0.005  -0.0064   0.0003   0.0094   0.0199  -0.0268  -0.0137   0.0445
 4 A  -0.0119   0.0069  -0.0101   -0.005  -0.0141  -0.0239   0.0201  -0.0178  -0.0091   0.0013   0.0133  -0.0287  -0.0202    0.008   0.0107   0.0188   0.0046   0.0121   0.0127   0.0022
 5 A  -0.0031   0.0134  -0.0153  -0.0043  -0.0014   0.0068  -0.0337   0.0088   -0.014  -0.0173  -0.0012  -0.0198  -0.0321  -0.0086   0.0186  -0.0017   0.0068  -0.0124  -0.0126  -0.0171
 6 A  -0.0011  -0.0237  -0.0325  -0.0147  -0.0133  -0.0104   -0.012  -0.0035  -0.0152  -0.0016   0.0281  -0.0047   0.0005  -0.0023  -0.0269  -0.0106  -0.0019   0.0021   0.0088  -0.0084
 7 A  -0.0054  -0.0168  -0.0017    -0.02  -0.0139   0.0198   0.0334  -0.0296  -0.0225   0.0296  -0.0104  -0.0087  -0.0415   0.0122  -0.0164   0.0253  -0.0223  -0.0159  -0.0054   0.0294
 8 A  -0.0064  -0.0015   0.0196   -0.012  -0.0395   0.0004   0.0101   0.0295  -0.0121   0.0222    0.004  -0.0163  -0.0385   0.0132   0.0238   0.0263   0.0268  -0.0078  -0.0103   0.0067
 9 A  -0.0029  -0.0236  -0.0109  -0.0235  -0.0115  -0.0347  -0.0244  -0.0179  -0.0125   0.0784   0.0056   0.0029  -0.0076   0.0273  -0.0355  -0.0148   0.0049   0.0084  -0.0228   0.0312
