TESTRUNID EPOCH: 98 L_PCC: 0.8617112812547811 L_ERR: 0.006323771757854437 T_PCC: 0.5427719425130026 T_ERR: 0.013309956295601456
180 LAYER: 1
2 LAYER: 2
1 LAYER: 3
98 :ILEARN
-0.017306502975044054	0.05375205899640594	-0.0013143542932486122	0.0946581087803079	-0.08964623276355753	
-0.10757392394424066	-0.15684780075481308	-0.15389551030343387	-0.020646505153866013	0.007763346800671395	
-0.038479308312434964	0.006654471005608162	-0.059109550053696516	0.0756234872781891	-0.10704073455668232	
0.01623106687815372	0.10858286232112352	0.18293359073998947	-0.07192261228095326	-0.06037970218302424	
0.060148913735107334	0.0936523151438795	-0.06780525654607977	-0.004335240633943184	0.07527783045920766	
0.07892133270076948	0.07152195718033853	0.1182738660869312	-0.01965340314001586	0.14255052542643398	
-0.21489104314733798	-0.17944571179698715	0.05436722851025585	-0.04371015227565019	-0.05330323546402442	
-0.15427310069145247	0.05219810981202764	0.08645330037368296	-0.04993307566741318	0.11738392122006025	
0.09777221778129894	0.04963313087596788	0.042103079202451196	0.1744848989878296	-0.05013982806328264	
0.0300159929317272	0.10980178125172045	-0.0024649326259738842	-0.012515637807168172	-0.03248809236351548	
-0.09612660842594059	0.03576710658797819	-0.8827400560111802	-1.1262564539024313	0.028103805114819115	
-0.04817172573780265	0.04406933417744461	-0.030190560050471608	0.09343049967973348	0.1436717156233524	
-0.05035695089641134	0.02325058278520006	0.03888003154554903	-0.01716414609461947	-0.060521574042420756	
0.04794407713998001	0.06071210695842957	0.04155217599163163	0.23322920771933753	0.2103641862227861	
0.17319257047290593	0.05775471465645354	0.04976109040467271	0.2249957000802579	-0.020464632602893287	
-0.06692916057661344	0.17398170335637847	0.09061283379122727	0.07695820054888212	0.08202744467515098	
0.090261713016802	0.06348041260879063	0.05018848680546745	-0.030220331604431494	-0.1312407976076392	
-0.021687452542025424	0.0729973043854574	0.21089794633819436	0.03268829956368963	0.024339144041824357	
-0.07705080540932496	0.08989785174141426	-0.0100175733040119	0.01567792287742635	-0.01837263944774377	
-0.05259460395139446	0.08067590411245076	0.014735897334457168	-0.0856728432713228	0.03962810727462963	
-0.05544011714521186	-0.02163464587456689	0.19638669050423596	0.13806092841213538	0.08170703018395983	
0.024672023158360548	-0.16451802902334314	0.005333546333614453	0.04186968858806196	0.10466330592154581	
-0.13060014378381682	-0.16295335696173457	0.1283796186450914	0.09786484137454103	-0.0867999654555875	
0.05109261052049327	0.10592251430238706	0.15884539880471055	-0.010177049196525893	-0.1458679450182244	
0.021695652906709138	0.06276117162799374	-0.09433870239584108	-0.050757786479390825	0.11759245792683141	
0.06865469057775403	0.016054111270096393	0.07639149274499558	-0.07516533697601778	-0.044163264197772105	
0.07105397919129162	0.16776776309284627	-0.022670796780393385	-0.1411907721891278	0.05516589681488585	
-0.05993155718389062	0.06142103912375582	-0.022427871187165646	0.058813458932820493	0.04706145030610625	
-0.1671575505328609	-0.2958943668300261	-0.10691779789909946	-0.09675922807452794	-0.09108962429104767	
-0.07850117417878143	-0.07052104036756689	0.019680757239034587	0.059532750946206026	-0.03149714419028825	
-0.08560514406210265	0.09345526600005441	0.01882442979174513	-0.05189262399726669	-0.07549775228403145	
0.010818304390183258	-0.06091410377813625	0.01627178545465155	0.15457813732031184	0.16242568693893897	
-0.07279954567011386	-0.028292323472342742	-0.03684859815335557	-0.017070916578515977	-0.048367431320961635	
-0.06191881922892585	-0.11237626970772151	-0.038948375249669515	0.021265892330666072	0.013770287417296273	
-0.06931518923029586	0.05254888009003241	0.07577479995441054	0.0544654965928252	0.0693994076921892	
0.12913534624004655	-0.03987408939367946	-0.12781622877688392	-0.03283090821467761	0.047865453011732575	
0.17020695573829658	0.13983974164505075	0.0837372077623051	-0.03691591261587	-0.04793698028429181	
0.060950912748669095	-0.08401039483052546	-0.004581682747464792	-0.10031374306121127	-0.0561787853081844	
-0.10744825363422282	-0.17066187679861064	0.025819704537023917	0.024522444751369107	0.177029090969904	
0.24578641633896486	-0.11788954348960394	-0.08885304083826828	0.045053185553196345	0.11917639724044374	
0.12923115711298322	0.06538020027754661	0.08312126995325492	0.0283132417892675	-0.08033863918665494	
-0.0822656136691076	-0.010061442335338917	-0.03456369407521754	0.15053243108373776	0.17650505010944523	
-0.03567715019157296	0.07058315066555894	0.12094786226072944	0.17823817091382266	-0.1078610090221891	
-0.04378779692833705	-0.09975752620363243	0.08376607388020406	0.036499666723749345	-0.13255349149906132	
-0.03001349242030286	0.013175683225108299	-0.06703429070064323	0.06993186424946843	0.039361812973477205	
0.18201356858363357	-0.013420221273033316	0.034568393629295896	0.02189257089806246	0.01596996617661786	
-0.00802394683663861	0.009269363204074649	-0.13585833556941262	-0.27753907639093656	-0.0019492954760144537	
0.019822061529175677	-0.14744874983006268	-0.05134453065968143	0.12234999937817663	0.26410011170337505	
0.023013991382272912	0.15967357066963436	0.010610805335669653	-0.06972437162660176	0.23349178344658159	
0.26290883730289694	-0.023921999842802417	0.07679709898295048	-0.045062937918190264	-0.027180005665998874	
-0.09991959502172852	0.09535182980621193	-0.02468393705084511	0.09475670767166453	0.02094322019481061	
0.0657691615961386	0.014942300941620454	0.025615239661470085	-0.04648803934354757	0.008485942609337936	
0.008233825423768597	0.01282112919960908	0.04367932590150564	0.029468172576596303	0.07289588601091998	
-0.03546380063265071	-0.061972369741322426	-0.12150546404387874	-0.14105529283753723	-0.1719014327406524	
-0.04247820658160112	-0.06826825737970424	0.18856584674374854	0.23385080153528265	0.07244220439235652	
0.0051707492131184765	-0.05198279472565342	-0.0005544415516831997	-0.0643354491697703	0.014290045080915562	
0.1957904445811359	0.2403014821979937	0.03254396247505245	-0.045958347594048446	-0.05358914695755407	
0.06515162017614833	-0.020419971936346815	0.022485350376084307	0.014497703438321269	0.04662850505750221	
-0.1527438950015364	-0.13602925928546541	0.01896013615174507	0.0020462437657048325	0.03895226402747487	
0.0076339418003010286	0.03479459973422977	-0.004006324401603459	0.14415277728146647	0.0023142300440413682	
0.07373723006759939	0.09320511998666381	0.08728172391384782	0.08163123706226587	-0.013903587737244183	
0.06722461798157259	-0.08821118500412854	-0.1308290310703642	-0.040388613406231684	-0.10974790855982437	
0.08326111069367015	0.08192710499031142	-0.11501061144515709	-0.16639744847742036	-0.061407453596177435	
-8.316586422278671e-05	0.0058796552421464185	-0.10980775433405279	-0.01507192954874211	0.13194812901439898	
-0.031708585482372965	0.004964417334812367	0.04033122887686222	0.04999247430748851	0.022748834214921056	
0.023606647977023585	-0.02702733899600146	0.08695506596149412	0.04632588648920731	0.08495716187381783	
-0.07131674279150263	0.05008136199366749	-0.012740434817042331	0.06660014455496041	0.06719717860930467	
-0.0813788779787822	-0.03512750805476271	0.07458447528002221	-0.008285836039147142	-0.0970311833047582	
0.09340581803325358	0.12473185067819174	0.10391596067749326	0.1261369116864112	-0.17685708322073393	
-0.10567932246081461	0.022675462052303048	-0.01467531546814664	0.0599230523472056	-0.09308575602567315	
0.08375970728363524	0.08890450828882758	-0.048060321340329386	-0.04858614023557067	0.051434561302319035	
0.0018741073189780346	-0.19564460834003786	-0.32513691219609897	0.2023489775385654	0.2994515403948843	
0.0034507013625861803	0.036456104100517854	-1.1380850203304045	-1.5722651549705626	0.34844382554396314	
