            A        R        N        D        C        Q        E        G        H        I        L        K        M        F        P        S        T        W        Y        V
 1 A    -0.04  -0.0118   0.0041   0.0329  -0.0239   -0.009  -0.0023  -0.0405   0.0166   0.0398  -0.0055  -0.0211    0.016   0.0134  -0.0316   -0.016    0.011  -0.0395  -0.0222   -0.013
 2 A     0.05  -0.0028  -0.0213  -0.0497  -0.0227  -0.0299  -0.0283   -0.066  -0.0357   0.0276   0.0343  -0.0592   0.0263   0.0465  -0.0113   0.0203   0.0686  -0.0209  -0.0136   0.0249
 3 A  -0.0291   0.0226  -0.0212  -0.0042  -0.0092  -0.0029  -0.0278   0.0032   0.0065   0.0204   0.0287   0.0147  -0.0105   0.0387  -0.0227   0.0221   0.0122  -0.0077  -0.0118   0.0252
 4 A   0.0058   0.0078  -0.0152   0.0095  -0.0725  -0.0574  -0.0087  -0.0171  -0.0319  -0.0136   0.0208  -0.0237  -0.0187   0.0349  -0.0093  -0.0143  -0.0393   0.0234   0.0114    0.003
 5 A  -0.0228    0.036  -0.0456  -0.0357  -0.0223  -0.0093  -0.0086  -0.0078  -0.0164   0.0027  -0.0045  -0.0307  -0.0343   0.0068  -0.0011  -0.0015  -0.0065   -0.014   0.0198   0.0165
 6 A   -0.035   0.0181   0.0113  -0.0118  -0.0327  -0.0281   0.0049  -0.0335   0.0047   0.0244   0.0095   0.0084  -0.0118    0.032  -0.0282   0.0181   0.0158   -0.017   0.0244  -0.0244
 7 A   -0.011  -0.0034   0.0136  -0.0048  -0.0262   0.0143  -0.0283  -0.0143  -0.0278    0.001  -0.0117  -0.0211  -0.0044    0.078  -0.0329   0.0134   0.0065   0.0015   0.0025   0.0047
 8 A  -0.0019  -0.0041  -0.0038  -0.0368  -0.0154  -0.0102   0.0173   0.0245   -0.017  -0.0292   0.0336   0.0043  -0.0057   0.0372   0.0008   0.0345   0.0225  -0.0214   0.0289   0.0008
 9 A  -0.0338   0.2276  -0.0174  -0.0306    -0.04  -0.0345  -0.0168  -0.0349  -0.0301  -0.0358  -0.0243   0.1471  -0.0275  -0.0377  -0.0649  -0.0316  -0.0212   -0.021   0.0276  -0.0002
