TESTRUNID EPOCH: 9 L_PCC: 0.8051682701631637 L_ERR: 0.014978205282876826 T_PCC: 0.7831129138337322 T_ERR: 0.01679817964190504
180 LAYER: 1
2 LAYER: 2
1 LAYER: 3
9 :ILEARN
0.5256768909661471	0.7744448850794817	0.25949990544043405	0.20591499685344916	-0.5765856899135693	
-0.6231302695329153	-0.5629594930362348	-0.33836454064092286	-0.3940410841960299	-0.3401966517310338	
-0.2840543693172507	-0.12886105407654702	-1.1475387632401655	-0.6895848838059334	-0.1685907183618189	
0.2615815558689669	-0.6378824683295493	-0.37830438444732056	0.007417716120773769	-0.22117709520214307	
0.23021534961173962	-0.17731084861049204	0.6536472702222931	0.844868443433455	-0.8230843219111716	
-0.8115439602140321	-0.6559320894379503	-0.444024960721187	0.2800508544522456	0.7924164589838748	
-0.3721370977407626	-0.18717628963726546	-0.47783521250936895	-0.7744434350299179	-0.17112567105536522	
-0.03536467837256619	-0.19514866769896433	0.14251213933534732	0.03842393279261344	-0.1330688417772632	
-0.6385525760667344	-0.33376141842366897	0.0024145753882508425	0.15952170646769914	-0.2527770040491956	
-0.05959151645352912	-0.08702201057969645	-0.137071990227658	0.3152800919216505	0.6424401681122769	
0.5368081369903347	0.29785547196030404	-0.21264299028146233	-0.13506959987955372	-0.07769188906533751	
0.040452397030241546	0.343850151776689	-0.019992919576265023	-0.28008957360997083	-0.49403483828516476	
-0.10922699616996395	-0.17598343760564725	0.33402939549618993	0.22156596050987887	0.10543718600285795	
-0.10269142727812437	-0.010169607803092739	-0.16705480555063085	-0.3382591503549721	-0.26643011700466357	
-0.47948100789099357	-0.3775451116224265	-1.5731878288440146	-1.045026881479159	-0.12075368280563817	
-0.28519613123740484	0.30797107092962184	-0.21182461337316014	-0.7313575712739181	-0.7546211787701692	
-0.5957100194203627	-0.6116185697690709	0.39485240803311344	0.16362375189235356	-0.5626969531303717	
-0.41337930705627	0.3372252868728066	0.20480624882085552	-0.26752810922680964	-0.3410677730006725	
0.22432687848207367	0.12850024391138687	-0.15516829503586735	-0.08871812561521902	-0.019889612640565112	
0.22778593277819123	-0.3204643716401273	-0.16580139473120942	-0.575621999866153	-0.5148412475898939	
0.5520738336033415	0.5538599711719329	-0.17439826699356584	-0.31213407148265365	0.15991116742789133	
0.06614587508338711	-1.147876262695993	-0.635964129145258	-0.11813956496149583	0.010104928771529152	
-0.2397953209266952	-0.5234228108004987	-0.08048677290125521	-0.39863841283468787	-0.15620988642641082	
0.02314017181054356	-0.24768236237259633	-0.40916635896310233	-0.22616001057718965	-0.5684408319619028	
-0.23896762870343394	-0.403428235663476	-0.05627788912551046	0.2533459417151136	-0.01772363376390441	
-0.10107083100635116	-0.3417719940624127	-0.1505008027288864	-0.0028255304676291977	-0.32640289954562096	
0.07832059331904635	-0.04626412445566764	-0.14774413055099397	-0.17463862845758577	0.04997812685689661	
-0.2903842748588649	0.3304829935258698	-0.3332564082100039	-0.021774825042031612	0.2053977391917961	
-0.006009992699055198	0.29701546676062385	0.06759177165511072	0.28883378124675485	-0.38558167222010076	
-0.12207768098903242	-0.3994123461013742	-0.07420413340580653	0.05177737597838804	-0.06479081318156918	
-0.17496823564873176	-0.0020777257827020237	0.18039796042874154	0.15654243292443584	-0.2509356446103346	
-0.24892987661163157	-0.15823674130423004	-0.16495051936518312	0.09772954785128812	0.270518248916883	
-0.15971065662235712	-0.009789885840675432	-0.04613757991377344	0.051394693039928864	-0.17307583571704888	
-0.48062303857283184	-0.0750311309066236	0.05333272185183733	0.2350289329073548	0.020512149602066352	
-0.15121658385332218	0.06887963452842698	-0.07955903316691754	0.12566697808846103	0.10288115721207544	
-0.06908316918323573	0.012701072597812765	0.004459121823042984	-0.5095716337814936	-0.3137428437773254	
0.5663897622961583	0.5232313702351846	0.5782442935986708	0.4402008128201681	0.01137779190880912	
0.22422166973042884	-0.29663759737294004	-0.05980373866344689	0.1812862039462698	0.21148098130890505	
-0.17074473897322093	-0.2884620027628567	0.21691066151207816	0.15753748947940277	-0.1405499656217409	
0.16308798458659104	-0.23782104273808938	-0.1285222821927989	-0.5599047480771698	-0.3203139427543426	
-0.4131110163283213	-0.30322187948084695	-0.22019115162310632	-0.27111553498630037	-0.233372135781081	
-0.022089442501780056	0.04690264665624791	-0.03918025931089696	-0.2150374312838848	0.013607438439253147	
0.14831165333511281	0.10650508410700496	-0.0064895836472777906	-0.1308912835196741	-0.27422014602115746	
0.23575739693045245	-0.22539935623941063	0.2251829947360615	0.1842096998514616	-0.2208980853213856	
0.015732293309190053	0.039854174307368644	0.1459845187883333	0.18370162949033433	-0.03762203767339485	
0.046609597131121144	-0.08831577283680944	-0.15675858517905109	-0.04091937238730349	0.17380722865726161	
0.17489588426753808	0.08254135295755408	-0.11378780460400369	-0.32256632564121207	0.2541733438044443	
-0.05609064470039143	0.256100886484393	0.026663906348821282	0.08689735079706513	-0.12728889590259312	
-0.3847721806035018	-0.0909115995027866	0.1809031046527246	0.294406641013691	0.18050893218882202	
-0.005005225907076178	-0.12124921292821107	-0.05924774720963276	-0.22376030756152399	-0.34833759342308035	
-0.13676309516905935	0.08497646339417043	-0.26873821129637343	-0.2206830948958071	-0.3497284433984143	
0.3113980930747175	-0.27327856620340824	0.04286181244219474	0.1191924536593671	-0.13992916806083724	
0.5676909139857402	0.3034718465906137	0.3682848007662566	0.32901982302757293	-0.021003497370993926	
-0.33963403248403573	-0.28460881247477693	-0.16554229434070852	0.0898760463358728	-0.11322502739727237	
-0.42322260300224307	-0.28262868923719436	0.274502730911397	0.07037605738992725	-0.2998669704427673	
-0.022332515239074528	-0.2844504770692669	0.11924860243555269	-0.06275278341503941	-0.16301025965264798	
0.11178778981010437	0.3589718564616353	-0.08781730307206959	-0.13074053647557274	-0.31202753107544806	
0.12339027932854732	0.046162571234340595	0.5198393885767307	-0.02182417710878577	0.09636614389395914	
-0.11766215705835276	0.1114796741459345	-0.3637419470680723	-0.05619938888532377	-0.3434618923233176	
-0.2199155207404267	0.13764958504584995	0.17221385018461716	0.42721059292676233	-0.048585002917814396	
-0.4933307868314298	-0.1789156542239399	0.10972474857881341	0.018097794435929924	-0.1930054751789965	
-0.12359676023843767	-0.4588688554057199	-0.37818684717422846	0.3620048254646942	-0.2767591639499764	
-0.06680016455808183	0.21471235636938382	-0.16527928089312113	-0.02043565212738986	-0.15580376535082613	
0.0063724667934808325	0.13139294362471263	-0.1420297701660874	0.2530885590271987	0.09648384299425618	
0.1945597671441495	0.23052712995200478	-1.5713595238541067	-1.1647472970257402	0.1498831734855527	
0.061390875852060475	-0.056308462271604034	-0.006127230203766746	0.33844294328876556	0.39553087846160795	
-0.27009919895316725	-0.2655402696579818	-0.2322811180252974	-0.21306152832956757	0.10222762568227976	
-0.07056932712490425	0.6921224306456467	0.46238127975689663	0.5010001762146707	0.3790859378782252	
0.38099161679080445	0.42273781511681463	-0.5341467729558697	-0.7214202632923644	0.22937790101094868	
0.29775348784381	0.012528840532742867	-0.020613798909087155	0.19365322658852271	-0.059358791742170965	
0.12494911073629639	0.13190250218252247	0.13282472524857755	0.2935314645902748	-0.27532357966158605	
-0.3909474658219773	-0.13445653384696074	-0.47664101799302777	0.3474316040079386	0.4428218387613882	
0.15931767567906296	0.009470996865202964	-1.968616084383853	-2.1892101954210488	1.5177171855237501	
