            A        R        N        D        C        Q        E        G        H        I        L        K        M        F        P        S        T        W        Y        V
 1 A     0.11    -0.02  -0.0631  -0.1417   0.0125   0.0324  -0.0582    0.048  -0.0384  -0.0006   0.0334   0.0452   0.1043   0.2829  -0.1006   0.0613   -0.015   0.0259   0.0806  -0.0307
 2 A  -0.0137  -0.0169  -0.0961  -0.0297  -0.0177   0.0264     -0.0   -0.011     -0.0   0.0803   0.2858     -0.0    0.251  -0.0303   -0.145   0.0125   0.0217   -0.001   0.0282   0.0235
 3 A   0.0866  -0.0102   0.0195  -0.0476  -0.0298    0.001  -0.1061  -0.0243  -0.0427   0.0593  -0.0293  -0.0203   0.0768   0.1156  -0.0074   0.1114   0.0698   0.0022   0.0998    0.044
 4 A   0.0177  -0.0798    0.014   0.1132   -0.011   0.0275   0.1093    0.042  -0.0237   0.0486  -0.0169   0.0149  -0.0253   0.0177   0.0471   0.0544  -0.0393   0.0252  -0.0087   0.0415
 5 A   0.0412  -0.0014   0.0005   0.0263   0.0258   0.0548   0.0794  -0.0019   0.0785   0.1228   0.0132  -0.0301  -0.0201   -0.027  -0.0731   0.0205  -0.0375  -0.0171   0.0911   0.0225
 6 A    0.003   -0.062   0.0373  -0.0016  -0.0068   0.0753   -0.003  -0.0169   0.0003   0.0886   0.1244  -0.0986  -0.0088   0.0602   0.0158   0.0718   0.0605  -0.0343   0.0597   0.0035
 7 A   0.0288  -0.0909   0.0635   0.0462   0.0514  -0.0186   0.0114  -0.0144   0.0393  -0.0238  -0.0141  -0.1113   0.0069   0.1159  -0.0824   0.0046   0.1125   0.0414   0.1411   0.0607
 8 A   0.0454  -0.0046  -0.0159  -0.1093  -0.0054   0.0299   0.0284   0.0667  -0.0309  -0.0103   0.0521  -0.0092  -0.0067   0.1122   0.0369   0.0867  -0.0217   0.0343   0.1121  -0.0224
 9 A   0.0775  -0.0753  -0.0138      0.0    -0.01     -0.0     -0.0     -0.0      0.0   0.1578   0.1918  -0.1242   0.0493  -0.0153      0.0  -0.0292  -0.0127    0.007  -0.0841   0.2493
