TESTRUNID EPOCH: 24 L_PCC: 0.9658041461943541 L_ERR: 0.0018123363871002409 T_PCC: 0.8652329206708109 T_ERR: 0.007567922030983498
180 LAYER: 1
2 LAYER: 2
1 LAYER: 3
24 :ILEARN
-0.6477539412218466	-0.6817810888639096	-0.724897129375391	-0.7077714101221796	0.06388703335314863	
0.04698491097585853	0.25620268971778304	0.28514091556602816	-0.20448929449924808	-0.19921888375247254	
-0.11661493882308173	-0.09961836357761474	-0.08480013674679383	0.029922838558782028	-0.0411550254186201	
0.08339229953505978	-0.30221606916407745	-0.33223415636618847	-0.19859828866411122	-0.20319003072945402	
0.023478519754439247	0.039426969303040856	-0.3637550581290996	-0.3233629653153682	-0.03083343763614167	
-0.060824125302482684	-0.3166023863817844	-0.3167305397762794	-0.15017838431081795	-0.04038509383152669	
-0.2461066214721521	-0.22127021418924755	0.04864502617848049	-0.05586242376232896	0.09161168715858065	
0.007949339221557971	-0.37746612663082524	-0.4415543616605342	-0.32767947107336726	-0.21786233604383332	
0.038665056803204256	-0.041920269411255325	-0.19402246700895845	-0.1022460078010351	-0.21058446567369388	
-0.14363409067082586	0.28152047446158845	0.18060647028287088	-0.29457463212438517	-0.3650188973672416	
-0.08715464013555174	0.032523098092951834	0.005935797825827628	0.0225925126500087	-0.10304651740239877	
-0.1870871336890047	-0.584597818218	-0.6811482715490749	0.011727346340540531	-0.026770298835042193	
-0.005951529626429468	-0.004577128582667118	0.044129136667698035	-0.011087578489129482	-0.2057296612707924	
-0.19887471116324565	-0.6947558593498839	-0.7349300976276575	0.1968716290157496	0.1543653506826605	
-0.05945504575388339	-0.21510302856876912	-0.2903627803907294	-0.19242883165919974	-0.5180612776358945	
-0.5918220318058508	-0.6159941821274323	-0.7346831346221342	0.04646501959865221	-0.018222169474114553	
0.11946331319991814	0.08046073377858975	0.1121072890859631	0.04854199754611109	0.07431297396427115	
0.1815870471035487	-0.007776228817714377	0.07104722230803447	0.1296052542025346	0.10026687312899873	
-0.32873810086666444	-0.2150173599052625	0.03139835359771887	0.041552946489778024	-0.020659654882311373	
-0.05337152674416309	0.15394167521551763	0.08194933707252956	-0.29127150837872084	-0.1994671977038377	
-0.3337165481406768	-0.3354499840375324	0.012227110811712653	-0.0698006842926554	-0.10907565104601356	
-0.22319676301126765	-0.21881593694958348	-0.07454388850865912	-0.6328799016119233	-0.5710290074036938	
0.08036087902491738	0.05211054926059258	0.11634574562356918	0.018992339878458657	-0.29241813246814735	
-0.20682024962985993	-0.1259797506205181	-0.12170940125431938	-0.021176679601300603	-0.1608318594538607	
-0.008050216838285744	0.054161102721215104	0.04672538331662627	0.21927485445377198	-0.21292714335689827	
-0.2543965886452907	0.031588291550070965	0.12620463262867965	-0.3406136809309977	-0.3363062097201249	
0.05001401832946041	0.15395316209911816	0.12637409244859216	0.05087604795369707	0.09716693342950666	
0.014867401809626443	-0.03924970758506453	-0.11471323286343009	-0.10722308404131312	-0.20283219518185217	
-0.17165152434278752	-0.3110524851633228	-0.16051788369335446	-0.06873494136495072	-0.21399039783607784	
-0.24774145429965463	-0.16411559968790543	-0.16489970576406177	-0.3797420646972103	-0.5422621816319051	
-0.08926446644217495	0.1478495639046244	0.0871825558961834	0.04280532999209968	0.020389158732332106	
0.00012692542778826413	0.023024115089733812	0.04109239792932995	0.08919790326583482	0.02305698678324372	
-0.08705346191970204	-0.032863172304033475	0.3242869057819707	0.4257763971002313	-0.4578403794731923	
-0.49535434424217495	-0.0038437070467327735	0.093089563472099	-0.43182926642802155	-0.5590767972564522	
0.09070954800302314	0.2744122256996072	-0.019392521006821317	-0.03932740245088516	0.09432190196021331	
0.11890722385675372	0.1000272659921053	0.020991097884491064	-0.2670681711158785	-0.20636988437597192	
0.14497442015373938	0.09054356271483183	-0.09105067663786007	-0.17139732775931663	0.09519966693415688	
0.23137491398873425	-0.2532714439666483	-0.23587139521206493	-0.17393471857675555	-0.10684673692662199	
-0.013640238764624625	-0.04609529049282434	0.03550099657073315	0.05647872766552506	-0.34504025387060294	
-0.3753822033287351	0.11319166002018918	0.14673694946622998	-0.09733770565764949	-0.029137180992132743	
-0.051409856027510796	-0.11704595197033382	0.06621135017896909	-0.014528555580823518	0.15414371374856323	
0.16544989190978698	0.2924730014187026	0.27295954043734216	-0.6781442302032564	-0.5877338618102023	
0.09364668683319553	0.20240402366279237	0.01219400150839045	-0.0012473505786003813	0.04083848563872572	
0.08964662369826107	-0.3007959667287569	-0.18048079629998423	-0.06882675653376803	-0.21242848523665936	
-0.21469319043417037	-0.19108284871814438	0.03993646798848525	0.15670619886806414	-0.015145754720637975	
0.10954316367640914	-0.23434567975192294	-0.2082918820075834	0.17509246465118575	0.10878542930539216	
-0.14683006494647757	-0.16414439667029657	-0.0797874541253715	-0.1816490263849553	-0.03222431243725123	
-0.026112022123550283	-0.23506683933717826	-0.14853864924177732	-0.28259156813498415	-0.17954352087867306	
-0.02259287853528869	0.064793358074686	0.14857741020021556	0.114424976554504	0.10583230178655158	
0.04793966070794127	-0.25646640726131525	-0.210053882953632	0.07693448600975984	0.11091424816853608	
-0.21928741966537466	-0.025503231599815542	-0.3392556402199333	-0.2677329450956469	0.08692194813709851	
0.12879235667923283	-0.22446700102443215	-0.21238359918477473	-0.01941182999184861	0.06600549185156404	
-0.1500693195738663	-0.07527502116389594	0.24019413833009326	0.24472494144630355	-0.16310347008926565	
-0.20971644436641337	-0.002080873596055597	-0.07603840117144113	-0.06028560146912813	-0.09105274022191011	
0.03359431832709056	0.004073996900757565	0.03288235487260405	-0.007162088964750484	-0.5601347264942317	
-0.7520392693386092	-0.11090366546198316	-0.09201534324900254	-0.0628867922874969	0.03524425608259336	
-0.175288091443399	-0.14426693282639882	-0.011654029441869466	-0.1088330361577881	-0.22877279190329392	
-0.10052013574594904	-0.034009399524926764	-0.042335304724437105	-0.25278321252697505	-0.23862902525553	
-0.016188973720535835	0.017790096991741094	-0.03734558410648015	-0.1243389142459093	-0.0628194641010171	
-0.11064645581010481	-0.24340911424301873	-0.2791795017714334	-0.0525146129900969	-0.16676598892128416	
0.1288541213858546	0.16870572278544013	-0.13705185376987553	-0.19884146920792872	0.029767437285915518	
0.15213505752048953	-0.3163227336626942	-0.34780161508443785	0.006590125753054165	-0.0810754263341765	
-0.24709434084543086	-0.2606983744689435	-0.28108210338552825	-0.31716216234799144	-0.1628507684076866	
-0.14212290906754904	-0.15037265609046288	-0.23254222974369768	-0.25188756696276315	-0.08842655695471839	
0.3777418088991404	0.4127357677251309	0.17609987303865965	0.14405557048792356	0.38506217508951057	
0.3496130497990796	0.18458373729674654	0.2426728069757448	0.13242905198207452	0.123113660574731	
0.24134471176809866	0.35828004018599946	0.060985231753649206	0.1000552521815192	0.14696584029264753	
-0.06677108164906793	0.3012348368184847	0.40273235630467774	0.16284514580144058	0.13000902817749277	
-0.5804908198465247	-0.56836016697648	0.3700788599702019	0.35615832402330255	-0.25049274090123286	
-0.1199282187315651	-0.9047219157190592	-0.9418172357412588	0.21784886556525	0.04462209043013237	
0.3134586036044077	0.2577949055166111	0.04326272433130866	0.0228171781962025	-0.7574307836119363	
-0.7522332069805142	0.5146988716282647	0.5006204817359995	0.482904832943404	0.5624243197491342	
0.2611317353644593	0.2693951453792256	-2.327554250082306	-2.5564535873135665	2.5964246651182057	
