            A        R        N        D        C        Q        E        G        H        I        L        K        M        F        P        S        T        W        Y        V
 1 A  -0.8251  -0.3835  -0.1825   0.0952  -2.4075  -0.2552   0.9884  -1.1129   0.7467  -0.0652  -0.1891   -1.052   0.4743   2.4834  -2.3752  -0.6507  -0.0016   1.9201   1.7446  -0.5064
 2 A   0.0259  -2.2095  -2.0809  -2.5435   0.0741  -1.7817  -2.1128   -1.507   -2.448   1.3565   1.3897  -1.8672   1.2221   0.5237   1.5457   -0.357   1.3078  -2.2382  -1.1286   1.2642
 3 A   0.2006  -1.7553  -0.7589   0.8136   -2.055  -0.8229  -0.6984  -1.0866  -0.5258   0.3394   0.0512  -0.9273   0.8597   1.3689   1.0695  -0.3116  -0.4576   3.0029   1.0292  -0.0692
 4 A    0.023  -0.1565   0.3773   1.1898   1.0051  -0.0422   0.9095   0.5576  -1.3342  -0.5869  -1.5237  -0.7938  -1.4011  -0.7982   1.9981  -0.0358  -0.5036   2.3717  -0.8531  -0.8286
 5 A   0.3148  -1.1059  -0.0078  -0.5674  -0.2529   0.0439  -0.7901  -0.1225   0.7183  -0.2147  -0.5709  -1.2301  -0.2353   0.4549   1.7589   -0.081  -0.2927   3.7541   0.3695  -0.0256
 6 A  -0.3977   0.0863   0.3409  -0.9198  -2.1445    1.029   -0.497   0.4852   0.2236   -0.052  -0.6346  -0.7423   0.6709   0.3482   1.3902   0.2716   0.3505   0.3702  -0.3692  -0.1818
 7 A  -0.0377  -0.3708  -0.4197  -1.0388  -2.0626    0.173  -0.8617  -0.9222   1.7142  -0.0236   0.2026  -0.8657   0.6617   0.9664   0.8924  -0.2394  -0.2361   2.5781   0.6277   0.1739
 8 A  -0.0188   -0.249   0.5382   0.2461  -2.3604   0.5359   0.6159   0.2925   0.2608  -1.2185  -0.7957  -0.2043   0.5716   0.8013    1.251  -0.0075  -0.3196   1.9976  -0.0128  -1.1056
 9 A  -0.7249   -2.069  -2.6908  -3.1164  -1.4165  -1.8339  -2.3873  -3.1302   -2.333   1.9453   2.2027  -1.2977   2.0583   0.5458  -2.6667  -1.2896  -0.1837  -1.7755   0.2964   2.1664
