            A        R        N        D        C        Q        E        G        H        I        L        K        M        F        P        S        T        W        Y        V
 1 A   0.0135  -0.0052  -0.0717  -0.1864  -0.1084  -0.0429  -0.1083   0.0096   -0.005    0.031  -0.0149   0.0021   0.1929   0.1012  -0.1371   0.0092  -0.0647  -0.0003   0.1613  -0.0291
 2 A   0.0079   -0.031  -0.1432  -0.0475  -0.1534    0.089     0.03  -0.0634  -0.0474   0.1499   0.2995   0.0412    0.263  -0.0136   -0.047   0.0115   0.0493   0.0165   0.0295   0.0418
 3 A   0.0325  -0.1484   0.0027   0.0315  -0.0752  -0.0255  -0.1327  -0.0284  -0.0466   0.0823   0.0938  -0.1256   0.1311   0.1384  -0.0336   0.0344  -0.0155   0.0363   0.0502   0.0173
 4 A   0.0035  -0.0402   0.0239   0.0948   0.0419  -0.0056   0.0858   0.0012   -0.008   0.0286  -0.0492  -0.0228   0.0429  -0.0232   0.0313  -0.0127   0.0427   0.0312   0.0876  -0.0315
 5 A   0.0066   -0.053   0.0454   0.0754   0.0957  -0.0884   0.0304  -0.0007   0.0039   0.1061  -0.0082   -0.029    0.015   0.0614  -0.0581    0.016  -0.0098    0.153   0.1224   0.0507
 6 A  -0.0214   -0.085    0.113  -0.0497   0.0636   0.0117   0.0108  -0.0223   0.0436   0.1223   0.0223  -0.0146   0.1056   0.0837  -0.0211   0.0698   0.0851  -0.0416    0.034   0.0748
 7 A   0.0124  -0.1326  -0.0094   -0.035  -0.0528  -0.0116   0.0428  -0.0663   0.0149   0.0661  -0.0158  -0.1358   0.0544   0.1319   0.0335   0.0176   0.0429   0.0947   0.0658   0.0584
 8 A  -0.0616   0.0206  -0.0089  -0.1142   0.0056  -0.0141  -0.0047   0.0013  -0.0803  -0.0013   0.0243   -0.033  -0.0586   0.0501   0.0378   0.0019   0.0159   0.0874   0.0653  -0.0685
 9 A   0.0692  -0.0474  -0.1546   -0.009  -0.1518   0.0016   0.0331  -0.0401   0.0597   0.1821   0.1863  -0.0904    0.058  -0.0825  -0.0208  -0.0478  -0.0201  -0.0555  -0.0452   0.2572
