            A        R        N        D        C        Q        E        G        H        I        L        K        M        F        P        S        T        W        Y        V
 1 A  -0.1251  -0.0619  -0.0438   0.0289  -0.0599   -0.058   0.0999  -0.0665    0.057   0.0791   0.1055  -0.0538   0.2263    0.186   0.0084   0.0179   0.1218   0.0873   0.0619  -0.0235
 2 A   0.5377   0.1759  -0.0017   0.1042   0.5001   0.1692   0.1678  -0.0213   0.1965   0.2406   0.2596  -0.3683   0.2692   0.2721   0.4967   0.3728   0.2486  -0.1283   0.2749    0.295
 3 A  -0.1322  -0.1597  -0.1848  -0.0237    0.094  -0.1494  -0.2489  -0.1404   0.0774  -0.1471  -0.1496  -0.2493  -0.1411  -0.0359   -0.162  -0.0798  -0.1049  -0.1514  -0.1107  -0.1586
 4 A  -0.0952  -0.0618  -0.0167   0.0656  -0.3597  -0.0757   0.0004   0.0143  -0.1542  -0.0356  -0.0309  -0.0546  -0.0176   0.0892  -0.0309  -0.0501   0.0454   0.0648  -0.0105   0.1022
 5 A  -0.0818  -0.0465  -0.1337  -0.1409   -0.115  -0.1497  -0.1923  -0.0662  -0.3519  -0.1902   -0.134  -0.2736  -0.1513   -0.057  -0.2059   -0.114  -0.2591  -0.1193  -0.2546   -0.158
 6 A   0.0353   0.0576  -0.0007   0.0953  -0.1848   0.0087   0.0719   0.0058  -0.0367   0.0615  -0.0238   0.0789   0.0222    0.094   0.0462   0.0675   0.1586   0.0498   0.0092   0.1124
 7 A   0.2353   0.0796   0.1713   0.1968   0.0786   0.1845   0.2213   0.1677   0.1697   0.1395   0.2158   0.1241   0.3062   0.2735   0.1482   0.2021   0.2031   0.2752   0.1488   0.2473
 8 A   0.0799  -0.0096  -0.2982  -0.0648   0.0992  -0.1244   0.1454    0.001  -0.2056   0.0761   0.0593   0.0479  -0.0242   0.0095   0.1596   0.0052   0.0199   0.0555   0.0311   0.0738
 9 A  -0.0462  -0.1319  -0.2792  -0.0629  -0.1494  -0.4411  -0.3816  -0.5953   0.0121  -0.1596  -0.0819  -0.1738   0.1149   0.1284  -0.5924   -0.442  -0.2785  -0.1636   0.1879   -0.287
