TESTRUNID EPOCH: 61 L_PCC: 0.8946871138126365 L_ERR: 0.0028099239460146227 T_PCC: 0.8416316967611897 T_ERR: 0.004275012395686174
180 LAYER: 1
3 LAYER: 2
1 LAYER: 3
61 :ILEARN
-0.010637098068371641	0.08685204161946573	-0.06222853980627696	0.20774888411514258	0.35115004639513275	
0.20802941026904018	0.048210388367770377	0.11654934043750306	0.10545426204318081	0.06256982298667005	
0.09630590764448914	0.10586212765507205	-0.145773747187333	-0.050338113945033645	-0.16538399801560083	
0.09852536222295659	0.12490960508536315	0.10072291937452549	-0.003464881641458037	0.09777356569256877	
0.1558690867503016	0.14991992148625283	0.0719605895018774	0.11570143252236098	-0.009306720567974748	
-0.079444029992192	-0.1800247083300039	-0.039761594853923554	0.06924471500293801	0.15414983551518865	
-0.12405076352970738	-0.08987806451820671	-0.010197873402912857	0.2560737462480687	0.3959706639817287	
0.2341574170215208	0.018340018277807794	0.05225582582672234	-0.12725769062258788	-0.033005998317066326	
0.010749940639738682	-0.021264059335944052	0.0637807989746472	0.23645557390214084	0.031419177389273134	
-0.034020955880633544	0.11399464363423695	-0.055271349503049585	-0.02952105482906663	-0.07479018241128721	
-0.07762291729381951	0.009056863075257026	-0.09055565031373156	-0.06757947927850669	-0.21426848225358683	
-0.39098116309400344	-0.20351477070703744	-0.012502144101523213	0.16880930580903822	0.1373248484162643	
-0.23046856272220345	-0.2943275570375601	-0.1688095223501581	0.14528875631896757	0.1825094988276349	
0.19538156115019312	0.24467134506999394	0.34374851652515714	0.33975852145039187	0.18856696115509586	
0.34914758240422966	0.11871287337511442	-0.011558447929555854	0.19913017036299085	0.07111123916688815	
0.0314538840681074	0.18754925143047327	0.08823193300293973	0.2561345094273944	0.42180215236412577	
0.33892914605345204	0.22100333551204407	0.3943060184494155	0.203155068061964	0.17350751000572898	
0.46278110438030584	0.2414010919448474	-0.11726323064596363	-0.2925639132745719	-0.21161215150095936	
-0.26558665804128867	-0.17160638563975156	-0.22777512214098117	0.2454604586832841	0.3669932798355117	
0.22666373471144868	-0.05414023539311048	-0.19172890606773985	-0.25145989151391274	0.2868791649711457	
0.40672160152397696	0.3151027069228708	0.3790387123038095	0.5130367374741233	0.4547630631657266	
-0.41650892994100974	-0.7693343124721956	-0.4575023077008429	-0.5512648395248823	-0.7922641867214673	
-0.6788673301323801	-0.07003058687740621	0.09487667982048015	0.04432512114359743	0.1649738607356356	
0.48748615919537164	0.36800942262568437	-0.06706172830475088	-0.1693640625075884	-0.24523688354875922	
-0.24191768025844151	-0.34433703448365777	-0.24545544652576606	0.13187304890859175	0.40986539028028174	
0.2340987112312469	-0.033713946791561304	0.017647238322691623	-0.1067124118080216	-0.575936178628795	
-0.7284650036272458	-0.5146510031605933	-0.05744656398545935	-0.19278200410730412	-0.013362173385826407	
0.018315935727055758	0.1791318629816623	0.0651540315593381	-0.1538132201436931	-0.2851981419905007	
-0.20813122388046001	0.12822475772708128	0.250968366803434	0.1670839312300864	-0.009008292200328763	
0.037241603836637494	0.03860455439490874	0.19173968981508763	0.30508787746308147	0.09122624579016002	
0.12948371807707493	0.5129211318884123	0.2892361639985725	0.23792626386778037	0.4453595244170252	
0.40661508390705814	-0.16152340091980277	-0.14690132097066222	-0.02811568592894327	0.19578717144553143	
0.1593865856135853	0.14422966257319694	0.12558551766185466	0.22752944921221321	0.05326328348186089	
-0.3182765861873357	-0.42045574272003927	-0.2631353273656111	0.1740434784495474	0.2575513544848701	
0.14307642720892685	0.19867947662169397	0.16736565681168292	0.07850162862618283	0.06229990804715424	
0.1499389744254782	0.0803567026797524	0.06992110406787741	0.09358239975464622	0.10819438477581138	
0.08355555069258945	0.03524874333032958	0.12613981023890158	-0.049976001292652096	-0.01148263242182201	
0.09897483528160983	0.01094342722358435	0.17249440637571165	0.08676214830203396	0.11498006431013005	
0.0357100714452177	-0.02559571736825703	0.031833609100963556	0.0421340782109516	0.06057825952459752	
0.12399380069611493	-0.018106211614900548	0.01180268275080622	0.10530137924666676	0.28525029428996274	
0.2070016695049083	0.01827916203487999	0.21049132354047448	0.05650464631508778	-0.04071609985111218	
-0.014911787295804814	-0.001259168700192162	0.07824126995207263	0.2119221286503645	0.16146577335959053	
0.023233649488196142	0.1215347407494889	0.002176511811341167	-0.06529963954693209	-0.05010566048014282	
0.003905650272978459	-0.14723190843640882	0.021666360295416177	0.0036266998902760774	-0.06216964432953822	
-0.009138816855870983	0.01610765722516646	-0.02811116624538465	0.15361178244960835	0.03334104148469503	
0.11998751528681767	0.10069874837049278	0.11972637329296971	-0.08301676139385954	-0.12613291830952966	
-0.18720681258195343	0.10208024216074095	0.20882526886881142	0.06508607224695835	0.025015638046006497	
0.07469479080436	-0.05169838660193291	0.08765621230689646	0.10560485094887065	0.15564619322137815	
-0.14647379375063702	-0.06383831309335136	-0.11794061134601544	0.011924840844236971	0.21105955684295144	
0.13380088613209276	0.036184724458160275	0.18818652504196962	0.1860985020215563	0.3085914032077338	
0.2518761250387334	0.35403660052394775	0.01473240661536353	0.205563233909208	0.1016441206142683	
0.022116657395574803	0.007542402981612836	0.002548779025591125	-0.003128868212927858	0.04681983274565162	
0.09575935986511294	0.11263288341307096	0.15687207832555186	0.09189953681259266	0.09616888151668888	
0.012701092079841736	0.06469760102011504	-0.0469368123974203	-0.052743587676065636	-0.05819217052073833	
-0.035389669388460165	-0.041888726701400036	0.006955600042605638	0.07107301757195986	0.24543941234483824	
0.14362793541407548	0.058648277589095535	0.189194260370856	0.11006250132658561	-0.1438642730033692	
-0.22841346094107853	-0.1586948335323536	0.13449001628702942	0.1447935214944265	0.07375296384751341	
0.07307620725411702	-0.003864806059206036	0.030481768956762658	0.11569506037667157	0.23215097548953428	
0.12288511563315045	0.04812179443581052	0.014099942814569687	0.001508948591202461	-0.07197426571128131	
-0.13601843859363552	-0.05952422343539581	-0.09721109211084471	0.10217322655499642	-0.038738748000097585	
0.12221288571455308	0.16927216483	0.10297902033434161	0.1018415482804755	0.09879163903260962	
0.08709561135676294	-0.15638595299042188	-0.1940337734305488	-0.09801444784400598	-0.07345514452703139	
0.033635632137387426	0.031139737333102536	0.08447642643212915	0.16362458112959255	0.10914803916596309	
0.053545517978135976	0.11518620174666624	2.5046503861212333e-05	0.16785935648311773	0.41116389722927477	
0.23843824795794072	0.03366560369578187	-0.01234029697776822	-0.06716270115579326	-0.02125884487761079	
-0.04533459671053451	-0.12055225787107637	0.05303057097395336	0.08742157886162977	0.07376914077676945	
0.12230268499738892	0.4065417126065414	0.20138883515458625	0.2162102333994463	0.40428736296833384	
0.1649838481129481	-0.1149496309147113	-0.07282654657485578	-0.030295758733712527	-0.21794397723682846	
-0.20102999741399097	-0.14539804927184435	0.14574275351171315	0.201822696728269	0.03228302974587471	
0.0029921060085617243	0.005316790474306864	-0.01966569321585601	0.005678362039775917	-0.15741696907707942	
0.02095553229277706	0.057935700874587284	-0.0314157394348352	-0.037005845916191125	0.010579112188160702	
-0.027163256873082537	0.06284761430794397	-0.0027202917348056483	0.11302275625675891	0.11802829936374021	
-0.06055808059418345	-0.08846714012671864	0.03880033146534892	0.13283493769158095	0.34671929293523673	
0.17321437577478577	0.11658444557784489	0.0441924102393839	0.03225080672795231	-0.027805282971894458	
0.06249841938801803	-0.022411357912349706	0.0537383257498387	0.23071598652851272	0.04100769315206251	
-0.10635104225927376	-0.0860969620346054	-0.06926352359989645	0.0009243641420663587	-0.1605753288568901	
-0.05085908360032271	0.02427926853910053	0.12135338655310139	-0.039177737632083445	-0.06167210212447993	
-0.06774059913408854	0.01913689333259065	0.08368013341310729	0.06510036603814358	0.11782181694261801	
-0.2495421038756176	-0.16857701370186265	-0.2182032174216776	0.10841994230103721	0.40678991132020786	
0.3529193298636725	-0.05748706955213064	0.013573950187583245	-0.03162854939779177	-0.04386191270700093	
0.048843823861947404	0.00108400925545504	0.10544471187046939	0.422683512949187	0.2512581140283228	
0.1929620602749267	0.12604210565319485	0.06850169555405715	-0.1923654163912503	-0.19423084543996488	
-0.18356373537948983	-0.03930283133364468	-0.028722436839824728	-0.03751419152550479	0.13131238626281663	
0.10049125284900164	0.16395930520540067	0.10309972627606413	0.3090605289750343	0.16548983434056463	
0.005830263044170262	0.0735458693708838	-0.0009793750182473544	-0.001610766107025612	0.13122598794924803	
0.02851499041734544	-0.012188523861095897	0.21268819698171634	0.10978578965469615	0.1547451214161078	
0.1529074778086232	0.12828069344188264	-0.03646564827500846	-0.04613072689205578	0.013494798605864264	
0.1570590099580001	0.3580015646459401	0.11654306196575778	0.05055183353734257	-0.05001404417218241	
0.03464325861112315	0.12072500053612618	0.36014095428162785	0.1619425245115627	0.08781619801031804	
0.10350000254071398	0.06090361820766497	-0.0488446731481915	-0.30039357307537473	-0.21589415597197661	
-0.36083030266977767	-0.37982568057709004	-0.2964865091053165	0.0865800023527661	0.0021130380182905217	
0.037303281462252445	0.010115666973770773	-0.0912478107596047	-0.11789055904426739	-0.11544838391445614	
-0.07864783206144743	0.0171035681665269	0.040433951284582825	0.12264845671543868	0.19792964922069878	
-0.010262815692228058	0.1249954492297392	-0.024647911236638825	0.033159674660199735	0.03903305897075929	
0.12271396797821928	0.08106695190226401	0.17109810040502466	0.1368021890966322	0.13738547563584477	
0.028169262143908892	0.10091237722680045	0.12189346512754132	0.00783160237443678	0.09288969476961229	
0.010879793269263152	0.158980378411029	0.06954907137098404	0.17277805306649868	0.206565188998247	
0.18327289398055108	-0.04198062966251484	-0.09813028440669685	0.01535118699741815	-0.03856959927395484	
0.004292636527192436	0.08311922024414593	0.017754568534821765	0.0006844814232658748	0.01279476687935506	
0.25126677695760613	0.3396019480606275	0.261606947976687	0.35842263933926766	0.36699626742227215	
0.23290843252849758	0.042424267390060034	0.11995819387650625	0.04980682403140131	0.003687729881963397	
-0.0510888365570182	0.041233841869123176	0.09491531075218616	0.30499586828033304	0.1411861598262328	
0.08625228630122753	0.1749531680341285	0.015641255588653664	0.10886453833028639	0.32271618780373085	
0.19965111224304044	0.02119246626598078	-0.03326840126460223	0.03588608145535199	0.08473514333724358	
0.08152359636984913	0.021320791791097932	0.14178878224953376	0.16375686328753022	0.0770095015047004	
-0.09567124301027265	-0.07568281101854983	-0.0777808628489471	0.0736213488045621	0.11040102054185683	
0.19460375766746676	0.030148963359650605	0.293556097474843	0.18430423806199167	-0.7570597048581952	
-1.1628357187086458	-0.8884910261382362	-0.023731442184587375	-0.10041503554446667	-0.045198546553620635	
0.5073564812517983	1.2386344598727341	0.7296187800924759	-1.5755704169310782	-2.819458085086393	
-1.9013788248476333	2.1638012241502986	
