TESTRUNID EPOCH: 22 L_PCC: 0.9114093008460654 L_ERR: 0.007948432200415445 T_PCC: 0.8633296893992355 T_ERR: 0.012190531084225737
180 LAYER: 1
5 LAYER: 2
1 LAYER: 3
22 :ILEARN
-0.6014225332622684	0.4363894730570415	-0.40408105900909863	0.0362531899403631	-0.48683739496406153	
-0.600817043628078	0.5211968091388663	-0.3178511817663436	0.0016066911366175323	-0.06859079992818494	
-0.32703182791273194	0.3408162509571027	-0.4725014447518474	0.029118939117018062	-0.4703387666336539	
0.8729765001821204	-0.5041304447779893	0.05327131787358525	-0.15259182421157988	0.5382580704891157	
0.43075069421065737	0.2782200585405133	0.25670006487465025	0.0381478867310087	-0.5307633935462377	
-0.27288628064622367	0.4213578714229812	-0.14326818324878615	-0.20370544209526872	-0.25905162546815763	
0.4703926074246466	-0.16862910874028886	0.46914792429708646	0.038988468317199564	0.8156490425869833	
-0.9815774662309038	0.9570693139048316	-0.33265039264899654	-0.22528951788232168	-0.4219301271269589	
-0.06458409437249439	-0.20250597508491902	0.15667475845801804	-0.10937873175755128	0.10713446592781505	
-0.5917116550942844	0.21332492117861163	-0.33077180183793803	0.07157071401043014	-0.685702660597535	
0.06197054982832313	0.39808378676247236	0.07464488181488911	-0.06610075224560398	-0.3714136753454923	
-1.241970428099498	1.0855857043891355	-0.6315527746333002	0.013138694662850156	-1.2900196914686968	
-0.40869254531214194	0.289602192639414	-0.11671800949222164	-0.08086288866291827	-0.41531679275833944	
-0.9620929629453819	1.504968596429937	-0.49400077651546764	-0.22241176740653226	-1.1890329063615344	
0.5035410279918568	-0.31725798114505604	0.10912449820834937	0.1303401981456212	0.5012389805039309	
0.13012209331910993	0.34238229634158707	-0.557358719226903	-0.21524618317503472	-0.6333598726939097	
0.3960939526215815	-0.14135658285286065	-0.33512027739081435	-0.2890639141686738	-0.12770059282280194	
-0.4914911008231842	0.23404187951988248	-0.016728275863813206	0.45040882745315586	0.1700992349629388	
-0.6093921588989567	0.6051394757163167	-0.3389582217326462	-0.12105117165466885	-0.11468697307887003	
-0.14542170279889702	-0.2794294129473532	-0.13702433896328248	0.07199382904866973	0.0759345752910858	
-0.1962697289091916	0.08859889741086475	-0.001055687406131881	-0.1706354531473504	-0.492464993787736	
0.22866085406517547	-0.07661610344831177	0.1416815715867791	0.16881780605346308	0.32336438256503924	
0.43245496213975165	-0.47086689467367004	0.1851621085843926	0.014124310100646256	0.43892560827114807	
0.08648074167982647	0.4741425933410864	0.018122451219967174	0.10403449832938501	-0.20767080960422288	
-0.29286130570543006	-1.0905375075202408	-0.14405743705281912	0.07946107367319331	0.6506120180503195	
-1.0592374032357461	0.957350854331288	-0.6479987554781492	-0.18277120278875517	-1.4144822803972155	
0.27779666108849677	0.07626966253932076	0.1152847943017029	0.07861902727989163	0.30578808781198796	
-0.12680824338875518	0.24736664765903438	-0.1863681881203043	0.05864829342512187	0.10624136896666489	
0.5873883056089759	-0.6477141858151139	0.02622471156163588	0.045894646492809034	0.5223071579793341	
-0.46813337618873824	0.28935518860548703	-0.17055988704274608	-0.21709245909682867	-0.9350973261017728	
-1.7592645805824418	1.9150414045857829	-0.6930985548408736	0.021293132402741246	-1.8326991964032726	
-0.35208822578562793	0.5073546285183558	-0.262202390246648	0.07388067411867034	-0.4037684355229833	
-1.1206702449796182	0.3934577000645537	-0.5333046041243906	-0.010860449405737414	-0.8163434835062742	
-0.2307929378669962	0.34289496648278	0.15357902242329566	0.14476353471970638	0.015491825079782862	
0.27140153134496814	-0.04363583285794237	0.43756002424660106	0.06015904628475578	0.5596366254274862	
-0.34163468692873156	0.38432134935455936	-0.23340331601219927	-0.1552626249179476	-0.5889877779504595	
-0.5503042583526254	0.48037210607421227	-0.20954444891765867	-0.08672646666625479	-0.6885065704926114	
-0.3208304252253189	0.4987615240882457	-0.07800651965226138	0.08425407224561436	-0.2848291725594081	
0.6181747141545675	-0.6062510937539393	0.42173151737814707	0.09982184567357955	0.6712639546257094	
0.44801855408251445	-0.5503803320124785	0.14571707616304894	-0.11507359287098694	-0.05274042342388442	
-0.4190806572944656	0.6742130310020841	-0.2335303524043489	-0.012850535513456508	-0.8489332327385138	
-0.1454619609563009	0.3206437767870055	0.2671811572745951	-0.0033301746392102117	0.35576894602586445	
-0.09185018605131362	0.5894829128714496	-0.024167090802510498	-0.03256133395681166	-0.14608902559463	
-0.5272093693234129	1.150386727900649	-0.7364832114716814	-0.19818220824142196	-0.9069643506200099	
0.09653570618201224	-0.5294876041737706	0.07749562520636076	0.13166525160335907	-0.26101149814040525	
-0.5857574850990072	0.14149476902370328	0.3508429883290573	-0.18056420351800379	0.1041449806383754	
0.5716297236877997	-0.6428745806649814	0.48721165161563723	-0.12706378930547246	0.9563672321960468	
0.3075265247490268	0.10856912238904913	0.1289672776816129	0.2586933665804497	0.3316191466775456	
0.13114506454048372	0.11545160884847681	0.6522090015533144	-0.12881582599150598	0.541072640267846	
-0.21966138113392172	0.19517071722574997	-0.007789315264240836	0.3244768566417275	-0.020941769258719323	
-0.1725988879380528	0.5752607783485364	-0.22620175664792408	0.30932008800957433	-0.41038941771677817	
0.29321459113815757	-0.3230266686155429	0.6639833696452079	-0.06551947378021092	0.9170370953468723	
-1.119413590380032	1.3759918314136295	-0.24628098472666998	-0.02877075414876039	-0.6842430775732686	
-0.18375505975666442	0.6630013599513016	-0.11673397208670404	-0.0040649795290279	-0.5759525774895985	
-0.6448015356901755	-0.027064853276078014	-0.09318614534419291	-0.26019095226419764	0.2373191898626824	
-0.40903251671635305	0.5940662010840058	-0.9426468025798989	-0.21092586215564652	-0.3296697093536335	
0.7563900268424393	-0.4255517249412621	-0.7348171068530087	0.0616620640344369	0.5786156970984517	
-0.33457029046015624	-0.09033759828874052	-0.11561594709777967	0.05471146665144789	-0.8769529724779167	
-0.08130076802826615	0.26115836796909164	0.4475386387728031	-0.027140168325375878	-0.8208568979604324	
0.1351784380519631	-0.41153177875867464	-0.051216054012219826	0.4555894793129218	0.2410936960697354	
-0.005916907389072504	-0.0744727616315442	0.06431514657528517	-0.13140474589063825	-0.0801392239965526	
-0.08677522524461015	-0.18344731679804008	0.3108479150508762	0.3439234672835307	0.5125055117601981	
0.29997914654916163	-0.014822992749463044	0.2950809584432575	0.057644142820302884	0.034529755742624756	
-0.4153812246369424	0.7497094165746935	-0.7529493252063391	-0.04433940497715423	-0.5022261265448701	
-0.7400719021647698	0.2564256786815601	0.0011939542509457177	0.26885519034856886	-0.32873468422953017	
0.10490959010412206	-0.3543025190150796	0.32756720034314774	-0.292807142544733	0.5092133146920659	
-0.41043961522648953	-0.05853097900524501	-0.5385092174785273	-0.18126883401485785	-0.9623327750779458	
-0.18038033216712465	0.37769126770829975	-0.24048839204623043	-0.2242552745654283	0.5269130546118971	
0.18097594024974697	0.22722912530463057	0.284713622257783	0.2982047504664749	0.003407788547263366	
0.2124483344776543	0.09550864265868945	0.18809971002779105	0.11881833358529992	-0.5126210806280348	
0.529102664527826	0.11780284616427929	0.17495584730672673	-0.004489937787069964	-0.14004232886769413	
-0.3060651026764386	-0.04617298914400308	0.045738189781914754	-0.02895808253941334	0.15844479188282778	
-0.02854769381091055	-0.0649644623208767	0.12202874527307335	-0.09574367502505786	-0.487357449343309	
0.004297084623957567	0.22459336285908438	0.26383225433745605	0.24211142692718332	0.30972025303508116	
0.2868861670390415	0.14613105282849118	-0.04589018477482909	-0.08457931030939846	-0.12885744055283427	
-0.37389770432369607	0.6035736504254842	0.27769840699704706	-0.10494234552967384	-0.15734102740532352	
-0.1746365371064406	0.3210894039303872	0.3434580337465033	0.12950347552368074	0.14398938546447618	
-0.8071939421619716	0.3803126572976762	-0.2462406822782626	-0.2387531307411669	-0.012660878533660457	
-0.20795503076623492	0.5633539900785416	0.061177148981162346	0.04738485175346499	0.11465071418646773	
0.27481061011342994	0.02715599407466257	0.3085604849917575	0.1335683963450769	-0.5050437653633957	
-0.037392121146385335	-0.18282227789745148	0.03240323117284027	0.491272437552083	-0.5506450211002398	
0.6709868445598032	-0.019898481573392628	-0.10993217041998521	-0.02428281037207103	-0.19282472176878945	
0.5342012231671217	0.16602478007098656	-0.4436317705203632	0.3631062131033394	0.13408720114376213	
-0.5226450969870201	0.5118870153506013	-0.3707785459471925	-0.09493344952820948	0.04390794355078233	
0.09961904962897043	0.3373908392155456	0.27856423402874436	-0.07585894784592277	-0.5372278264347874	
0.0768246129699731	-0.3736975575698579	-0.20500482604593248	0.18676384331066712	0.39135913413013884	
0.001026902346288184	0.40853724112684253	0.06449135379282228	0.09330058763600836	0.008752709943836482	
0.0770836644043277	-0.47471765644156283	-0.6512800089456027	0.5475956496399935	0.027682249019278495	
0.20697648681897618	0.12156424980998254	-0.004684490039580285	0.19854140779249965	-0.021517894322214685	
-0.18340701987090852	0.1491548988290938	0.12257931121852295	-0.17019606938046944	-0.5438492777410927	
-0.2829942203425631	-0.05207384067211534	0.42105381787875695	-0.02913461363310219	0.26367193446470716	
0.17065667095945783	0.3305592224952938	-0.1434214237570454	-0.05343671090640844	-0.007806692654885214	
-0.08873047329271433	-0.08008746093841283	0.03614140064266441	-0.02330145877437267	0.20637334836252777	
-0.7317243735307228	0.19982877276287261	0.284530641546046	0.02829392486252046	0.45464115089420076	
0.1295107535734981	-0.02404643339227081	0.11153163486045635	0.2622348693748439	0.7066170399494573	
-0.24000100458856236	0.07235791737167191	-0.32427972936110955	0.056978159247152646	-0.21858145596789438	
0.9336979492416968	-0.9050452809996614	0.04142051839157526	0.17309588179382798	-0.12321239910174525	
-0.17677056494057294	0.18084496603412095	-0.21300721379829005	-0.034715422626212675	-0.35801428078943653	
-0.31709881516836824	0.26733052995899503	-0.17809180417738513	-0.043690336205872184	-0.5437403386413934	
0.29799029725451665	-0.04922655068834435	0.3006911788045887	0.08751869662140407	-0.7639066867592272	
0.3308728938505442	-0.6789600607808152	0.3457490154084956	0.2887557115714676	0.3485387446461711	
0.3133834986886461	-0.1826775745577891	-0.28872889202349006	0.45517985027533997	0.2491751134851668	
-0.9630135016496213	0.6550716397618224	-0.1914144030821155	0.07418404068086606	-0.11527222490405475	
-0.1301652433756526	0.39504690219313887	-0.09837551948783489	0.3615019874879961	0.31717627620819816	
0.16709754997562498	-0.06480032415588824	0.1343304250365684	-0.008671383039592268	-0.3058279880314582	
-0.15892979626508402	0.1058482297278106	-0.24068769821350766	0.15696649410013983	-0.7843372528589123	
0.1431942488842826	0.19505284412237894	0.02116476636287933	0.4075556786368152	-0.5509210705479108	
-0.33549729530176436	0.15248537905580786	0.35400271177969433	-0.018587245684980255	0.24307043735658612	
-0.045909889077504804	0.07359929862579738	0.10189721520679659	0.2920414890208798	0.03181275179667293	
-0.048474889214936666	0.8091138838027345	0.027958604831530752	0.02624318283847942	-0.5722206741077419	
-0.29787802329685037	-0.05723280099763311	-0.05213405900288286	-0.41010955462970783	-0.6761371256841749	
0.6327234294843526	-0.294743259475486	0.044121703521818635	0.5586158950291155	0.11092255652005435	
-0.030006616466029472	-0.23541490533102527	0.4427012691729505	-0.3322993979687411	0.1314652092752927	
-0.5910724054337921	0.2912906338765138	0.10892729665548419	-0.2655078865150251	-0.5657983904100752	
-0.53034952820464	0.026877955407102652	-0.02191512125176832	-0.036540530198298	0.048960846504793015	
-0.1495932038720494	-0.2902797616238642	-0.0059872693440721405	0.08724139178140773	-0.0021247082694299153	
-0.021818055328566913	0.6204170631115205	0.000252353446670829	-0.1726994315487414	-0.3743790106199655	
0.3806234886054907	0.34198031044506116	0.11368451357411995	-0.07445114235955196	0.36064208341230725	
-0.09991452813957484	-0.08979119379411707	0.1824560743941733	0.028342107529585363	-0.008669121925059824	
0.24196971820689372	0.47486633672971196	0.04296842491016169	-0.04585994597664454	-0.6032762583802623	
0.011351181276907643	-0.569697982127981	-0.05215174842168623	-0.12329669289706742	-1.3684070585878145	
0.3854117028883097	-0.2724085009380145	0.029726528164252117	0.02245699999684154	0.6287664266552249	
0.24163211445239308	0.3429697134590396	0.4701489344215231	0.3042204251317566	-0.1988885701699259	
-0.09043503382084138	0.4605649375208656	0.0485196529597475	0.2073127581660462	-0.09986902985591717	
-0.5963918208445967	0.45487297978196206	-0.0006960628962291845	0.03775596527480225	0.6791420307073773	
-0.26368007790549813	0.2001137728057448	-0.24502386520711206	0.14654223881566916	-0.07187774690929954	
-0.6686653038724972	0.3705440851612189	0.05047136425159105	-0.0002495883525205952	0.0751627077983942	
0.4138781080773992	-0.5761779113773549	-0.069530489022539	0.46617817725556343	0.08793573884701678	
-0.46864100941035786	0.30332963695314213	-0.2632052180437723	0.2642390448528608	-0.2170072842369572	
0.12737992974850496	-0.06669916303205586	-0.019458264012927256	-0.15516869499060065	-0.5453210081815837	
0.17801235409633767	0.1647243397713255	-0.049506704069607894	-0.3579100896306849	-0.0060676429544604255	
0.8312286624789031	-0.8104497609986945	0.09579310062702143	0.31801040173308825	0.5464518938040789	
0.29154434502802296	-0.005120714128566662	-0.141534635747275	-0.11656597838089705	-0.042529682641460766	
-0.644737580183342	0.7067918729210836	-0.17005726031109542	-0.10786900689782028	-0.1867647363039964	
-0.26199450242665095	0.6061256310087224	-0.04109174395388184	0.13674713841667693	-0.46933151665932754	
0.1508513158019399	-0.014274875285583473	-0.20906211038803124	0.18692527460950814	-0.12239495870874471	
0.03815982181126934	0.4362482085994841	0.11016828697130115	0.041267853274902594	-0.17685437086848343	
-0.2963732185152741	0.5082505193356117	0.1636884803955288	0.3072927112778069	-0.6109939861860713	
-0.4157162665337461	0.005529482257581375	0.5650407217725921	0.44916895995147854	-0.09810383936406841	
-0.03154250292384213	-0.14587881206479222	0.25860833797782967	-0.08954933664372142	-0.5339264116968035	
-0.566629157730626	-0.05651056261774633	0.2923366500068398	0.05952891579999682	0.0702888039382202	
-0.3384351298775105	0.1617958773086294	0.20298452372565506	0.1409579739473695	0.1975900046884174	
-0.08533110659940629	0.417206569507127	-0.08489499627817078	0.02684109871153147	0.0493776609203393	
0.6111712684921959	-0.2651784235695155	0.014210140398568665	0.030856132601437335	0.4714611181398149	
-0.2540409165572897	0.1753490894574178	0.017494377010706157	0.08080136716804584	-0.24855099795810878	
-0.09204890276356925	-0.08074837156658686	0.47247469015489146	0.07578496148200123	-0.10760449903456026	
-0.6466189071534064	0.5070710024384049	-0.22062016754609493	-0.06304344927972	-0.7963459512891751	
-0.19909851614669208	0.7795028803084957	0.06609968892037281	0.14145265913316424	-0.339367387043836	
0.562532696578102	0.13277346105381777	0.3639072462086075	0.3516025224113339	0.6853611943125133	
0.6153236158084147	-0.2823341407426386	-0.09697096433506368	-0.11880838718577859	0.11540982276359842	
-0.5433487940690674	0.21792385873387798	0.0772620359440048	-0.04652893859437162	-0.604361894003814	
-0.0635677577716683	-0.115854073077851	0.15783629122373882	0.2627798519753227	0.0769987405721638	
-0.08453935278422839	0.2392365512131011	0.41118119951314297	-0.09355271010737334	-0.1641717118958163	
-0.281072161641903	0.6684263572971622	-0.23020484938590902	-0.03485511230659434	-0.7589627163784312	
-0.3210265006397615	1.1858593723807094	-0.2504241505791755	0.07662850393689111	-0.06902464689317717	
-0.24945511672766518	0.08503276117994209	-0.2468789263036956	-0.012457850145723866	-0.3570272499389832	
0.432496519593475	-0.09759089948114504	-0.3789730470398162	-0.09225406801827477	-0.4707587527042198	
-0.020565072536507936	-0.19236589054739137	0.3966487397218791	0.0708588735234391	-0.47132226382326703	
0.1603713544458045	0.7815385491609981	-0.06681432414382518	-0.0654168605988416	-0.5966560375705827	
0.6199146941948496	-0.47357127934552234	-0.15869551868428816	-0.06365958274330401	0.12420551731005847	
-1.4486633605436197	0.8661388085229953	-0.4407555127355468	0.001728623761844402	-1.2641735712178674	
0.11804498789807155	0.13364717875524476	0.04967749264258547	-0.06028548167790019	-0.09269102020468788	
0.6652503808881368	-0.5814145908193629	0.5152321786440109	0.31760431699966	0.7913605489838508	
0.058495094161120385	0.14247859500292276	-0.029181468904518244	0.1734016496348528	0.21401083170772076	
0.21020687363075516	-0.5122714632233729	0.9635412682265919	0.705166014767025	-0.7717823682412928	
0.30501000686836216	-0.14752674821106282	0.09276269349819163	0.07131098690241193	0.07527734743135814	
-0.5373727968912585	0.5427769539969853	-0.18878047153778654	-0.08999529426122824	-0.5897245079863255	
-0.2384048905696969	0.07336930652415857	0.008769811443595782	0.004470352326146672	-0.01784189307082135	
0.45479175464244725	-0.5055925885798209	0.2721893448756822	0.09013670183638217	0.47297166189632445	
0.01580957493206339	0.30470224077951774	-0.4964939417496204	0.05923996388376981	0.12532583704996933	
-1.0203585473509922	1.26725163731093	-0.5264226331000281	-0.44971123370256544	-1.4209648864508637	
0.9822221035436067	-0.427321681228745	0.47081421368161686	0.051615216656375466	0.802031951533833	
0.10034033025910459	-0.0582197950107384	0.06266471468612317	0.04954313494229477	-0.32691439209014045	
0.44332629632828824	-0.5335905934972147	0.3015718167929194	-0.17341884124969473	0.7195446663210999	
0.1282520701040359	-0.05867459085198068	0.13173219047715357	0.16630943320638372	0.340459180024316	
-0.5472656174142546	0.18464300994015026	-0.16011538673835665	0.20763743917081576	-0.21630492955987016	
-0.384002752111454	0.45143257029451467	0.024185727345497322	0.2898158516533258	-0.2384821348527759	
0.15485037739125304	0.030266540524864004	-0.09210052949040873	0.013037798181721561	0.44111955906406036	
0.3837866041723672	-0.459440502383383	-0.008346100567506632	-0.1169286858434859	0.7964854224295516	
-1.3677277851075609	1.362875254146665	-1.040356493612979	0.008546487998833369	-1.0094709521765903	
0.26900629980107627	-0.5237833490841293	-0.014157767789389805	-0.07009210507040418	0.3034948715010622	
-1.4985070376251202	1.9935835282467926	-1.1637953000469439	-1.2603415683664059	-1.8223504706042641	
1.1311383630390917	
