            A        R        N        D        C        Q        E        G        H        I        L        K        M        F        P        S        T        W        Y        V
 1 A  -0.2978   0.2017   0.1992  -1.2892  -0.4278  -0.5238  -0.8007  -0.6381  -0.0192  -0.1056  -0.0323   0.3894   0.4479   1.8448  -1.5174     0.13  -0.1247   0.4816   1.7421  -0.3239
 2 A  -0.5467  -1.7997  -2.7455  -2.4995  -0.6098   -0.693  -2.3736  -3.2013  -2.6997   1.8685   2.8496  -2.1126   2.6024  -0.6558  -2.8248  -1.3161   0.2302  -2.4249  -1.6457   1.2664
 3 A   0.0954  -0.4299    0.689  -0.5565  -0.8295  -0.3515  -0.8421  -1.2392   0.0469   0.0933  -0.1401  -0.0745   0.5412   1.1056  -0.1529   0.3902  -0.1838   0.5384   1.6063  -0.0598
 4 A   0.1564  -0.1477   0.6026   0.7435    0.401   -0.014   0.4446   0.0816   0.2976  -0.9652  -1.1023   0.2628  -0.6792  -0.1677   0.4824   0.5622   0.2286   0.5014   0.2504  -0.9883
 5 A  -0.2326  -0.0588  -0.3653  -0.1613  -0.3961  -0.1479  -0.2304  -0.7946  -0.2228   0.3307  -0.2413    0.307  -0.0765   0.5353  -0.4674    0.001   0.2481   1.6881   1.4442  -0.0714
 6 A  -0.4183  -0.6499   0.2089  -0.8592   0.5807   0.1776  -0.9804  -1.1345  -0.5938   0.7299   0.7081  -0.7976   0.8927   0.9195   -0.803  -0.2047   0.3736  -0.5806   0.3245   0.4674
 7 A    1.074  -0.9149   0.1596  -0.2724  -0.0613  -0.1715  -0.4238  -0.1677  -0.0112  -0.2958  -0.5156  -0.5176    0.003   -0.149  -0.0912   0.7145   0.8683   0.7176   0.2269  -0.2962
 8 A  -0.1317  -0.6144  -0.2863  -0.3478   -0.705   0.0262   0.0376  -0.1266  -0.5155  -0.3704   0.0902  -0.3753   0.0919   0.4779    0.163   0.3912   0.7474    1.846   0.9487  -0.4893
 9 A   0.0487  -2.5627  -2.9545  -3.2994  -1.4667  -2.2494  -2.6771  -3.1303  -3.1123   2.4751   1.9069  -1.8682   1.1675   -0.416  -2.7635  -1.2619   0.1341   -2.584  -1.5808   2.8298
