TESTRUNID EPOCH: 57 L_PCC: 0.850725517427132 L_ERR: 0.011765727268048433 T_PCC: 0.8052467373702635 T_ERR: 0.015362273172853982
180 LAYER: 1
3 LAYER: 2
1 LAYER: 3
57 :ILEARN
0.03365032772078324	0.6831604532525668	0.3386729760343423	0.006822721628850951	0.5462790593338138	
0.3220755354007802	-0.09964580465273824	-0.25831213352154375	-0.11749416051641037	-0.035392917936757584	
-0.22205257691314567	-0.18503508732902832	-0.05896463171492777	-0.11090824847757397	-0.17853086736669568	
0.02063882997779457	-0.10255003944732094	-0.00360405904914561	-0.14068429122477097	-0.696808198588451	
-0.3914540714446319	0.12439445185904223	0.5333540811317443	0.4615416183893517	0.0558828252436011	
-0.3189727456149764	-0.30739608744850766	-0.10143738462406941	-0.039643104849901516	0.046170580898951964	
-0.07835275526506105	0.13144220520774116	0.22230967468568183	0.07710543834209863	0.8729312449095127	
0.3648632259673953	-0.019400906977056275	-0.7510142612684686	-0.62227408781685	0.027135948424279344	
-0.21548297912617648	-0.2619003394141355	-0.0013310358633300406	1.2884014312864405	0.6714268403026461	
-0.03506880256929002	0.015178206367221272	-0.10133418260745082	-0.07889065467645945	-0.3050996397291937	
-0.3404499010849599	0.04211847040146175	-0.09566021857702948	-0.06772745999848952	-0.02554905614543526	
-0.3392131587585087	-0.09100914543016225	-0.0550288749918015	0.37648050393627225	0.22487259869521578	
-0.1263295072196213	-0.4673820509737124	-0.30069660555790595	-0.014814542242549193	0.6424060445168248	
0.44444104004148777	0.023281011918385545	0.11440632444349465	0.18431662209652086	0.01731100810039858	
0.08068038305757672	-0.0725050591707525	-0.024079776709895032	0.9103646616632214	0.4660333974113447	
-0.03278970204923923	0.8003781869387441	0.3820155347416995	0.050162420627231114	0.0451995970700903	
0.07666121824116198	0.023990866688926856	0.39634583344290447	0.17534201410449524	-0.04498053079382775	
0.05250001252119496	-0.026040661307790473	0.077649110315691	-0.24105338559600836	-0.2015109947121882	
-0.0497908493912576	0.07700647561554494	-0.12502781151386183	0.013720898728741238	0.3388504632860335	
0.15547918123766677	0.11453138535765447	-0.07317764831104102	-0.14272790992428655	0.056386692798028465	
0.09380007205141319	0.08026176410779838	0.10365489561850286	0.09198171460743944	0.15374796385398648	
-0.0023618262753171697	-0.43009918768538785	-0.1444988227934381	-0.0878318036806886	-0.86829132867406	
-0.5577089147980039	-0.07925324445131617	0.20730726529572732	0.10716393821204848	-0.08431049868676357	
0.2986210467503548	0.13521063271406628	0.019038802650241375	-0.5664297314929012	-0.4202957828900166	
-0.12648630871975491	-0.28649516229404587	-0.17294655016029747	0.002516832002224573	0.6765084663473246	
0.33486326950310485	-0.0008060188277649753	-0.04444108212618017	-0.26467247915452047	0.019281199615529758	
0.6208182644345193	0.49898573733160473	-0.004182567405269219	-0.18369452391639646	0.062187978549180546	
-0.044529979914366954	0.5189275869629059	0.20029071061801046	0.09253493402635041	0.357459573099765	
0.20008327477399024	-0.03510871944212543	0.4295297176497347	0.29383057226734216	-0.07695154664962214	
-0.17269079244955465	-0.05839458994095308	-0.03214352588200759	-0.3030269911489482	-0.390682336084095	
-0.04746852607471417	0.4087972915702983	0.19830979720008515	-0.06573567233570356	0.11932661419471519	
0.14612407557700743	-0.08536470211716	-0.39663531129726814	-0.1826410546001939	-0.028445215154003185	
-0.6795118463940286	-0.47182530226504565	0.061418974505500164	0.5280352968822323	0.25391149270087937	
-0.13029866425173042	-0.1319095198323431	-0.04380276622370609	0.0039321655601296576	-0.18949811019984233	
-0.11108045211676977	0.10675625901932723	0.10186109301451385	0.044020977904506764	-0.017439564160436044	
-0.3695621638673395	-0.2650799185079123	-0.079145620061208	-0.13384491257923717	-0.1460264277634261	
0.01549898393465512	-0.08962242750537873	0.027998231821077926	-0.05799528189759616	0.31584398105046246	
0.29839168546963685	-0.07541442012868402	0.21167664608113748	-0.03311120290701566	0.09229286420565573	
0.05097482027896232	0.01755071791495302	0.04154551370656586	-0.0023448705058591434	0.03728391595201484	
0.08816036484573174	0.13576139833634357	0.0596102075005895	0.01402180685696728	0.12958348926937674	
0.17377260290142585	0.027017312003829327	0.14198395847566123	-0.04998475233030018	-0.02978286707829079	
-0.003217012222961885	0.013586050479137114	-0.00450650834201765	0.18841590140575035	0.15283063419450593	
-0.018483373481295404	0.21103681150037476	0.04390104141771886	-0.051961031569140864	0.3121846841704348	
0.19442814907531514	-0.1251016637021471	-0.30192361670634704	-0.19393362694879804	-0.13011095854574944	
-0.27278033178336847	-0.22708972940723376	-0.07262729892761714	0.1536146183479139	0.02023701733023064	
0.05046164774641858	-0.00807122790884009	0.10185323508932037	0.06702460753276256	0.22254534429981623	
0.06631190461430216	0.008595855943183652	-0.1668433099040437	-0.16069260006990674	-0.012553579980348456	
-0.061889635295628666	-0.1797843712117489	0.022587858759175017	0.15759565962272012	0.18530529879264768	
-0.05282353865938051	0.06206629445075823	-0.05901092616746269	-0.0639944615168574	0.046671732439666574	
0.012827846891027615	-0.1068694156519578	-0.08064561950513371	0.008511466378839733	0.07827664752691914	
0.032607476225556466	0.20908363025440801	-0.017896417579685606	0.13980919810310297	0.06293769534727937	
0.07836333932272072	0.10259159503060337	0.062366701951800545	-0.03571238596617655	0.30772771001455973	
0.14380291574087276	0.08660137929038098	0.3122761418319289	0.2700000267871626	0.08120207936343025	
0.10068409438478076	0.13092831164065413	-0.08170922290335533	-0.30540290358225614	-0.45012219512729157	
0.009881871355562745	0.18972432915992093	0.10599427210408273	0.053156670076225467	0.5523098854239232	
0.2909142033834244	-0.07333274026069593	-0.04336100909377478	-0.06072665938877216	0.022715240213020717	
-0.2551798270750697	-0.08952980773384983	0.06175919901399219	0.2716440330812912	0.17286031825381887	
0.03291577515655614	-0.06290164755237031	0.03842341280199793	0.0011308405899673264	0.10141347044265428	
-0.01700178511498146	0.055508424712524276	0.10057560092947203	0.10031060880734788	-0.03845428811595232	
-0.05352939923943885	0.0389625584475833	-0.13215206714438124	-0.26286098284564147	-0.27948449205846443	
0.032135593728657395	-0.23176162029991926	-0.16412983094876532	-0.008482285921989763	-0.07278680893505474	
-0.06811383483012119	-0.04484563111095358	-0.005434691199002325	0.008408321932788222	-0.059239998573967244	
0.12216104178973163	0.09151354067828474	-0.034983189815019425	-0.18780136020441096	-0.11374396749856407	
0.016961039944886302	0.006726496230564913	0.018665320585365363	-0.07478407538383294	0.04779981480042684	
0.020644489219323253	0.043619646179031725	0.3839335202484416	0.19393246901515632	0.0008601683105866496	
0.04618010205070676	0.0004246866497596241	0.03925766552237086	0.03817828061330133	-0.05522781583659501	
-0.06433218127179471	0.25490945464929493	0.05018074131871009	0.0038674845050147583	0.3444670182693615	
-0.010767426559578418	-0.035522849724932706	-0.008573244758849881	-0.1451784622352917	0.0066789861844348715	
-0.02143986854544152	0.04297348803748439	0.054234238455953196	0.3604696991608337	0.10103865405438862	
0.012626250267468	0.11557017658237269	0.039663861496908724	0.03739265395846501	-0.24908725885418892	
0.01214684997403651	0.04967197508017947	0.11291045268803346	0.054530307462145454	0.03488843929307099	
0.16033427195797734	0.0762516626605073	-0.018555376898972863	0.026285680919028886	0.1771526634290992	
-0.05694764307273541	-0.15201127910111034	-0.006541133016836055	0.04066850396873947	0.4213411077546268	
0.2607756356098755	0.10596971706702268	0.18609145146176234	0.0920539463671654	-0.06011606732937293	
0.17725851676632687	0.07464203350063155	-0.09360259627904226	-0.0863706875602419	-0.2507227573110523	
-0.017883049133178903	0.2605967815744235	0.16417730728758087	0.025133909321272397	0.007276179317552186	
0.01403813719441928	0.023500281074945194	0.19343529439634205	0.0014172588671747515	-0.02712378157537426	
-0.17664610998430108	-0.025132882237067878	-0.03717899088833012	0.14635828214817717	0.07307001301343298	
-0.015169488275549918	0.2812511613652249	0.009005453924109154	-0.09035353796273185	0.4064898733096739	
0.3663388246893006	-0.06065115342848667	-0.14964175111480432	-0.16389233171486856	-0.02605151013951637	
-0.2659496888151527	-0.183500214440097	-0.08068400790101767	0.2080203564587771	0.07078265016801294	
0.03448069468478904	-0.1119895055313028	-0.07620184287512656	-0.0771202123372772	0.13289970071514057	
0.08836568929357531	0.017938065085291277	-0.03057235977820026	-0.014999426114870528	0.03655569659739112	
-0.11106812117336592	-0.03553611350818622	-0.02694083675517481	-0.05859926121041441	-0.07993896931655117	
-0.0520749189804827	0.24045188386747174	0.20437293153995126	-0.08435269610913952	0.020449408361706063	
-0.0076150472988690664	-0.09865379944497492	-0.0318336251802356	-0.035599698873483826	0.08548003456249169	
0.29273984035662703	0.17413417090996766	-6.11982495724564e-05	0.21964631213304078	0.16732646207815094	
-0.008950299243547323	-0.042612952021743436	-0.13740509481129576	0.05367661879614252	-0.04668534770212601	
-0.0069775962118248745	-0.10920375646719206	0.029716977804035788	-0.12247026783152706	0.10554773693545347	
0.026443693898201562	0.049383981719875236	0.10192965561270807	0.2916023386317466	0.05890737725182925	
-0.13197054382641507	-0.2220303345159257	-0.16365118737523493	0.10407215510624987	0.06362427711784249	
0.01777056506226651	0.068824476198447	0.02234560084234189	-0.03427647877047795	-0.11977313328598613	
-0.5601513719850152	-0.20661322582556235	-0.05161840856976712	0.30298326539993475	0.14889096202114968	
-0.036170809967931074	0.23002520254109587	-0.03203129862809747	-0.004650347255261766	0.039296049387563405	
0.1300139219277904	-0.03737939025662763	0.028290131348942222	0.016665245870678445	0.05202677056756513	
-0.2680219499233556	-0.012214777510142598	0.06510288708137768	0.07987527319097798	0.10063247792196109	
-0.01668661796448382	0.30595860508482675	0.18284490859369204	-0.22477417282062312	-1.657177172019745	
-1.2356906204202573	-0.04198062966251484	-0.09813028440669685	0.01535118699741815	-0.03771115717350744	
0.0034535197002259627	0.08328117061077955	-0.015279643394131143	0.18092718874743127	0.12258532438437787	
0.08637222332730812	0.08737367626181874	0.06886598971314264	0.0840413028611321	-0.05441994200973661	
-0.08250355808928184	-0.054538052743062254	-0.03712467677718992	-0.06504682472873768	0.05287696843885715	
0.3662675778262745	0.29592557691292554	-0.010890887672594876	0.8156865764402818	0.4965698723692993	
0.06864898456718749	0.9017017146235766	0.5117121780461562	-0.2487230737407632	-1.1904870323802172	
-0.9284543907303925	0.00961959421180185	0.021981336613634928	0.07748433446188906	0.10164225946005154	
0.11916101084044912	0.05525502111371481	0.09519781366618099	0.08031251693386426	0.019121586720529105	
-0.09351473493710859	-0.08128458083650386	-0.08692565699155473	0.015359396480764308	0.4564156162315243	
0.4128573282168634	-0.0686099587424067	0.10927728681113044	0.0628150284519052	0.16909909225757896	
-0.34731773657728504	-0.2738918610274564	0.07166087486324547	0.9195009275582782	0.6809975240777894	
-0.09255398631591924	1.0131497795272555	0.33499725029938215	0.1528375239723255	-4.250079442452941	
-2.611309305949266	2.750007971920312	
