TESTRUNID EPOCH: 15 L_PCC: 0.9618377407878037 L_ERR: 0.002048037302514861 T_PCC: 0.8558557629351543 T_ERR: 0.007923142032890759
180 LAYER: 1
5 LAYER: 2
1 LAYER: 3
15 :ILEARN
-0.45939811142731907	-0.012469732833769707	-0.5720578194770359	-0.29508926842484584	-0.5110428309953929	
-0.5040002568082842	-0.14635926550667602	-0.4956550477262313	-0.42920222305858496	-0.510580967505547	
0.05454044439975034	0.07199091443186391	0.029715505706145697	0.1637182143516417	-0.015874313718560216	
0.24597042037590192	0.04936998561084914	0.2332921598678389	0.12362982371034707	0.14738651466678024	
-0.08147022744223371	0.12546472672846298	-0.2056301011076884	0.0065579649872255265	-0.07613983827158124	
0.014869138551880769	-0.08421008094755082	-0.2045859141911234	-0.11336161954958279	-0.02464002349956628	
-0.07877061210378976	0.004213997188301545	0.06321057075421123	0.026601412390295003	0.002722240285980707	
-0.05827613019211734	0.051110490901730185	0.09782802784257122	-0.049820123515437895	0.07093734463553332	
-0.1322159386041346	0.023951170485519504	-0.3083354724261463	-0.09079397023106196	-0.32899582795376814	
-0.0655378823566723	0.1092674615982662	-0.13162986651407904	-0.05515881777028159	-0.12302575496779923	
-0.07794615554087436	0.09028874165142212	-0.07943860683497411	-0.0009147574848008425	0.013397744435397771	
-0.2860663564226877	-0.008719046554874097	-0.2910227557798201	-0.15462005380129226	-0.20438453455105163	
-0.12608745355468237	0.008359386477790477	-0.048448949802329506	-0.02613644329299337	-0.13774806396631695	
-0.18012199584607888	0.023335445460163314	-0.2199146060335742	-0.01414706972984455	-0.16549346664559303	
5.998937467658564e-05	-0.04489148110118039	-0.15371701058150947	0.07037065987258471	-0.09948136448303169	
-0.19723182203437045	0.0782394967723772	-0.1622470920282902	-0.0022493537103510375	-0.084535955689139	
0.04291033304221529	0.027511428190467178	0.013414877563871885	-0.034933871299540405	-0.07930150338804204	
0.08707581871018569	-0.009531934800047102	0.0871437828757465	0.05676981341934437	0.028662013754673824	
-0.4320532560762135	0.01085735653895416	-0.4137374890580812	-0.23029106504461797	-0.3738791517712191	
-0.1904398040145244	0.07859649250651589	-0.16155834553542095	-0.18697715236801984	-0.12164756364725654	
-0.07361031091063133	0.02326312598473232	0.044180688022015455	-0.06660808390571467	0.032678491390579364	
-0.11746723544200333	-0.10618450791558152	-0.06505210629763247	-0.03731483007031562	-0.05614255205177587	
-0.18012119320554137	-0.05783615259328126	-0.0280380093276869	0.002652027204737227	-0.1947164418854969	
0.17299361878943278	0.12611299734083875	0.23752287654608104	0.17491777909474449	0.06599463759241647	
-0.2622631027580821	-0.07267418461331018	-0.2862732047689543	-0.13069789954761762	-0.108178864015409	
-0.010146768557294515	0.02159045960381775	0.054003745483456975	-0.08836067134274515	-0.06823610516983256	
0.049082074540152516	0.12826170260654335	0.05512420130522734	-0.05995388912874991	0.08990525565681448	
-0.13385458798859132	0.08871402299262442	-0.10306022729024104	0.04332819692046225	-0.03477700061285034	
-0.41249569320105434	-0.16528930203995756	-0.5547866558592729	-0.3506022949203131	-0.5530964937688837	
-0.09195483888263357	-0.025747104738725136	-0.004281508605730804	0.021436480204414403	-0.11716932949827298	
-0.019528805636660977	0.14617727677862255	0.052285092676840256	0.024657454190179985	0.017616545061358874	
0.03863935265771724	-0.0349444187995793	0.013893790266754628	0.10157575674123137	0.05640666948015617	
-0.16913269478892617	-0.004562874302736826	-0.1468250057527469	-0.006723231505217952	-0.2104944181707705	
-0.5941519598223303	-0.21817035007317442	-0.5816062290801677	-0.31255193630326084	-0.5540664695250405	
0.048314987121048515	0.11144901468919077	0.13573781619353392	-0.0323939993907431	0.07935544735642178	
-0.04078698934508048	0.041898685727439745	-0.12726964947215716	-0.12231396577678369	-0.10768604484525666	
-0.14808409027892813	-0.07236945816065632	-0.1268766504811895	-0.1802149553741558	-0.20512125957140553	
-0.3260360392926512	-0.14256348159485127	-0.4162613451416465	-0.24702143519324066	-0.35937425939121465	
-0.588321141671168	-0.27453181616293587	-0.5483448489783926	-0.32399944722088797	-0.5242093114428387	
0.06575375769699485	-0.07476175190400562	-0.09570648086515411	0.024222524049680956	0.07118072445097733	
0.13049243584660006	0.04615324885045561	0.1291488350626329	0.07980961594317657	0.019995557710748308	
0.000505587226821021	0.030166959362946014	0.02242414340116483	0.0918685022797235	0.07879979090227844	
0.04986497962745721	0.10153340884846296	0.015279869876405379	-0.05523793969047087	-0.010003459515950282	
0.03316280188614162	-0.05198647032751519	0.11551236488425079	0.13590978015134642	-0.07774529296507812	
0.05809972316069728	0.03605166066551082	0.05405806223915832	0.1650424121152632	0.08229342009010791	
-0.16134821493580584	-0.05944743295981912	-0.19042690602144569	-0.14879843636713866	-0.20948083745741883	
0.0352725394433455	0.02899684891256817	0.10059537821699566	0.00291195488591083	0.0242799753614437	
-0.02420335444244235	-0.07678167899746632	-0.015905639892734046	-0.0024401795705285873	0.03730283022791755	
0.007005733761327941	0.07202488702187251	0.07609350792497427	-0.09651195694738947	0.10862512462693419	
-0.12411552984861618	-0.08599146380497207	-0.18764322754740428	-0.062163082518578355	-0.08469871341686787	
-0.3490586931707861	0.06320782546308779	-0.3132159566615103	-0.09405006598642891	-0.24646894741424205	
-0.009826266667201412	-0.00490744360600712	-0.04362982984663774	-0.11309419930754558	-0.08623537594107833	
-0.16539227499999998	0.01182032736150141	-0.1940435433220168	-0.14349373803643967	-0.1567183997652712	
-0.0789488820604618	0.0608061279349916	-0.08179395407267616	-0.03314801728788531	-0.05550493201193348	
-0.4825189519242326	-0.0932916879735683	-0.48077840908312236	-0.2776531209129028	-0.40968565974316257	
0.13710407753576404	-0.04340111720698356	0.09673573384035059	0.033889316654072216	0.13971938353687927	
0.0818914414099729	0.0758627200651413	0.03080430728089058	-0.06339971026247046	-0.07707612090324155	
-0.11722675307842623	-0.014608070794344948	-0.17598455825925746	-0.10577807473387754	-0.1750582893880296	
-0.10203576923495103	0.039795007739504944	-0.10458667629443713	-0.07400105405962522	-0.12551791276358518	
-0.12652133205797836	-0.0002706463351395406	-0.1375253991826568	0.0800957301643436	-0.12252600111399951	
0.10199396695503048	0.10315800964864184	0.048977185716060294	0.030625586032254647	-0.031881032387494054	
0.15186320304647757	0.009287651352923788	0.13764324747619733	0.09785623326295294	0.1293343736069279	
-0.13331230176227926	0.0489087248772311	-0.2651818486808808	-0.2136798390569753	-0.2735163920494561	
0.04604677430632506	0.07373262818139595	-0.002162735594801655	0.008484663015950411	0.11587288214242593	
-0.2536187787204032	0.019865353705901544	-0.3131910938357061	-0.2268695773189002	-0.27188899568855784	
0.028370961286242887	-0.06890331092107752	0.05222000455494038	0.03131342670550821	0.04320179442099076	
0.00991252459580909	0.07791129538613238	0.027222691990561564	0.06912894106972906	0.13828304078801953	
-0.041339464800799114	0.01508633141514145	0.10928989860599714	0.12739726740172994	0.03916953697928859	
-0.004471214319445758	0.0843084904640703	-0.02161573977365487	0.05602585693852607	-0.16132487176023022	
-0.12970315987081713	0.05028556145562114	-0.17861694070323597	-0.03350667834095728	-0.28436887748189515	
-0.13571425071590967	0.04874430731141677	-0.2819753640160324	-0.13244229551802003	-0.1953683755669673	
-0.0671022230124432	0.04739038093570974	-0.044369048492780595	-0.013355450802870098	0.05155732751940112	
-0.18195628723805957	-0.07455574768841414	-0.09786449675382174	-0.05434280410173751	-0.07323074625077321	
-0.10556632317188175	0.11191444836725442	-0.14396229577339012	0.004835505130785054	-0.17718485261664052	
-0.27425176602097157	-0.1684986381373221	-0.3743129045768916	-0.17719699879994386	-0.40324398254004745	
-0.03630658275942571	0.06775089851208194	0.024300594539394742	0.007136691769785653	-0.06431667167261207	
0.022867564173101665	0.007475048800994491	0.13571003298199616	-0.09537421512075213	-0.009646128221989732	
-0.038732144385598605	0.09809969957258574	0.035560244737886736	0.001367661050365088	0.06941040636346443	
-0.015773057630911812	0.07690718781454335	0.0060829832631025295	0.006258619539049971	0.086136586724677	
0.04440790837562749	0.005294225724103161	0.002338508139027478	-0.021085457659929155	-0.03916564045771096	
0.04034538219080513	0.06620711147004436	-0.13822674066969692	-0.0021522435561311466	-0.06358541708870859	
0.33641350632383465	0.04414028693911529	0.21043983911326225	0.1582730519681842	0.24275206426158144	
-0.37214553547815926	-0.013345889864396266	-0.29024460305803684	-0.16459808434339465	-0.29926945127332805	
-0.011653090744448261	0.08488067788700258	-0.017737842755373445	0.040914879496526994	-0.005554076214335688	
-0.35346971632075136	-0.10096381824584119	-0.40909654937304946	-0.2769483921751632	-0.3275450791534108	
0.026245361163576526	-0.0448050931534961	0.14327465460691338	0.06709048773985052	0.11623529252802185	
-0.042694694377095804	0.014701630495531377	-0.06448434957146798	-0.015816814629823914	-0.007920946469926802	
0.05200629579952396	0.11076247484723463	-0.010651763083291249	0.09145116333989566	-0.01754851050537089	
0.03911608416067674	-0.04734769919935382	-0.0024367930093786975	-0.04903888688143325	0.07754416547639874	
-0.06794666945556374	0.04073890871742185	-0.07013229356514179	-0.15846514481231763	-0.21585239599185224	
0.03064700081185562	0.044908868090259194	0.18248407753741125	0.1523387371370602	0.15786696577266396	
0.008732796853269015	0.12047781576343766	-0.08084272715610925	-0.049072883203047125	-0.14497274012458145	
0.02275555152201142	0.09216973526148016	0.029148045907452298	0.041186542111406196	0.17719745159369013	
-0.21850792828659793	0.09661955425449471	-0.2677593789911246	-0.06333874326786687	-0.19833676394603122	
-0.06822400637458825	-0.007881775930425104	-0.16561578869910534	-0.06906246097271701	-0.11772192321765075	
-0.08901605615322099	0.05392057771517514	0.0719881843229166	-0.11392171160375318	-0.029704567925052806	
-0.047810788082954525	0.07417044553542847	-0.004326602708693177	0.020527130867888606	-0.04078187781934601	
-0.2556480260191296	-0.047959671261760636	-0.417692080411839	-0.10132530989668788	-0.2993976715187359	
0.1104711868549452	0.13884449491798095	0.10081264895448208	0.09042637520713416	0.08933865696883309	
-0.024796877793949155	0.07336210751856016	-0.03243193550758255	0.026801460236312892	-0.16091185657948456	
-0.20394366193684763	-0.06292229547800662	-0.1870791351258439	-0.17487348184805207	-0.14583955230066825	
-0.037011229741860045	0.03711117185873533	-0.053763014700668875	-0.0225410723495531	-0.07847294155052854	
0.12653952966111906	-0.014015060519525628	0.055726694747513496	0.01629454488258044	0.1329957956703138	
0.1697800961098499	0.07114587156241209	0.14092988882314442	0.18160350382388601	0.2690542094260841	
-0.46631605120144054	-0.06358908327961824	-0.45679415680200963	-0.28967180811120435	-0.5352218274335766	
0.023719678282657763	-0.06602712016576834	0.07773983736841546	0.09441790659753084	0.12257919525878995	
0.13095248952691418	-0.049162405083345705	0.15010971801040163	0.10465497756005675	0.10128499859234665	
0.12064005641878922	0.09978603855247202	0.12635468455887566	-0.03645050825801626	0.09984765043893025	
-0.26678033261681083	-0.01822098531182047	-0.25832013380152996	-0.13986275036103685	-0.2905123215953212	
-0.15369937208668075	0.07048007923476457	-0.16577310368732834	0.05724155837691561	-0.19158900367453524	
-0.110210214779655	0.025462329820540364	-0.08290093901310608	-0.0414948337459206	-0.18788477479448473	
0.05347730399830226	0.006973089186584533	0.1611581291127868	0.10571833489589134	0.021823743204006412	
-0.030272018370890812	0.03847106678086411	0.1003758008709544	-0.037170098153805745	0.07781778559038068	
-0.183547344519231	-0.03122674229975179	-0.1955494466119074	-0.052651609001037054	-0.30640547389177886	
0.08683528537003944	0.15906996345932456	0.13432973613356297	0.18863961943863458	0.12498004022931587	
-0.07631536629545875	-0.06518685189106939	-0.0634590445897942	-0.02607658792944184	-0.11612721728840479	
-0.026218892364093038	-0.08975808869867646	-0.0697714539619693	-0.14032009035970944	-0.07356020518127439	
-0.03558314009194627	0.10314736448536213	-0.0734967185394514	-0.014184278077086741	0.04543337588888699	
-0.18896839637341892	0.017637623963470676	-0.13351684577916806	-0.0910753267143412	-0.18261615761927213	
-0.22437717554593245	-0.08582837171502115	-0.2658963535833812	-0.23531596524661988	-0.33409461254859424	
0.02699176627786348	0.0906667472579903	-0.0715585225600438	-0.007811165066764751	-0.049471078267982	
0.16444994539733843	0.06325195013139953	0.10084426001636419	0.035632783535343625	0.14706072687545668	
0.03116512656497713	0.06175313157408871	0.1087165458693811	-0.03645750133827626	-0.046866426374989105	
-0.002600534235369918	-0.11435352116256366	-0.1569850803384929	-0.14929859046024258	-0.1647232447112251	
-0.01955126107161467	0.11841033073244786	-0.024433958850887137	0.13370426470222743	0.07911219636320603	
-0.116193977209438	-0.027503005337626972	0.011292601724558489	-0.029277766094393393	-0.056297548947889735	
-0.25390003223355545	-0.011237166202514545	-0.14160343771632466	-0.17448458925815116	-0.18126895130429524	
-0.07985147751410018	0.06505913939533924	-0.0013000824458443978	-0.07601323424716246	-0.028353310653819436	
-0.21872439789650036	-0.010281482709077966	-0.201116299185907	-0.23003299537547597	-0.19026209239582076	
-0.013760864016029902	0.03568807047637746	-0.05431294432228157	0.13588211977701897	-0.011012124368379075	
-0.10793736677504123	-0.019099079315459917	-0.06886949307896431	-0.06426401818443243	-0.016103801337509726	
0.055817697477173044	0.022823860946077076	0.0543806271178934	0.14214799112154136	0.04988242654302463	
-0.09673390422201852	0.07463683452262662	-0.2069093399048689	-0.014160538230740958	-0.19442845971608919	
0.05003823522128124	0.10181565882401672	-0.1273589789806639	0.1379068659182985	-0.0753196923723103	
0.04245228475615413	0.0279607007442822	-0.04153642434440294	0.02551160409367546	-0.004361718148035416	
0.11065678084732403	-0.05486435059245944	-0.06414227503275392	0.11193440492330904	0.089536055985707	
0.032667375982764264	0.01968140046308632	0.030823046413795848	0.08856471428139648	-0.03656343126411122	
-0.5349789178533854	-0.014620363764145161	-0.6139452236764001	-0.3226065864663	-0.49152609876981423	
-0.13678028660225672	0.05616889373200833	0.0013189828015770357	-0.06320012556871779	-0.09970869932627187	
-0.06264189899007812	0.038344785604822997	0.041099361731541315	0.10912222034437952	-0.06425953581716791	
-0.22088185728543497	-0.0748193949296803	-0.12158337162642756	-0.20252021827749891	-0.17724756303916187	
-0.060698856911371814	0.09889908841379544	-0.048044975471867875	0.004523841917116331	-0.00013841311771947037	
-0.15910094998506596	-0.03251196136862829	-0.15689995720512864	-0.06522472275644578	-0.09099143846749895	
-0.050005737732746226	0.07274861620754611	-0.0499013068584117	0.009773331214045309	-0.14490948350794378	
-0.19984407822902447	0.06297301875376415	-0.1870868191221674	-0.087254859478504	-0.21958441770243034	
-0.042935039006269334	0.08712472255608489	-0.10082975516465495	0.018291191336541317	0.05124034511866164	
-0.07958516315127852	-0.04777883939959141	-0.02018687282453048	-0.1102414007842352	-0.06348191954815524	
0.02333745961193248	0.11376548003951714	0.049617443089732774	0.06669052125460705	-0.10831230686854913	
-0.07461226307456982	-0.09035757509711459	-0.21049227838080575	0.0026219181856285572	-0.2950550217316811	
-0.007948900513371996	0.06543335184185607	-0.10886870107167727	-0.12580134770354873	-0.015369187822365496	
0.0608765684486466	-0.03927367375992686	0.15567552089713668	0.1445061807934544	0.0818513905968573	
-0.09241015667823459	-0.017884811820418674	-0.11852609355536338	-0.07870465206878463	-0.14824894365384766	
0.045211175153818596	0.12532413317942875	0.08095271163257987	0.000752831197003944	0.03983756974813942	
-0.3060135009325817	0.02876856567128534	-0.2733917783487463	-0.04498249107141803	-0.25237394441959304	
-0.014926313548084913	0.07309541232997784	-0.032163370925328325	-0.02112106222831514	-0.05898913395652546	
-0.29992963519711235	-0.09000936317940264	-0.30499232752790356	-0.19107630712227666	-0.3160916059968821	
-0.24146841322608628	0.03134520084325266	-0.28172904827789513	-0.06905176369023475	-0.2237682341600405	
-0.125099905491974	0.09850652548494894	-0.12149959713065017	-0.041906964518989606	-0.05038319947611357	
-0.1489699513631715	-0.037162738782994406	-0.2122823405833709	-0.02670826767126345	-0.21778992126074478	
-0.05303284056166352	-0.06511522621182145	-0.12853914287367788	-0.1339086578719939	-0.046516817123459384	
0.37639531549678323	0.019128885771142797	0.3460034007540599	0.26895599173188367	0.2946411719930718	
0.25078637843257756	0.010070358439171577	0.231981153127186	0.10834834794960573	0.12384775639029033	
0.175713560772467	0.06474081480767731	0.39376473662387795	0.11409114577444554	0.33171750456668	
0.10390791241439219	0.04432430132284724	0.1207916383890286	0.13244864173446672	0.20425698197780548	
0.13457419232321047	0.024384833004355358	0.1147214178277234	0.0655657488069425	0.10192279523036615	
0.2105213583832638	0.035005696066217395	0.18973759148003552	0.1540813519780979	0.2792245796032854	
0.0890251516971474	0.07243671177522049	0.019227097256833192	-0.04200607836449847	0.07219078041760582	
0.09320814079563565	-0.04184984865075284	0.005601357994947399	-0.0683839380200447	-0.011267880006384668	
0.15834653904593482	0.0136241321874629	0.21065753467899687	0.23489568306589348	0.29434310691951765	
0.10960444295535171	0.07939796125399029	0.03631999350936678	0.16428298191675694	0.06745697896246304	
-0.4068276290320022	-0.040559739161496425	-0.5102923254907752	-0.3147943600901349	-0.4999557454046635	
0.32255934938179803	0.146540565581189	0.30019902534414317	-0.011157962119593827	0.26709743139957304	
-0.08872370131252047	-0.011790681968762127	-0.13284584794994647	0.010185399730212031	-0.04427814695978081	
-0.671642507254378	-0.14323600428519592	-0.7341930772936117	-0.4495159786140292	-0.6444626044810203	
0.025560722340495428	0.006769894620666562	0.11266247998762903	-0.014696475452536401	0.1336379716134383	
0.08667753681193976	0.011899450019404475	0.12381292146309691	0.12184173884031978	0.23442902390985537	
0.03764008659755913	-0.03014972232645654	0.12886228173833306	-0.006349154742768797	0.1355421195526585	
-0.5370009469376575	-0.09453863890626475	-0.6786205949072011	-0.2726492967608737	-0.6254968698711372	
0.30164703521531133	0.023711227764362575	0.3619283770687132	0.33445812273804615	0.45351321999985733	
0.3471266550906205	0.16728138895311503	0.400362839983728	0.4061031453486954	0.34370384294212714	
0.16782881976666378	0.03310865245175642	0.1666442074605354	0.17944315063499952	0.2674394703554214	
-1.3194637927770307	-0.07734875198171513	-1.6001600507217908	-0.7813394426987675	-1.5517463281014872	
2.6851027201906166	
