            A        R        N        D        C        Q        E        G        H        I        L        K        M        F        P        S        T        W        Y        V
 1 A  -0.1295  -0.0934   0.0226  -0.0343  -0.0327  -0.0613   0.0816  -0.1528   0.0205  -0.0553  -0.0368  -0.1172   0.1105   0.0453   -0.224  -0.0216   0.0421   -0.073  -0.0245  -0.1645
 2 A   0.1493   0.0517  -0.0003  -0.0781  -0.0032  -0.0409   0.0395  -0.1593  -0.0701   0.1411   0.0826   -0.217   0.0086   -0.048  -0.0989   0.0809   0.2353  -0.1077   0.0086   0.2481
 3 A   0.0829  -0.0711  -0.0695  -0.1482  -0.0118  -0.0769  -0.1232  -0.0703    0.024   0.0249  -0.1063  -0.1249   0.0827   0.0268  -0.0228   0.0224  -0.0238  -0.0578  -0.0546   0.0427
 4 A   0.0313  -0.0263  -0.0541   0.0428  -0.0447  -0.0895   0.0064    0.051  -0.0314  -0.0286  -0.0354  -0.0851  -0.0381   0.0421   0.0698  -0.0349  -0.0012   0.0113   0.0135  -0.0089
 5 A   0.0205  -0.0064   -0.025  -0.0417  -0.0103  -0.0132   -0.065  -0.0022  -0.1017   0.1119   0.0081  -0.0507   0.0156   0.0617  -0.0112  -0.0047  -0.0342   0.0293  -0.0134   0.0607
 6 A   0.0331   0.0344   0.0419   0.0252  -0.0234   -0.009  -0.0218  -0.0296  -0.0014   0.0883   0.0326  -0.0139   0.1186   0.1571  -0.0098   0.0372   0.1019  -0.0026   0.0087   0.0202
 7 A   0.0434  -0.0857   0.0381    0.003  -0.0105   0.0542   0.0453  -0.0352   0.0014   0.0343    -0.05  -0.0912   0.0529   0.1508  -0.0607   0.0709   0.0418   0.0164   0.0661   0.0474
 8 A   0.0384   0.0372  -0.0476  -0.0885  -0.0276  -0.0266   0.0322    0.078  -0.0774  -0.0391   0.0423  -0.0386    0.017   0.0775   0.0733   0.0641   -0.007  -0.0212   0.0639  -0.0279
 9 A   0.1484  -0.0896  -0.0384  -0.0861  -0.0232  -0.0671  -0.0613  -0.1977  -0.0931   0.2022   0.1776  -0.0513   0.0814  -0.0406  -0.0595   0.0156   0.0543  -0.1414  -0.1385   0.2939
