            A        R        N        D        C        Q        E        G        H        I        L        K        M        F        P        S        T        W        Y        V
 1 A   0.6216   0.4219   0.0598  -0.8612  -0.8137   0.1099  -0.4534   -0.388  -0.5579  -0.1383   -0.284    0.886   0.3454   -0.735  -0.8052   0.8042   0.6141  -0.9293  -0.3198  -0.0563
 2 A    0.069  -1.8475  -1.1756  -2.1484  -1.4501  -0.3461  -1.6249  -1.8073  -1.1986   1.5116   0.9117  -1.5396   1.0176   0.3331  -2.1339   0.7232   1.5399  -0.3797  -0.4557   1.3868
 3 A  -0.4881  -0.7621  -0.0763  -0.1186   0.1528  -0.2977  -0.7525  -1.0578  -0.3759   0.2874   0.4965  -0.3583   0.9214   1.7347  -0.8119  -0.0468  -0.3147   0.1416   1.3011  -0.1215
 4 A   0.2074  -0.0163    0.145   0.3112  -0.1874   0.2357   0.2748  -0.3504  -0.2177   -0.474  -0.5578   -0.019  -0.2204    0.453   0.2037   0.3424    0.064   1.2271   0.2638  -0.3918
 5 A  -0.1411  -0.2999   0.1947  -0.4122  -0.5758  -0.2857  -0.1631  -0.3539  -0.3205    -0.09  -0.1843  -0.1712   0.0267   0.7531   0.7777    0.428  -0.0643   0.5569   0.7863  -0.0341
 6 A   -0.387  -0.1548   0.3666   -0.447  -0.3967  -0.0704  -0.2731  -0.7433    0.525  -0.0587  -0.0777  -0.4068  -0.0319   0.8564   0.2751   0.3768   0.2343    0.884   0.7159   0.0011
 7 A  -0.4721  -1.0122  -0.4104  -0.5882  -0.2422  -0.5448  -0.8134   -1.039   0.4885   0.4884    0.465  -0.8394   0.8295   1.8607  -0.4301  -0.0659   -0.136   1.4017   1.1526   0.0117
 8 A  -0.1443   -0.117   0.1436  -0.7029   0.8543  -0.1487  -0.2285  -0.8691   0.0368  -0.4389  -0.0701   -0.068  -0.0289   1.0226   0.2668    0.229   0.3139   0.7811   1.2159  -0.4436
 9 A  -1.0302   2.4668  -0.8262  -1.5029  -3.1615   0.5626   -0.037  -2.1385   0.6741  -2.2517  -1.8045   3.9314  -1.3484  -0.5622  -1.6952  -0.7693  -1.1871    0.498   2.3026   -1.865
