TESTRUNID EPOCH: 53 L_PCC: 0.834306108525917 L_ERR: 0.005381916509349975 T_PCC: 0.37779914765367223 T_ERR: 0.01583770298628822
180 LAYER: 1
5 LAYER: 2
1 LAYER: 3
53 :ILEARN
-0.05153489785987702	0.06692309957990906	-0.1393450602915721	-0.0778718590258449	-0.09643122625420777	
-0.056716615075333716	-0.07867429489920882	-0.007035664775310412	0.00020622635976007072	0.02836065973841761	
-0.05480766881918834	0.05941378179022679	-0.1235596666534201	0.0017573841015666976	-0.13347860861358746	
-0.032212101412814165	0.02725890655541886	-0.1034400088681735	-0.20898696395679262	-0.1340279093503644	
0.06450704566858163	0.08754200621227143	-0.045464514517310664	0.020435564689386343	0.07698648259089018	
0.05106007316520986	-0.06847938178602639	-0.14380134260273605	-0.12186282150261582	0.047274432872749655	
-0.09771482117869677	-0.004760082202698539	0.05564940116524222	-0.04148394706923034	0.01802467057737522	
-0.08261313632171743	0.06290031388635922	-0.012187561024922317	-0.17007077621875064	0.004304329129401226	
0.1676291595820829	0.0003835736308350481	0.07628875295015267	0.17807473628962087	-0.003842800996963636	
0.020006835493141285	0.060532848539220176	-0.010210573950058728	-0.021300861793709793	-0.04830323689204683	
-0.060934824017720025	0.012102446532600439	-0.022914360033931897	-0.02179774330581446	0.02803041481916357	
-0.10318816970279798	0.02179985598689649	-0.10231830928716809	-0.018878558966860942	0.02440636820380773	
-0.05277386656917682	-0.036569962748180175	0.06934870076501677	0.00929294992548684	-0.06445077353881244	
0.09599831679357396	-0.020946678292146196	0.12465218092396121	0.2041449409208607	0.10120414436289765	
0.0873045626088886	-0.08343815759430272	-0.0718999404755634	0.062100650364625205	-0.01953337342084111	
-0.11871136686716743	0.11591369735921603	-0.10392215445608066	-0.024711750372205514	-0.0038922920773463527	
0.0509819636850175	0.03836185890505137	0.006049253242957855	-0.07839603916906397	-0.07256938490151252	
0.028188386061383047	0.017685406278123948	-0.028739735282020493	-0.08851369533538986	-0.027415138750698773	
-0.02010110653954634	0.05569659105491182	0.0698399851433586	0.09290579278344263	0.038948264178053096	
-0.03223186913280315	0.0657945574527458	0.03536384161532093	-0.0862848227264882	0.04116981307243093	
-0.035294603268388	0.0042253155794522625	0.06669112896324576	-0.04191056032325341	0.08119400030893512	
-0.01782880774442813	-0.07666308895637028	0.014545500147340724	-0.04108071583584784	0.05397019782965284	
-0.09254477152432102	-0.06423677065435156	0.04510086819315402	0.0005274115966962287	-0.11569730539200053	
-0.08317809716833752	0.12156347657242213	-0.12179706255154464	-0.16546852725704556	-0.21046968848506695	
-0.05952751444492258	-0.11599522716945031	-0.06328210043266304	-0.02639519224374483	0.10420339979631932	
-0.11414815383455429	0.07899362326684499	-0.11955216021362658	-0.2687859855672759	-0.16413622724705973	
-0.2980816884398474	0.27854158362386927	-0.4723953554245552	-0.5929822269801265	-0.2479828292467775	
5.902824486576413e-05	0.022903353985759288	0.04628550583941624	0.1382847853937395	0.09732049242600999	
-0.013715666856158399	-0.06481902076015553	-0.12468675103892722	-0.11175001090011998	-0.11929564594415681	
0.014022584099644672	-0.10320639480071149	0.15323119846650812	0.11543516743496325	-0.009526251612562056	
-0.044134097270557324	0.07421927343664154	0.0473164979259195	-0.03519140015960671	-0.011894900641834976	
-0.03205429100907234	-0.017547749958065736	-0.11051426476445479	-0.038768281022916996	-0.011351701955055934	
-0.02161825246987143	-0.014673209690392099	0.05094611949284425	0.08590603295262433	-0.04000069415992721	
-0.04191865868783974	-0.11443683395678717	0.05762692710709098	0.0731599317330995	0.0636254345359204	
0.02251471861170431	0.057297825547752645	0.11553592063741161	0.08057547818773202	0.06562021175124483	
0.084086179382727	0.006571426728303221	0.009118965299969091	-0.025747905238861616	0.010591803706995891	
0.06774068524405573	-0.08397436426764106	0.10821977287701334	-0.023295691220600694	-0.005890878726764163	
0.07196909048512314	-0.06877771329313964	0.016255335887870502	-0.019135840654024978	0.0894473853475821	
0.012333030509457794	-0.12245706612462201	0.1318722585338252	0.13690618430354431	0.13727985312156032	
0.1463284951241568	-0.12681281844790718	0.011450172677834528	0.08131086028203385	0.14721683214672232	
0.08433615394899041	0.015645311200157712	0.07214363849218362	0.019744416867946677	-0.02681955269573482	
0.015071756495984981	0.0077285205770935665	0.0256960460828497	0.09318458987855777	0.10316871402192636	
-0.05951093963308401	0.11685326904039234	-0.10117935118616136	-0.11064420832830354	-0.09729188244219712	
0.02422489889645196	-0.11241699794015313	0.11820508518073682	0.09905645605725066	-0.07131573572265797	
-0.08321866908669275	-0.023147101386480667	-0.12086963580333776	0.007077634825052282	-0.05380390197046453	
0.10471572273624852	0.0034104702993495665	0.09444644459817703	0.08381639548447666	0.10054954752257586	
0.009663707922587932	-0.002911188398628125	0.0785016067042197	-0.025782517988590072	0.017068623139883037	
0.009119371429292781	-0.09111572386819396	-0.00899336819039344	-0.04388811045216542	0.051408532862345965	
-0.0368734794966666	0.07876945261026184	0.013451074965649804	-0.07047727236062624	0.05879569328051692	
0.02017266948984829	-0.09167519265985827	-0.033733893531111295	0.009106827749427057	0.07415903138070647	
-0.09961530469579309	0.09240032311593828	-0.04515858738378539	0.06405525244862477	0.010723822652501633	
0.09083376721030002	-0.0034211310839313254	0.06068697077769749	-0.012973489046347321	0.049392712203693415	
0.04387543770549996	0.07313990435277298	0.031456539606578696	0.011479087281171944	0.06157534672789361	
-0.04749494504265909	0.04553877515792893	-0.04458004529171064	-0.06484459759350025	-0.0444398652691683	
-0.001821084584561244	-0.05213813136434923	0.033970474996401365	-0.00785888963485112	0.10952042887048588	
0.01557218322708216	-0.04662067740044838	-0.04654535440517396	-0.057490481627395326	0.04359725087006171	
0.07068779353171036	0.0827835899099857	0.023299850239145378	-0.052849133148153836	-0.0558343329309481	
0.081037189698891	-0.0016257477719521215	0.05002221224282127	-0.008266467995984789	0.04538140043227423	
0.015803662793646145	0.04871934979704346	0.024197759171927784	-0.002019873689529964	-0.028330485750399547	
-0.09095360973656152	-0.024689055435289143	-0.10631126372971006	0.0664628614738453	-0.07474834070796763	
0.11045855724430059	0.04637896407220333	0.0972780480040626	0.08000180917862247	-0.024138716556332672	
-0.005160046661803634	-0.026981492660436722	-0.07279095509871401	-0.014690748210744892	-0.03929396499525857	
0.1307194652423291	0.056278984650911565	0.00025639779319231343	-0.04233945211623141	-0.019920546574516484	
0.03981273486594298	0.021593738892597525	-0.023864379761975127	-0.027783428570297964	0.10600126906645693	
-0.008907555387914172	0.016425863309483337	-0.06308943636313191	-0.09598917508040467	0.0050117595441784785	
0.00972387972834324	-0.07363223453058015	0.030168701973679907	0.0012178181419025232	0.043900338675720185	
-0.05449707576285686	0.041415885928540716	-0.04981254995105074	-0.001261529105419577	0.07126784956677971	
-0.06933854844098787	-0.04990347602669304	0.07869948263656244	0.06688153410842645	0.028380412779731665	
0.08519630577908867	0.08427592876612448	0.05761334696145746	0.047267641384592204	-0.0728165876355412	
0.01161100220913707	0.04895850368475505	0.008512704066855541	0.05435817576667463	-0.11263281975536764	
-0.024973283476431154	0.09240517372773928	-0.15622370908409	-0.1612514829590268	-0.047479010171533054	
-0.02309435196183091	0.06336751126713261	-0.009612130756212667	0.04500119601133495	0.10472145115256729	
-0.0834140911099874	-0.0457595385633714	0.022181024592050427	-0.05245869085762749	0.053915196298244185	
-0.020884228223245715	0.12134329555376996	-0.07249066968503694	-0.08359484745107999	-0.12308503425023049	
0.03161726534709932	-0.13626839128341744	0.005594884818299729	0.12533964219400429	-0.041307927134213246	
0.011754084405406151	0.051061065088033854	0.07640702634630721	0.07082405695307782	-0.028585510801868604	
0.00395010424943815	0.006157372190032703	0.11390873773775097	-0.045000131403431134	-0.03787129156464116	
-0.06910123962239687	0.053499530800563834	-0.0666714342209505	-0.1588434017788861	-0.0258544026257074	
-0.06800723392444583	0.06209079697859634	-0.06909382070799265	-0.12992009953458375	0.004564411828878005	
0.06940263393158967	-0.027946046810688203	0.06177248011969354	0.024938891824595983	0.006102936423151394	
0.08553681240726199	0.06232410922218365	-0.12440840996491777	0.007830751295648121	-0.018558886309970043	
0.06135716770982086	-0.050279533623765936	-0.10012797589181387	-0.13010604995265768	-0.04071169662358366	
-0.09075392419838707	0.024073916905269038	0.027478173975056176	0.023492517600170664	0.03664333170995666	
-0.038077023872066296	0.061401887334659	-0.04715621255538073	0.042686998708789524	0.009026475347889829	
-0.06178596102344993	-0.09480260497677216	-0.12234567204121802	-0.1129383580296149	-0.007238379859435951	
-0.09692552677172453	-0.08774845738858482	0.021354366252808024	-0.04610892801962488	0.030611505788330513	
-0.010197029805650352	-0.01873782071848249	-0.011422220180989645	-0.0044035865804204315	0.056582031590322615	
-0.011009937755935562	0.07219248069153072	-0.09930738076617071	0.037115208125857474	-0.07460327645164404	
-0.029679082122546278	-0.06743964471580423	-0.08012835281456315	-0.17281595367693836	0.03582514342806587	
0.12473265524411657	0.034459697689171925	0.11431108794031553	-0.040027489603570464	-0.030167932524533553	
-0.003536154226228924	-0.010621225812384992	0.14470409984977284	0.16314967982322665	0.09619099818056003	
0.025099451605709717	0.08497370755580042	-0.057626965953797515	-0.08113495855570317	-0.08429137378044063	
-0.04106567569880247	0.04276985682064465	-0.03262151390984439	-0.006772700510806469	0.09700587909113229	
-0.026484802837865813	0.0945117752774869	-0.044304400259526255	0.002800774386023594	-0.025232969134544526	
0.01042234307849339	0.022773897400078905	-0.14527814725566582	-0.1469998014167791	0.0044765910248910955	
-0.12640244379994173	0.05735223749665186	0.0044527294491964005	-0.16072319304749647	-0.0333159251339944	
-0.04445696210075906	0.07335335917540814	-0.024481215002532638	0.0071170950531203045	-0.023633243497525293	
0.03716426339844448	-0.03664518057019748	-0.018070104300359192	0.04199545391758549	-0.008270287866397627	
-0.016892022081325453	0.10097934994354486	-0.047849448975055706	-0.0820131604174758	-0.04097360022293585	
0.11990434706765316	0.06781189870599856	0.08623682699470168	0.1018042517703471	-0.02562346024234357	
-0.0687239994231692	-0.062375123765257355	-0.016181333519598433	-0.04695533311932084	0.03341805329887637	
-0.0106638439710981	0.05450972105729789	-0.06965096045051732	0.029953358492285764	-0.05210337497028368	
-0.02324721877928034	-0.009278460331870205	-0.15813375688308226	-0.13471679546661894	-0.00822535386189329	
-0.0137958276520238	0.005586056560724122	-0.10074301207140943	-0.024894174605946843	0.07990033854169966	
0.09183635163505056	-0.0052325267389346265	0.14227440628028937	0.1220245375179733	0.056983056309840886	
-0.06980105991882925	-0.09967514895278075	-0.06193274108929937	0.015456367795536106	-0.008375400247032877	
0.15530890738270717	-0.11133459808785139	0.1882501123515307	0.15451942010139924	0.11721494696427265	
-0.010318177528028561	0.0518853327018295	-0.08710226251994636	-0.19255160291931359	-0.07013453937257502	
-0.001094874376196824	0.04000559901885292	-0.028355700476096982	-0.03285625767091899	-0.07863722433998067	
-0.08368193365860992	0.05100889365067082	-0.015503072263221115	0.11324430496538301	-0.04329491549187171	
-0.005482591007908932	-0.0076377356152412335	0.08005258384647908	0.017356174649511814	-0.053149576858055325	
-0.025658242500736686	-0.01117424677644279	0.043554124922088856	0.05862586946680844	-0.06865245392919411	
-0.057122172123773754	-0.014901220785200835	0.11052712364007643	-0.04813491303578868	0.0679510066689944	
0.028697198498528385	-0.0020230795661197727	0.04482763084541967	-0.016013381468152874	-0.11002598814445459	
-0.03809388396980547	0.09263461780985661	-0.012641075657044592	-0.05586471259237249	-0.005723673739168598	
-0.02300609888732609	-0.022354438654307033	-0.0569223202877946	-0.040384098577848096	-0.06867239581699945	
0.016223961674183753	-0.023612116489024282	-0.037502094182160634	-0.13203486952304688	0.0014234253694505603	
-0.01760636283109279	0.0631389887380171	-0.06908283903997985	-0.10575102139674869	0.04313779415300159	
-0.05381551939740328	0.058621639320315916	0.00404229087881714	-0.10178117427575203	-0.07412399887083787	
-0.038465462970328164	-0.07850617182518456	0.01764350063338569	-0.0510114100259697	-0.05499699403686773	
0.06701646289011505	0.042389049557769405	-0.03877884019575852	-0.01370382797193648	-0.029729920765688957	
0.10534104144976009	0.027036445445456626	0.028614125483249517	-0.021824940834025038	0.08744810502257527	
0.08651152660972324	0.020128144788974997	0.19509278346783943	0.15269950699997883	0.027504406685016695	
0.1644792560796958	-0.1166789791167286	0.04144803217235413	0.08355492608996458	0.05745382462635564	
-0.10835435738089193	0.07109343943160464	-0.13954134660195885	-0.05498963225263198	0.00698027512734482	
-0.03203295613631988	0.0014284869815152975	0.07517871209371964	0.04975056290384505	0.04512637048622041	
-0.01148359310104684	0.025542180098947216	0.12345051212222985	0.01596527513414582	0.08773179925748284	
-0.05072703052044311	0.040557483232118136	-0.024063939459507352	0.008825954991541898	-0.0048382084051546235	
-0.054341499684574766	0.0571375602414361	0.007978600406994388	0.041863652911615784	0.026033542800873763	
-0.06916567265752563	-0.06077006059888397	-0.08005164396750034	-0.0014371432347957058	-0.05302563848588139	
-0.04461610819205073	-0.0671902710881111	0.02204422544866186	-0.1220967279868752	0.07447483455330901	
-0.04209203290700078	-0.0012687152958211	-0.0733724210350052	0.07145478021875122	-0.04011461977616724	
0.007480604438125407	0.047048439304219515	-0.07488031162757339	0.0005178887029301279	-0.061625868981968986	
0.0098092654398592	0.06658148599317752	-0.1320507324814377	0.007501813919083934	-0.14713983752988288	
0.015143534305137178	0.04846110905180537	-0.13467173852344744	-0.07589180820918656	-0.010517984816022159	
0.13757523377248232	-0.06804961940843358	-0.035081672847548664	0.14990095479336665	0.11464639784734743	
0.08505729875799702	-0.01718897109311618	0.11981773292686414	0.13749357179578164	0.018629168748788383	
0.03787536140209066	0.051573913380942964	-0.021495873666435364	-0.06661710245093101	0.011999574563476667	
-0.1021997263705397	0.048895331367284266	0.07876212502407794	-0.044634201593497715	-0.08685959600603196	
-0.04595703232580917	-0.04347231991387604	0.09547620885861646	0.020743243347031544	-0.04167369201991584	
-0.023409488455587615	-0.07228053586785071	0.10257085338324212	0.047658999925614814	0.03830657529674301	
-0.01849669216728015	0.07105211820912431	-0.03795893900299561	-0.06516866150283308	0.023198381386270117	
-0.04161396851141299	-0.017783965245809528	-0.031511885897510535	0.02517770040769226	0.08361673520404389	
-0.024362837235963906	0.06089041342913113	-0.05111780148565612	-0.018273572431609108	-0.09204370026601062	
0.001444248362768372	0.06984606556423723	0.028420830133282265	0.05197446095912639	0.01104595171850224	
-0.04314092850786023	0.10406620253980424	-0.15221513137905804	-0.06155823439395954	0.041574847381916406	
-0.02445377267133961	-0.043515785450077386	0.020773030641284593	-0.10530446465606494	0.0130362519292006	
0.06451700153972101	0.054197747550631344	0.07836140957781722	0.12039284261809814	-0.05189769539458524	
0.10282293909892734	-0.08454074493786318	-0.04492600350644312	0.06443059660243607	-0.09943011377549549	
0.07898069357966622	0.05943678054195345	0.021545563654770408	-0.011101500222808492	0.07591993850182316	
-0.0019378506489532738	-0.07533992634337171	0.08694783951547007	0.07622333138952912	-0.0006439202891853805	
0.07690095956106624	-0.018884822624735478	0.03992760776001556	-0.022905899003789084	0.0024728012713888955	
-0.05190602101488957	0.08956206383086199	-0.023479679200674515	-0.06553467169208484	-0.062086767837529304	
-0.12361577229421765	0.05680753234705911	-0.0478800764289883	-0.014665272698324416	-0.025494399333328147	
0.017226099648021614	0.06469163731483318	-0.03404718246047785	-0.11461614227964605	-0.013104936485259193	
-0.05754389720951601	-0.03912499886866039	-0.06669379649038208	-0.02681865361515667	-0.04902985816342583	
-0.03418209121153481	0.10447029076196793	-0.06525669062585036	0.058545820487815856	0.01187590873040479	
-0.05296606523618039	0.08994279811038912	-0.04515349642743291	-0.13254062887806536	0.02576338661259349	
-0.04556930823334052	-0.008055254944093279	-0.09387585167619628	-0.028409818870333767	-0.07795051744066235	
0.07425398811005539	-0.05256213813927288	0.04605787167159037	0.04057934792436457	0.08685360138098401	
0.08618785092330206	-0.07034358917651792	0.016134226717888913	0.06898531007471628	-0.007391304421022938	
0.11959712386079063	-0.06515504745062489	0.06920792670847017	0.06950543470177613	-0.027162523383671755	
-0.07781486571672551	-0.02827684632982698	0.09992431689978166	-0.03472626916717547	0.06763666874056383	
-0.02302863225116636	-0.06040712644866914	-0.025900621512344825	0.07644128124263529	0.0718971484464472	
0.06609467608956975	-0.07267568525853679	0.06617639000089166	-0.02711849546715899	0.006746358418661723	
-0.022468617528954765	-0.029253339656479263	-0.09612133306184861	0.002725674192076569	0.040689576440158054	
0.0584582104787918	0.005752119156793073	-0.023320995674393004	-0.03675406264178228	0.031129713343297363	
0.08019150148142641	-0.06678969039193515	-0.029996889779005793	-0.055472371007650526	-0.002907161044099608	
-0.11428738943494299	0.002678241468008819	-0.1227625419862967	-0.02180140364312453	0.010301807360173512	
-0.046250825688374	0.036048886833292215	-0.12580687566023344	-0.043564605327441185	-0.06875275854863416	
0.03501983535156977	0.05118327358442051	-0.03536613592924351	-0.12086797065717839	-0.03527049216552648	
0.13500867810332812	0.06542422337044906	0.07534201569085434	-0.03685959848262079	0.058054747066329855	
-0.05271215726474548	0.03467226947640909	-0.12507943099574825	-0.09006109552073906	0.01213847961026284	
-0.04280236018979075	0.07707452924143972	-0.05075384649829668	-0.2123424767850115	0.0125018234914995	
-0.0786931961291654	-0.06928190801205233	-0.026145301921891833	-0.1042627286066638	0.02703929676798598	
-0.06624129981303228	-0.059096039474688826	-0.06437124931328782	0.05407040012449401	0.050788187547563986	
-0.0012847741730289367	-0.07982324505303086	0.07495984155754938	-0.007803356559536614	0.07786866538761443	
-0.06708080147579898	0.05375464086871948	-0.21273202022781043	-0.1123735574470846	-0.09232384831636234	
-0.18309962623692783	0.07877409614002384	-0.19774933069215717	-0.18939138628996022	-0.028170073086194253	
-0.03488145029581853	0.054879037589930436	-0.003737481593339062	0.07076883288064711	-0.03685663296505695	
-0.056575404643664055	0.09148084638193979	-0.052348633165295116	0.14775132914815955	0.017127256214336	
-0.4556327893904633	0.5022928295102284	-0.8989292764500277	-1.0592036482927596	-0.40637179677164326	
0.12979621848074538	
