TESTRUNID EPOCH: 22 L_PCC: 0.9548337494838978 L_ERR: 0.004451150714836915 T_PCC: 0.8023931622358614 T_ERR: 0.017838693413712508
180 LAYER: 1
5 LAYER: 2
1 LAYER: 3
22 :ILEARN
-0.05879310222361109	0.0880356765591277	-0.18513046230831817	-0.08612521438499783	-0.1629941889733372	
-0.13121544292433523	-0.008145384120804804	-0.11586044933287976	-0.13507981443451272	-0.08607984417793003	
-0.055919665172309396	0.06275129048306294	-0.13413712831711228	-0.003541095860190339	-0.1495294205795196	
-0.0268100802384793	0.06932508552993534	-0.10279226617186184	-0.19997160121118965	-0.17988040796735424	
0.19257395790004833	-0.020773439078859184	0.1532166677469739	0.29014263991649586	0.20185391721644577	
0.1323888149698104	-0.16165058960756884	-0.06786258410158395	-0.054360191862211436	0.20968024611262595	
-0.10300050700075786	0.019657032357345356	0.042999365578632064	-0.05076465435813242	-0.008750671956484973	
-0.08715440641872438	0.11269290971969878	-0.025630625192464406	-0.17720230369488646	-0.08434022742048049	
0.15243301643251617	-0.043975679282529816	0.21471649896213152	0.3413219812928353	-0.0351859779168068	
-0.038373048578022914	0.10706862925597868	-0.12268619326455614	-0.11945023136588417	-0.08249141289071195	
-0.11192333823684758	0.05989987725068823	-0.12022099499578426	-0.12207601414695478	0.018045365293997397	
-0.11108460230676159	0.03918775914422639	-0.16516937305167176	-0.1082694103675494	0.015065933135919201	
-0.08928598347799208	-0.012051243695614512	-0.005111762147653601	-0.06955538804873541	-0.04276771894710755	
-0.05167838614697177	0.159122526947204	0.0027163492708131383	0.08187348000621797	-0.15344330787334257	
0.07079033960373644	-0.04271887550461909	-0.10637894679951426	0.019470483587508188	-0.08812418977027897	
-0.1379495871216226	0.17255697142648438	-0.16294945149243367	-0.08591740117766614	-0.0866455568024179	
-0.02458709376092981	0.14057652661512002	-0.119086494909509	-0.21205504240725592	-0.18791343125730536	
0.021187970295704333	0.09449850323393615	0.011816931881530832	-0.05820224895927239	-0.11544203683733868	
-0.11013637798842896	0.14830028926482233	0.03757872250485565	0.06423732368889064	-0.12269398813489191	
-0.09349287901107298	0.11399713436914016	-0.07479127847196824	-0.1734781288947221	-0.01744880333991429	
-0.0047516850556211295	-0.030980243420667197	0.07161119954952529	-0.027671731075776106	0.11643576045670502	
0.06986262011092319	-0.19086083924381722	0.07541726308423374	0.021516156962312488	0.21275567282330837	
-0.06469520306032837	-0.07483599722720764	0.03832783264991608	-0.019918493405902734	-0.09201802875512656	
0.08631979533023725	-0.00015206734755011215	0.05963938912884368	0.010955758410719663	-0.019565786800302885	
-0.09367612210170956	-0.03854146811557327	-0.07611162016723537	-0.05176719496247723	-0.018829874020839948	
-0.03891282936106641	0.023570754803400377	-0.014740382883562272	-0.19491899551427921	-0.10026725707973294	
0.0616693743706428	0.019541320507224288	0.025284986658673132	-0.09567319082333788	0.14276827196054662	
-0.10424186450172239	0.1508099135514402	-0.11272221166687987	-0.02254477442841807	-0.08380259833081036	
-0.09180877630049754	0.06894615828884113	-0.2202552402047083	-0.25102909769557596	-0.2406907530077041	
-0.04862731121091827	-0.07541505104161195	0.08394909919835762	0.08180767616259924	-0.10429352421011322	
-0.12487407354982212	0.17646665513743792	0.017363989802661753	-0.04910803960402168	-0.19480749130569475	
0.0913742049382197	-0.14649871579145302	0.005316635433636773	0.07565008253535391	0.16195808955391358	
-0.13467138085486033	0.12431355395529993	-0.045447039834535435	-0.012213796340619225	-0.26027434134012206	
-0.26075219804021094	0.20351935209393926	-0.04088922049228338	-0.03725457139663729	-0.32874965263844796	
0.06656173084709008	-0.029695840845909302	0.06302909244275028	0.03860156387301035	0.1989875348437403	
0.06919526015633173	0.01460469912373648	-0.051154758089644564	-0.09888827675736699	-0.003598575969452913	
0.08619685438499927	-0.13645578429950145	0.09585727565668428	-0.029833959041405844	0.04095491907002193	
-0.28385260847659005	0.3599288327110442	-0.3276984555457986	-0.36081820489064226	-0.4785534612382331	
-0.28328719207845143	0.234568119248455	-0.19940234309612334	-0.24274003372197706	-0.24094223320194733	
0.15147283661284447	-0.17832646514859685	-0.004405177938202027	0.10422061996532257	0.17035085106017128	
0.06522573565362941	0.05222368983047693	0.015939639942087917	-0.046345846955095554	-0.07531299797918409	
-0.02420457500011275	0.041279359903770484	-0.01074532119058039	0.05435694751118511	0.033710945937654564	
0.0303168504567694	-0.02380651356476131	-0.053129796583494544	-0.05654354049981498	0.04406264165880804	
0.05249189963087709	-0.19667253337451346	0.11229543163134993	0.1005185094786668	-0.003230249126312411	
-0.04779411391698745	-0.03543770014015681	-0.0892620550049022	0.047442673082939577	-0.03736935272202925	
0.16538601387211935	-0.13035924078705438	0.13310747805369638	0.11803778535184341	0.23754084974009523	
-0.04023131744575081	0.036013795324588725	0.045838613418322495	-0.057120829231601014	-0.07009798921352431	
-0.009183990515996058	-0.09145445480983756	-0.07598083986026909	-0.11963844790856297	0.03008508183978001	
-0.04039941722761399	0.06334496365681508	0.037397932917707516	-0.05440449861752369	0.04213958074227763	
-0.02205241312729309	0.026239486813407716	-0.09109801069253476	-0.03206891790845607	-0.02868019842330249	
-0.030319715366575902	0.0467800221832037	0.09068743828643663	0.24247442190572532	0.06963351609787441	
0.055763088294821996	0.011963011414331464	-0.017045211220490415	-0.09831094903175851	0.01289121218391735	
0.08950839679309064	0.042509850389148875	0.1046325219355524	0.10866330826144427	0.10647408140110899	
-0.17629094489433622	0.25180524738721627	-0.048593600843749196	-0.052953176736992076	-0.32097229502361896	
0.06738959173919704	-0.10710460993067744	0.06598033380411901	0.021578574375020435	0.1804811821208079	
0.061335244326642044	-0.11843505887972704	-0.017558868469612052	-0.03674217594760314	0.10653045108710918	
0.10193719692520672	0.03800471369642312	0.047768892622091726	-0.023063471707742284	-0.020749655588409743	
-0.09074040354003479	0.20345913577661048	-0.09775612720256818	-0.14501164251937412	-0.2527026854385439	
-0.12988410178007273	0.2337833142017041	-0.0815423290829406	-0.11185165562515693	-0.27085034365116956	
-0.1556510579996817	0.12511723825452345	-0.19280665205003175	-0.013482263973951048	-0.21816198554500255	
0.07470445400757654	0.023149023838661114	0.026484946509590587	-0.005945082039329272	-0.031000905084806067	
0.03703868992026846	-0.07681070482875908	-0.0596873957412937	-0.014370601141856428	-0.021953358889247165	
0.09272105689161977	0.06880445555610704	-0.18299530139340817	-0.2607864940017421	-0.04285081509570829	
0.02703092168841302	0.03288789011824803	-0.12043324656422907	-0.08417071781565587	0.04899545683904681	
-0.05202621817767288	0.06670139216406161	-0.09863070527430466	-0.13626549120048798	-0.07831412830527633	
0.1297442886524924	-0.24631790074623527	0.1176544279370855	0.089598794970022	0.21059657225940787	
-0.020705993456417642	0.0011073456029139863	-0.054837066132161424	0.007776237325453556	0.08542367324158619	
-0.057847393908154625	-0.08862132269522037	0.0571737839136692	0.03965400832688341	0.04452407443392572	
0.1245802624150635	0.05556750356512876	0.09035403759804668	0.07331797021122174	-0.04821967489238134	
-0.06423511991487514	0.1572122385031968	-0.045623325488145156	0.004385729073555824	-0.23214530240979986	
-0.03595989380085524	0.18405682977547358	-0.02453970003871876	-0.007042561150232664	-0.16475824152702578	
-0.028551334942631942	0.07124355236510867	-0.08665339851240361	-0.05571658602639899	0.05126262018313576	
-0.08865590785483357	-0.0028087241600022674	0.07328732426402668	-0.0076618777189171195	0.0017985245757148676	
-0.013490608765613072	0.2003999235861535	0.09760585327877697	0.11580769577339481	-0.18625846257646284	
-0.06792959580014252	-0.046432657865143535	-0.19495088429531163	-0.07538521607499211	-0.11332567325033305	
5.872971495691226e-05	0.005012511221855607	0.012603259473425426	-0.019408600214330027	-0.0065662147386702785	
-0.010464253154402012	-0.021198834534873447	0.06983377010510516	-0.10527219107389542	-0.004775217971643648	
-0.024502518650370054	0.0517765815147212	0.05041666847919711	-0.021346430116072793	-0.023596453607691033	
-0.03852182558321412	0.06464140891239237	0.028811796645647512	-0.019120147061041728	0.012685729251081055	
-0.003453585471757227	0.043467814662863674	-0.014129980869747077	-0.055306134447892494	-0.07954996640458172	
0.1318890940262628	0.010396253495281088	-0.10239515447413794	0.04603872405462334	0.046254960338544086	
0.0779289823527272	-0.017680748111578704	-0.12064382761294566	-0.17033545875714867	-0.04988351970644886	
-0.1169546817110885	0.0926271583296991	-0.10404461102063461	-0.0882245750884014	-0.028660353636096245	
0.02382679916817248	-0.0013795278010566667	-0.05802591310614969	0.056873527549232875	0.08620047722078258	
-0.19632772341507979	0.10325612109488341	-0.23400851596985145	-0.23409498844905793	-0.2819212283130305	
-0.024729154645298772	-0.16543176627558984	0.030092496228485092	-0.05468239234282158	0.1434128575391179	
0.03438038592397747	-0.06846855597806956	-0.02089973886599059	-0.012463466691782358	0.10801793992828833	
0.0661419992684911	-0.015029438101334515	-0.08661193554614888	0.08819426406866333	0.03833378772979766	
-0.049130874746932604	0.018369556850828864	-0.1660255759900209	-0.2900500183298002	-0.02491108900398479	
0.003991516163891524	0.172088333229961	0.07297721303339041	-0.07852105296836481	-0.22733084087364414	
-0.06407808549951073	0.027174861107812455	0.1989444901834523	0.22647887611736012	-0.0018892844756767974	
0.06283085739982017	0.07090346167818003	-0.08262638409659973	-0.11815733634395727	-0.03812482080091665	
-0.0924761880589289	0.08497896304588905	-0.02872984506328452	-0.0025993165560120038	0.019009871090016693	
-0.18414184399299813	0.3495045930476388	-0.06202164833724684	-0.053012664095078946	-0.3544203830483442	
0.22661992802035724	-0.25531160826119637	0.0833086616641186	0.12816870831989483	0.33490134407092953	
-0.023515861780406707	-0.037955671341902114	0.05277741522615101	-0.10264116834131538	0.11019500117584495	
-0.03367859897891982	0.06496205468960088	-0.03181905819028408	0.012297477379659316	-0.011303429274237779	
-0.10820244102008154	0.15335595863677387	-0.20331634663382564	-0.1469262552406539	-0.27100221636125943	
-0.09918484559587629	0.2591864197219989	-0.08540165008630997	-0.16401673992279367	-0.22092916455361264	
0.02671677538101731	0.17119794672622954	0.0456132227041092	0.0639225032799236	-0.1762828578405316	
-0.14280339064254455	0.01827637025017066	-0.1419680915014921	-0.19022294283625724	-0.08134859261054439	
0.01157930829898624	0.016051561750873067	-0.09510146655138282	-0.0077493570352072496	-0.04587241047762109	
-0.06190870155690036	0.06330225034286789	-0.24442579354771554	-0.24546918276510873	-0.07568312931366691	
0.06946737803362507	-0.10431318609653539	-0.03141152036100818	0.0356257776282341	0.22469507223297105	
-0.051618142568915046	0.18476168714484784	-0.04926398653988093	-0.061670082364549454	-0.19697180854896995	
-0.04561528456563989	-0.1461122809883066	-0.04863272388794469	0.009261838625523058	0.019276217399581463	
0.1599455906018187	-0.15350118677251032	0.1411798576574689	0.09244473477679137	0.14264999242571405	
-0.049624666004816693	0.12282768307462251	-0.1401450093618049	-0.2624573605305168	-0.1469977111468672	
0.03966041769080869	0.06334592497223078	0.06431820272253179	0.08350195557606528	-0.08928803505128828	
-0.1685253288048784	0.17256184612644365	-0.09056910162928196	0.0480519285937181	-0.20111300321256884	
0.020978790061502543	-0.029972193106897336	0.26312011214935754	0.2507230612024583	-0.076510760486576	
-0.007639068143146939	-0.05590353342416155	-0.004438973317113585	-0.016372962597491943	-0.07058175285121951	
-0.09784409269735447	0.04304358767483026	0.15261189315191265	0.014806547791010543	-0.03424723845374346	
0.016022737618392388	0.05384619748814909	0.09166447909156876	0.09711349470481281	-0.147450522851618	
-0.013839339113808986	0.08719620078919431	-0.003278617288738763	-0.05543524840174883	-0.012500891476589218	
-0.010949296938155577	-0.0500871150276714	-0.08530271095446279	-0.09000772033833468	-0.04106357584950651	
0.06405221552244195	-0.07721490231470837	0.016296314957755256	-0.0894312646255167	0.054101013239628695	
-0.08307445732675828	0.19003090283172083	-0.10549950012591716	-0.10953541544560749	-0.11114601604697467	
-0.14719494345295034	0.2562126335529123	-0.0640438917841684	-0.1296014142362692	-0.26571557230403914	
-0.15747857239704724	0.07755840649050817	-0.13137319420636445	-0.20442253475530478	-0.2558042342509485	
0.07412010909100254	-0.0049634691224850975	-0.06040785838022379	-0.022146875719366636	-0.013231234188469625	
0.12833550534191124	-0.05451801029262226	0.026374704160054916	-0.01745229622697403	0.14422889937126754	
-0.11675415083027106	0.21062066803229423	-0.21803697239336733	-0.2664890110070047	-0.2694947821851073	
0.018624802739734832	0.004997838552368001	-0.23411813639681706	-0.1944443600703921	-0.15783600665744488	
-0.04004001721524813	0.0013011403806846053	-0.033851162627108244	0.07691036129031026	0.08978886571726215	
-0.0387622820377817	-0.07173097197344044	0.0359005723868935	0.014724379529986335	0.09218260823388093	
-0.04440591801673845	0.0006197067151741044	0.03236473832894601	-0.08989351565997952	0.07503606620394689	
0.018142011768326083	-0.09600515905283241	-0.033318986923635746	0.03508821267703593	0.12521525250374152	
-0.10542544941410499	0.11112820705846138	-0.11112035383670452	-0.08884243667676353	-0.0420823193866964	
-0.14321922752762895	0.10654851938560106	-0.07602174122689379	0.010511848044118746	-0.24287287646496547	
-0.06564399084021019	0.048295292965660416	0.16275079801603856	0.03022509749193104	-0.05013934395690948	
0.030467849682736515	-0.18446203134566025	-0.026664592420344312	0.13905443669522824	0.12436457622648256	
-0.03573673154545143	0.14881883433202842	-0.024619002708747388	0.058487988963579415	-0.18305979696082417	
0.006276422197548171	0.22888014193528144	-0.08935261541237433	0.009119747550228078	-0.21638555876181922	
0.0772574430505844	-0.006310795257482791	-0.06779954020108302	-0.01224534504104465	0.05314507158603199	
0.15902627619804968	-0.1497745331121604	-0.10489099280537532	0.08338992062445862	0.16676157920856385	
0.023645640624437234	0.03253984499771578	0.00041171838830648434	0.005595030388229341	-0.07901037570316476	
-0.09836160420408918	0.25283413855998244	-0.1302318450837158	-0.16766703452776605	-0.24617124028588122	
-0.1639780200096819	0.1971217023823287	0.026614541944042166	-0.12299395396573164	-0.20773716499698072	
-0.11337979823723811	0.08704941178037585	0.08713779442608982	0.02023457717003701	-0.20819982738749757	
-0.020666901850381888	-0.12894588916230507	0.0531731260617771	0.01442838338176225	0.07565758500614904	
-0.04017600444266283	0.0741408533135527	-0.06145657641883226	-0.019970094176645605	-0.04558334678136602	
-0.1295179290572139	0.07767285341525886	-0.1850950997006075	-0.11781965166748873	-0.08442623017416206	
-0.05585154247722206	0.08948781320318198	-0.10857068230317683	-0.08424670628190968	-0.17312341643340678	
-0.01626758153107904	0.10111751078296942	-0.02200578490745222	0.012575574699661378	-0.0337025518743696	
-0.015405695247631974	0.058829433437960925	-0.11011832046703683	0.024443204832583932	0.042541389584615105	
-0.03790133502905717	-0.02587362234130437	-0.020572617732461225	-0.1282505398373511	-0.04577513166286336	
0.0217175914392655	0.061867232475207666	-0.004132108479355402	0.054788614821893754	-0.12275881357213225	
-0.0571232320221222	0.12007326997869085	-0.20057530883845426	-0.0658317604241548	-0.38377032431683655	
0.030011669980697212	0.1719885768448184	-0.0034686200061370357	-0.06771623797059405	-0.0055371152473841605	
-0.11315730039257375	0.1253273804755028	0.005632228520994972	-0.04200835736308927	-0.18975076035970326	
0.04039288514306641	-0.007072868406132505	-0.013938223807723357	0.003911495095123847	-0.08993107708209491	
-0.1558262503990655	0.2501989534787138	-0.10176293278790591	-0.16724144236741675	-0.2245672667240529	
-0.07033974373455702	0.07831933046056071	0.09351818943101026	0.11314768295303324	-0.002628429884143792	
0.17162467286377572	-0.13091602754304055	0.1410905754212696	0.09096064516202815	0.2112959064495808	
0.08429594889022338	-0.2906582255604316	0.03209158447561501	0.11907795573762936	0.2098910188562387	
0.049924363332144166	-0.019701539897532035	-0.019012353019638203	0.12608570017450602	0.1791730012206453	
-0.052574933371135876	0.14596349809759432	0.04164018772755129	-0.025584422284145893	-0.06638115838378206	
-0.0432222739277528	0.034085007162355165	0.051524034926260225	0.13126532816390551	-0.15642054449289014	
0.0469417396210367	0.00931818030611713	0.021201519851419885	-0.007097522026206697	0.05291766010919462	
0.1493661825803251	-0.1653361401871811	0.08033921389087541	0.14862138643671213	0.10120104195335841	
0.18603949270332626	-0.19807598993975176	0.10534681315095856	0.15905908288014556	0.0993764356538136	
0.04921750448682478	-0.24314162661794608	0.20802913081402655	0.12735688492969224	0.300543482084658	
0.08254728871136623	-0.2558764588315406	0.056551869240940154	0.21640139362614583	0.2750998340022659	
0.05652757945572164	-0.10166901563801119	0.057932905386124764	-0.0036065314618269344	0.002339683986498856	
0.09663321072446808	-0.2139107687523156	0.024934106373954882	0.1548963429416877	0.24688573116390897	
0.13624944637343492	-0.14023693633448062	0.028874783852782113	0.07164116511138535	0.1713263106699786	
0.19922646543171726	-0.24506738577083095	0.08491538809378628	0.11720161837376643	0.19882611833625238	
0.09388375769735563	-0.2676118331387728	0.09447867736891448	0.28106314819505307	0.3133239872207126	
-0.20934170772405244	0.34752719506228474	-0.23639838536027682	-0.2395988335444202	-0.4241187230723076	
-0.12215534810854407	0.36326973067673635	-0.09726325836188629	-0.2319243693312549	-0.39897317632668067	
0.21213057763518342	-0.09057847115445078	0.1274949754631377	0.053984333537877224	0.21825526753960817	
-0.11519757120577183	0.22617322794430075	-0.09965913882813711	-0.11127380196751006	-0.20447271040817705	
-0.20497850241839535	0.4630168140545107	-0.18555929341462898	-0.346397447434393	-0.44131967097529257	
-0.03061510264645019	-0.15893174979792293	0.017993166653442912	-0.030147983730734997	0.12153339084338248	
0.050588003773785584	-0.26199310255684244	0.03955533903257192	0.21874369167393867	0.2777803679262937	
0.03784205870036154	-0.17027782357573235	0.11647831504395645	0.062122064913285736	0.1786349115614837	
-0.16871901053256985	0.2785370111526926	-0.3499648677144373	-0.3153113976699977	-0.3337626765810283	
-0.06173504122077301	0.056110833142755355	-0.06213963217760901	-0.03434329935216883	0.027785706441281224	
-0.1476685555715405	0.25768767542136495	-0.08994684106083851	-0.08375997155947273	-0.2675995142024934	
0.0013017716554983945	-0.02199154385708503	-0.0017058116573368562	0.17373187962538167	0.19010028979874946	
-0.9155815795206066	1.73052783544099	-1.1864006394818447	-1.4218243371113735	-1.9114645406952961	
0.31461753604768794	
