TESTRUNID EPOCH: 33 L_PCC: 0.8198617513501544 L_ERR: 0.011389917933068608 T_PCC: 0.701310015963154 T_ERR: 0.01757966991333755
180 LAYER: 1
5 LAYER: 2
1 LAYER: 3
33 :ILEARN
0.4186422858537212	0.03120304153717939	0.25417236536298726	0.27601704960770557	0.29933778342299866	
0.28083674132287195	-0.06329065785704827	0.2485744042175485	0.23682900491195066	0.2983279797702061	
-0.06926809059919505	0.03912146570426413	-0.09389642860627305	0.03614154188449723	-0.1362687369611447	
0.15057609933229146	-0.030784590524135232	0.09420088336858162	0.006507234705696294	0.016003179307099383	
0.05733938121562278	0.09506141122268338	-0.03875282157410444	0.037196030176184024	0.07346990567088864	
0.165766708654858	-0.09984667909483376	-0.04311180742433754	-0.01053243806564276	0.14182858477635288	
-0.13152118886319925	-0.005738909760209496	0.040101943680308304	-0.05793491893954022	-0.03636792228885103	
0.2651485004005078	-0.0002785700981533146	0.3055639528704716	0.12722500261673816	0.3076460129686578	
-0.017105457028698257	0.0599822076129749	-0.12376033715797918	-0.015522244725919874	-0.15529934131115547	
-0.06959296145415081	0.08291041974384224	-0.09730400636010561	-0.09714515908014498	-0.11814087058776046	
-0.2061505599271395	0.03257129722519666	-0.20195590747220993	-0.1759296856987213	-0.12856892019587055	
0.14159532411937564	0.0017781649939081386	0.11514038354550642	0.1868601397411044	0.23994538706040022	
-0.5870235313878666	0.03883266912687831	-0.38283939169528297	-0.4065345159561569	-0.5201394656675116	
-0.40338892584424196	0.06810827753711086	-0.3244093104943407	-0.2514272711354204	-0.3525415581774519	
0.2793496256643515	-0.10150322758471485	0.07434575568934784	0.20188537688742708	0.13820990509948672	
0.09620046666062237	0.07974495823491812	0.10233159587163962	0.17486313480111168	0.1693410893463795	
-0.06149159081651585	0.0537228052824582	-0.05996349457264593	-0.13434943007741929	-0.15511860892881515	
-0.22800918634880016	0.032449605531270076	-0.13687595620812862	-0.1807314845345859	-0.22004506416356737	
-0.2780961216620547	0.1208221676392393	-0.16571339524849413	-0.1295789601110727	-0.1895831507808128	
0.20585766280509432	0.050915966203640334	0.20399904163037721	0.06621936175933443	0.21738188466905511	
-0.5234223213867469	0.06875780816688026	-0.31076585292852243	-0.3904912772266453	-0.3332119049750252	
0.3120084861840533	-0.11565026787850317	0.30964421718860474	0.23922634709356433	0.3324707298721275	
0.020674274325830043	-0.08573458376042616	0.1538896749890184	0.09947456495249296	-0.020825209097980094	
0.10790574666705019	0.04508295457285325	0.128621209168624	0.08193532066868074	-0.02930713821416789	
-0.11671772421364715	-0.09264999118054354	-0.11180441597862935	-0.0675249227774732	0.05379399860503144	
0.054688529542024265	-0.012918603783681724	0.09253491984726435	-0.0547118150294165	-0.019693958704659044	
0.18580626960272145	0.08953751980381036	0.151337225941103	0.025732827790826546	0.20143380783636494	
-0.11913167497654013	0.06815839319162655	-0.07787031868404627	0.014458668196183244	-0.015857626056290798	
0.20673848023751004	-0.09278259959575973	0.06251011886513785	0.06115911275243635	0.06879852169824617	
-0.01991451806578339	-0.045118157298944014	0.08706441349693675	0.045628941034596436	-0.052785680451161054	
0.24379105353826624	0.0885094672321037	0.27976868246543807	0.1774550794205321	0.22914347066144827	
0.18904331930532506	-0.08061650093865946	0.12285848813675972	0.19330397388245302	0.1838329008095712	
-0.17547620455693042	0.032062814210606416	-0.06691322527600631	-0.02208100312698083	-0.16681932865433138	
-0.17114161370355185	-0.062438619026431656	-0.05448275763745131	-0.03942003049417834	-0.052725051124121756	
-0.5998755807978023	0.03949514469675904	-0.5889783502129786	-0.560251410274481	-0.5690064379901855	
0.017288959786298602	0.04988652488918228	-0.055707910475877025	-0.10486228479560813	-0.03805847720887367	
0.21350612887955348	-0.035377841174894814	0.21492728180869553	0.05701843847258909	0.1253638301044275	
0.06916292758390519	-0.06105543648934163	0.03479095699921766	0.010862418862878434	0.09219602520529213	
0.10402394626939905	-0.08046369702138996	0.1737189312455843	0.17051776963299164	0.21127528133665402	
-0.0632979257298226	-0.05241176732207512	-0.15464142518589674	-0.07703070030342435	-0.026859993621064743	
-0.13750090716921073	0.028274746466327813	-0.09066876227236578	-0.13316241580370283	-0.19398328948466637	
0.3111386305704149	-0.012756919145219871	0.2419989688501766	0.2975605083513466	0.3312997815567951	
0.035380349946692806	0.08888200987547279	-0.02566355070775314	-0.04100810971218952	-0.0341552926559375	
0.13069817460789968	-0.06646037270732184	0.21520791599477507	0.15778868250905498	0.030641496341696793	
-0.02728580601757412	-0.04268521755328619	-0.046929853917427176	0.09223723790329832	-0.00017043643509928597	
0.19307694037118978	0.0014214475986244351	0.1426748374492309	0.1460853372964144	0.15699421153587143	
-0.023206846008049616	0.004368957414106448	0.02130807278420134	-0.06266470866068387	-0.039748830097044247	
0.08310366185229552	-0.1090213733964239	0.07227488057113345	0.027056384026082504	0.10788043558671494	
-0.10833502545969165	0.09350010363503268	-0.041399789213943924	-0.11825845548648313	-0.00815438881843523	
0.08949609268782445	-0.06929817303245023	0.01816509688959786	0.05237433558214976	0.10233316126795851	
0.027564164386933685	0.07137993197983807	0.05310752197493346	0.1532646240379026	0.10374151111805688	
0.30686351102841536	-0.0097975624101484	0.21175491953806042	0.13498842213719559	0.20581292965744624	
-0.05645707378934171	0.09280849098106556	-0.028219448708342146	-0.030228889657507464	-0.012510529424440212	
-0.13852836012880063	0.049765593050764716	-0.10126768321482617	-0.11784561331392962	-0.10536045636420746	
0.1448591344409	-0.038576420929190856	0.1601258179249805	0.10477030378420236	0.2352982294620656	
-0.0359940913436612	-0.05519554751154022	-0.0816908782124938	-0.08869090587852863	-0.004473920696486414	
0.0614835448874975	0.07680460498043656	0.013931119373257783	-0.06204902475022784	-0.0654748932759751	
-0.22330663213374202	0.05494021940560563	-0.16988622825292846	-0.20405234563619987	-0.18983950439720668	
-0.006875352653592976	0.07958753327289292	-0.00014955510835232164	-0.0336950751639524	-0.040794048035066505	
-0.2791188313739496	-0.028521248982490713	-0.2472837123023428	-0.06670571798118202	-0.2395349192193038	
0.14792389566550596	0.058951051138899146	0.09505625145400123	0.06066968031864852	-0.009312160166570653	
0.04043486214623342	-0.040275640612330986	-0.025075948752494935	0.033475960991226815	-0.0100900755643091	
-0.08299506750498692	0.10395232738449736	-0.1559351309686802	-0.19938590113882296	-0.1775700226786167	
0.005883497095351622	0.08625915973479603	-0.03661917788017004	-0.049465499368959574	0.07798038113648677	
-0.06673105699073091	0.013237335952734961	-0.10421431999388094	-0.131817361276675	-0.06063552569521614	
-0.018874885288061707	-0.05795370449509722	-9.543665814132978e-05	-0.008748212528488505	0.003582396594010288	
-0.012360430336006256	0.045170827667213545	-0.018835907321205183	0.025360398654319372	0.08915204366532845	
-0.043077620714992555	-0.004846737616758952	0.1264460490545166	0.10463384863896581	0.06945187262626348	
0.09967639958767521	0.08159156172124861	0.08475219176992757	0.0882513981428048	-0.06087793967398443	
0.052211939506276006	0.044901160911698504	0.026835103768079755	0.06979103894103814	-0.08239859370567959	
0.24278463890108623	0.033303701939659244	0.09834360312503301	0.07678103357342633	0.18148798397696736	
0.1715469872576719	0.037452581222422725	0.14348985720186447	0.19800765531511236	0.26161844657154265	
-0.15827337921756193	-0.06019300960247421	-0.022076721793663406	-0.07822147858090434	-0.01497313409617809	
-0.05458388714856094	0.10526159586040652	-0.05515543673807581	-0.05263346686354272	-0.14466620305481945	
0.03136970010236267	-0.1031875451329417	-0.0730500924878894	0.06198685000184209	-0.08994094028562487	
0.038754665623811975	0.06457223345978107	0.07486577245050857	0.07625464088761275	-0.004719065044279937	
-0.19175997600554395	0.03764789180548819	-0.054270151174311304	-0.18511450731612467	-0.20401238953485681	
-0.035585685717912575	0.05591623403258991	0.00495333275975149	-0.07895756098001498	0.012933540113669435	
0.07389630397044561	0.04184153800434483	0.05426740208355598	-0.008108446026571016	0.12412442785724831	
-0.080325871296555	0.0011577114654254656	-0.06500589506212841	-0.12170788457967634	-0.1160679278680811	
-0.03207427038457075	0.0801581815595602	-0.187746112524689	-0.04422444240227587	-0.1040483954253296	
0.1379417625536402	-0.04013467840814371	0.0019561619879013533	-0.04571569530773291	0.03990402701898835	
0.011245826250721631	0.03258207811746233	0.1273519304712085	0.0945326496566916	0.12267633291583392	
-0.11949769817070392	0.0904976177200197	-0.09402580314973268	-0.0025234562710547558	-0.0577723360719985	
-0.09674837350539729	-0.08707131869817634	-0.1271429697122536	-0.11377640153903676	-0.04282628892982726	
-0.14312550740152222	-0.08593770215881234	-0.02702555327919985	-0.09153750177730836	-0.030014500261103853	
0.11848008746026689	-0.02533204117496597	0.10162730123650912	0.08854723248107856	0.176049455294336	
-0.0336793708144514	0.08494739243369016	-0.11766043780266401	0.012954327625259766	-0.10543648055468759	
0.039930008616951215	-0.09644797669385632	0.014993100967089334	-0.08398964672531416	0.10450048580879495	
0.12693495125874169	0.06284516101680743	0.11859072117310983	-0.0342342406781289	-0.0145116259752301	
-0.15761852646268668	0.03490163607326356	-0.011602555544356621	0.00835465425575162	-0.07558271897947916	
0.44671572486748373	0.04898734022743257	0.3015008543221361	0.2366945164174514	0.2665254600698	
-0.24839120155342392	0.09413773563956414	-0.22096768723628063	-0.1875153505548353	-0.09170654386549906	
-0.09102280402531648	0.1157020952880851	-0.09207978022053495	-0.037420064949633736	-0.0827801735140456	
0.2419411851073108	-0.06272425971841991	0.0942392401972325	0.10643166366433228	0.21027495908204624	
-0.23069116419429858	0.0379986581247393	-0.040782315131601875	-0.20817025743137876	-0.1288238670327445	
0.09976171197749001	0.04744666355326464	0.1054235068537292	0.11802747091391695	0.09121648671068773	
-0.03560420855551004	-0.023845719436069456	-0.14879087513791062	-0.04249168987832295	-0.09962764302608773	
0.01831409417710183	0.08740761236359101	0.002911695219323701	-0.03974571635953982	-0.01700222399411846	
0.08343039532267948	0.10130641691020961	0.07604106247098276	0.07744559615650241	-0.039030834781091574	
-0.009807270448842801	-0.06517253029538225	0.008704173729706381	-0.03350003721996158	0.06704561493023958	
0.07007556458441971	0.06183120588170989	-0.0009842660572042213	0.07500479203058165	-0.0019517697123155972	
0.1420970106798193	-0.04986763625840989	-0.0018529780569526938	0.03159429650608204	0.13374853586125043	
-0.2498854294914304	0.03323167476869215	-0.2593327961389587	-0.17750423760741701	-0.12267425873477024	
0.17456801597591856	0.009239070376535752	0.17980846094763833	0.16575168475593446	0.11015790574941814	
-0.02311930243681522	-0.13936319191268637	-0.06143460806681521	0.008590172099430686	0.0034326937436283123	
0.0003358458860448022	-0.053607005501122205	0.012094565334785933	-0.018157409996004605	-0.01683705802946738	
0.061189334543918276	0.03269394358577598	0.019123112354841695	-0.07349204296054121	-0.008178384926863048	
0.07299288007233859	0.05331077092586113	0.057027022165050796	0.04563979068292167	-0.006517524314149908	
-0.05644488278901303	0.07178756524999642	0.0037363430028082303	0.12134719416568085	-0.0063568404159192095	
0.09412462107575988	-0.013059304041876703	0.14217310688167747	0.07028076922202466	0.022815470310580812	
0.06780323753974452	-0.007194000849466444	0.10667425461143623	0.11845367780622894	0.002739218520175569	
0.027298841700385844	0.0004484038214006549	0.14578158843949166	-0.027769771562666128	0.1182190600471125	
-0.13777963134702897	0.013631672934891901	-0.03767977216265451	-0.08417010571696808	-0.2245733266984398	
-0.07064597388012242	0.09049136381074184	-0.003496362246739796	-0.03155393417692918	-0.038781440256614653	
-0.04550779132486666	-0.027791232347394713	-0.06210143376461688	-0.028745614421183206	-0.09270475844272674	
-0.07784892540254743	-0.025823722743824974	-0.062499608488423494	-0.15643929878905918	-0.06707815850934049	
0.011268574737908647	0.06486843363821923	-0.010528360608659339	-0.039525394671414915	0.07122768131349877	
-0.007262340949176204	0.04776768452719104	0.07306547879491941	-0.028248608946966472	-0.03418385168120119	
-0.09537332998412726	-0.0504058208884943	-0.04728434144169464	-0.11922828921196608	-0.09406828601116705	
-0.047134684664685685	0.0857227143342001	-0.13994832368877985	-0.11372289041037112	-0.12240147539315557	
0.21857608281271407	0.037201003321808986	0.12168505868111869	0.05595503587229074	0.17831618013658992	
-0.01565131708732605	0.09938746450861209	0.04045171961760416	-0.016343179424571194	-0.06307537213976674	
-0.005306056287799153	-0.04217930527148072	-0.12871413847880525	-0.0810415800938747	-0.08644294461141912	
0.05009771400041595	0.02219676818844658	0.019534792869473405	0.1110334761749491	0.14592404969519263	
-0.16831074919386674	0.009465891583660645	-0.06867153807682935	-0.0638743471822795	-0.09308441180889984	
-0.1654404113754678	0.047126222214295986	-0.010463375827122484	-0.10378477909025538	-0.04627649812004586	
0.12188017378805019	0.06173688024501371	0.09750299422755182	0.12302628383732496	0.12285316977070936	
-0.08961962566483064	0.08926321607784118	-0.032605457666689194	-0.003112737276211936	-0.014659677357527042	
0.08655757427127919	-0.05702528156759613	0.038119080537288484	0.1017557013127269	0.08347201374508077	
-0.07349222873591296	-0.061546373037925664	0.004166379700240113	-0.1286144052151169	0.03423496192959476	
0.23451158416771437	-0.02027750555674943	0.12118905813017672	0.2635612422102736	0.17242219066481732	
0.0879181988957868	0.03671815840303443	-0.011499963934157928	0.05932163589352156	0.006856777243703145	
0.0032607256312627776	0.053032059454364955	-0.11565095832705839	0.01754848871029333	-0.15539391531508873	
0.09226984511545767	0.012579891795322758	-0.0043821318874353934	0.06169268555794531	0.052754690009556134	
0.10767552492567875	-0.03358057706880513	-0.07704676966819292	0.09706169451815347	0.08113190953182207	
-0.09418591262649692	0.03293403260955935	-0.06589591603876008	-0.06149100525948453	-0.13665800443495432	
-0.04055589266514916	0.07072825036856288	-0.060166124228300255	-0.09973870221730603	-0.051922116032693914	
-0.15608003898841638	0.0683435848261329	0.014827609383942286	-0.10566530070967761	-0.1373267882260025	
-0.08522479387801386	-0.06601087190924433	0.04905859531750636	-0.02802733066080793	-0.077474647172648	
-0.4168586620479218	-0.023693644688104813	-0.27288549610460533	-0.3313464750805788	-0.340385781120745	
0.09763612323293125	0.06622791140494691	0.07718007369699709	0.05617798884998389	0.14024942525682327	
0.2562698294319427	-0.04604120457787716	0.19166141386208904	0.24108166216156615	0.335738670709762	
0.21778902760883254	0.03991083915974763	0.1675364925583343	0.1920803175092822	0.11877200280156287	
0.010566501033497402	0.08948070780098764	0.043698489740934786	0.07386566289480494	0.025176836268487827	
0.12453620251314634	0.0555404531796842	0.013928079699048941	0.10457034232257699	0.19436547520875638	
-0.026209056911019924	-0.033664049935978956	0.04106163352814928	-0.07544192335907161	0.0038265235951284006	
0.1508412167941165	0.09456637525482625	0.14115556068614135	0.16795113030377118	0.019221155665715355	
0.2936263457693916	-0.10999384197092837	0.11441525182108496	0.23025027555204794	0.06250839665255077	
-0.1258234218160539	0.08358711908553106	-0.17636695408688682	-0.208098522630326	-0.10253518590257349	
-0.06960108295977283	-0.06343022187692011	0.015435824330940998	0.024109783004421743	-0.06944505756711256	
0.24045098080375887	-0.030095549883964262	0.16398199698943486	0.09692062109797794	0.13893654053858703	
-0.08444237114929068	0.09980857910847396	-0.06282595500171313	-0.11126054750290475	-0.10274296691692963	
-0.023256034123946362	0.061031339652773006	0.07019852509265774	0.10595170085072297	0.06181755732362142	
-0.20045649738471624	0.05919167707531758	-0.17867468913081483	-0.220759124287725	-0.2041148693282096	
-0.013343283481007395	-0.03323895905314436	-0.035917570172361385	-0.0105319383980204	-0.03544743655115793	
-0.27189138997038115	0.11280409027095115	-0.24849395231081167	-0.10091571799918117	-0.19219324118291306	
0.07900840786092042	0.06384813234703528	0.10633720679186796	0.025812313026860437	0.14322606044583547	
-0.019362552796684362	-0.016759651686931703	-0.0268476751433864	0.030455534889302603	-0.05941756193025706	
-0.10376474913214673	-0.02046593723567089	-0.10826546327843567	-0.1132709631693809	-0.04993154553039397	
0.10481731508790958	-0.07650611480569275	0.02277995626523552	0.08316186402625012	0.008854929792570127	
0.27609802133262934	-0.04318116338115493	0.18031509658163725	0.1768257673754439	0.11173282310023391	
-0.08569837201920086	-0.016767228060274728	0.09703926192550867	-0.023035119652580233	0.06547754133250522	
-0.0029789618621679503	-0.03664129936743864	-0.022134195543556282	0.0873303102838709	0.09140528312919773	
0.09596252958462352	-0.0523974507469523	0.08524475725521512	-0.012267554005210934	0.03402831756941776	
0.14248296821251905	-0.04969433422009685	0.03896789503846417	0.14510462983011	0.18097397201066182	
0.13111595756160618	0.02183081705617326	0.019404508258060577	0.006106575136673109	0.09171595199617594	
0.14084343696857823	-0.07435842193585136	0.0420570112896992	0.03232088011871476	0.05330469103921011	
-0.15848123695533428	-0.020703873088727544	-0.11304907980865116	0.0038937097203728043	-0.011131323884452548	
0.22297746535565738	-0.04062519988855589	0.08727211524407197	0.1648759104862201	0.15127978119854227	
-0.046445615639974264	0.04367683396159634	-0.06293445165531718	-0.15350389190890787	-0.07889435266271869	
0.6680378819731172	0.09765266934467376	0.5037183379346749	0.34833611651923335	0.5199165554148993	
-0.6382322125855789	0.06712106803068386	-0.5188043829191831	-0.4613291365366129	-0.4749555010038703	
-0.5099368236020474	0.0670422499727837	-0.4309561575920916	-0.5428141045608633	-0.43499716537193184	
-0.039463911239167794	-0.06617431625953081	0.022391946538617674	-0.042647403371654354	0.06589168900641669	
0.015580270538881492	-0.055216951029700825	-0.006686253329076836	0.1152688778030004	0.12115646794569429	
0.05330305456421304	-0.06437594419309318	0.11987204258301715	0.028191455420107002	0.136313824111039	
0.08714173335299137	0.011791984407855843	-0.012602576875612304	0.09247149798318746	0.04608392482134017	
-0.7839032636304853	0.0538004197574811	-0.6478914587424035	-0.6177726440348242	-0.6076861003938632	
0.497372010795484	0.03140311996386388	0.42010102658428594	0.4501943669339264	0.400616001986605	
0.14763438835719994	0.14254492319941833	-0.04583202841195701	0.06546943812110463	0.05884154819045462	
-2.232286421987258	0.6748016230466489	-1.6189990320849534	-1.5568356443042417	-1.7674632926161076	
1.7356505004727432	
