TESTRUNID EPOCH: 15 L_PCC: 0.8460552712643433 L_ERR: 0.009023395579561437 T_PCC: 0.826027205617912 T_ERR: 0.010337718561379076
180 LAYER: 1
3 LAYER: 2
1 LAYER: 3
15 :ILEARN
-0.09224697520562594	0.03580032734824232	-0.03667428995713541	-0.4292996340670857	-0.4203815265069827	
-0.5227977912992267	0.297329697917104	0.20096410534839615	0.4682221289439793	0.8244975487870444	
0.6716047173885208	1.2803028704336032	-0.09959432257429417	-0.005120165558525818	-0.11281731509225346	
0.11154189969930944	0.060606143153298805	0.10041722532027847	0.3355553445677876	0.32158712375502185	
0.6325292947323898	0.10994736196313526	-0.04884633354186288	-0.009129986927319787	-0.29472522416388486	
-0.3144002663264709	-0.5680805413337711	-0.34280736998759953	-0.175603086058085	-0.23001691360410395	
0.038512926588164124	0.0421285083362338	0.16467956828333327	-0.34370344127031704	-0.35847316852551525	
-0.45339285090327724	-0.338023700429832	-0.3104004025327458	-0.5652587288182607	0.07457808482160079	
0.13287323717913865	0.35383722934945744	0.5968787795147055	0.6685303323385596	0.7553201632601005	
-0.14745894328171755	0.05662687939602347	-0.1218723793219779	-0.055988267163597435	-0.10297221353179799	
-0.11616912323248549	0.2539887152560986	0.12322468547351505	0.2381295172864819	0.224412999689555	
0.1700964699452434	0.2267992640506997	-0.11514872686662611	-0.18337567178327432	-0.06794153951341489	
-0.1519749703967296	-0.10787255504296514	-0.14193123763838267	0.9778044615531635	0.7785426132162512	
1.4005637339521677	0.275833439468142	0.2237600856869702	0.3857697372293784	0.24810851237391654	
0.2894958850688676	0.24311643967054636	0.48231808762719663	0.6195557338973199	0.7608769717692437	
-0.24763775788942133	-0.06883909246120015	-0.2871253219139456	0.26154554106504524	0.23225212793824815	
0.3948391406187012	0.3341007247401438	0.3212071354737557	0.3299670126846593	0.3799148226373717	
0.479501053588289	0.6234753576990578	-0.33804769555959713	-0.5846797692002162	-0.6804941248021156	
-0.6084006654826752	-0.7014008938198906	-0.8744195245957197	0.6926956924095519	0.5838807730629089	
0.8806463536338788	-0.6847999842887923	-0.6015252111519566	-1.2426778734490813	0.08415111990943717	
-0.10147646712290209	0.3620060087109538	0.2913597743118367	0.12622692170705238	0.433298725873728	
-0.31010292820418306	-0.25977599739356527	-0.5422113251575619	-0.4180840319392706	-0.4243556956640144	
-0.5403224588691146	0.04926818582141867	0.20873064665028976	0.21762735540280326	0.3054510363583539	
0.5363776383158313	0.8450055056823544	-0.7200736963738766	-0.47323036947769703	-0.7659875316183197	
-0.08503410825328145	-0.1510579508860451	-0.2670842516400483	-0.08448507423095163	0.20716113098106845	
0.020103061303137354	-0.20108992943900292	-0.13336668954538664	-0.31212446171979746	0.1411596814266789	
0.23813628014045057	0.5474363384154819	0.2042642013421309	0.09101712044413926	0.39456194500339214	
0.2143368531438293	0.3033664387192476	0.32130915571297447	0.6947625414947428	0.5561967565629161	
0.8906008237005051	0.2442373368055202	0.07429629741648644	0.15304725937114594	-0.055542112253876105	
0.005217216316988517	0.0579499006996317	0.22164733375892345	0.07398350148417665	0.11369809052930689	
-0.19621436088395927	-0.020906102906542753	-0.1465326465215966	0.06685232606254134	0.07431908143048813	
0.18144667735247325	-0.3266749026727862	-0.21693549677779095	-0.23807357700860415	-0.34132550253146854	
-0.5089503732981466	-0.5548691705264283	0.5036139201155784	0.5260329744218871	0.6198291574699146	
-0.15642856240487307	-0.1401083899472698	0.10164056566520929	0.17937870566002437	0.10432734617261623	
0.22310393840399664	-0.08269268597283888	-0.13033736642033955	-0.21157327005330034	-0.6392521057772547	
-0.5231826508914709	-0.7671903152365893	0.16106503518122797	0.01370417937726294	0.430538989477185	
-0.04219971180405686	-0.09128457369939713	-0.05244028398015561	-0.010166556249740248	0.06304573671998913	
-0.0021209930919629484	-0.034959677167971465	0.060780537532666004	0.0711078873207261	0.33595283093169453	
0.09707859575572189	0.37731503288996304	-0.07633388496935786	-0.061097010589969615	-0.12044063771863954	
0.20239332723352288	-0.0003883269674528063	0.2151038810053381	0.22725853974381963	0.1668102554090674	
0.2661807844158754	0.11026536711344471	0.13784724972179752	0.28169168679449214	-0.12957752635051908	
-0.10205355847902546	-0.22218248454635278	0.16843855939725352	0.2674239809746867	0.37469731191547806	
-0.09675401024860414	0.14254213853897238	0.09693248153171266	0.007635373657040422	-0.11426388445677475	
-0.05852000696213919	-0.05523528533098657	0.23759681086414247	0.2457003154600901	-0.10014871268095221	
-0.07338156871815636	0.2217237747690633	0.011568215750765977	0.15840680978559993	0.17537120097012301	
-0.0760600019294418	-0.28932031621295246	-0.155627425666883	0.007335644025324432	0.15933741666117218	
-0.038130855087362386	-0.024567779498883363	0.06139079482571376	-0.10911828955786189	0.0978994615113615	
-0.011421505453237462	-0.0016021463000566744	0.2761705155860501	0.08843511353786856	0.4151853763056226	
0.22228434097602168	0.34415801332684354	0.34539550727041834	-0.2830943615402116	-0.07450270605555953	
-0.23223924054321327	0.18520483120556153	0.1244161287563518	0.2518140341863762	0.3700216045992564	
0.06944124466549272	0.5077280178695673	0.046103047502922066	0.12904619179396914	0.14923725827673437	
0.09509946154575065	0.10217345948805968	0.03379448169913344	0.2532608975109644	0.34536191968556135	
0.40991452829501	0.054151563239691086	0.019149798290521453	0.20668029300205965	-0.08075591627337361	
-0.15917890882864158	-0.11025457561411448	-0.1194346935319636	-0.2921784398664918	0.2791305275960175	
-0.04408849359393739	-0.026457288038131094	0.043665489550175296	0.003853387757208983	0.09437882357029406	
-0.05054168496626269	-0.039581917454683625	0.03939238548023009	-0.08964932734182672	0.16047044915061412	
-0.013093632556353313	0.3094980013388054	0.07576290465307464	-0.06999568880082838	-0.07674974191227761	
-0.011068420596057532	-0.06990241305518993	-0.022700185722030492	0.23895054180348413	0.2642778542893473	
0.09178744500537327	0.029887331922837736	-0.01330291168587343	-0.09282105254618565	-0.07465882349572536	
-0.09234774593489276	0.015690149300512022	-0.17355594972086877	0.10834390284373911	0.1550303792444067	
0.0050712207561714245	-0.0569731931222856	-0.10821482538324856	0.0988352163345557	0.056014585697038856	
0.021496570638671546	0.08459499042091399	0.08518391266227776	0.31588117284048794	0.48138338581038637	
0.5510585900384191	0.7807944671211154	0.12432728094250911	-0.01539291224961573	0.26565159679625644	
-0.07071893492437485	-0.021077658764066726	-0.14119875188069878	0.3469144182518603	0.45294567767892147	
0.6855391722629234	0.07217447663801078	-0.055252781694218704	0.07530489077605611	0.08425982903172878	
0.0884977798298775	0.31303107852615036	-0.09064627712268486	-0.14659988672669344	0.03218694356251986	
-0.07893135146432714	0.01825417428794581	-0.06551752704247894	0.2542338392144354	0.3339749605496266	
0.18358431984001425	-0.2431306684510629	-0.15847432969543854	-0.15132090993026096	-0.1113073920010042	
-0.12151633866280484	-0.23545345432811363	0.10153473831271966	0.09962578641441353	-0.006598974873910413	
-0.10121259045891538	0.029970984592820295	-0.1221344316449988	-0.1356771443468183	-0.2602375816030264	
-0.2572643487026973	-0.034834953078575724	-0.14530076517129656	-0.17572865940006008	0.07979332122815021	
0.030107203078347848	0.12484218047197994	0.07503000447268604	0.05119276476687592	0.22784740974453135	
-0.1816162985910484	-0.0905123318149106	-0.016476089592860843	0.0517023453360728	0.2037617868852811	
0.2346905528211881	0.38553588682888895	0.20165565611383104	0.3883731413296139	0.5565064866225442	
0.5301134922248787	0.7799966509409534	0.2536523674226625	0.28435866356349776	0.3192725028310266	
0.13628153149403147	0.1487220582650601	0.10631197825649213	0.6115946424665684	0.4782478659566249	
0.6697262665780993	-0.010602925983599578	0.07510545402049616	-0.10421175493609776	-0.00526620304735987	
9.09205418235516e-05	0.041449723055681766	-0.2252629166315259	-0.4686456131620582	-0.05111486946564643	
-0.42842891727381166	-0.22793790855395782	-0.3209218889917279	0.21814844434559957	0.3778757255466831	
0.6757454895027094	-0.5241440950280637	-0.3567512877552925	-0.3704909881845514	-0.3136566862777252	
-0.12701022032505044	-0.25691666030463434	-0.10533715945637924	-0.03725281503191772	-0.041244363746929906	
0.06780211741357565	-0.09515907232248748	-0.24780492447741956	-0.04515310918819947	-0.07445390190379098	
-0.057558801627853526	-0.023868799445083473	-0.011004870487940082	0.013543000830643939	0.17916284390758352	
0.03691389875240239	0.275886750628186	-0.03238070535535974	0.0030122552298726697	-0.22769223527704413	
0.014787058374712257	0.08544754717800608	0.14966494657970683	0.048277211358975995	0.01740830435091341	
0.029217956840037147	-0.05315617994329797	0.24079241769747736	0.0010436528745616201	0.3662578350763642	
0.3453656490581778	0.4094643555303916	0.12463622941866075	0.08510684446534983	0.28985540137430843	
-0.04918090540577052	-0.004150797531850521	-0.08729687702114614	0.3085685011471754	0.14587852402351847	
0.4883463557253086	0.0915966817246212	0.18097552777805478	0.10161439327619529	0.11670945941160886	
0.088276007810546	0.0891912797591296	0.3852422284719156	-0.0033237590249233354	0.32897772204262365	
-0.5091353475184954	-0.229425697361398	-0.1969453669512268	0.12124306687383964	-0.013555319013868507	
-0.0646116147541926	0.2667703715734178	0.09636670548395142	0.16717556126408112	-0.32297120704020993	
-0.36389521054236285	-0.43010925739678774	0.018145022198942037	-0.011722498220632718	0.173272065527729	
-0.19467449333984455	0.08843787925057117	-0.026876027286670878	0.18866663666887956	0.07808081610189306	
0.3130025513234141	-0.12528257030710752	-0.12975979557826345	-0.1701050951410493	-0.04472036937275506	
-0.28331835232209973	-0.10998556598440334	0.10026666066961222	-0.12387030530601721	0.28670918637429244	
0.0941036988737495	0.1822319129614285	0.12179258040594654	-0.607723576991994	-0.5491977122783469	
-0.8851191477759104	0.0019491799561278523	-0.057223491286178554	0.06770013231176654	0.016052661618865326	
0.05148232530411367	0.15326042011358484	0.3827058477046456	0.30909117098905114	0.49480172966610264	
0.3270169652064137	0.31211073714603904	0.41954573266443673	0.1048352981427182	-0.03974481152919548	
-0.04140297411530272	0.2758332461999366	0.25763673751412636	0.3687266104314791	-0.38448933602899527	
-0.387154617620419	-0.5335303345142358	0.3668609872855737	0.43231263685249177	0.4931649004216273	
0.4094878381277068	0.29169312197282254	0.5217553422317016	-1.5184181131934307	-1.4162693901106718	
-1.5633991918249923	0.34282993855655275	0.2366225689932181	0.4762529269647371	0.35049889900185527	
0.2521000713850152	0.4309237251569325	0.13717049700726996	0.11749971852941606	0.0779630941546283	
0.20232789094671824	0.2022426581217058	0.3093109494543718	0.49940267157926166	0.44723164723060105	
0.7501852223743853	0.24313222826511777	0.3692268712561198	0.502828376076032	-0.6979684560117451	
-0.6982570842831413	-0.9514251593057081	0.34644607187426685	0.1614008722616664	0.6321813845804213	
0.8576908705217943	0.5861095942711728	1.767359451088563	-1.9208085135364816	-1.8230577683618756	
-2.7412638827736466	2.4903363058068555	
