            A        R        N        D        C        Q        E        G        H        I        L        K        M        F        P        S        T        W        Y        V
 1 A   0.0265   0.0326   -0.001   0.0125     -0.0   0.0001     -0.0   0.0001  -0.0011      0.0     -0.0      0.0     -0.0   0.0012  -0.0002   0.0061     -0.0   0.0153   0.0084     -0.0
 2 A      0.0   0.0001  -0.0001  -0.0008   -0.004     -0.0   0.1062   0.0004  -0.0003     -0.0     -0.0      0.0  -0.0002      0.0  -0.0001  -0.0002  -0.0007     -0.0     -0.0     -0.0
 3 A   0.0007      0.0   0.0324  -0.0007     -0.0     -0.0      0.0     -0.0     -0.0    0.006   0.0001   0.0044     -0.0   0.0163   0.0005      0.0   0.0248     -0.0   0.0001   0.0158
 4 A   0.0079     -0.0   0.0001   0.0136     -0.0      0.0      0.0      0.0      0.0  -0.0011   0.0247   0.0086     -0.0      0.0   0.0001     -0.0   0.0014   0.0054      0.0   0.0398
 5 A   0.0003   0.0055   0.0224  -0.0014     -0.0      0.0  -0.0011   0.0001   0.0001      0.0   0.0381   0.0001     -0.0      0.0      0.0      0.0      0.0   0.0353    0.001  -0.0001
 6 A   0.0013      0.0   0.0003   0.0059      0.0   0.0079   0.0242      0.0      0.0   0.0005   0.0011   0.0005  -0.0006   0.0038  -0.0003      0.0   0.0153      0.0   0.0129   0.0277
 7 A    0.001      0.0   0.0007     -0.0   0.0004      0.0      0.0     -0.0     -0.0   0.0053   0.0213   0.0001      0.0   0.0027   0.0173   0.0011   0.0269   0.0001   0.0247  -0.0012
 8 A  -0.0002     -0.0  -0.0003   0.0054     -0.0      0.0      0.0  -0.0001   0.0001   0.0001   0.0383     -0.0      0.0   0.0003   0.0154      0.0    0.007      0.0      0.0   0.0342
 9 A   0.0003   0.0001     -0.0      0.0  -0.0088   0.0005  -0.0001   0.0008      0.0      0.0   0.0168     -0.0   0.0132   0.0091  -0.0003      0.0      0.0  -0.0019   0.0359   0.0348
