            A        R        N        D        C        Q        E        G        H        I        L        K        M        F        P        S        T        W        Y        V
 1 A  -0.0261  -0.0057   -0.375  -0.2289  -0.0208  -0.0638   0.0533  -0.0445   0.0089   0.1023  -0.1324   0.0769  -0.3186  -0.0548  -0.3058   0.0734  -0.0149  -0.3846   -0.032   -0.002
 2 A    0.211   0.2341  -0.0079  -0.0259    0.068    0.199   0.0262  -0.1954    0.012  -0.3674   0.1815   -0.178   0.0407   0.2769  -0.1138  -0.0757   0.0065    0.313   0.4081  -0.0396
 3 A   0.3098  -0.0462  -0.1981  -0.0568   0.0233  -0.0401  -0.1113   0.0567   0.1009   0.1523   0.0516  -0.0192   0.3792  -0.2013   0.0372   0.1237  -0.0008   0.1422   0.0525   0.0548
 4 A  -0.1089   0.0583  -0.1153   -0.281  -0.2903  -0.0769  -0.0398  -0.0105  -0.0359  -0.2341   0.0592   -0.037  -0.0779  -0.0571  -0.0997  -0.0822  -0.0305   0.1266  -0.0518  -0.0802
 5 A  -0.0231   0.1534   0.0163  -0.1006  -0.0016  -0.0654  -0.0736    0.087   0.0943   0.0784   0.0817  -0.0805   0.1076    0.185    0.059  -0.0162  -0.0001  -0.0924   0.0009  -0.0108
 6 A   0.0572  -0.0567   0.0611  -0.0158   -0.337  -0.0476  -0.0456   0.0864  -0.0673   -0.126  -0.1749  -0.0065   0.0775   0.1725  -0.0929  -0.1423     0.23   0.0608   0.1916  -0.0641
 7 A  -0.0576   0.0489   0.0375  -0.0201  -0.0042  -0.1014   0.0524   0.2148   -0.094   0.1045   0.0463  -0.0945  -0.3802   0.1818   0.2337   0.0762   0.0729  -0.0127   0.0805   0.0534
 8 A  -0.3123   0.1985  -0.1975  -0.0617   0.2831  -0.0186   0.2053   0.0406  -0.0055   0.0373   0.0813   -0.146  -0.1361   0.0781  -0.0076   0.0019   0.0265   0.2445   0.0185   0.0884
 9 A  -0.0794  -0.2859  -0.1135   0.0828  -0.0091  -0.1221  -0.2235  -0.1813  -0.0325    0.164   0.0516   0.2881  -0.0665     0.39   -0.175   0.2474   -0.014  -0.2989   0.1007  -0.0478
