TESTRUNID EPOCH: 63 L_PCC: 0.9141370800522269 L_ERR: 0.007703072319361043 T_PCC: 0.8664663489426898 T_ERR: 0.011740907207811797
180 LAYER: 1
5 LAYER: 2
1 LAYER: 3
63 :ILEARN
-0.19749928384344337	0.3354757526210348	-0.369514871064244	-0.022593145585183962	-0.3474278189902183	
-0.025581961662140267	0.274882217551999	0.04171811594038897	-0.019195050643616186	-0.41680924254504664	
-0.2482615222557419	0.19587407576783342	-0.25944061890437237	0.06148662082902541	-0.41474345281898156	
0.2724908826257151	-0.2086474315709023	0.13774822598332206	-0.04592601937935459	0.3216799634877736	
-0.1843067243001659	0.21605036129019697	0.261515836261598	0.03582775582931696	0.041351235223629504	
-0.030097483753263696	0.3734191320098096	-0.036236666382240455	-0.05854983361424513	-0.3710239244057103	
0.4060460626242317	-0.41122369292419547	0.4286383986581097	-0.0020204204476789466	0.15626651469596178	
-0.37494604872245724	0.6414363997434258	-0.29652888673836986	-0.09314296473130637	-0.5173739041610065	
0.013250513898599324	-0.22077855795879195	0.194802401939314	-0.002039822624402546	-0.007701485924172789	
-0.44494034495782764	0.35187393284981383	-0.2519181172334806	0.0093900977885707	-0.3715928537121219	
-0.32573692538746307	-0.12379741471479404	0.19408446012505018	-0.041674561782475895	-0.3749515484081779	
-0.6268517700821918	0.8344971672704052	-0.32120231894745493	0.02802153185924894	-0.6718415089523435	
-0.28361418134736627	-0.12189722638283113	0.07417204871946857	-0.01835321070402302	-0.6222737773059522	
-0.5780088467596547	0.8208408463910503	-0.21742375581015166	0.16256544567006526	-1.03347688660355	
0.26436022963522005	-0.26960966066798797	0.07316508764883435	0.06170568264083877	0.13925066768862807	
0.0713946430853769	0.6790284090305064	0.10633880820545626	0.01548982482771331	-0.02437128677580274	
0.1644348530620633	0.14490096555343568	0.25393171614255905	-0.015473660986692672	-0.13876905269133893	
0.10701455313771426	0.06315039819264698	-0.07344770135838824	0.0025338906008709533	-0.11971223718761233	
-0.20195660785031697	0.24015664063614797	0.04319503993619021	-0.023107086788103897	-0.26832131974680534	
-0.056758272559714225	0.05620347056165221	0.0267991859372739	-0.08155799732498299	0.12395435142608302	
-0.23751946871733082	0.15319048736380994	-0.01519699596208071	0.013496588677045554	-0.26296179721068347	
0.16731652197985733	-0.2581738346501193	0.14626595365121361	0.060739789155357916	0.1274123059277077	
0.2292675845069628	-0.23738718810399956	0.07790622139673209	0.08761617824520988	0.0420087542743584	
0.04831159598731276	0.21195679513598095	0.05227657443364943	0.10216604839680404	-0.41691090154531163	
-0.15130488499192243	-0.4538102640403675	-0.09888149406414398	-0.06334501727707272	0.9479029684868863	
-0.5747645092042808	0.6942777600975744	-0.3707964640614792	0.01345730433472142	-1.0576613624568105	
0.2269947269409056	-0.16538319875232282	0.14049140209751224	-0.09739493523786899	0.11304054137342018	
-0.02762030880982429	0.12694170056507412	-0.10391509672955372	0.12283607474037815	-0.1919764670111251	
0.36524010620114783	-0.4725393881087113	0.04211831252020251	-0.0361433120530332	0.26606759894281073	
-0.4335597025308545	0.4894021151658453	-0.030572350958455535	-0.030525040128458043	-0.5783230142053216	
-0.9701182428416325	1.2058992326499358	-0.20593908149279563	-0.1727870930649195	-1.3017640347249315	
-0.14048431194168068	0.16464314945964006	-0.1439888903522399	0.18569080137256513	-0.4755223571196707	
-0.2787791799662633	0.4559933937104351	-0.11827236845248319	-0.06881547719299876	-0.5968846511143867	
-0.24839344772719843	0.13600517880117968	0.2059570723795481	-0.012153525960006538	-0.08140764159580392	
0.3513850966881637	-0.14293325093259276	0.1979268948329815	0.023798669566944385	0.09905267803309033	
-0.18617784947614116	0.4311995489530673	-0.2304910013805584	-0.0318894802215987	-0.40968683353947466	
-0.17119072475286723	0.4688180322946996	-0.08132689422316339	-0.12420392948859348	-0.4598513006887973	
-0.12405001345691825	0.2580476968006837	0.06689250076957286	0.004731656448689622	-0.32583711217059347	
0.26095066501759945	-0.37910153294176663	0.30893184173035143	0.05995261673852577	0.5267445592216963	
0.09345116604885606	-0.07637273347122935	0.07580208960874418	-0.05530764591444992	0.297235940241492	
-0.3590656574713502	0.41231716956657005	-0.30831900605734397	0.10973920472611455	-0.36198747330922637	
-0.02002811666279478	0.20399797425129768	0.13720342397623128	0.18101362235807494	0.01174341242111036	
0.05316170217024358	-0.0450366860309312	-0.19424142198520944	-0.007436278516173692	-0.44468463830234956	
-0.3267006760760289	0.6143486105675268	-0.20708195585961883	0.20800023547547977	-0.8144948270255701	
0.03311266655643053	0.14678953870609845	-0.1258669899412869	0.07543737393575545	0.37553470341896145	
0.07324380931300271	0.2792092530923068	0.1437903627528022	0.1503444632170108	-0.006489302015130239	
0.3717085307768727	-0.39571589677861435	0.4177747501845513	-0.023317393676207183	0.547341683824718	
0.1541642924212404	-0.06459130712371014	0.10688968148921688	0.02977432320804795	0.17586263824173642	
0.15398987046429263	0.052606093516465786	0.3730542142567815	-0.05607899334073127	0.21422202150167155	
-0.10799869026315448	-0.12331052493682365	-0.19190669402616398	-0.08405637887190714	-0.14604362373720714	
-0.23555139722021123	0.04599965051133434	-0.10027379138755282	-0.04872014131580994	-0.08929324396219303	
0.45215407571424737	-0.26887247103726153	0.3021423349400805	0.02786098003193695	0.39131073289101465	
-0.2444941202722778	0.8287869637112337	-0.29254720767056075	-0.024962536836301848	-0.6917187545504976	
-0.34697249831971105	0.5457678512586707	0.3215600422911261	-0.1616341234306467	-0.4147655824382978	
0.2425496798409587	0.36779117878369366	-0.16427221669674963	0.15964456964359938	-0.04859840433819529	
-0.07282858486152043	0.5034612297958009	-0.46961404969619347	0.1228025688625861	-0.25978652439823124	
0.49052937954164166	-0.4469843849905121	-0.17454992212147089	-0.009715533130874709	0.1668581155941988	
-0.5862094308714473	-0.23305284272640214	0.42331854069430974	-0.09254172032761451	-0.7034263939305305	
-0.39147266108982104	0.32359195712427946	0.3695066676787927	-0.11268039674867283	-0.07016508827767418	
-0.02954226637584089	-0.48141778827389137	-0.22886566031932956	-0.021724274282542335	0.13859505957477652	
-0.107300250558356	-0.05265328223528876	0.11129616804827566	-0.03213752871256333	-0.13901802240389097	
0.2768765553390029	-0.12064234508707485	-0.037786402968379824	-0.005267984464463601	0.1339123235496291	
0.352385072374824	0.18299454482008995	0.43088858682613584	-0.16007082391405428	0.03419911322489528	
-0.2707165412853242	0.2757109457980377	-0.3752023162806595	-0.09755543106275284	-0.6219585450975534	
-0.12477264844657128	0.3612350653133536	0.10596560665324796	0.0012535025637473787	-0.17782741684652495	
0.09249524162128657	-0.03703631322616531	0.35784940394079345	-0.04513773306631151	0.22338628503349547	
-0.6688224389203175	0.3961089662735805	-0.2395625418316561	0.02700268643303664	0.11141537907882035	
0.13727814853849976	0.0972891735098683	0.008459535187988953	-0.044510821760360184	-0.1815859218858682	
0.08378067802426738	-0.0740108468618718	0.2674949539731507	0.0013719709965336697	-0.2600748346705346	
-0.2928478435322102	-0.03683529747144735	0.20574207985919477	0.16746372143289995	-0.23653851508118692	
-0.14146056008776797	-0.22595578482226272	0.13884177255555233	0.035574564238474236	0.0798036416067038	
0.030217897909775117	0.2072986312457549	0.014064824238524381	0.05998555090848787	-0.014946395859797611	
-0.45279805360616654	0.11444443398951794	0.2777820080017227	0.11416054404906398	0.04167139947049105	
0.2750801842995104	-0.084186358061121	0.06640312461423349	-0.01007561370403755	-0.19874988057819815	
-0.21881426697347928	0.07068045079961706	0.0018590383272387683	0.04975093814772844	0.04346923670146437	
-0.06327980103392983	0.1374609418829691	0.12741402272843355	-0.02587712835065208	-0.5095422777109637	
0.04762078592632712	-0.11808467391510327	0.13146631367852837	-0.08542019501727574	0.016467940818397406	
0.14590147107507975	0.8516151694994777	-0.012916196311798413	-0.11751453620804382	-0.22430967223939643	
0.20836617336528493	0.21290518888013743	0.044276365158630225	-0.14439491467808016	-0.25484151671661065	
-0.28359529600527106	-0.17449103612080924	0.22018196852849797	0.08440798127549545	0.0718066834504078	
-0.20674288584520878	-0.0699042653681281	-0.115267244884097	-0.01089652204975483	0.04230504964399118	
0.045045683981635054	-0.14637932617617813	-0.037202681248470766	-0.07591330994618761	-0.0045425417148955635	
0.07943981251724958	-0.15486627562571376	0.03923481708591689	-0.0032736177844388146	0.10663618677182679	
0.07581853797340224	0.43848939862113046	-0.17351779133399403	0.07347340008170207	-0.22429288174041914	
-0.36253898947261487	0.02177862322957242	0.13938181599068472	-0.178030056912422	-0.24052619731759872	
0.06016125030996997	-0.15012716456151504	0.021060642658248488	-0.07000318189962769	0.35663337997673195	
0.015183812701449374	0.02575377867505752	-0.03015878806560157	-0.0038619418412366405	-0.10945886004286047	
0.06782351402941127	-0.17650030692487623	-0.3114247314218588	0.09326765069593838	0.08426012793608438	
-0.12233089662227925	-0.07144864382586173	-0.03009767364647833	-0.15314299412811208	-0.1166394778088895	
-0.23445512277830818	0.41919236757684974	0.35534354942407564	-0.05324106542234413	-0.1751009387803503	
-0.009449499850938825	0.17700752565573416	0.43117708922719683	0.05932293268931129	0.16579167332986333	
0.08471275541476231	0.09839306934064812	-0.06470411502730389	-0.02386768093884693	-0.04917649209882353	
-0.0945813235294541	0.15852444348348949	0.17340926993051203	-0.07325819088443407	0.13660382724978398	
0.15158957935903355	-0.10126597072776415	0.030989613069614518	-0.022098665182272256	-0.12785959780684858	
0.39008864963252915	-0.09828336496036157	-0.05373276463681446	0.03673182191230747	0.07149550192632176	
-0.17514405300791985	0.21867555221193946	0.06676448006100139	-0.09782962202706827	-0.11831342776112941	
0.20785763643427496	0.2883035582574413	0.5376178558250259	-0.04212602932734551	0.5219310909843115	
-0.1361906985317966	0.27859426326282105	-0.09822834336499288	0.004319341956836033	-0.17424621295779738	
-0.2583863154975519	0.1181025121515832	-0.11782851574960476	-0.094531572753832	-0.3088000471167095	
-0.2869708761355024	0.2016955140498799	0.49178554054282553	0.05500033525616934	0.037218581080301835	
0.305459655208998	0.027646337431993438	0.18238256299747568	-0.10062393362149767	0.5737202849664997	
0.14180169238251875	-0.18333160086532224	-0.24488569831238155	0.028293568817192007	0.0286013609444253	
-0.15385025528176483	0.21854342652962228	-0.42466214556702314	-0.05868532265096553	-0.3056863527220232	
0.2216526383094675	0.05574284733381749	-0.1192892505098821	0.02022539022340008	-0.19032235610316947	
-0.18892243581942528	0.0007294805837243223	0.3240867232991304	0.12084545387020583	-0.12344675564834819	
-0.4137303603327411	-0.27461662258828984	-0.2777616705466233	0.008684602343727534	-0.48145521148750264	
-0.106832302667109	-0.019587117490577285	-0.005943046392954339	0.05702036700861184	-0.05257476097150434	
0.16412260808362614	0.3176247126676034	0.03137231345738227	-0.05995974762438701	0.06444732196491394	
-0.19247905890369282	-0.16790414888034186	0.021007943399001236	-0.06583528873962707	0.00496081640707183	
-0.3445019487315478	0.14826213597505286	0.023193300193195526	0.10477067825239067	-0.38954740284476297	
-0.49136293769516565	-0.13479755339332358	-0.061849135201033606	0.006539878442348028	-0.40674644922731884	
0.20370448282847078	-0.4946405284183441	-0.02691079422255537	-0.0025440470678959252	0.10284298109529258	
-0.1534199450698228	-0.3421896125597821	0.20849130699564644	-0.09730042673137701	-0.01125324996519982	
-0.43918134440465406	0.250155465153166	0.15364732954759078	0.06331734292984953	-0.3577160937361068	
0.08144758842561775	0.599923722954827	0.21788200895007223	-0.008733443446737158	0.04177372262283225	
0.0655843216242369	0.08120679307587202	-0.014977171836951502	0.047208745694350934	0.017526940603544806	
-0.2085417342161306	0.029576600386404108	-0.08031952641599144	-0.044264367933441996	-0.3134646073989133	
0.09206266749562642	-0.09501814467511714	0.2283599105536409	-0.0668761085722635	-0.15435120069588582	
-0.18318193855224188	-0.1275090873659265	0.13383758994137818	-0.05322824398205233	-0.006847217003320362	
-0.2451977370177988	0.0083502396959339	0.08270700463201053	-0.10223583136069667	-0.14908004196529467	
-0.4017629927529267	0.7384124678844317	0.17972580373176195	-0.003287064855413225	0.49055004946462505	
0.2788208699069761	0.018891341074636393	0.014572744617891008	0.022504677449392912	0.38219399580901964	
-0.0360833051232759	-0.07733994730267633	0.19034482848248824	-0.010868849211624227	-0.024840828386948153	
-0.08562907484796838	-0.010660714292159782	-0.00210059100228685	0.019212045614325348	-0.3116825772238537	
0.583226910632841	0.26272062828711246	0.0488270669472409	0.014289778996088128	-0.23069385935523773	
-0.12230131754789572	0.1079851966405353	-0.11681039836177318	0.07571346055801909	-0.056317805081056625	
-0.16376338093148882	0.348341478152405	0.0472581620102795	0.026550528334372474	-0.033485635293452096	
0.006065976987910824	-0.1294300585395308	0.10720763299450871	-0.00874997830375971	0.4657480337078272	
-0.3202768718795552	-0.07981356413805187	-0.25016951310331254	0.03476078353307606	-0.36247442909840627	
-0.5106896172492403	-0.03527498022728708	0.04641866813899649	0.00913099951887934	0.052994799339814005	
-0.11750822555579206	-0.20966548782554867	-0.037716886339361176	-0.13165785714735492	-0.26550688846382936	
0.3111438154250202	-0.547968778743723	0.16248909130699518	0.041698839032906485	0.7139209606625316	
-0.11736686044773725	-0.11798923175205538	-0.14247808206748905	-0.027820360711552444	0.007856741813427718	
0.038823295074634154	0.31433412073064504	-0.07204901826598804	-0.022493275197385053	-0.5259861421260554	
-0.24027512768938933	0.17119078336386515	0.08666412078158171	0.047854566605694975	-0.36693435824686194	
0.10494239774478781	0.02606438187274246	-0.02471143431472758	0.12481697265081378	-0.08152918320230713	
0.0424184643173512	0.07347008950355874	-0.0245070582395677	0.06585849956856053	-0.30052377159274823	
-0.1255551261496427	0.4591480806887925	-0.09298570968245097	-0.10436386121051378	-0.2331566000238352	
-0.2880563476207418	-0.1364189574568434	0.2497616683139664	-0.13127814408017358	0.021661063573664912	
-0.5062107343701293	0.09275283908618323	0.22287362026469487	0.04105370948504284	0.12364326955013724	
-0.07133652754829005	0.04668121220897962	0.11845324581405411	-0.0874816959787843	-0.05342873482437421	
0.03558718663478549	0.4109427099594814	0.22728318867992015	-0.037686017093380694	0.09188126405177771	
0.09803939368270745	0.23326479419196247	-0.14207829677170464	-0.016364610264413847	-0.19007215996523946	
0.2394522309727036	-0.10853575469936523	0.11107038444619989	0.0014498818020389148	0.5536372884183327	
-0.024931299775883587	0.08262432678369357	0.09636226591801306	0.012273465043357669	-0.4056069459591836	
-0.2698228296836237	0.02401799224739375	0.2670504012950547	-0.038111077808548256	0.23590717932586158	
-0.3957668858314564	0.45495242227464877	0.026840582853917112	-0.09148949072213368	-0.5225828998965821	
0.0008214601697777492	0.402639319448492	-0.0882947558801477	0.1348965100435729	-0.1249642396639675	
0.4794890971219517	-0.32240639844290103	0.31461712128395064	-0.044392160987469974	-0.027220679827949693	
0.05947224709673574	-0.1334178291880958	-0.03784694941391908	-0.0003688059966103103	0.36918041485459463	
-0.3512296336077614	0.36430588917074413	-0.09170248605132122	0.1223440192931441	-0.2457256254521211	
0.21288950689323083	-0.12307021672471664	0.2639123122567875	-0.06035618250341981	0.04567333042565775	
-0.145019250442497	0.034148131940505665	0.0829362327655894	-0.10959261188231818	0.05100104804693666	
-0.36058540722075727	0.08083793047943472	0.10398848352978922	-0.02585893372510639	-0.2097576358578842	
-0.0920394100371364	0.284610807258246	0.14829281675162043	-0.0377584087333148	-0.7075073601172824	
-0.1716460778948338	0.24723703231634747	-0.06272497772494251	-0.0707378633544912	-0.13532405196884517	
0.1561519219419949	0.27553078518872076	0.27056001658709256	0.011724673868095928	0.2220798361680545	
-0.38216569870887146	-0.2369022945261354	0.4125494943396765	-0.06933337869859708	-0.3252288814573674	
-0.4596875823064703	0.2607580970145016	0.14420227390458404	0.006292020163070282	-0.3643401109829451	
0.09447635171447384	-0.1847279206700322	0.016916067484448065	0.027642191381584837	0.3353560075607627	
-0.6092204072434605	0.668368083801135	-0.46944275878831104	0.07400903866411661	-0.7947234350002272	
0.04051044088495978	0.060217629590259454	-0.19277679399893416	0.18155809278630874	-0.17958096626975423	
0.3812192479642884	-0.6441672745265353	0.37060701941992974	-0.02864672702766467	0.455715688847758	
0.12702701797275773	-0.024452823692119534	0.04011732346076976	0.08216787417576338	-0.17579089060835085	
-0.3725316802128532	-0.5813301818152776	0.4016134352771628	-0.07051592322166968	0.42037145763421535	
0.1200124554970919	-0.21371270879804666	-0.0085402976813102	0.08774852599956541	-0.010540824413321534	
-0.2963863487571154	0.42326052788593865	-0.30590966051388924	0.04267596261968451	-0.45938169131590784	
0.05438963603240878	0.0589237548813327	-0.009725823414928626	0.05172532591072891	-0.2346171202899047	
0.17769814337314488	-0.3939892512733163	0.04206228122726229	0.20288084112313973	0.3805889500847816	
1.296124122804357e-05	0.10211127903392438	0.039579997469460414	-0.22966676763796484	-0.11583657328059226	
-0.612120409322678	1.1388523742513676	-0.02015389765457201	-0.1543752962479379	-1.0639949255009291	
0.6120387824696096	-0.4764178695497724	0.2051123082154741	-0.024270792938830072	0.4626727360398029	
-0.1537927676550937	-0.0667985370077245	0.20755517590777164	-0.09207986501387665	-0.014085245616066465	
0.2793065666794218	-0.18517549677673462	0.2724635625477191	-0.06685213002165012	0.6715707075244313	
0.12606282578080527	-0.24138143580417215	0.11186498721460372	-0.09456767809945528	0.05414397187066457	
-0.13662909231505194	0.15442975793598213	-0.19807326247734425	0.09387591451321994	-0.4339553786823655	
-0.06784210376559333	0.12828577877800293	0.09324535212903821	-0.09147654884112137	-0.33807695106666835	
0.16559558838156546	-0.1192785220360626	-0.05057369080717966	0.0970063215696558	0.10229379877104823	
0.2270911846982584	-0.3051619867743442	-0.05960468520627296	0.09970392311008594	0.5389162196460612	
-0.7557863323070079	1.0163587835026147	-0.4663188925653463	-0.04942796847333026	-0.9874748857039195	
0.16442090189438588	-0.2503736733888008	-0.1701237010628131	0.06947800045247957	0.43538917361011337	
-1.9770941636779649	2.1442521730819464	-1.620353130025584	0.6407733755943508	-2.311257105680949	
1.3048619578223282	
