TESTRUNID EPOCH: 98 L_PCC: 0.9190865887701356 L_ERR: 0.003298042992721328 T_PCC: 0.8228228795938686 T_ERR: 0.008934609020849438
180 LAYER: 1
2 LAYER: 2
1 LAYER: 3
98 :ILEARN
-0.09953853135473165	-0.05144028740225391	-0.2857181108449414	-0.24754634348848248	0.07663013651510528	
0.06358864891879329	0.24090486865176086	0.28627166540003995	-0.07353058089592328	-0.07337695949747938	
-0.026046625980025735	0.02323017680162208	0.05229433065341672	0.18915734985784027	-0.24843696753355632	
-0.15489532152086652	0.17507278347150834	0.20764783209317425	-0.10800332869612773	-0.11374127779586496	
0.009728824600368809	0.026744797506090514	-0.17262821041784318	-0.11818928609953111	0.01838785592433141	
0.009961254442648379	-0.09870868937418668	-0.11140484147223163	0.054466116897166704	0.18653282992774026	
-0.13761478173886013	-0.09208989159625691	0.05894501572198647	-0.039935860470108483	-0.23562283713221405	
-0.29333260284594254	0.010965075582758886	0.047748738023386056	-0.17257287350443107	-0.04425814518555367	
0.08687280944771053	0.030181173436129156	-0.1236510387102904	-0.030804104624880913	-0.08111330896051466	
-0.01568299454527221	-0.16639420356426407	-0.30508574052117693	-0.025273528701349936	-0.07285695365440525	
-0.2759055060903779	-0.152569173191066	-0.7769181971074061	-0.801204663725209	0.11068001548025695	
0.016409857294211735	-0.012563526105860146	-0.10047335952968794	0.18031540151328537	0.19582414629675912	
-0.040570661099222194	0.008486886589492475	-0.08238606197210567	-0.14704060891558599	-0.0483963292973674	
0.042027215094225946	0.06845740203238838	0.026680197211622663	0.15479478766234162	0.07796238326529754	
0.21672831100729098	0.06480187619984294	0.05301012494001517	0.18512691547870935	-0.012074861452760396	
-0.0725616885117686	0.21185042673341747	0.09781137341241586	0.13528831376638653	0.12158539215258703	
0.07177173327774558	0.014155081623073633	-0.049160662036857795	-0.1521019486448226	-0.05910019805196654	
0.045914504036092985	0.10415677790245986	0.18078571067526705	-0.07395283320811712	-0.09857126469361933	
-0.11442183338596364	0.031130234026382358	-0.005451878719456745	-0.0016529421899694058	0.052558148502175245	
-0.0002435170560319863	0.0672718567540634	-0.01468077905657388	-0.16884884929446667	-0.03299014450979078	
-0.12339004304008645	-0.08043080762204823	-0.010732914425822465	-0.1380346544639239	0.006281369563836714	
-0.046903794389153444	-0.1665953312253916	0.026486059838438204	0.0533099412295901	0.09487716286195635	
-0.1729363424767394	-0.20529818108788175	-0.08156947173846768	-0.1459569101856358	-0.13302840441979827	
-0.004560456375775038	0.051146575816934096	0.09291871774839089	-0.04158596850742117	-0.14796853247471098	
-0.09163715373974748	-0.10762264430312375	-0.11678000643518402	-0.10071447216372066	0.1480142729862231	
0.08599405835229434	0.01634684488661996	0.09390484915683328	-0.0745646479189385	-0.05970980332427348	
0.017680246226455833	0.0796851285999769	-0.014154491486961797	-0.13554309671198034	0.019074612934998687	
-0.11749232295381311	0.03565143230923027	-0.06949265442562541	0.189677515920832	0.18261880777697972	
-0.007421630664964063	-0.09056624704464038	-0.08404668300627775	-0.09967967391526251	-0.06596109391113053	
-0.05548965020463383	-0.09560354466338986	-0.01646618565239453	-0.12591679367825376	-0.2593960536667925	
-0.07518374203695262	0.09379901079039377	0.05274865386947912	-0.019769391578793736	-0.19694415893655015	
-0.1425156322447055	-0.08502345474355626	-0.02278455377297165	0.19699262256573535	0.18803707679445858	
-0.10417330177075315	-0.06403612322843046	-0.10859826695498477	-0.1030958404646135	-0.05872463235365107	
-0.08948689220323316	0.11034968424671236	0.1885979872361547	-0.05413736664314836	-0.0812367361570186	
-0.038752392395279875	0.08171436248608256	0.14039931368547928	0.09074512816440626	-0.0015515276893495555	
0.024454137492370593	-0.05162264146192875	-0.16488194606308504	-0.10381445877660539	-0.037302044150811606	
-0.02834320671502689	-0.1091881849456257	-0.012490990820482464	-0.1746394838986762	-0.11335477456550697	
-0.002763957061399733	-0.27491946983441723	-0.20594785722347003	-0.045810478711695496	0.0012347215777527576	
-0.13548358890701692	-0.19828998641720005	0.016782505742197588	0.013848839950364357	0.004041111518092767	
0.020129517957351607	-0.34917205284688124	-0.33148023623345146	0.01820270836837422	0.08849722314393846	
0.05054579296715941	-0.03419241779010551	0.004542636269693342	-0.07271362751930734	-0.01613734559937242	
-0.005754374943915308	0.04828867846753113	0.029700543867441778	0.028220188112567195	0.012410798475433624	
-0.09083411587758389	0.002993732648892532	-0.06116243047536706	-0.0800280729076701	-0.09629390921475173	
-0.0526914201910792	-0.10131143653807553	0.06966313645122299	0.03818924088616703	-0.11826540286718565	
-0.05980390314075412	-0.030296351809516845	-0.1632749757820984	-0.052430118469370166	0.01571595366362474	
0.12994069819076434	0.009988279791129354	0.06727138271468895	0.09380652501754846	0.10062597069960653	
-0.040908008391421544	-0.031096096747483763	0.049939502858548264	-0.04371188184536863	-0.045612040205589566	
-0.04280997059831269	-0.08643557086423821	0.03429425579618096	-0.05149794098197708	0.03389118356657004	
0.014913027223330025	0.12185942149939831	-0.002809278011835919	-0.09518793548162117	0.16695776453242722	
0.1284992929552602	0.005439790617377888	0.08118402408952047	-0.2383625880339952	-0.23330766194813946	
-0.11102475521304062	0.07924200223619589	-0.029082640623777373	0.08226570226183917	0.10516915333255318	
0.14052744767040604	-0.030745316223791657	-0.0385292587149998	0.05740034093275941	0.1170263554855192	
0.00644428007267136	0.030177079639690393	0.04916254845045517	0.0307747151644727	0.07452509289760817	
-0.033585013629872915	-0.05815874589612748	-0.12850137089660904	-0.25271530693845007	-0.2550692573303353	
-0.0030273115444197974	-0.029836749394277693	0.027487493104626608	-0.0177052669503246	0.11372234395347679	
0.03122344431158771	-0.07600766263616232	-0.05394162788615079	0.0859908636751512	0.17299965148663426	
0.2135149280106779	0.21833110709698622	0.1533631715005228	0.05751732308149615	0.034100100123010985	
0.13018023599783757	-0.0654065232551677	-0.04923821666268386	0.025060683929403024	0.04481902847593323	
0.2332396172732882	0.2728719216088823	0.020923968449652296	-0.026366467106777966	-0.007973164180059047	
-0.09175608810101833	0.09814946892817335	0.023555905415698797	0.12030549142732588	-0.021196954065530238	
0.04007176305971133	0.06874451911442153	0.194251677124854	0.1593533517812887	0.03277130301103834	
0.111835054090195	-0.1970701440774898	-0.23119277829912543	-0.24663861664818557	-0.30939646641834706	
0.11694041808214525	0.0985148258498848	-0.13139340307011416	-0.17147886614614904	-0.06372896048519495	
-0.02401444511559156	0.05885913576107548	-0.05757833669244551	-0.004939445870760184	0.13318081541711996	
-0.11668082011983331	-0.09088032968452833	0.1079335277820693	0.0817631176524898	0.11928285665566439	
0.10242510919657523	0.004049379113233971	0.0793479547390263	0.13068478223201302	0.16356862693576577	
0.03791340964508713	0.16307768826385668	0.06101085928368696	0.11412372151524826	0.00732833088566561	
-0.1675361090657581	0.08435044273453532	0.1959552031598501	-0.2601358340084781	-0.34779624702813594	
-0.24584619940764835	-0.24527773732118846	0.23686185825692335	0.24107289100612944	-0.2915596728033039	
-0.185822418478434	-0.16675244590673194	-0.1990283818200318	0.14861534047901886	-0.021874263151735292	
0.0290790647873467	0.006323563240262065	-0.1957543117397785	-0.21806503249427742	0.09117077901902522	
0.038634671300023286	0.07372339892678927	0.013154842181636235	-0.2364767640298313	-0.2187385191393296	
0.03721208643837848	0.043015867648930395	-1.6168828432004936	-1.732377390444198	0.7992428111537555	
