            A        R        N        D        C        Q        E        G        H        I        L        K        M        F        P        S        T        W        Y        V
 1 A   0.2267  -0.2561  -0.6989  -0.8501   0.0785   0.7785  -0.0867   0.7492   0.8607   0.4016   0.0019   0.6362  -0.8114    0.811  -0.4162   0.4575  -0.0589  -1.0223   -0.121   0.3736
 2 A   0.4108    0.903   1.5921  -1.3566   2.8197    0.535   2.8333  -0.3051   0.2229  -1.5436   0.5975  -0.9492   1.0416   0.2508  -0.0449   0.1014   0.3198  -0.4598   0.3576   0.0232
 3 A   0.1206  -0.3618  -1.3367   0.0506   0.6262  -0.0865  -0.5749  -0.2933  -0.4035  -0.0433  -0.2575   -0.409   1.3798  -0.6355  -0.3407    0.318  -0.1945    1.597  -0.4455   0.5414
 4 A   -0.443   0.0521   0.0958  -0.3975   0.1446   0.2643  -0.6415   0.6426  -0.9841  -0.2328   0.0441  -0.2699   0.3795  -0.3407   0.2496  -0.3764  -0.1131   0.2308  -0.0505   -0.105
 5 A  -0.4942   0.2304   0.0219  -1.3143   0.2891  -0.0158  -0.3336  -0.5085    0.117    -0.09  -0.2997  -0.5165   0.2782   0.0708  -0.2744  -0.4596  -0.4081  -0.3255  -0.9782  -0.4552
 6 A    0.366   0.2032    1.301   0.0933  -0.7968  -0.3686   0.5669   0.2201  -0.0599  -0.2758   0.0734     -0.3   -0.086   0.1836   0.2255  -0.3143   1.0376   0.9204  -0.3734  -0.3771
 7 A   0.1499   0.5478   0.4869   0.5272   0.8692  -0.7741   0.9261    0.884    1.293   0.4772   0.3601   0.9024  -2.7131   0.7364   1.4887   0.5611   0.4947   0.6837   0.4252   1.0667
 8 A   0.0044   0.7843  -0.0678  -0.2697  -0.5398   0.3106   0.3063   0.3103  -0.0913  -0.3777  -0.0358  -0.0001  -0.9747  -0.3307   0.0221  -0.0695   -0.251  -0.2827  -0.5113    0.219
 9 A  -0.3286  -0.7031   2.0969  -2.8025   0.6124  -3.2971  -0.4682   0.0051  -1.0031   -0.115  -0.0818  -0.2154  -1.4194   0.5086  -0.4646   0.1942  -0.6813  -1.4015  -0.6086  -0.6355
