            A        R        N        D        C        Q        E        G        H        I        L        K        M        F        P        S        T        W        Y        V
 1 A  -0.0007   0.0575   0.0006  -0.0084   0.0121   0.0296  -0.0004   0.0066  -0.0051    0.039  -0.0039   0.0077   0.0168   0.0045  -0.0196   0.0255  -0.0003   0.0782  -0.0133   -0.014
 2 A   0.0015  -0.0241  -0.0005    0.069   0.0264   0.0555   0.1703   0.0053   0.0003  -0.0223  -0.0342   0.0199  -0.0164   0.0007  -0.0061   -0.015  -0.0144   0.0171  -0.0219   0.0012
 3 A    0.024  -0.0218  -0.0404   0.0395   0.0551   0.0183   0.0263   0.0086   0.0197   0.0125  -0.0007   0.0006   -0.005   0.0444    0.001   0.0147   0.0156  -0.0131   0.0061   0.0069
 4 A   0.0519    0.021   0.0064   0.0186   0.0336   0.0267   0.0322   0.0071  -0.0092  -0.0389  -0.0181  -0.0193   0.0145   0.0313   0.0149   0.0002  -0.0077   0.0089    0.031   0.0074
 5 A  -0.0152  -0.0225   0.0024   0.0245  -0.0019   0.0478   0.0285   0.0318   0.0224   0.0275   0.0101  -0.0046   0.0179   0.0072   0.0103   0.0276   0.0021   -0.049   0.0312   0.0143
 6 A   0.0171   -0.006  -0.0024   0.0192   0.0008   0.0245   0.0014   0.0066   0.0299  -0.0007   0.0102   0.0246   0.0116   0.0084   0.0136   0.0166   0.0047   0.0487  -0.0001  -0.0165
 7 A  -0.0099  -0.0051    0.026  -0.0014   0.0293   0.0177    0.002  -0.0092   0.0537   0.0138   0.0197  -0.0131   0.0028   0.0113   0.0083   0.0032  -0.0285   0.0572   0.0221   0.0125
 8 A   0.0245   0.0186   0.0104   0.0049   0.0239  -0.0014   0.0055   0.0033    0.023   0.0253   0.0239   0.0195  -0.0425  -0.0014   0.0061   0.0116   0.0281   0.0116    0.002   0.0153
 9 A   0.0354   0.0006   -0.002  -0.0547   0.0036  -0.0081   0.0057   0.0083  -0.0179   0.0085   0.0639   0.0187   0.0206   0.0399   0.0341   0.0222   0.0027    0.001   0.0002   0.0297
