TESTRUNID EPOCH: 8 L_PCC: 0.8536463412478399 L_ERR: 0.01228152287138722 T_PCC: 0.8349777871181461 T_ERR: 0.013766853950379049
180 LAYER: 1
5 LAYER: 2
1 LAYER: 3
8 :ILEARN
-0.11085153131553845	0.31511408868249385	-0.015111490178654749	-0.01964300515912643	-0.30694100493021464	
-0.3502350541674436	0.5301385812067924	-0.3871996224288915	-0.0820977206048681	-0.28437498812205697	
-0.15118013342471467	0.25394763868865927	-0.3208778944030692	0.01633685687556889	-0.34266972866839723	
0.4224336007991188	-0.7720051892909561	0.2844258756876443	-0.025459561941039748	0.7262489903509071	
-0.10240415801872989	0.2836229635401636	0.10581624317800066	0.09145852818624664	-0.5326520820919989	
0.14431275987847839	0.009902827496031188	-0.17345471723293635	-0.06466941746190029	0.23779741253885647	
0.2882516971298068	-0.384979937272106	0.2980533588981303	0.042629688214235774	0.6560843438645559	
-0.3713641823180655	0.5954617332850558	-0.059095959098197585	-0.09975913752682551	-0.2714541429911499	
0.13248439283296978	-0.14268986292155866	-0.11258185819349245	0.0808524604632074	-0.004113586467107325	
0.04588402804144917	0.0624271956345332	-0.026594500600573417	-0.007077190800815174	-0.07007953067365172	
-0.1525868509209545	0.1014920822211212	-0.10696870272156946	-0.03353152244700863	-0.15246139495849595	
-0.31174514714942725	0.5113365567457671	-0.3768515148718893	-0.046720208514822656	-0.3443515523249541	
-0.2924765878808771	0.3861471868538868	-0.3196919013511616	-0.06412840155641225	-0.4752490930233437	
-0.16913727420937613	0.6875509834907081	-0.1771569150003762	0.0900963208514596	-0.6788025131458144	
0.19934877757459063	-0.19913906883066182	0.15523410145440777	0.1287083018861916	0.1907667435639016	
-0.2998353618055619	0.43143837048477823	-0.1620103145515169	0.01853772449083471	-0.44764796337947577	
0.08059934471051433	-0.08626320509593682	0.21674619766958964	-0.004803485781026363	-0.049894467576073596	
0.1333627397797448	0.3119339309496858	0.08564574825267701	0.106002877114174	-0.06377392039458381	
-0.07697179932221877	0.46307776065419703	-0.00013180775610240194	0.061596345235112426	-0.3632748442682669	
0.09215827184898503	-0.07333464600052082	0.16850625906353958	-0.03836974077822437	0.1783191390370465	
-0.29353862983443285	0.06842348323148253	-0.02101594467399844	-0.09477537158381738	-0.010814639670284993	
-0.07341282238538262	0.128497879605734	0.055662657898277026	0.07348415459824251	-0.14989541507695148	
0.347684054081812	-0.2872208367855694	0.5032205933454622	0.1652393651102779	0.2167314830756472	
0.17344397608383133	0.21073756832239937	0.24084949042667186	0.11145479845177068	-0.10573330711356196	
0.1160617784386061	-0.4599960502193897	0.17149608257628995	0.021105332029364373	0.5778788723618904	
-0.30444861576065646	0.624430129647668	-0.2366903478759039	-0.1177705070316909	-0.5570081569600741	
-0.02665338339157818	0.31973685186550077	-0.002456194936823069	-0.06325424485436533	-0.05927246765773657	
-0.06598199415354487	0.12784510824015702	0.06041045230132816	0.11606119272088765	0.012748113572656001	
0.06293764742690333	0.007671691264654938	-0.036100538905384436	-0.0022632678490795565	-0.15840901837605909	
-0.24734856938839023	0.1081322598475871	-0.1715326723442408	-0.06516819619186247	-0.25016281448405986	
-0.6962349749782843	0.78704403174954	-0.7439722784524364	-0.21591250909539728	-0.9127709448985848	
-0.03368379096334958	0.1762602620699294	0.001502676852730635	0.11181606765485795	-0.12558446050962688	
-0.39588931658458276	0.2898469696036099	-0.4541812519267365	-0.027535834568807337	-0.5262170041239974	
-0.290734698898304	0.06997685896883565	-0.2627210199786247	0.02411439247784055	-0.3083207515470132	
0.4092750262278834	-0.27794905201689696	0.504136791268932	0.09561800485523216	0.6888617509550636	
0.08905445490464134	0.06235547144319407	0.10487234581813303	-0.06894182203758153	-0.04699356330675655	
-0.15402084586266127	0.324738781387027	-0.12349113868322197	-0.15511725954315364	-0.3832280596361745	
-0.1968090540936011	0.3501507709555963	-0.24858291696101603	0.01205306631671952	-0.30741786534199556	
-0.07455675961397099	-0.05271827643444143	0.006612866791093597	0.0948720940866373	-0.002244129801582112	
0.06514310316462531	-0.12191280956726135	-0.06464225358508799	-0.02209756625747893	0.20594494686639267	
-0.1353999329526845	0.5223518114699952	-0.2713617504769617	-0.020520460015440847	-0.33614751899847045	
0.003381331862678975	0.413864094303996	0.09343733279500908	0.1282055685859771	-0.07119140863396445	
-0.35081107566001274	0.8495375282309311	-0.3486718946057199	-0.19782423333586813	-0.6080780822612041	
0.15034051610660895	-0.4241003941815995	0.1722323544188446	0.04276194828372117	0.10387184573658743	
-0.036969591793565994	-0.08812723594170525	0.07987378507331248	0.1228178118334134	-0.05829045753881084	
0.2846781938822363	-0.08355755158698028	0.2610972331450308	0.09878688373442865	0.46911765578718656	
0.3480984636865751	-0.5812823901931861	0.34948730056539007	0.024703573569373104	0.6014522499173283	
0.1000221563978841	0.02309737763537899	0.01703155123038911	-0.016166047467118447	0.4229774499292861	
-0.030229748946390952	0.06181227057810736	0.09979904304586862	-0.07949488604245894	-0.12828787389786014	
-0.1969743097954083	0.3970947681323682	-0.24096654131402134	0.06049054235355905	-0.27141510014517833	
-0.014721873850731886	-0.2908988297146328	0.18280614887724714	0.1909341226286752	0.34191577642363646	
-0.2302763729343631	1.0202456729906046	-0.22385978571653345	-0.07654283449649694	-0.5308640911324423	
-0.34756715534628696	0.609088917117231	-0.28701887514312313	-0.02898245811833467	-0.2920402351934555	
-0.2427642813139627	-0.12278983257464143	-0.012936593562289217	-0.019778827592295923	-0.672730978649714	
-0.17686455513727195	0.4836484922023467	-0.26597136256661663	-0.05022824499195816	-0.040082493702547704	
-0.17403939751017108	0.35379387939173257	-0.3086968779093752	-0.12665796116720632	-0.3436326419423045	
0.35395786239304144	-0.339420137612929	0.12099057387858843	-0.0032433587945191788	0.4167748592735272	
-0.0734291816120257	0.08904655200892096	-0.08497144209465247	0.033027828949026	-0.19785799263306122	
-0.14136308543683557	0.0903370080222866	0.0231745199761518	-0.013068867214324206	-0.6107868457069621	
-0.08257919444717703	0.13222453685097252	-0.18032158863155232	0.17373246589333102	-0.09358870966433072	
0.03377957584240777	-0.13537128928858713	-0.03154171702147683	0.06271235315724247	-0.20849624539054176	
0.08261055659179806	-0.03236808604225771	-0.15354319392314528	0.014868853488030336	-0.015208349379127295	
0.2957257692302077	-0.3650194853365403	0.10293339903693756	-0.028852935670351614	-0.05106272096541359	
0.05752351383534272	0.23961882882484586	-0.2573067591345471	-0.057837715447194786	0.04250027403150067	
-0.09506763982383283	0.1683861854252861	-0.06380208971753973	-0.032595167819877854	-0.23726327695074148	
0.246457139476646	-0.2817421042611788	0.004485998103104756	0.05181598508844877	0.2242734943124628	
-0.045246395546354005	0.3360361013741997	-0.20112974263180533	0.01687657954899462	0.01358886679855773	
-0.007632514546916133	0.09958915788663013	0.15307686448477031	0.07413906043906245	-0.06782584731092228	
0.08045541503129743	-0.0296901063335178	0.07675330210892584	0.06897007260950995	-0.17252965715559151	
-0.09097152373169312	-0.1776488666173258	0.1710037090155304	0.12431392795502375	-0.08954675773897902	
0.020498119054801874	0.08166939831448032	0.05631515587124299	-2.9612804983228825e-05	0.1458090454118565	
0.12568736669108788	-0.03396461709294416	-0.1190751997802072	0.061128660699959175	0.21919808255697723	
-0.2043057813921917	-0.006273647177857332	-0.003202564871451169	0.0046861203673853324	-0.051279659322741346	
-0.09592681674657648	0.24062621816206875	0.2617152370428665	0.03821566073841988	-0.024564490031545122	
-0.11007082729033901	0.13741676856751345	-0.2670488348695039	0.03592252857215866	-0.18214826129423323	
0.21654601739009308	-0.011645777133773908	-0.021359541051022488	0.06369891596500184	0.10235121800540785	
0.07573383764041011	0.045440441166902865	0.036639351102943724	-0.056100438789268896	7.000424129539944e-05	
-0.18837270789047741	0.25635923596454147	-0.003915804718140545	-0.06104305109109918	-0.22045082114945172	
-0.23366586256555413	-0.16044017394731278	0.17205858617750636	-0.07706807443297907	-0.1672058081135746	
-0.026360671845598267	-0.2657091934694719	0.18296907551905978	0.073008195296414	-0.03904652235756289	
0.129959817159341	-0.015831008673819674	-0.1316975860166564	0.06251090091128063	0.05056804947183989	
-0.06148651763271919	0.0017182214543792734	-0.13706140227805505	-0.08252385878494566	-0.10727402341439216	
0.17235343538845016	-0.00828230819899436	0.021556203379942063	0.10083117407651448	0.46895387564002333	
0.1429002824808161	0.18306161536597235	-0.11283547847653709	0.07429230010195498	0.037410893143731416	
-0.08693791664835283	-0.09407070989040213	0.023607516164556728	-0.008538713609124973	-0.017885544739056805	
0.016769863510102144	-0.11901571365745713	-0.16461624896144483	0.006598049158141586	0.26017786614901256	
0.15140764601367687	-0.017815454602978373	-0.06491186693975115	0.03862803575343577	0.2067754756581369	
0.08313799695468617	0.49420851564109913	-0.2888463429084185	0.056985421310005974	0.01883287027496072	
0.0014708243396616767	-0.0351330089669143	-0.19766367499012358	-0.10154613439342564	0.0062639418496727725	
-0.22363480660154145	0.11601201640298268	0.10430263377801342	-0.07732376184682306	-0.5479847366269907	
0.04498072025444478	-0.11629094231001504	0.40786185669254854	0.15847775664671643	0.1039341288036642	
-0.15268253907709045	0.21223072156232684	-0.31335918025939347	-0.07985419837763019	-0.1759815199423475	
-0.1730474016967662	0.1626278415810314	-0.11191158568332521	-0.045922016429712324	-0.14940092345741912	
-0.07191665846563566	0.10323187671409492	0.23436768765869803	0.06025253863684499	-0.042683477228572096	
0.2318080295626775	-0.30425574914711384	-0.10397826693353504	0.02675611198561729	0.3050973693730281	
-0.027419724072481978	0.08475849637689084	-0.07082021391427745	-0.08916929012934666	-0.03202665760290573	
-0.005609732292955498	-0.14964075885434222	0.11986430281123964	0.0951005215174008	-0.022155217015826213	
-0.09696927838177327	0.2990646016062086	-0.015989975053260677	0.0846255959436528	-0.0029616115431584824	
-0.13134228112437926	0.07078472487289743	0.0911335455331824	-0.02534770637500161	-0.2305101473739562	
-0.1791192909422508	0.0051027804549508855	0.18702209779787196	0.10647377473387859	-0.5324176869538753	
-0.090402401835649	-0.2712442594332081	0.12383250288887812	0.024836496051533544	-0.040019859424655864	
0.09037115270148635	-0.06190622232728095	-0.27941469224498416	0.09763467592425051	-0.08440194757316877	
0.14086725305136027	0.3124469238889976	-0.26906796734496047	0.015266085695338515	0.12568714892323984	
0.2309287633256664	-0.00736262697614508	-0.13497799394169296	0.11986370770050696	0.25108015382525545	
0.07722416598919049	-0.016186539711568415	0.22990838112322554	0.12149345065265443	-0.1895546179142873	
-0.07503739046924907	-0.24897241859000854	-0.17962288723398753	0.06838996154254995	-0.21270464931835012	
0.2542459175541747	-0.21085466331731975	0.03946796887274847	0.14382532451411315	0.18526243304861087	
0.030409430127081218	-0.047449282627487224	0.11788757826709295	0.023424153901858254	-0.33550178808087017	
0.10683921208340214	0.17694234634727493	-0.059311015625510256	0.03313142968481559	-0.04890919179767679	
-0.23863094614414582	0.3423516942728008	0.07438787505439577	0.03419720947960252	0.02394430488664253	
-0.3270819599795591	0.60537145661305	0.042708279993473736	-0.09438935283283999	-0.3006688928793632	
0.35909332824784074	-0.5863881623100313	0.11113289118037345	0.19251069057932266	0.34795986062731027	
-0.3242265854168027	0.40223711060009854	0.0519522296309927	-0.1600685915269304	-0.19830501792800526	
-0.08424243185009046	0.3082169284304685	0.09210413923420682	-0.0592089825402483	0.015844700748747293	
-0.2833474518993856	0.2746967583796821	-0.17198127564543098	-0.0003964639919560516	-0.2509692740673698	
-0.05482545142685562	0.17467752744593942	-0.06686300304353911	0.08900218901361216	-0.25704879956037	
-0.212816765407949	0.5877524021244742	-0.17816176489005592	-0.080595533814882	-0.22858472623144302	
0.02492309634229693	-0.04705899233359946	0.0880669220084868	-0.011525724109917685	0.24706511925424932	
-0.07807132416997119	0.1835649878044711	-0.04940761112811563	-0.11008521866262894	-0.018039331208489693	
-0.2533389211940231	0.27657242803235965	0.009981992600362234	-0.15516579796911986	-0.14092502102160964	
-0.10696836336872287	0.1077380895560569	-0.10799671960217111	0.020010790564423293	-0.5927109397206449	
0.014600588824771988	0.18613593341580023	-0.11731525616838466	-0.006273247279274919	-0.02701552564049205	
0.018632640198715127	0.33054110420529365	-0.07307641978639604	0.034566856194730156	-0.23413966999911076	
0.3459729647694996	-0.10640439982095845	0.002378737399641254	-0.006989619905875392	0.22483664951971521	
-0.09636698298029038	-0.08045304855904109	-0.06318326970976147	0.06675746307806678	0.13204913482665365	
-0.04511584705813514	0.27823007594396304	-0.08354310362498066	0.05362613585426075	-0.09454514618495742	
0.03893251952343817	0.2284538354869406	-0.047257695144846054	-0.0002747027874493635	0.049714883175976145	
-0.10592187627090371	0.2147535578502728	-0.1829918469879902	0.012252768063071628	-0.3346782647627314	
-0.08885334367320294	0.1178872399197075	-0.1079293894310882	0.08756339441580695	-0.20432549593783692	
-0.1285568101519478	-0.05236304511229534	0.12869817950948048	0.02060376438759174	0.12097402647478085	
-0.2965019120106693	0.10698261750973898	0.07784862031734728	-0.11561560567317189	0.12748835180788362	
0.34959226182461833	-0.30938023120295977	0.09771873171685841	0.1799834510441685	0.42632041866987846	
-0.2903223434474866	0.4105340229562594	-0.1031769813335961	-0.0042442847181406555	-0.19880176771071778	
-0.1217003923597166	0.07262536698667148	0.02640817624987558	0.07506614771876821	-0.22160852432392525	
0.2856399662699579	0.4289654818759099	-0.07681446147527522	0.12195556615830756	0.06367078979396655	
0.015570507621466667	0.4004500344602346	-0.36228273193077326	0.06728017259726413	-0.2838613459856211	
-0.11565631751369847	0.683178689074316	-0.22651979272575512	-0.016178770062750095	-0.29284267962671123	
0.005126853942663581	0.1639074509223968	0.24677753345911518	0.03882021498562703	-0.33296003355624737	
-0.031101837454908764	-0.05410016103418104	0.4370958185505683	0.04880965239820187	-0.20957406665766598	
-0.16296545887849426	0.09412231443799152	0.1936335825952867	0.015618352292207644	-0.03604690050761448	
-0.0036058572938265235	-0.37851039914021906	-0.012679771789289276	0.01319097182467729	-0.17761545578744897	
-0.1633680355176694	0.19091565062789886	0.028468678652532938	-0.008012079669047574	-0.051458582456939024	
-0.01884968417120518	0.19807646071861024	-0.29746827454144303	0.028436285944362753	0.010425650519144914	
0.46227449892975264	-0.2368640715388106	0.1680553563069147	0.1252533483196553	0.24070915617671945	
0.12401940051236039	0.022874979635947715	0.11964073680561942	0.13190106458681383	0.15037484186673153	
0.13299758373138343	-0.1434646543940215	0.18710151986887122	0.07519559374385129	0.33887744535778397	
-0.09444830492957076	-0.06816964362968217	-0.01421686131858217	-0.022818897850813247	-0.1497342845238507	
0.11644838240701243	0.38025049267783645	-0.24218975898051334	0.05534978080833723	-0.27796777304696085	
0.29174605594335024	-0.04027947033970178	0.04261753222715304	0.14000436995622587	0.2550021578425156	
0.1094210904503462	-0.0621332686024088	0.13625348676961727	0.003154820847337921	0.2450275184858432	
-0.3205364749447133	0.02741246234093144	0.24153378584212337	0.0828447422998397	-0.2788243287187814	
0.1358559599302132	0.10193236905982125	0.09549407861603437	0.03265951551554333	0.10531447726897757	
-0.2943340897884614	0.288433020002506	0.06597851726509293	-0.09023379544300321	-0.2501472188938819	
-0.4087446071092414	0.15235344509754062	-0.02998534055831318	-0.006926756392839096	-0.06987646506904778	
0.050831880983622034	0.60047647941056	-0.2631570874828725	-0.0032285994888971406	-0.22690212666355916	
-0.06107339754754176	0.08101283976508196	-0.21163723176502397	-0.024366736018355286	-0.33071492685812043	
-0.10465613166603419	-0.0850774380880224	-0.20715399206901158	0.1309105363854038	-0.2660204185203287	
-0.335682983797322	-0.009675923676516983	0.05514426656487785	-0.06468604349837682	-0.12221189673625267	
-0.05765703921665832	-0.025337343127838138	-0.12800589264121615	0.007253986058216167	0.16364907294107445	
0.11583502173279289	-0.2930049386851147	0.09202658828869117	0.059597411801979944	0.2023798399437449	
-0.5322786849225116	0.7776655169656292	-0.7534536406327509	-0.10169529872173855	-0.9314978563360459	
0.45974861479874524	-0.09267001891632333	0.24397419340347196	0.1618243740998403	0.2827475404081639	
0.32834495505100586	-0.4411852593200858	0.3075869289199761	0.10407834048292537	0.5768696180652779	
0.17642754461524263	-0.057481381843789266	-0.01923153123416393	0.13948857452005123	0.2538392082085907	
-0.13959355772043205	0.07345063257096951	0.1593418012613548	0.008883357384749586	-0.5196934079926591	
0.24867849914698487	-0.22242424153360824	0.07465439834532525	0.12354261477651343	0.35184675025705875	
0.03253442703128805	0.3261808568219273	-0.16258182706997595	-0.03125182147997765	-0.13916191979968084	
0.05130701107462019	0.06249463427928191	-0.15100676968781362	0.02116944968976546	-0.07308033999463127	
0.2919858076904029	-0.4303205688198166	0.31771719942184445	0.21743566172656473	0.6266332716418749	
-0.24964335485538441	0.04970799681047558	-0.21154979451302358	-0.10734234883524991	-0.17559197493773754	
-0.45064644861894804	0.6040871808651098	-0.2641566990431765	-0.21851894277170408	-0.648194949421794	
0.5956958550461576	-0.21815895504486377	0.34000596020865026	0.08323424564069913	0.5719125003688376	
-0.09799311198974105	-0.26980153869205664	0.023597314793371845	-0.01545470224223079	0.13208613729013063	
0.0972733273840703	-0.33776019242400973	0.4202235727150201	-0.036733251909093406	0.5224103952845819	
0.04412485172725936	-0.05109490055535256	-0.055696508959497126	-0.019453090544369587	0.1619041290426223	
0.07765469683001028	-0.07843938623213938	-0.22335113564999073	0.07894887290633623	0.07392469326757721	
0.07223128745080831	0.13855203733588586	-0.1666781521350027	-0.041028269947633485	-0.02479242152469072	
0.01715459362078222	-0.022543748342296784	0.04699349518048466	0.08607142242134462	0.1809567949090073	
0.18259459451456933	-0.4652054140265614	0.39249442317458155	0.07990510861380624	0.7290239245098131	
-0.5419893601312492	0.66710168598901	-0.48072867278101616	-0.11308088942941082	-0.7568290458423965	
-0.0038174766465588783	-0.1844904969133456	-0.09688301087206097	0.012061068244657134	0.12830307889486367	
-1.2966480417233621	1.9273742360784616	-1.2482235153783325	-0.4258482372575964	-1.752365419771803	
0.6712610990847977	
