TESTRUNID EPOCH: 4 L_PCC: 0.7637902156764272 L_ERR: 0.017751943671341586 T_PCC: 0.7750073132251861 T_ERR: 0.017198157206976632
180 LAYER: 1
2 LAYER: 2
1 LAYER: 3
4 :ILEARN
0.6240048285879234	0.8066352374986661	0.3515374100851324	0.3805212164281523	-0.6772971320190628	
-0.8479322888189558	-0.8699654414987781	-0.6989063459657672	-0.44484082237990524	-0.37232760764327816	
-0.24287506567396647	-0.1642364565664315	-1.3121459093245316	-0.749048043516626	-0.11812584389628156	
0.2914965866661505	-0.875694158718919	-0.5027582144135562	0.15013040797381913	-0.17175915516098322	
0.10393534528315737	-0.237017502577184	0.8084250934906765	0.9791888281953567	-0.6991306131376046	
-0.7500814042365516	-0.8718454695581247	-0.5136458534474846	0.44153294502397156	0.9406062815978503	
-0.28442464674611073	-0.2438587905518939	-0.478333148079446	-0.8190347181661167	-0.20560836117531928	
-0.053976878685338375	-0.3390760757615737	-0.000636905661020119	0.1500248454345701	-0.07811565654615767	
-0.57909601882326	-0.3367506746991625	0.009991608481602752	0.14118574667034298	-0.3582513536272871	
-0.18529019834191346	-0.1803475280025026	-0.2223213015787523	0.2874776010838862	0.8254800524111571	
0.5725434273980414	0.34787551738815436	-0.16731721868369892	-0.12696429658355693	0.02088973191799006	
0.06134612947110366	0.4314820610708635	0.02954401431800093	-0.4901197353803433	-0.6049948130198942	
-0.04538373547583732	-0.13636640238167022	0.3462165656662462	0.21982221991837417	0.1997114433906369	
-0.06830748313758181	0.15290396474994875	-0.1564400451029041	-0.4105616656397832	-0.29864573168169206	
-0.4680040780610487	-0.4818697321726299	-1.7703606358694242	-1.2591136812411485	-0.16384499660019222	
-0.30744472510851156	0.34845056842080535	-0.2300833999804454	-0.9668131692204316	-0.8868238020274543	
-0.7431196832250678	-0.6902472145377457	0.27895799775478786	0.21318125937212956	-0.5631081507197893	
-0.43557844038997595	0.38554317787529563	0.19074146120736496	-0.618987474779243	-0.46585600975772345	
0.205510012712687	0.22268684452100435	-0.06504132834659511	-0.0504837684929845	-0.04230862738677663	
0.20481635438942103	-0.34160234915066634	-0.25928193502982916	-0.5859983227457005	-0.4450458613045476	
0.5642527258822929	0.5592614097944313	-0.2137102973957391	-0.2591687397082417	0.20687496850073903	
0.15274586143766697	-1.060579224387907	-0.7682860359820316	-0.08574804166773577	0.04096947385323961	
-0.4603019358688074	-0.6270882056493964	-0.12121523364666316	-0.40036592159884954	0.009967569522707033	
0.06884496553291407	-0.32158709040963485	-0.5422931377709422	-0.3412440539070725	-0.5334402739832461	
-0.29404058168706665	-0.3406341156764999	0.08763853504545528	0.34997082393723755	-0.14114594167949987	
-0.14713071771412115	-0.2821245849270294	-0.18076886154008925	-0.07291811633426384	-0.12843488656414395	
0.013426327187196788	-0.09099153985596417	-0.15064497306983843	-0.2341501936506032	-0.08220128864985374	
-0.2056179298907364	-0.002308658533698809	-0.38842502343913893	-0.15191805069690004	0.06738205948359528	
-0.14327164964071418	0.2897251784729213	0.1255609831299301	0.27775958967410413	-0.620008464897229	
-0.15688737605095124	-0.2869851703398123	-0.08032241630088628	0.03142036387393949	-0.18012994723438483	
-0.24792562016792702	0.04418906837282422	0.008633475985490326	0.14680130665296212	-0.15666081786098335	
-0.3079085170810689	-0.034958150786755224	-0.18797037540099185	-0.01671057743061159	0.17122379292574846	
-0.19768986561101357	-0.1020798284536958	-0.014276337425420862	0.08846657545166846	-0.3195772040561517	
-0.6218317557671311	-0.08451204316282478	-0.0156477910684382	0.13797820941493621	0.07685733487513827	
-0.01633206868241857	0.23248676068843457	-0.18081478720675337	0.06513706460483605	0.1316068594817579	
0.1181620920147728	0.014079331943094279	0.055897263495908824	-0.5782352575124419	-0.42055398882723144	
0.49011969675258227	0.5807173369787257	0.5517235427282661	0.38944993392078286	0.019762673506326163	
0.30367054448156466	-0.4439689753793724	-0.18478188622408281	0.15746339729467346	0.1215442419539006	
-0.04354655416531641	-0.21726546471073713	0.09647026680552966	0.09888675006883277	-0.19601125057117277	
0.12116165513128446	-0.36728978754008884	-0.19039517544860887	-0.6284793459371545	-0.42550867422347516	
-0.3465120405829136	-0.2493025958936664	-0.24303092751547722	-0.29831823315319717	-0.2925922317823722	
-0.07081135867410773	0.04377008025736496	-0.07751314922868364	-0.35654504586370417	0.02976541480206295	
0.05125215140487087	0.06067569639959008	-0.06781355586659668	-0.14235040874381694	-0.08261155876639306	
0.16550900242042174	-0.2382959205922154	0.1231715232463888	0.05497811829304015	-0.09821163087018835	
-0.11860440672995237	0.05540080990771161	0.05492026556236165	0.13990779795587752	-0.12172026178389078	
0.15284883917112912	-0.24229293575762445	-0.2152962230375546	-0.02760987588232358	0.08776190876180456	
0.04024886964688406	0.03672610231830675	-0.2560746453271854	-0.37459047159519754	0.304756831467872	
-0.027117980518001968	0.21472836312477636	-0.045440910138351706	-0.03425644717284263	0.001550495698777249	
-0.48562129420088557	-0.06444116001884062	0.22202855175131764	0.3907663096069782	0.10805235066686211	
0.03877173813195688	-0.09832085376046171	-0.1285439413070624	-0.33095548693556215	-0.4064297501993287	
-0.14503189641560205	0.06754861097481817	-0.17336062471149585	-0.2684102525106426	-0.39967315785829993	
0.24948607410731885	-0.15554346963396273	0.006592650243196888	-0.05583227080158588	-0.11803991920224621	
0.4436130202226178	0.2700188047245381	0.26560343687688676	0.37211852094836234	-0.020663888120424734	
-0.3306306281455185	-0.33842327305889386	-0.2721407503311464	0.05237762757378778	-0.04455655009135895	
-0.4793653883147922	-0.26974428734514944	0.18564543792405636	0.07077519349836575	-0.2706090707208853	
-0.05813190384759294	-0.4329526945584268	0.013599364405248286	-0.2029302376366537	-0.12051522157306363	
0.06487397295260511	0.2991743368825095	-0.15407239297512415	-0.11119230507919044	-0.35408303182001916	
0.057651697173251214	-0.029761094341508785	0.4918216930640102	0.0859025542586539	0.0727813694282741	
-0.15983748000985792	0.1537131539025078	-0.5146002665296203	-0.08092613462767097	-0.39109897887589057	
-0.21728715868851856	-0.043447537010375584	0.17621627410219057	0.4356712283284905	-0.049677176078450055	
-0.38708696338381565	-0.14945581578232775	0.12052950844342533	0.04596076662475078	-0.26435356646608915	
-0.15213829545417593	-0.42964988934966203	-0.43194509982047957	0.29829148242685083	-0.19734243853805525	
-0.03549987106104772	0.17020041927426077	-0.15867389134191848	-0.045560751147136244	-0.2643923769984735	
-0.06827498321083898	0.07704002514976886	-0.11993566754475304	0.2372016313863824	0.08324753824140146	
0.2527915742392778	0.34095314381711567	-1.8921253267811022	-1.4601774788230488	0.13927360395805535	
0.048148676838658803	-0.07709511305872735	0.0029757043901150683	0.41478775585646926	0.49481485845030215	
-0.3101770657950141	-0.2661097160789773	-0.27733390351537784	-0.21548540496583612	0.10428353611559588	
-0.04234867053892027	0.6955581782682366	0.24855516996131763	0.5915320124567593	0.5876521746253031	
0.4329775842331772	0.5462093108160205	-0.6044139753711085	-0.6120708980340254	0.2806590242248093	
0.38423205278341166	0.1411767657285962	-0.07176195151954956	0.22158474070560932	0.030638116896259827	
0.15829855208100813	0.17020654974314312	0.16356960601219908	0.3128350752699722	-0.238019221273808	
-0.47143777808809845	0.08054786263879789	-0.5579304113851611	0.40458978623811376	0.589243432250044	
0.24387234996610432	0.02419652644212293	-1.5356003467114425	-1.8807703222975554	1.2999722704257746	
