TESTRUNID EPOCH: 16 L_PCC: 0.9141606200270695 L_ERR: 0.0022999328131827553 T_PCC: 0.8531060787927338 T_ERR: 0.003974246904675047
180 LAYER: 1
2 LAYER: 2
1 LAYER: 3
16 :ILEARN
-0.00010412281306030745	0.09138314068345396	0.26236320340322306	0.4566901926476534	0.14193479179209934	
0.1892337352973621	0.09120476130234623	0.1335044628771513	-0.13228562376646935	-0.13797668833018398	
0.12021445479096277	0.26911737520428924	0.013820702683584036	0.20583846325417185	0.056744581866946135	
0.2057315121050267	-0.14202347697527362	-0.1963685612808227	0.09962808783450683	0.1554473220581949	
-0.03997024042587394	-0.025590649769870882	0.3311743677724609	0.5436593831855349	0.03747070848251864	
0.05221086029250056	0.009803132438242436	0.03325738524221514	0.10124275130227145	0.315857937037504	
-0.03508857473851837	0.08598558747592244	0.02014152657155088	-0.08688227880912938	-0.010268616146799905	
-0.10140321941452081	-0.3039571744059202	-0.4002460366839705	0.03440598207493813	0.2627813655121908	
-0.255382264410777	-0.4182916464021527	0.14529013444510264	0.3398786686141267	0.31184064172040904	
0.5157500689251552	0.4066245605150591	0.3967206870825959	0.10566445557301897	0.14220487383261018	
-0.0040586035709402925	0.10286093621648575	0.3787622016936833	0.5644920646461116	0.38653251769516606	
0.4361205323931558	0.4469152708812443	0.5263007016644727	-0.3716019907861243	-0.4499057742402483	
-0.3413682350710421	-0.3364096017788331	0.4180006627765035	0.4930104075727365	-0.32303207736646444	
-0.3306974641618459	0.44965328177078356	0.5592578579302104	0.6089320941868802	0.7865731261816774	
-0.6191898483043012	-0.9370866872813509	-0.793163471515526	-1.0634110835933082	-0.00802556688126662	
-0.04831298726411912	0.5056371554229189	0.5439136454957855	-0.19664664227515755	-0.25356559785283017	
-0.2745818259347792	-0.41212088021025195	0.4128972096963295	0.47756620995843796	-0.07681519554974818	
0.040839521382421425	-0.7083497873714564	-0.8611332710741922	-0.08700108599092826	-0.1767207552399377	
0.060335064743748695	0.2689875522790927	-0.22447677166372867	-0.3382335696905774	0.3015717194575249	
0.38945118952076857	0.1475580746754806	0.09372829761674811	0.2124212643492065	0.5042050696686866	
0.3619015001054609	0.5816031998309107	0.5930707292329079	0.6822741458917085	-0.12417700618887638	
-0.24301525804176133	0.11264352561316363	0.3793221132525389	0.1770581934876324	0.29784843136761124	
-0.3807054122251257	-0.5098564503504864	0.3289680852025147	0.3595791672339218	0.12372395911722936	
0.35879916476903034	0.13685273482337845	0.23572461681618442	0.22054624701798323	0.15637634479123322	
0.023053974372674795	0.04398620036139004	-0.051261087531168065	0.00311629089724428	0.1629824829847875	
0.1418901386061565	0.04976152420055119	0.09995366252516837	-0.05114421678060463	-0.015646047848515802	
0.0374735781613878	0.09415367607855123	0.2228445004596678	0.25114369364052974	0.14838097987937748	
0.19409398391744037	0.07407791368177012	0.013966545315423176	0.22249828063513083	0.2253724254650104	
0.06932536731938252	-0.016992423078539383	-0.0034307963622489538	0.029484335766534513	-0.06616986011075264	
-0.018078875768587695	-0.019025594776544655	0.04238520238498529	0.10806930907543309	0.03318349094674856	
0.013364113413715729	0.20079412732595617	-0.14384992908390562	-0.22438407887341605	0.09729146288924877	
0.24380348999045223	-0.04839277526567231	0.05321986663183062	0.1412587738301661	0.13782011456228022	
-0.14329643380812832	-0.11375543057593389	0.17425989461874608	0.26884513639720786	0.17287794270860715	
0.21126730045409162	0.28697078006382426	0.5075543128014988	0.11714799598956824	0.15619319587613884	
-0.04095145564147583	0.10545200336742903	0.07086915035579071	-0.0037537170155923782	0.09724002288073555	
0.16474666879185837	0.08026708493278543	0.039982300754920305	-0.10094034438711375	-0.06647688337620121	
0.023816864935212838	-0.012786831323548424	0.22082012512330357	0.1607198267111828	0.1309842443197487	
0.310157006212925	-0.23132303501793533	-0.2230120130390812	0.09434021369905736	0.20222520911433106	
0.022186679991302236	0.04039221823182466	0.1809534318960759	0.2533707030500951	0.016097569205091523	
-0.009915933726568895	-0.12965618380231256	-0.09227270457966913	-0.042135314380711136	0.03888428531710806	
0.18536705666306083	0.1614101039355805	0.23243655458251322	0.2443714981292328	-0.14923750081452872	
-0.18231566941134622	0.05249350138986772	0.10337855666067636	0.26353470778248267	0.33062484706368417	
0.03521457693710812	0.14440927693716046	0.3132730994204799	0.42163755646324125	-0.05018101974377377	
0.032987390009759844	-0.14859378389444963	-0.01772876869840008	0.1563301041133043	0.05953380137991127	
0.2808291124956318	0.4340349278588075	0.28114579358175706	0.534135557983551	-0.16219654603463174	
-0.09972255735272995	-0.21283399055453378	-0.21494145481970928	0.1410016040066786	0.17600708102864998	
-0.01828131096163618	0.05564178733659023	-0.022872316379678966	-0.14349633657677852	0.008591709797367173	
0.04331987974122969	-0.06906748306055265	0.010309926510308131	0.051792738147051286	0.17697853151715615	
-0.07242126554362652	0.05043962957678127	0.3301092860079339	0.36614780623692805	0.14503787998627737	
0.09999087918151221	0.036710803479794746	0.13610904996875633	0.22471561017843328	0.3294849184407368	
-0.16507010921717724	-0.09509604971566331	-0.12455684980659351	-0.08164162310730105	0.06379486500631158	
0.14535417634208359	-0.005768044098149539	0.03359127399541888	0.07289448970359794	0.15537831686950304	
-0.19023714228749064	-0.2659054895009844	0.42351814810153016	0.5610172370590394	0.020335896136808727	
-0.07704880199027282	-0.00023430590089093366	0.062445252817335165	0.33092019571888165	0.48176644974031463	
0.11854638131123973	0.16987255286355682	-0.16692643786273112	-0.26635511515281357	-0.042903811281120544	
-0.11815483862699483	0.09855931051202374	0.18837395863301531	0.19214760353004473	0.39558516761602686	
0.10776116310641298	0.1700931134694782	0.1418367408867905	0.09298303773894964	0.0930311974277238	
0.2506668389506757	0.1759384964413144	0.2428692576961515	-0.0069319039498981555	-0.0022649836861469777	
0.24516168242420833	0.37392712358465313	0.013344881535187262	0.03863669057649988	0.3330370989807335	
0.4014284160024059	0.030935467171606196	-0.004486694201882149	-0.1355830093724211	-0.3515893630128832	
-0.345491878616397	-0.42200934768588644	0.06400474372024616	0.011467253371166442	-0.09024892979839796	
-0.0324113263482651	-0.0023406053621937454	-0.01316917602720416	0.19173015942323024	0.175959226227054	
0.08681163307637067	0.07941543755481939	0.07811089645355308	0.12205464754713313	0.1392640853633194	
0.27485049890767504	0.15915210557166565	0.15979926985617338	0.09183512462535849	0.2524116613277426	
0.09168943187009299	0.1812996503954716	0.22221661547650684	0.286864488891932	0.00317140339370596	
-0.004571802590043528	-0.05871537618757025	0.04237141958377129	0.06153869960319523	0.10282034476483823	
0.24329181003600703	0.44908318907488953	0.4074031759572699	0.632145156599332	0.22030293164098222	
0.1278895865497759	-0.05708992354323344	0.03504142459766302	0.32159391327848624	0.34568678523505764	
0.07681988134521955	0.2430933557540883	0.2569459545839335	0.38389250896552235	-0.04828423522173784	
0.07332788357028021	0.07573038142604718	0.09868777050973805	0.17726213686640224	0.07155896222039937	
0.029301432970240234	0.01066372410829066	0.12510285295110504	0.17998963986655503	0.26376784825917515	
0.3114335578212552	-0.9602313928080839	-1.5363956269845125	-0.062265397419763405	-0.03662161997124797	
1.2057046374974294	1.7174493430828428	-2.2200378838470805	-3.284068732348391	2.320406770791977	
