TESTRUNID EPOCH: 21 L_PCC: 0.7595828835083327 L_ERR: 0.0018937908833065308 T_PCC: 0.4909525680914217 T_ERR: 0.003680089298069113
180 LAYER: 1
2 LAYER: 2
1 LAYER: 3
21 :ILEARN
0.21475542259090574	0.3411717654796318	-0.01649712416349448	0.08006270738542677	-0.20567910712251206	
-0.24677840869654316	0.06691880538481754	0.13781748934656024	-0.014144888791608756	0.016249513561559348	
-0.1208463136575039	-0.101839563701922	-0.04236272231231621	0.09536801419891654	0.07880417554599316	
0.25608400705178014	0.052819642010965624	0.09445827790762554	-0.2885154880653681	-0.300995383138119	
-0.0786531037866546	-0.08188272069372857	0.09080453637743387	0.20250495657402484	0.054427832698673816	
0.056568849462046905	-0.359606004321458	-0.4261971448584704	0.017551987986046368	0.18490831043175346	
0.05886014727523697	0.16371578878234072	0.22079750136617599	0.1734418773918388	0.03200623780727467	
-0.04265686222277026	-0.2145803818056446	-0.24476218189155832	0.06730276751322194	0.2664779756496603	
-0.1367737238931507	-0.24307169984196672	0.039976960252514855	0.16195884164255078	-0.13886587331707087	
-0.08751382667191893	0.06790758010943798	-0.05835678807443074	-0.015480858358564952	-0.0402296717897113	
0.02431158715683708	0.19299539654617096	0.08552777818417116	0.13095459116927913	-0.034046818388976045	
-0.11792499666211444	0.13383111612923745	0.07884191984321275	0.09097343851925883	0.1366385459043602	
-0.2206093290919655	-0.1839489100779864	0.09312821949198481	0.051376362416850334	-0.08930442227527602	
0.007756274198541416	-0.07510413760527757	-0.1358348399328849	-0.2968493704325283	-0.4126946548922103	
0.38252145091727846	0.3122272459083874	0.10726956445460077	0.2935614086089337	-0.012564096073127796	
-0.05709761909276555	0.23197098832678328	0.15818277492982363	-0.02872307812054988	-0.046931646716307514	
-0.027200208223336315	-0.08102009756184896	-0.3829933710452954	-0.5331900772919991	0.11285859115570322	
0.2828988785794579	0.14682557288578738	0.2992729399749933	0.05897650881758283	0.05799123073240517	
-0.14212877502328028	0.005298842454750363	0.06512680336084135	0.11227250797946071	0.1595922037223579	
0.17124890205773943	0.10880340942025166	0.054563901833595434	-0.040655713279244256	0.08957461756399566	
-0.022746436606375504	0.014910742902937237	-0.3856292884646194	-0.5861759745922661	0.10827347731877741	
0.05958284824479759	0.05074139943226157	0.28174568229048724	0.09756520753056018	0.1735464410641136	
0.07457831581986163	0.10762639465104414	0.1372683696605161	0.10755917035410613	-0.045214131287752334	
0.10092754364040646	0.07171376530460742	0.10686541824255129	0.12539822158516034	0.031210906086735074	
-0.07010456049792362	-0.047685794434572444	-0.36150209204355754	-0.3697517681176491	0.13288569499703537	
0.08562028525356008	0.18309885808236356	0.2891579992068761	-0.07886996539654102	-0.04355512776244666	
0.03565691518051055	0.11853449095720231	0.18752418809597793	0.14615226608643153	0.1325767106353401	
0.059079967683736294	0.03555294805290474	-0.05681815799290867	0.14075654629512988	0.14436154113864044	
-0.15259185133164335	-0.2807553478180315	-0.2715236172729158	-0.3048051701336342	-0.046779855857080006	
-0.019373376276824138	-0.051014509701552545	0.04601661129233937	0.15343166961046212	0.09102777597034303	
-0.0754882731045803	0.09756976526086776	-0.01760706391509149	-0.0993148783368442	-0.02998529110738591	
0.07340810785496231	0.0014777352136933948	0.09693823339862193	0.09732651454369988	0.0789443750513533	
0.05296343918301612	0.1431940096220312	-0.35926285816634357	-0.4381328905442006	-0.12086687414551822	
-0.11622276547614828	0.011985314238236911	0.1296927794656838	-0.08847958946542127	-0.11173580770894738	
-0.09458119502736934	0.03655151049560659	0.19842181793027763	0.2113504868085356	0.10257738044336245	
0.18195371307821998	0.014638892665856221	-0.082254731221207	0.030962560722791025	0.12058015820531591	
0.08612750518230358	0.01809493881398368	0.013685023824500025	-0.14072654992984882	-0.0901499702612064	
0.004100009785457588	-0.11854725983701922	-0.04805299079662031	0.10776063231691507	0.22170302688742285	
0.1562521262332485	0.18132451610126646	0.06597592969037859	0.07982885817989305	0.09485365650475604	
0.11917116441773072	-0.029342576106446455	0.03607026475895077	-0.07673202275769657	-0.03718706806372788	
0.11160893409364665	0.042483242536062615	-0.2208941630921025	-0.3332989988915338	0.12206367013969782	
0.18627024317281848	0.13326929709077348	0.1529935686892827	0.2899961292652696	0.34031561670931354	
0.09414414986380754	0.24166839221538136	0.10512157622520839	0.13607836762533915	-0.07649652290629379	
0.00498828876872643	-0.2215813166825183	-0.0856632884532566	0.18080330799141336	0.049779728231593705	
-0.23776112403159816	-0.2208530528480073	-0.06791926201217442	0.07200598963033737	-0.11477955273704146	
-0.030508803241542173	-0.21266760925222541	-0.2044267889793783	0.2147620997731083	0.2678450965726284	
0.145032926858258	0.21160882063104702	0.10007485269361938	0.029077789401128047	-0.028120237375028757	
-0.016867140199674776	-0.012864419807518332	0.128792085734398	-0.1773334291383369	-0.13022724217270734	
-0.07698356122738526	0.04164847572837141	0.13713685110875493	0.08903582754631259	-0.07157212005212223	
-0.11378393321645038	0.06210819622408481	0.1762478601655128	0.034409144639435826	0.08199015537692306	
-0.21247975110849474	-0.051388462993960014	-0.16659537783802172	-0.0966870933075395	0.1824435557055391	
0.2747317964319463	-0.01895940354450096	-0.020154421688237653	0.036623834858490946	0.12285910066848214	
0.06638435417695378	0.09789413294735887	-0.00021574190775796448	-0.0304193228170421	0.05794992079750074	
-0.04043334419535325	0.050707417695737354	0.025312284502634327	0.10567758682196177	0.14893579151615036	
-0.028926936553580265	-0.02080606956483422	0.1305203808772299	0.11809025543556977	0.14526454120477816	
0.09930550904195015	-0.04051830332727972	0.018696662941057714	-0.14608938538977875	-0.07823447383649205	
-0.2211964432008882	-0.2894953371621604	0.19688750612198602	0.16340028834184453	0.04403839626496789	
0.19206302644953807	0.16623655089031208	0.26307343048647364	0.09748946733868447	0.15517513283630344	
0.01017623443868818	0.06445629197092967	-0.08679516892907255	-0.12771359712815394	0.23034515079869364	
0.24607263847279204	0.05319815552864993	0.016497428052146663	0.0056776407928087625	-0.15018530147863585	
0.08976287905497458	0.10816039306364088	0.010064029154428698	-0.021537167471123612	-0.01120768309669519	
0.06528896927412048	0.08178794706756858	0.08985418464037671	-0.002664382701363374	-0.049559614242089635	
-0.03554548244105289	-0.06252537761011333	-0.08435408212140512	-0.10434027123712658	-0.016847559448344054	
0.05815645325602354	0.17303554661239376	0.10466540480883363	-0.37101685353047453	-0.3293894140399308	
-0.10307864979872773	-0.07857750234485006	0.10141970108569177	0.1182597999362634	0.03174558166486725	
0.03449775546905214	-0.059377041186401	0.03715839107348172	0.0387757374727834	0.06663486391564648	
-0.0621128699383284	0.06136886999618274	0.023049466443292428	0.10247354901261002	0.1518958370392969	
0.0198241607845492	0.000586554081827249	0.1211241784190918	0.028243352802297422	-0.02889503336136741	
-0.2912663195890663	-0.33028267773572967	0.3177981833765785	0.39912769124199265	-0.44990612936785124	
-0.4499003792991199	-0.10537439751309215	-0.1385508575879998	0.11090409303077456	-0.024033971784869664	
0.09100564007915969	0.09327470930628075	-0.022930243797406203	-0.007493714316329645	0.1867882058276029	
0.17643584424107026	0.4070419021535336	0.43928686263552713	-0.047943759902403134	-0.04198616120304355	
0.1634173369838764	0.2889353225182219	-1.6090877095544076	-2.0822859763728157	0.09693928192637374	
