            A        R        N        D        C        Q        E        G        H        I        L        K        M        F        P        S        T        W        Y        V
 1 A    0.041    0.104  -0.0689  -0.0594   0.0387  -0.0195  -0.0311   0.0162   0.0416  -0.0001  -0.0133   0.1861   0.0468  -0.0058  -0.0324   0.0715   0.0822   0.0066  -0.0399   0.0187
 2 A   0.0482  -0.0843   0.0139  -0.0144  -0.0447   0.0278  -0.0386   0.0088  -0.0253   0.0056   0.0541  -0.0316   0.1369   0.1038  -0.0409   0.0948   0.1075  -0.0092   0.0662   0.0044
 3 A  -0.0111  -0.0116   0.0795  -0.0646   0.0556  -0.0234  -0.0552  -0.0419   0.0458   0.0221   0.0793   0.0629   0.0867   0.0582  -0.0191   -0.004   0.0415   0.0743   0.0568  -0.0488
 4 A   0.0283    0.066   0.0171   0.0313   0.0468  -0.0456  -0.0209  -0.0449   0.0116   0.0529   0.0091    0.038   0.0427   0.0451  -0.0114    0.019   0.0019   0.0541   0.0301    0.012
 5 A  -0.0014   0.0498  -0.0312  -0.0057   0.0412    0.004  -0.0613   0.0015   0.0582    0.059   0.0672  -0.0078   0.0269   0.0615  -0.0059   0.0036   0.0377    0.034   0.0546  -0.0029
 6 A  -0.0467   0.0498   0.0115  -0.0362   0.0103   0.0009  -0.0576   0.0412   0.0459   0.0353   0.0503   0.0514   0.0406   0.0404   0.0198   0.0243   0.0081    0.025   0.0809  -0.0122
 7 A   0.0279   0.0279  -0.0251  -0.0071   0.0222  -0.0082  -0.0231  -0.0077   0.0187   0.0318   0.0238  -0.0304   0.0128   0.1494  -0.0345   0.0397   0.0453   0.0305   0.1096  -0.0202
 8 A   0.0246   0.0572   0.0616  -0.0699  -0.0076   0.0054   0.0063  -0.0131   0.0123   0.0302   0.0652   0.0007  -0.0319   0.0653   0.0332  -0.0187   0.0661   0.0106   0.0896   -0.004
 9 A  -0.0209   0.3543  -0.0066  -0.0022   -0.043  -0.0114   0.0045  -0.0376   0.0207  -0.0474   0.0014   0.1411   0.0137   0.0257  -0.0121    0.001  -0.0178  -0.0221   0.0406   0.0012
