            A        R        N        D        C        Q        E        G        H        I        L        K        M        F        P        S        T        W        Y        V
 1 A   1.3636   0.3816  -0.2429  -3.4762   -3.594  -0.4812  -2.8972  -1.5553  -3.0633   0.0896  -0.6462   1.9323   1.6937  -1.8008  -2.5373    2.245   1.3325  -5.7072  -0.3063  -0.0421
 2 A  -0.5503   -999.9  -6.1201   -999.9   -999.9   0.5659   -999.9  -8.7252  -5.7072   2.5344   1.0425   -999.9   1.9157  -0.3684   -999.9    2.743   3.4885  -5.7072  -3.6625   2.2655
 3 A  -1.1105  -2.5373   0.4259   0.1839   0.0207  -0.3063  -2.6462  -2.0814  -1.7072   0.7482    0.435  -0.6214   2.5809   2.7594  -1.4762   1.0116  -1.0073  -1.7072   2.0335  -1.3983
 4 A   0.5625   0.1066     0.71   0.4425  -0.6752   0.6887   0.1839  -1.8064  -1.3673  -0.6675  -1.2252   0.0665   0.0207   1.0804  -0.0925   1.1371   0.3488   0.2928   0.0335   -0.511
 5 A  -0.6364  -0.6601   1.2808  -0.6462  -1.9793  -1.0804  -0.0023  -1.0093  -1.7072   0.0146  -0.5179  -0.2085   0.0207   0.5845   1.0313   2.0279  -0.3635  -0.5373   1.0946  -0.1901
 6 A  -1.5553  -0.0925   1.4251  -1.0315  -0.9502  -0.8665   -0.769  -1.5553   0.4677   0.0896  -0.2202  -1.2376  -0.4241   1.3691   0.0417   1.7932   0.8447   0.2928   0.8636  -0.1901
 7 A  -0.9114  -2.5373  -0.3712  -0.5284  -0.4241  -1.0804  -2.2014  -1.9406   0.4677   1.4272   0.7345  -1.6824   2.3144   1.8722  -0.7022    1.075  -0.2503  -0.0925   1.6021  -0.7776
 8 A  -0.4667  -0.0925   1.0498  -2.0023   0.7458  -0.3063  -0.2014  -1.9406  -1.3673  -1.1935   0.2003  -0.0223  -0.4241   1.2996   0.6327    1.075   1.1335  -1.0633   1.8686  -1.2851
 9 A  -8.7252   3.1787   -999.9   -999.9   -999.9   -999.9   -999.9   -999.9  -1.3673   -999.9  -8.3951   6.9373   -999.9  -7.4155   -999.9   -999.9   -999.9  -5.7072   4.7408   -7.516
