            A        R        N        D        C        Q        E        G        H        I        L        K        M        F        P        S        T        W        Y        V
 1 A  -0.0647    -0.03   0.0446  -0.1036  -0.0333  -0.0433   0.0332  -0.0492   0.0061   0.0269   0.0297  -0.0514   0.1285   0.0712  -0.0407   0.0136   0.0136   0.0114  -0.0956  -0.0539
 2 A  -0.0042  -0.0193  -0.0125  -0.0471   0.0012  -0.0218  -0.0229  -0.0918  -0.0426  -0.0138     0.01  -0.0786  -0.0164   0.0277   0.3744   0.0115  -0.0118   0.0031  -0.0234  -0.0041
 3 A   -0.005  -0.0455      0.0   -0.064   0.0156  -0.0122  -0.0673   0.0503    0.044    0.035  -0.0183  -0.0576  -0.0319  -0.0108  -0.0315   0.0653   0.0168  -0.0222    0.001   0.0162
 4 A   -0.029   0.0418  -0.0105   0.0712   -0.055  -0.0553   0.0307   0.0193  -0.0215  -0.0297  -0.0039  -0.0578   0.0055   0.0504   0.0199   0.0091  -0.0043   0.0123  -0.0401  -0.0114
 5 A  -0.0188  -0.0535  -0.0055   0.0306   0.0184  -0.0013  -0.0051  -0.0415   0.0199  -0.0409   0.0067   -0.037   0.0172  -0.0136  -0.0421   0.0191  -0.0318  -0.0291   -0.034  -0.0603
 6 A  -0.0128  -0.0096  -0.0147   0.0251  -0.0906  -0.0259   0.0096   0.0199   0.0029   0.0478   0.0435   0.0036    0.004   0.0166   -0.052   0.0693   0.0762    0.018  -0.0476   0.0046
 7 A   -0.018  -0.0438   0.0137  -0.0214  -0.0164  -0.0364     -0.0  -0.0039   0.0112   -0.006   0.0048  -0.0138  -0.0278   0.0825  -0.0257   0.0126   0.0198   0.0581  -0.0077  -0.0294
 8 A   0.0027   0.0331    -0.03  -0.0501  -0.0918  -0.0346   0.0687    0.048  -0.0581  -0.0231    0.001   0.0138   0.0289   0.0027   -0.004   0.0634   0.0607   0.0324   0.0597   0.0354
 9 A  -0.0893  -0.0557  -0.0551  -0.0282   0.0099  -0.0427  -0.0427  -0.1016  -0.0347   0.1333    0.031  -0.0121   0.0196   0.0862  -0.0762  -0.0135   -0.034   0.0279    0.106  -0.0601
