            A        R        N        D        C        Q        E        G        H        I        L        K        M        F        P        S        T        W        Y        V
 1 A  -0.0095   -0.006  -0.0188   -0.027  -0.0203  -0.0338  -0.0066  -0.0431  -0.0103   -0.017  -0.0127  -0.0244   -0.035  -0.0429   -0.025  -0.0098  -0.0442  -0.0574   0.0072  -0.0466
 2 A    0.045   0.0305  -0.0004  -0.1062  -0.0429   0.0223   0.0108  -0.1273   0.0045   0.0283   0.0727   -0.109   0.0564   -0.035   0.0344   0.1285   0.1299  -0.1013   0.0092   0.0462
 3 A   0.0432   -0.004    -0.01   0.1583   0.0034  -0.0323   0.0427   0.0017   0.0449   0.0104  -0.0007  -0.0521   0.0286   0.0135   0.0305   0.0656  -0.0353  -0.0602  -0.0087   0.0062
 4 A  -0.0537  -0.0189  -0.0315  -0.0038  -0.1137  -0.0613  -0.0068  -0.0438   -0.062  -0.0578  -0.0159   -0.016  -0.0554  -0.0194  -0.0347  -0.0519   0.0132   0.0134   0.0027   0.0042
 5 A    0.025  -0.0042  -0.0163  -0.0411  -0.0302   0.0056  -0.0174  -0.0261   0.0057  -0.0063  -0.0307  -0.0416  -0.0139   0.0822  -0.0214  -0.0145  -0.0281  -0.0076   -0.008  -0.0134
 6 A  -0.0027   0.0178   0.0282   0.0296  -0.0789  -0.0121  -0.0242   0.0247   -0.018   0.0066  -0.0304   0.0026  -0.0006   0.0394  -0.0232  -0.0157    0.021   0.0155  -0.0313    0.005
 7 A   0.0268  -0.0043   0.0179   0.0247  -0.0615   0.0257   -0.016   0.0268   0.0235     0.02   0.0307   0.0163   0.0331   0.0702  -0.0037   0.0329   0.0219  -0.0045  -0.0015   0.0232
 8 A  -0.0116  -0.0403  -0.0463  -0.0655  -0.0447   -0.027   0.0367   0.0182  -0.0561  -0.0403   0.0636   0.0195    0.015   0.0097  -0.0104  -0.0052   0.0384   0.0312   0.0261   0.0113
 9 A   0.0069  -0.0319  -0.0594  -0.0086  -0.0326  -0.1182  -0.0407  -0.0689  -0.0211   -0.015    0.036   0.0547   0.0224   0.0624  -0.0495  -0.0306   0.0757   0.0506   0.2129   0.0483
