            A        R        N        D        C        Q        E        G        H        I        L        K        M        F        P        S        T        W        Y        V
 1 A  -0.0998    -0.05   0.0587  -0.0061    -0.02  -0.0243   0.0928  -0.1266  -0.0185  -0.0229  -0.0166  -0.0916   0.0807   0.0462  -0.1708  -0.0024   0.0663  -0.0963   -0.022  -0.1279
 2 A   0.1419  -0.0413  -0.0524  -0.1315  -0.0026   -0.044  -0.0418  -0.1186  -0.0173   0.1117   0.0522   -0.185   0.0179  -0.0525  -0.0681   0.0552   0.2007  -0.0765   -0.031   0.1782
 3 A   0.1241  -0.0239   0.0062  -0.0331  -0.0086  -0.0709  -0.0888  -0.0531   0.0232   0.0698  -0.0624   -0.097   0.1098   0.0618   0.0016   0.0518  -0.0126  -0.0228   0.0145   0.0706
 4 A   0.0454  -0.0191  -0.0729   0.0162  -0.0541  -0.0606   0.0028   0.0376  -0.0456  -0.0323  -0.0538  -0.0769  -0.0673   0.0381  -0.0037   -0.034  -0.0124  -0.0076   0.0094  -0.0334
 5 A   0.0365  -0.0082  -0.0295   0.0005    0.014  -0.0213  -0.0254  -0.0336  -0.0387    0.129   0.0206  -0.0307   0.0065   0.1183  -0.0122   0.0021  -0.0229   0.0232   0.0042   0.0956
 6 A  -0.0134   0.0101   0.0126  -0.0017   -0.058  -0.0277  -0.0385  -0.0537   -0.001   0.0459   0.0069  -0.0513   0.0313   0.1277  -0.0513   0.0062   0.0838  -0.0294   -0.024  -0.0024
 7 A   0.0521  -0.0804   0.0119   0.0137  -0.0006   0.0284   0.0081   0.0097  -0.0395   0.0363  -0.0542  -0.0834   0.0375   0.1035  -0.0251   0.0336   0.0395    0.058    0.041   0.0473
 8 A   0.0563   0.0017   0.0039  -0.0446  -0.0827   -0.026   0.0406    0.065  -0.0798  -0.0337   0.0398   0.0022  -0.0094   0.0945   0.0831   0.0754  -0.0013  -0.0444   0.0586   0.0201
 9 A    0.088  -0.0767   -0.021  -0.0253  -0.0669  -0.0934  -0.1092  -0.1688  -0.0481    0.179   0.1446  -0.0714   0.0149   -0.077  -0.0692  -0.0136    0.038  -0.0956  -0.1215   0.2715
