TESTRUNID EPOCH: 9 L_PCC: 0.8847152123072245 L_ERR: 0.009054372607623123 T_PCC: 0.8378744768288016 T_ERR: 0.012609451789918933
180 LAYER: 1
5 LAYER: 2
1 LAYER: 3
9 :ILEARN
-0.08383449001864045	0.05753883468003427	-0.25720918696890305	-0.018176294307706207	-0.3164494283028725	
-0.2994078431770437	0.3232432039965975	-0.25257655981910193	-0.19490410344907397	-0.3487572984350599	
0.1778205395106358	-0.1952898649999852	-0.18666220155404994	0.323098778978633	0.2342711120843643	
0.3747074246106923	-0.40690371214173404	0.340439527810088	0.20829339989358692	0.4637181273403335	
0.053923452946480134	0.17991609217167076	-0.16986271232383746	0.020160573956673648	-0.051340779374002096	
-0.029612205173858423	0.052967710463400895	-0.11257320315183711	-0.20909433823853033	0.14608718113169852	
0.15056852226380762	-0.25438981957061857	0.3626879804031849	0.14975385721936807	0.36987387276208034	
-0.25147867783716005	0.5114407089971864	-0.41300687188978424	-0.1311322013927059	-0.479139534096219	
0.10291524898872235	0.20571977100477376	-0.26267417603837523	0.10815760981260769	0.11030877046776184	
-0.17300546220538124	-0.027615013272259247	-0.16845972736178816	-0.1557114641809208	-0.2549334105112252	
-0.2622857583367753	0.16363577301357957	-0.10252877983660519	-0.1658910591238737	-0.025546481493269078	
-0.4313847773157918	0.36219192567457875	-0.5412738462447394	-0.27241290927730966	-0.5453347013501417	
-0.3642251485462303	0.19552403087072812	-0.21491136081385218	-0.17593864169039322	-0.26098612037932806	
0.00911258496458575	0.1773863857740736	0.056395247050276695	0.12552033508575097	0.07438129793202711	
0.23167667364176825	-0.33961813322301565	0.24953704728877332	0.19914496757179026	0.04167671044564842	
-0.31779532068897937	0.5306944692074904	-0.5711342057137616	-0.2634699309176298	-0.659072654169183	
-0.17945961219114806	0.3398564842887173	-0.4522363183468239	-0.3630353309314186	-0.8184096701984833	
0.03824481009037648	0.1714803248183522	0.16774409790877542	0.1019272796695486	0.0013778959679851053	
-0.11357024925856726	0.19814451229853597	-0.021851131334276172	0.03862447904116365	0.07431968316470265	
-0.22307029409586954	0.010095902939386836	-0.15601427544532986	-0.26177045568986207	-0.3113540068326921	
-0.09646619160636644	0.3083660806289985	-0.34461297483892234	0.002685683422358751	-0.2781344401601526	
0.3668274247780178	-0.23611556285903362	0.409564883081753	0.22143574930162044	0.41551488612359905	
0.16147612537401515	-0.04990578444747686	0.23943809127157706	0.09236266895233743	-0.11609357026082795	
0.14541217852941907	0.1930955745245933	0.0835761798654084	0.032839465545375715	-0.23348060533165962	
0.24685185515443434	-0.3683778791497018	0.2550302171785753	0.3183620268401932	0.6069380722329973	
-0.3472038697522089	0.5574983466244767	-0.5202485614315528	-0.4821967277213999	-0.8002388886645053	
0.0789029239796333	0.15611794153618483	0.010815278961265058	-0.12830641958958489	-0.015255338038049692	
0.03730177443495978	0.1710460442010557	-0.10594257989101674	0.12794881047878068	-0.07568818524854401	
0.30448854524436425	-0.30340618840481526	0.24623425953111433	0.013727177559443743	0.2599667870134192	
-0.5903980559633109	0.40161164988585735	-0.4921952154195095	-0.16449279957079074	-0.7342756595491904	
-0.40015266839215496	0.13032842157708532	-0.14198941931461787	-0.14742841452344319	-0.08734091859774354	
0.24081329466856105	0.022386511661238086	0.09831974613558375	0.1779797661744446	0.08846590342855429	
-0.22253107018396454	0.12255337603653352	-0.0911622375202463	0.03907257999820371	-0.1399492983919379	
-0.44847385873462653	-0.363076173777638	-0.080682245115425	-0.20223158581739806	-0.008861070334031303	
0.10894972812166047	0.2352354000341609	0.09266305249226277	0.044825832513335426	-0.0026014798878579064	
-0.4741167334320014	0.8356178832457617	-0.918156710689612	-0.5890153924195696	-1.1600352875576403	
-0.564875002284968	0.5472811972639914	-0.6828187755012589	-0.5806397891000774	-1.0813918254129096	
-0.29204176335777216	-0.039130299685557625	-0.27913152440278055	-0.24374046768821853	-0.2541018343357333	
-0.1743844671819679	-0.28188678116898325	0.0005942228605551904	-0.07035466487883803	0.10313467688732618	
-0.5151142095098895	0.5450480352614463	-0.7927638430753758	-0.24681905242859928	-0.7889002129980941	
-0.04725901133786996	0.24875581153253895	-0.27688287503667863	-0.058902900139168414	-0.43903092607232597	
-0.01743643627841743	-0.18697367459744868	0.23895161111675287	0.23326601282351833	0.4073529341205801	
-0.22226350597223302	0.3231768465419304	-0.27443843807514345	-0.22650206594078662	-0.4292005965012715	
-0.056440108960754784	-0.11932185126783221	0.015739867464740216	0.023351723062882617	-0.5093405200702266	
-0.09925253541149569	-0.02102653620881156	-0.5557154220224818	0.2595926106519878	-0.474471061257391	
-0.17057774995164604	0.27620907535377187	-0.13045881965201617	-0.007695000979043172	-0.44557057878174033	
0.049046229084703026	-0.1551095974824243	0.16825286984388862	0.11560306422758508	0.0496389856574986	
0.1283335220603103	-0.045472852993991224	-0.07268180484362514	-0.05950029650847795	0.10569123962751177	
-0.05961643577306071	-0.027126619934053638	0.26896400454541547	-0.03446258974127744	0.2227970933211194	
-0.03730255791672279	0.27390689531493057	-0.22352586476625583	0.05948168593937087	-0.09043941044822983	
0.010916804424567212	0.32023895528271695	0.014977108220795066	0.20342169219487843	-0.053561170895747356	
-0.04447047816473826	-0.16112638272260665	0.03450469781595387	0.04433385403773989	0.26360660050392937	
-0.14853979651148697	0.701395684816935	-0.33774205220430936	-0.11185550161674242	-0.4819489796852572	
-0.4233068479575865	0.5188726805392914	-0.11794794188355219	-0.49039218149781466	-0.29535253457251565	
0.01318186733827611	-0.044938363862118004	0.008002986568996525	-0.021853477854869702	0.18078081661336892	
-0.27371874785276024	0.19099579142232193	-0.3500096955713303	-0.23646244914049266	-0.3999478120100117	
0.11464556760264664	0.09641841718146596	0.15208929477669356	0.06838576275354834	0.11684822705720752	
-0.18587929680890677	0.2693312883786928	0.17237038888568804	-0.2553783648374232	-0.04369622536939606	
-0.4238414630648646	0.4798773383667883	-0.10643380203438307	-0.42155607728615574	-0.3263494369228166	
0.013225592135729618	0.09937111018448315	-0.14221107402480967	0.31647897690126864	0.028860598595990383	
-0.15432128596391181	0.2250941765402481	-0.4191362007398134	-0.19483825593390022	-0.33033268219194367	
-0.08992378835056185	0.13830118990226883	-0.06207846060768587	0.042602775109217214	-0.24925446236383572	
0.12634120227344114	0.30515838350862945	-0.060494125992495915	-0.01436288402635949	-0.18608340413855215	
0.018503148736951774	0.15539932095166842	-0.07744591931084205	-0.0404178622410271	0.11193899113648449	
-0.09310784534845488	-0.06468214373093613	-0.12036329069482417	-0.0866836109562026	0.024514550975166312	
-0.0023199753922369553	-0.05149448246973525	0.16382601683915426	0.05158207198202419	-0.004338435990879466	
-0.17494413315303028	0.016255645531939856	0.09351144829067384	0.014621382826586985	0.14752986217542763	
0.14125485295054935	-0.13761344520266897	-0.0856925630831085	0.18417431575203258	0.07397655197175142	
0.1665919441518161	0.24429098054534262	0.01010272587092209	0.185086326966993	0.004235714327328231	
0.07982043762306504	-0.129059851079258	0.1350336731922961	0.1739479260285185	0.0347075794092007	
-0.06900645303584703	0.08320748542736513	-0.13272625966782844	-0.11012698221898237	-0.11588163166414023	
0.04153569291063557	-0.06044342451452369	0.24802974998000757	0.21340474783727353	0.21272494502837216	
-0.27620430383170563	0.031320930934614105	-0.13818417887154727	-0.10223068521849563	-0.20810833406560375	
-0.15197171040306928	0.25938406282638055	-0.14832883202345515	-0.045720399799608125	-0.1969026242201917	
0.01727690498465097	0.07876478575693088	0.01092704779463411	0.033614538320016596	-0.17593718905258576	
-0.1256096329298594	0.32245626307420977	-0.30644789806869377	-0.14008924185512878	-0.3063588862112332	
0.15350976037639666	0.06569351275554765	0.23541498256262805	-0.02781241470339474	0.11593342885064592	
-0.05988498231861495	0.14414802893760376	0.19238602402812133	-0.033569235390738486	-0.03195120203060058	
0.005303345477783032	0.07754507909081236	0.025452052826366346	0.050420332648819816	0.1412469524160361	
0.13765971710400268	-0.22141323712680547	0.18190475581881316	0.10400196083430463	0.20992304159878572	
0.1882781676253185	-0.10053489019988258	-0.04426127037764828	0.06674839624174402	0.079609381290821	
0.30028439740813356	0.08700089386372369	-0.29959758122748076	0.14611888642423143	-0.016869844123256757	
-0.1681421066471005	0.25759518698182726	-0.07092491193892195	0.03582964989304963	0.015423994183902444	
0.19242456494994317	0.13636318885217596	0.16028516433990642	0.33616373432633234	0.2764018315705924	
-0.17072852353745124	-0.28574684930631145	0.05575797703267101	-0.21928812184224894	0.11922839959718688	
0.09232025817638569	-0.02226004617567764	0.14498551418371383	0.11688337065046911	0.08738891880342982	
0.1164637036780395	0.23443396578491427	0.008982988022845008	0.1574888339998676	-0.05661429415405522	
0.0688823076455665	-0.08298496438233556	0.012159457510863527	0.11825959529077379	-0.03676246872548327	
-0.047835507598617176	-0.013557677832962457	-0.08230791012442594	-0.08778132617659486	-0.016733352799468113	
0.01821861354446125	0.03477017852322	0.05720982677316975	-0.06553857510384374	-0.08396844971213922	
-0.1291397271865089	-0.04826902669953264	0.12985731843718534	0.09513806035274104	0.16777097677946887	
0.3234646865852364	0.18942008399988033	-0.14403275266215051	0.2201150256468331	-0.006419596071993104	
-0.18703049053957882	0.0886559305992439	-0.08639098871295453	-0.12201702994558675	-0.041993636999257754	
-0.44293047818467346	0.20445826794840888	-0.0658919670216688	-0.2680128902500871	-0.020137672740975776	
0.0985335359853373	-0.03831434703739505	-0.11382534250477158	-0.03668442082411527	-0.2986094119185027	
-0.1894552692691342	0.10895703649113345	-0.12147237636721513	-0.29851674926826394	-0.12754594201827585	
0.05594144143420987	-0.04046123131143253	-0.01954621837488296	0.06378339627447367	0.03758495977089226	
-0.053311791845486504	0.23474385522729638	0.05927581696403242	-0.013342529797377909	-0.0959543923566797	
-0.13940746326043987	0.14486306097146973	0.06254412277837855	-0.13337814384167437	0.1539962068183423	
0.03959904568394795	0.11959707176776366	-0.03812257425700355	0.055842920795571446	-0.20791117140984602	
-0.2443164241968342	0.06914983404914332	-0.07707265977394369	-0.09251996228570301	-0.04063108981205196	
-0.04037151972185663	0.3077614113329849	-0.2064121737895999	0.0525452450869415	-0.14724191030370976	
0.0013830361659471668	0.09512402250736315	-0.15813989335053127	-0.06438130489360877	-0.22254169898951204	
0.2514409353202572	-0.13806642909705447	0.05430272444623293	0.19338687033214452	0.14600650098361662	
-0.06714725196338461	0.07555732635302373	-0.020440802482539103	0.18182941284182288	0.18448210802208095	
-0.02840273937168901	0.06907676140070643	-0.020944720845342314	0.04527378781623562	0.00770771586386486	
0.28404640338633586	-0.16585213347100283	0.02190785057646031	0.19696085832862192	0.18649001959554995	
0.05103482610869715	0.14304741676752492	0.09969022675084674	-0.1266634161708754	0.0842477682674836	
0.07990069995296997	0.23288113150303474	0.2749129913176578	0.05443412844425219	-0.1710964869444152	
-0.10686924982657674	-0.04306982685049589	0.11469484426258196	0.15354984618813214	-0.017824941124236243	
-0.0008257721822356796	0.14338095061752093	0.1662807189794492	0.015491040882005525	-0.1185101118932556	
0.1790891944851829	-0.007618205895577956	0.15057715052556372	0.26793026972917533	0.1456238626335582	
-0.13399065411619823	0.21548725917085726	0.17838359011872423	-0.11930763875687911	0.0752861448725876	
-0.2511906824908328	0.10595744661485074	-0.1590170760271862	-0.21877229160592204	-0.5160472843969051	
-0.11952462960936758	0.1119372934895405	-0.1343438993115184	-0.041590861634656244	-0.19667145806134453	
-0.12120126566304733	0.26139450650619406	0.03052276581292588	-0.015851002139842366	-0.1420438608686078	
-0.14203849472865962	0.2308704352612387	-0.06885741397666192	-0.2055811244528618	-0.03292362779745071	
-0.135666864619456	-0.005262600969250303	-0.035944568395919994	-0.1509544492075919	0.22386147026370568	
-0.09816366428209362	-0.1554958474093531	0.37300881472351777	-0.10767708262572137	0.1446641316681023	
-0.08881020777945103	-0.17495440788752226	0.11074622711577771	-0.03490608183710532	0.06149484103160285	
0.07265625604686442	0.16604806283665524	-0.05159290380051923	-0.08179491871686859	-0.1424130391507346	
0.17288300406958523	-0.10237718781243788	0.11899930013742975	0.10441915630005866	0.5141833091716979	
-0.046931444177348416	0.1272096554859988	0.012148217031582255	-0.04840780422542133	-0.1335373163755482	
0.16221368657939828	-0.10753281492989888	0.1004119258867701	-0.009592816159312817	-0.017053943348324007	
0.10435955042602146	0.008526572003198897	0.08499803010298744	0.21582320056902582	0.2087936469675716	
-0.012809259432224118	0.04359926520246462	0.0021346884924386676	0.06251970988109433	0.03362120211905382	
0.11491093905481686	-0.055158128321886574	0.3416471491487421	0.04666117599066921	0.26167230271924125	
-0.06661137744147576	0.11922214055166457	-0.02370831136520345	0.13799906141918306	-0.03741152675666509	
0.017716456688538846	0.17706529616315436	-0.036063731838934576	-0.027952823777896717	-0.2034090456417102	
-0.015812800282513598	-0.10105167852402396	-0.18646397129603554	0.012130025886573905	-0.11699230169508495	
-0.24884301463613387	-0.05624257509225896	-0.3357200274700501	-0.20959811526328706	-0.03785807523129257	
-0.02899311043563136	-0.11588005428624694	0.013497218111574012	0.15551710332799018	0.2148964564881683	
0.06301203560116021	0.03067103512039176	-0.2550418892380602	0.08078520104937378	-0.16672850133473222	
0.00027107688117450487	0.19180244509082828	-0.18099154328988282	-0.06604560056175683	-0.35571703993943626	
-0.09929893744929386	0.2279748546053387	-0.16935473148312896	-0.06629868012232282	-0.1678005731977717	
-0.04723961007972412	0.2100702742107072	-0.3296690017591489	-0.058440285990771404	-0.12469090965218599	
0.02517307897018585	0.06092571706232451	-0.057993811682137186	0.014758649589956624	0.20497044115316806	
0.03436313972758918	0.3487832923772031	0.09600804469600147	0.11733385236995109	-0.2908008138072734	
0.08396344324313534	0.18435558482655562	0.14736093665449473	-0.007915996720601608	-0.2614231716271284	
0.08193167793193251	-0.07086248448099439	0.07881612099975242	0.0676928791398231	0.0021355967254013714	
-0.18378844144598835	-0.003141023519811351	0.01951204186030007	-0.1335135053851082	0.07119794327324107	
0.042334839599699206	-0.016143837405001783	-0.08739657197043357	0.0816266099416212	-0.2987190828835431	
-0.19751778847263457	0.30967741830226503	-0.12383616782966975	-0.0676510103147806	-0.3071551583340077	
0.11167093400125487	0.019781777721028754	0.17189176386715932	0.3818090253535644	0.21155186734662146	
-0.1674652309289246	0.2481470240651742	0.12021744826031636	-0.007433290999619682	0.00888741525953208	
0.02388845574853367	0.06865555516174186	-0.12207281435735377	0.10500267630447585	-0.21406304051146027	
-0.06988914786825924	-0.07720262167558418	-0.05070038000443514	0.025777448502942935	-0.20832204757026704	
0.05787626864131196	0.19382906719443485	0.03578407298937886	0.17952812056302048	0.03723271249817364	
0.3615417002198652	-0.12882176916883628	0.13958366723268165	0.337844504432897	-0.2621134826664009	
0.18617918505066466	-0.1372710904834546	0.1875256983056916	-0.08679916253448151	0.4389816454432016	
-0.2835764421352094	0.21208504906173672	-0.29953637991642973	-0.2514749737137207	-0.26857641769587304	
0.2684003364082193	-0.25881602395775244	0.14025224784595935	0.23262253386758766	-0.1018994597365179	
0.054131027993496825	0.09399778553874985	0.01931277705985008	-0.17094413145081624	-0.033375584004745724	
-0.20262250280716038	0.21047882093455023	-0.09478169441653672	-0.0965406180996117	-0.3046849801544578	
-0.0014197243443533423	0.2517338749320801	-0.22705872109804018	-0.07402380321841162	-0.31218197694177086	
-0.16713900317073602	0.06598476288385302	-0.061600381410285045	-0.020826275550181798	-0.19078454965406208	
0.019865909891246168	-0.04456249585904505	0.14310335396946958	0.15960634596764256	0.20029665549344736	
0.10772924181374262	-0.034304279288348255	0.16632216135730038	0.0678292042371055	0.030602987087970754	
-0.04606450082533517	0.07208929335459763	-0.23565779932243966	-0.044028010859279675	-0.6000956702292286	
0.09858883512710301	-0.2567413396927022	0.14403792423998638	-0.08237720635666351	0.37700210949451507	
0.08803472161931925	0.04094133593415723	-0.008642940879442814	0.1413748939678619	-0.14992837696294975	
0.03650831581698663	-0.13870759153122464	-0.34293771651193156	0.043952231175443605	-0.18124005069027396	
-0.15909242339009047	-0.03238419218642848	-0.05260366094757034	0.059798410992985905	-0.07519670453498323	
-0.05143189058993955	-0.049992750969926995	-0.108317355149299	0.1935491952040296	-0.03604185275929058	
0.07057710314097136	0.053635650420182736	0.08896120412329073	0.021920361410507627	-0.07083436088368948	
-0.17651317430538505	-0.05002746059898593	-0.43505344291749004	-0.040470687026373686	-0.1892676435780387	
-0.11219472935811996	0.09780364926284575	-0.3575080749836196	-0.09311142517686773	-0.3033174599493337	
0.11460492953393245	-0.09252551520331811	0.04495692429455915	0.11786057148622227	0.019670372597118475	
-0.041589444801567524	-0.18216771679458435	-0.05987061146011423	0.24059081192972054	0.32132584586216606	
-0.3291656995751463	0.49237224216911907	-0.3432042783027777	-0.29918887294894025	-0.5379756797594712	
0.11936595560418391	0.20694752592213106	0.18006491218801354	-0.12015511673882673	0.040154778468331216	
-1.5691198312632781	1.2671442183041202	-2.2890919042748	-1.3135133291112089	-2.4723189189658306	
0.17909468641082898	-0.020760239379279486	0.25995570655203226	0.09523973607297989	0.3293573191587621	
-0.20760525410773487	0.2876138705829277	-0.03623012610678633	-0.377957539956716	-0.05708145688820382	
-0.3712671099587217	0.2023424055078338	-0.397836926122038	-0.19138876219103648	-0.49250796920040957	
-0.08666949622039447	-0.08855270852447883	-0.11033077783542004	0.16957958663600953	-0.03189313999941116	
0.33577881237625784	-0.3371251102159177	0.4996313843524089	0.3405879370300456	0.46892308155152024	
-0.018449099910794544	-0.15186579954044566	0.10593229764900021	-0.09561112428484853	0.2116119515156522	
-1.008585753589163	0.6878155455297753	-0.9595722709247735	-0.803747417640839	-0.8701319824659414	
-0.08389157064536848	0.31245493030556787	0.050637248203716956	-2.0028536995901066e-05	-0.16804576033454083	
-0.02919116674204588	-0.04522322089365466	-0.04655640966842559	0.011269802243906328	0.11426902419067682	
-1.1716202115391783	1.349574332692903	-1.4096620779657842	-1.151419337108429	-1.4630843325366751	
1.290574430916363	
