            A        R        N        D        C        Q        E        G        H        I        L        K        M        F        P        S        T        W        Y        V
 1 A   0.0034   0.0103  -0.0227  -0.0034  -0.0136  -0.0074  -0.0033   0.0018  -0.0286   0.0077   0.0052  -0.0131  -0.0122  -0.0031   -0.031   0.0048  -0.0093  -0.0198   0.0063  -0.0091
 2 A   0.0023   0.0073  -0.0425  -0.0477  -0.0346   0.0012   0.0005  -0.0692  -0.0157    0.006   0.0343   -0.056   0.0064  -0.0079   0.0041   0.0756   0.0706  -0.0399  -0.0299   0.0112
 3 A   0.0212   0.0191  -0.0287   0.1083  -0.0296  -0.0098   -0.002   -0.006   0.0094   0.0042  -0.0027  -0.0369  -0.0138   0.0001  -0.0004   0.0229  -0.0296  -0.0375  -0.0005   0.0066
 4 A  -0.0211  -0.0014  -0.0099   0.0102  -0.0193  -0.0076  -0.0002   0.0122  -0.0062   0.0014   -0.004  -0.0151  -0.0283   0.0185   0.0114  -0.0125   0.0051  -0.0035  -0.0037  -0.0051
 5 A   0.0222   0.0026  -0.0225  -0.0122  -0.0183   0.0004   0.0087   0.0219  -0.0128   0.0015   0.0044   -0.015  -0.0247    0.014  -0.0042  -0.0024  -0.0096  -0.0102   0.0112   0.0185
 6 A  -0.0092  -0.0028  -0.0098   0.0076  -0.0383  -0.0097  -0.0239   0.0165  -0.0058  -0.0021  -0.0216   -0.044  -0.0263   0.0228  -0.0274   0.0068   0.0031  -0.0042    -0.02  -0.0041
 7 A   0.0123  -0.0105   0.0009  -0.0039  -0.0374  -0.0075   0.0011   0.0066  -0.0178  -0.0109    0.022  -0.0267  -0.0177   0.0129  -0.0082  -0.0007  -0.0007  -0.0001  -0.0394  -0.0102
 8 A   0.0145  -0.0101  -0.0077  -0.0003  -0.0372  -0.0335   0.0269   0.0229  -0.0595  -0.0252    0.041   0.0141   0.0047   0.0181  -0.0064   0.0029   0.0304  -0.0029  -0.0023   0.0137
 9 A  -0.0044  -0.0199  -0.0459  -0.0129  -0.0372  -0.0423  -0.0308  -0.0384  -0.0239   0.0004    0.024   0.0427   0.0053   0.0495   -0.031  -0.0098  -0.0071   0.0077   0.1678   0.0181
