            A        R        N        D        C        Q        E        G        H        I        L        K        M        F        P        S        T        W        Y        V
 1 A  -0.0249   0.0673   0.0358    0.116   0.0304   0.0295   0.1737   0.0242   0.1935   0.1812   0.1641   0.0165   0.3066   0.2055  -0.0494   0.0223   0.1887   0.1385   0.0979   0.0515
 2 A   0.4571   0.0953   0.0343   -0.267   0.4737   0.1711   0.1773  -0.0873   0.1271   0.1157   0.1869  -0.4306   0.2334   0.1757   0.4305   0.3051    0.176  -0.0361   0.1977   0.2307
 3 A  -0.1219  -0.2281  -0.2594  -0.1356  -0.0423  -0.1919  -0.2615  -0.1918   -0.055  -0.1683  -0.2367  -0.2786  -0.2586  -0.1099  -0.2061  -0.1298  -0.1733  -0.1946  -0.2164  -0.2172
 4 A   0.0374   0.1003    0.085   0.1866  -0.1843   0.0809   0.0989   0.1736  -0.1632     0.08   0.0402  -0.0381   0.0204   0.1921   0.1009    0.047   0.1204    0.105   0.0898    0.191
 5 A  -0.1767  -0.1308   -0.171  -0.2003  -0.1377  -0.2111  -0.2939  -0.1775   -0.456  -0.2797  -0.1797  -0.3304  -0.2029  -0.0703  -0.2892  -0.1571   -0.308   -0.219  -0.3486  -0.2398
 6 A   0.1424    0.149   0.0286   0.2078  -0.1228   0.0258   0.1831   0.0833   0.0078   0.1852     0.09   0.1863   0.0444   0.1271   0.0859   0.0932    0.226   0.2272   0.1151   0.1879
 7 A   0.3633    0.138   0.2502   0.2512   0.0446   0.2603   0.2697   0.2584   0.2004    0.217   0.2651    0.176   0.3118   0.3391   0.3008   0.2892   0.3342   0.2356   0.2324    0.326
 8 A  -0.0006  -0.0106  -0.3175  -0.1167  -0.0689  -0.1993   0.0368  -0.1332  -0.2791   0.0243   0.0267  -0.0809  -0.0967   -0.067   0.1239  -0.0671  -0.0084  -0.0302   0.0118   0.0315
 9 A  -0.2002  -0.2199  -0.2039  -0.3583  -0.2595   -0.355  -0.4836  -0.3636   0.0002  -0.2382  -0.1307  -0.2323  -0.0014   0.0679  -0.6547  -0.2802  -0.2748  -0.2256   0.1041  -0.3337
