            A        R        N        D        C        Q        E        G        H        I        L        K        M        F        P        S        T        W        Y        V
 1 A  -0.5697  -1.2179   0.1047   0.7781  -0.4831   0.1907   0.6749  -1.3787    1.084   0.4663  -0.4494  -0.3601   1.0016   0.4637  -1.2746   0.2916   0.5655  -2.1978   1.5636   -0.534
 2 A   0.4502    -2.48  -2.2511  -2.8683  -2.0313  -1.2214  -2.3467  -2.7311  -2.4099   1.0159    1.054  -2.2011   2.3405   1.6262  -2.7049   0.8719   2.2959    0.374   0.3957   0.6107
 3 A  -0.5524   0.3098  -0.1976  -1.0545   0.7978  -0.3785  -0.7832  -1.7062  -1.8186    0.639    0.241   0.8081  -0.4426   1.1806  -1.7547   0.3189  -0.1324    2.413   1.3283  -0.2466
 4 A  -0.3395  -0.4761   0.7499   0.5266  -1.3067  -0.7998  -0.0536  -0.4755  -0.0606  -0.1053  -0.4608  -0.4754   0.5404   0.8587   0.8846  -0.3239  -0.6918   1.9185   1.5035   -0.194
 5 A  -1.0546   0.1547  -1.2166  -1.0691   0.8948    -0.04  -0.7889  -0.2925  -0.3556  -0.0169  -0.1508  -0.2979  -0.2363   1.1539   0.3325   0.1968    0.311   2.2948   1.6769   0.0327
 6 A  -1.3488  -0.1789   0.6675  -0.7316  -2.8499    0.085   0.0374  -1.5195    0.774    0.555   0.1433  -0.7007  -0.3591   1.5219  -0.3641  -0.0521   0.5107    0.085   2.3243    -0.59
 7 A   -0.021   -0.283  -0.1345   -1.034   0.5786    -0.91  -1.0341   -1.029  -1.0294   0.1359  -0.1342  -1.0214   1.1612   2.0091  -0.3881   0.5107   0.2585    1.484   0.8814   0.0539
 8 A   0.0649  -0.2592   0.8378  -1.0066   0.3842   0.0935  -0.2684  -1.5987  -0.1386  -0.9308  -0.1252  -0.1893  -0.4394   1.8959   0.1454   0.3606   0.2242   0.3512   1.5671  -0.6961
 9 A  -2.0143   5.2946  -1.2783  -2.2134  -3.8966   0.1378   -0.728  -2.9394   0.3319  -3.0794  -2.0516   3.4523  -1.9462  -2.9147   -2.524  -1.4294  -1.7961  -2.8074  -0.0796  -2.0944
