TESTRUNID EPOCH: 52 L_PCC: 0.8970573555700222 L_ERR: 0.00818774219301549 T_PCC: 0.8416300431564955 T_ERR: 0.012599622163377625
180 LAYER: 1
5 LAYER: 2
1 LAYER: 3
52 :ILEARN
-0.05211152216778186	0.03953893930446693	-0.3766972997444633	-0.24323156886197067	-0.22322320108653418	
-0.10330933691993377	0.06693363165318585	-0.1606739513825968	-0.1739326433073963	-0.21424754016325007	
0.008218272628207724	-0.15030810189280636	0.144968709310548	0.24644032427072507	0.19534600632924864	
0.10777829400804818	-0.35972563298314997	0.5416312923439798	0.41841435917102976	0.6593920440328781	
0.06393114595446632	0.10099937819123954	-0.0510665810586637	0.026030248754087625	0.08010574474451797	
0.07166192196182997	-0.08911118625274514	-0.13093202670580403	-0.15148091553361953	0.1412599456177034	
-0.023335994158541193	-0.1767534170540974	0.36962778116638184	0.26989667045319105	0.5132368170380277	
-0.05942931014591738	0.17899036618847997	0.02181076186969629	-0.10664022779955044	-0.0927554733281657	
0.10378624135448622	-0.01612570107317404	0.009143789978716621	0.10744886802468129	0.003893813641722691	
-0.018343805161114193	0.13874566238157265	-0.09479598835385003	-0.028880892310950985	0.058953008274056744	
-0.0988058176671948	0.012689441294976934	0.06656593269741932	0.00951714937691903	0.10490362027686213	
-0.12812558124277781	-0.020306334874434562	-0.4222760756944118	-0.31414755453122295	-0.17227739592736493	
-0.12108266427941863	0.07620285942166419	-0.2194906573078408	-0.2504162173712834	-0.3961000475766746	
0.041834817064744866	0.0024106201422011584	0.19243224145566623	0.24620210040926988	0.27774790891824525	
0.12757563968231225	-0.37037904093941965	0.34679249079486163	0.4526205163403222	0.5514782533366718	
-0.16712418559378242	0.3985096612473036	-0.2767329502620229	-0.24934086304172146	-0.35791843450156957	
0.01189218455222191	0.2485333707937927	-0.1149988403177298	-0.27741564197367297	-0.41409360668948003	
0.10109180107311985	-0.13337360346575716	0.2734278951359498	0.1951165734230883	0.2572603559691355	
-0.056217267535862224	0.016735225036107464	0.1232330898306157	0.13978543109539043	0.1756497741523252	
-0.08501160219778127	0.20448004059621364	-0.10090996672642859	-0.1634236692361297	-0.12761734891444088	
-0.0738126342272874	0.2376558166953992	-0.15013940173348114	-0.25633239276919856	-0.28413747778362103	
0.10474427099427797	-0.49129088869550314	0.635047087293316	0.5519851230685158	0.9543652430519899	
-0.03047614497935629	-0.35797411988098843	0.4438609160333545	0.3421240706527501	0.36196106706002606	
0.06944551973932908	-0.09428180467168501	0.2615964830767481	0.2143046177742847	0.17270254511206118	
-0.022958101753967296	-0.5694469936199693	0.4457368480645687	0.45211478233160374	0.9372265808804239	
-0.011249487296449746	0.22030019042763943	-0.0687295483456007	-0.19561859627902684	-0.316502230874468	
0.04847369076970172	-0.03547640155760911	0.22256165225427388	0.09453371504690138	0.3562199348080245	
-0.03168148089974582	-0.08770090273084376	0.16329125659320834	0.24781972980336536	0.31469080927018034	
0.06827280198425602	-0.46419847961855154	0.3481946461568625	0.3624251761636503	0.6067751051789204	
-0.1691502065063026	0.2571618483639912	-0.378330700829826	-0.39734016962397073	-0.5091386147754441	
-0.11394440217346416	0.34155782365488807	-0.07064232697162934	-0.2538233068488675	-0.2515598881605505	
0.06973613253692924	-0.22781347730151816	0.20868400756135982	0.27457088562445425	0.34775049378601053	
-0.09511080443537645	0.3283226166807457	-0.25066797506218524	-0.21835216478224379	-0.5433844450369018	
-0.09264418421388355	0.051615788508859575	-0.03990796884568322	0.013023587770334171	0.17634098101813286	
0.020843185305012165	-0.0048072907116773495	0.30070491103933045	0.2010294205169347	0.45612834011031134	
-0.022494607580573787	0.2813630645860017	-0.34938156423693484	-0.4424384574217006	-0.5269850295361218	
-0.0822617391190095	0.12808229428766216	-0.4953215860623194	-0.5249871896673913	-0.8415912738485615	
0.06324065384516919	-0.08073758575902666	0.05450638056160066	0.024829322472265207	0.12677731572202694	
-0.01627565842565898	-0.23818001795615878	0.2138537274699117	0.2312584232164637	0.41972084164909856	
-0.03182819596061127	0.15302543563067034	-0.7332028026367449	-0.5982222797330523	-0.6526263664849005	
0.07242968793308782	0.08993339848708191	0.006707246216166848	-0.04627806149529099	-0.1130022051884621	
0.0531814426846147	-0.18132660943695514	0.3640337722472148	0.41379331298643307	0.5441816019676404	
-0.030952123572115225	0.0747107694650594	-0.08629712008634725	-0.1094803805706918	-0.10190369287729008	
0.031491794081255055	-0.13678838167022703	0.2600808659972435	0.21523569460800215	0.10868431738119928	
-0.06489922102198604	-0.14447819968817352	-0.16882908639061492	0.018914513266299792	-0.028043873443677834	
0.07437101316598252	0.08382484226797549	0.011147867558261236	0.020908360457094627	-0.10458989768894207	
0.02153324534431008	-0.1070852438609763	0.23667098021088973	0.14688015756448433	0.3311832310518402	
0.03314693801499036	-0.14680407368858578	0.22797398981357614	0.12333519377882222	0.3369004844265988	
-0.0153725819689348	-0.05835074329603785	0.18823336793452466	0.0838414262580621	0.36919123634214507	
-0.017602451205294897	0.0209765191077933	-0.09881843287977717	-0.058898277652673595	-0.12942310362587428	
-0.13309086169118609	0.14958220776669942	-0.04704295414289762	0.0871843993212647	-0.03069251579029872	
0.11164334488557473	-0.1445326277936494	0.24330669905685534	0.10071113940476857	0.5664392419370027	
-0.012837784801995687	0.1783456884560491	-0.30076191400800184	-0.23068137405826797	-0.2968801368363591	
-0.11553853615274792	0.3155282621779561	-0.21990350122213367	-0.25221057660372903	-0.21226740153263235	
0.019911537710977475	-0.19033903128933463	0.2536334486775857	0.1490917125633101	0.5327430585204823	
0.01445790006134923	-0.08099146237056025	-0.11413163799456845	-0.1190443671276305	-0.09674659829439337	
0.07735185568375609	0.05337135976560868	0.1513244467140249	0.03262107395682443	0.08005851693440764	
0.06955198420372374	0.04362849159820158	0.04713848649007883	-0.02600876919811041	-0.011530517663214094	
-0.04662406042455247	0.17422044503892017	-0.320404084983543	-0.2894794872437827	-0.31345124433063465	
-0.07988979511648109	-0.10110045300559826	0.05453942783819208	0.2098331619519282	0.040526917448532956	
0.02063395351178513	0.028197777610616204	-0.11890594224011655	-0.15794686549406453	-0.01730061756712718	
-0.010463750556858564	-0.11600988098488885	-0.03831821356607872	0.04188041254323085	0.06954140675751275	
0.06835284903172797	0.07080108209627659	0.06065185203273333	-0.028694193093163303	-0.024742253262718714	
0.007011098982252782	0.04764170312633507	-0.015169370544817769	-0.04195705340549607	0.18313586510646704	
-0.017493963992904264	0.022957022067328327	-0.0567775800592379	-0.054689927327470224	0.01299718321885399	
-0.009990755465993813	-0.10633527717317726	0.06410001717329253	-0.024341787700091586	0.08198355654755289	
-0.06163614122767452	0.031346282447157446	0.04539342830372111	0.08432210615034605	0.2203888265661495	
-0.06813851034731706	-0.0429163844557829	0.07733627082641847	0.12412839743949183	0.11789085997526333	
0.06994193929073327	0.06520153177609997	0.09374904328969863	0.07487820383659001	-0.017546531692123727	
0.04085484034856379	0.005461204026287776	0.15019501407283575	0.191021545681075	0.05949966269039888	
0.05134800141195953	0.0184399386086236	0.004057118745959444	-0.010698036284079367	0.06105673463875429	
-0.03136801556162637	0.0631509304631993	0.16936743912746435	0.18442815648314526	0.20721447881870217	
-0.07209445796992478	0.09047475474565879	-0.1712592501587925	-0.19609978674036188	-0.14789146891987687	
-0.0013946921607997731	0.11017594737702922	-0.0582743842344707	-0.06589118809043236	-0.15911537404340953	
-0.012601374788397759	-0.10627945249744557	-0.012958503879237962	0.054378968403867974	0.06575551376758036	
-0.05258418414519861	0.07063534510651788	-0.04006406065261977	-0.04356231853405449	-0.12134555527244408	
-0.022168904543931247	-0.013120791001590009	0.1352853816315337	-0.04604627019296329	0.01076487615342844	
-0.04152289174638709	0.0696265062871593	0.08690775332393992	-0.0228134863521345	0.05067151321934134	
-0.05292223772366983	0.05672564702760467	-0.004909929931310656	-0.005421845784135731	0.1716673411889406	
0.0713602764010468	-0.13850925677225137	0.09948143918284154	0.08668143384997706	0.15201726839738655	
0.09922468248346736	-0.007080834748685269	0.007249665264677252	0.10543968748572966	0.1319551625144887	
0.09580676622034548	-0.16992674472934657	0.009990181138971769	-0.00699595747208917	0.17232618950511472	
-0.08739337538644595	0.04444115008004399	0.07559320445610873	0.04363144493953354	0.10974357259960626	
-0.010931772946275207	-0.08763116503741751	0.14625715051958876	0.18547935242521016	0.32871447275935095	
-0.06236413065610083	-0.10061266353778628	0.006188509046182154	-0.005743031973460098	0.08111321783681756	
-0.06325083289186424	-0.14506198509502397	0.15566398605098183	0.0878805341725344	0.1810591214993835	
-0.003701819517365752	-0.07848862303831178	0.14389133698740394	0.14191623773263506	0.16690453063793712	
0.007323809468893215	-0.05022263281594784	0.024838620288012845	0.11399249885596634	0.16575033862701147	
0.027088072840783878	-0.058010728605007965	-0.03298070289227714	-0.10190887544662416	0.021735003102194016	
0.0682477028997731	0.06026891635190263	0.0275209952559244	-0.09702481177449386	0.046723799208511545	
-0.09130371618758525	0.0953430827957032	0.05194666915738751	0.04324323762826379	0.012664597059844353	
0.06924207710353383	-0.08139331913829637	0.1665660996478973	0.1452988284715586	0.15609923162372671	
-0.09167088737548719	0.1398159492630372	-0.06362349627927495	-0.06316620299971461	-0.05285302197456095	
-0.07694688527463384	0.25278061771070537	-0.22447028014825593	-0.1538026831257515	-0.038955118236817354	
0.06512807634054968	0.03989023159140037	-0.11625770334506712	-0.14869086770885298	-0.0037798625298538354	
-0.1337527131621555	-0.003310906919859732	0.03678610232128309	-0.12983306841141937	0.023221365451370962	
-0.02896035859159697	0.0035499424120751417	0.12133282156797189	0.10066640843838234	0.09848296126023984	
0.019690483532645957	0.0512403062375031	-0.17779534945546174	-0.04541841508342409	-0.1751915471628587	
-0.014771247581470179	0.1152877029244289	-0.06827503668553225	-0.11708797001097572	-0.06730534989674816	
0.06474674031737158	0.1594509520772839	-0.04239911012936767	-0.02372842026252455	-0.10484891828018275	
-0.0923368752140277	-0.05986786652825201	-0.07366614797187868	-0.09250154851366416	0.020229879277073027	
-0.01476160833615576	0.011729255491217604	-0.08445483718481513	0.041199458579748716	0.005585842588147438	
0.009641038904057792	-0.056064770225937456	0.008365603572220423	0.04324060351882854	0.18194317480428682	
0.03517967654142723	-0.15054973316718803	0.1154616037608792	0.16772551238729927	0.4478541235935322	
0.06892207249506918	-0.015961336603568594	0.055157447131750616	0.09135517134283275	0.09094922963287405	
-0.08009755939704502	-0.13825006809568596	0.004555442249107316	0.09346252328838835	0.09326814479947927	
0.12088009554785327	-0.1852140505362057	0.15763921970082517	0.14043099587520555	0.33836237507218053	
0.052371997385292156	-0.07077918435015423	0.06864102650319019	-0.027410647433096968	0.17336954258358594	
-0.004154836686032028	0.031708282963634336	0.08320938145753551	0.054534321610308044	-0.029900271733541678	
-0.10200123288702778	0.1436164170122989	0.04318464658991499	0.14898008303717022	0.018148171555179265	
-0.06381555754541496	0.05684523182787966	0.018627275555472868	-0.05132999927528855	-0.07105884775867331	
-0.01653092745794405	-0.15596712502800814	0.24476125028232557	0.25369637002687717	0.2120929778355989	
-0.11343837219072701	0.10009563063241683	-0.03992271758029452	-0.17180381546178694	-0.11168395000544414	
-0.002455996025804389	0.06466747188285371	-0.11739788524265679	-0.21004332596460581	-0.2711445876415227	
-0.008198755130289821	0.05830160679907828	0.06236056825568563	-0.015149337753619513	0.0019920157723100846	
-0.040632851038425406	-0.0063300505273683125	0.0037299884724209705	0.007959751112929684	-0.09004663650906461	
0.04961982869945583	-0.0008638014107866862	0.0011519651304614485	-0.10318297018699434	0.01581062654160819	
-0.018346302168912712	0.11558798244318769	-0.08262306889931194	-0.09595326367639041	-0.009927273470423223	
-0.051474003442233913	0.12219494526235475	0.1252864363909497	-0.03753981814558899	-0.060807210947669284	
-0.06508273419894965	-0.13497713812025275	-0.021861441336987947	-0.1568381537966826	-0.007980632131255442	
0.039439720018811984	0.0740941672043234	-0.009863251200338779	0.014248882210996025	0.08029460391802115	
0.11543661120114278	-0.11625494194352001	0.1920390539373736	0.13690605131899203	0.42993566165890545	
0.0011004948219235917	0.046798590622587455	0.16182929508319324	0.0935055832565395	0.16063621548464083	
0.1252741623342007	-0.20736815525272323	0.1887097166054082	0.17366334929072283	0.233253131886806	
-0.05907771253387451	-0.14576401263125063	0.13465706875125943	0.23635101397904612	0.33831857035746615	
-0.035935630202660156	-0.04419220214891146	0.22522695179184143	0.1514449737810716	0.19636820680770975	
-0.01516637503509318	-0.03021562097043172	0.2863695858652163	0.1533925063874178	0.29500219004220213	
-0.07913822116568976	0.03951466960320393	0.05230832530353041	0.08414905659924272	0.12708438877026484	
-0.0896892220961601	0.12522671816981207	-0.08177036740584956	-0.07028812856975164	-0.10397774742878897	
-0.11807820972731069	-0.10240274487679436	-0.09463065656203475	-0.09216795851485915	-0.18195952314667138	
-0.06634273999401183	-0.049231529926396664	-0.3202773881097564	-0.45507793747576397	-0.07334889802943476	
-0.02487741124594878	-0.192368291859812	0.2254532991653995	0.36110723190207594	0.3777726568893738	
-0.03224167223820312	0.09732517565440008	-0.1898252966096691	-0.1269102667446466	-0.20867352652148158	
-0.003966691514837785	0.22166673133712728	-0.2520303369408077	-0.14026494718693958	-0.3079074581886193	
0.06332287885051364	0.13198579347805858	-0.12933314713408353	-0.03918395596499681	-0.054932591699615334	
0.0665708234574213	-0.0051833441510624086	-0.13294236198836737	0.07542725680264115	0.07035172779156862	
0.05067946516205247	-0.030374119585298686	0.09401349243332338	0.06329538121168145	0.14172531443725658	
0.038642431503222587	0.18003618179841738	-0.14826535184508588	-0.15167971608010258	-0.15477936257716446	
-0.1373707466223142	0.1270646656978834	-0.012163962434452301	-0.09772934365574393	-0.21924983175748827	
-0.0616281934209136	0.008362848338595155	-0.02680190045617195	-0.022144767416040725	-0.12108746546475715	
-0.06998403353617205	0.05398115970790599	0.060586399689055694	0.005390777164485421	0.17099457294101336	
-0.010014395826772843	0.018106067907294403	-0.06703175389282658	-0.05243507982516842	0.07099900030998772	
-0.08855202164342199	0.0479465428527876	-0.05758958716277833	-0.044990823898801116	-0.03999401739295438	
0.020608793702065992	-0.1006826588106949	0.2738001073592454	0.3334888648311078	0.4054097065321445	
-0.02319205630266995	0.08325676738070298	-0.014444675730277662	0.04203505827053202	0.01601173331876304	
0.00480865427020399	0.01878473619732152	-0.06523227712713849	0.05518996892108143	0.14675120149866439	
0.017669614012856005	-0.13630764051328945	0.018523218959928894	-0.045831285677086546	0.040444992656983494	
0.020560761094560058	-0.027413717558934098	0.19294190970617137	0.16149306328174823	0.13286148827057032	
0.11519611322655783	-0.18997999710561522	0.0605562943083447	0.19091572222218972	0.04200706860826826	
0.09104836144641337	0.03576860643547132	0.22496164542408267	0.1495691575336984	0.48048162667836963	
-0.054103464794378456	-0.03667611645563469	-0.15282103179555348	-0.18233226386738174	-0.21885032568445656	
0.0814546528786041	-0.08011272070150491	0.1252551359850627	0.12974292947592117	0.1528069607756744	
-0.05248875205874206	0.028780166057757847	0.08409075782041492	0.002956848630528276	0.02580517949357102	
-0.14231563767361854	0.17405726871702573	-0.18993383743684059	-0.12983440788873551	-0.25359362823996867	
0.026566540896961702	0.15343101688567193	-0.03554297132310636	-0.07349781576110426	-0.09469957524754728	
-0.07615264240285119	-0.0534227530714318	-0.015210705035642378	-0.02783916643969229	-0.01907972103213817	
-0.027184195437587648	0.12131752224997885	0.05291430683979106	0.16444739862341637	0.1893303187110683	
-0.020153817831700827	0.06875469516517262	0.07457740630320667	-0.023824772620739215	0.08803354043843262	
-0.05203855046526898	0.008228519653491773	-0.20363468667844595	-0.11838785977127891	-0.38442400196853976	
0.06918965883243709	-0.05629894652356986	0.0407593149631289	-0.09614991458452952	0.2679050488839603	
0.09534730128774573	-0.07478611495095533	0.09863364384268188	0.12978223349550086	0.08117934458058688	
-0.032522800420726514	0.4066335703672229	-0.4997852336824614	-0.5046504181565011	-0.8497517323957599	
-0.0957129090048955	-0.02602342448587489	0.1002541367332224	-0.019749356417756138	0.0711834189522484	
-0.06111611911760605	-0.03361165711440659	-0.05648598108729634	0.056125999169693054	0.06301862472854657	
0.06915571974570223	-0.30904555857504595	0.34212480103689774	0.23194796478317556	0.406985019751863	
-0.009983827181649276	-0.14242017340010657	0.05314879202808135	0.15632479217176135	0.23441696251350708	
0.031334518859690755	0.025714658786938443	-0.03366298638793495	-0.042435045320334965	0.054691479788761474	
0.10215884480914261	-0.26511203748553347	0.24270201254102147	0.21656125744922117	0.3417518647814169	
-0.08185310287781074	0.12927108789996042	-0.19250931039978236	-0.07624122473082755	-0.21153039999231568	
0.04558951407810435	-0.21580724863979728	0.3188908388998934	0.3532238243164773	0.4905886183293216	
0.1513569799740867	0.056669069238423554	0.28516301612980977	0.10464228528248012	0.344319351125733	
-0.29370179525818063	0.29594973273084424	-1.5036984056877725	-1.3504256576490379	-1.2795651146818943	
0.041167149614961734	-0.13459779940165723	0.17882981203101442	0.19571314326429867	0.3292316124835953	
0.099412190256958	-0.0031453751124860536	0.27281937558643315	0.05776139101425882	0.4196104879458669	
-0.0834452856972688	-0.07721556595805976	0.01779675063011133	-0.04899713539530445	0.06906575881770514	
-0.06408280099936921	-0.22864835105861683	0.14899328087428607	0.26063441672234966	0.36000203252959984	
0.014147148644035957	-0.32403902660469236	0.3836444259351986	0.2770736051809308	0.5051887622776589	
0.04988294992465304	-0.2050212346514893	0.24530732460875027	0.34482142044607533	0.5116564332515909	
-0.11652955196474066	0.5442025047936937	-0.434634887069188	-0.437826269396662	-0.6123949989183446	
0.02519617223330205	0.06161416417883152	0.2277861700768	0.23892915992072922	0.27301595638331316	
-0.13715756253092184	-0.1745507217614303	0.32538014919519337	0.32797371670516207	1.1904177193058039	
-0.16940438233534003	2.349366700169521	-2.3715774541649552	-2.2512428706434733	-3.3501462177889247	
1.5684357646365832	
