            A        R        N        D        C        Q        E        G        H        I        L        K        M        F        P        S        T        W        Y        V
 1 A  -0.0625  -0.0213   0.0209  -0.0339  -0.1063  -0.0558   0.0539  -0.0581  -0.0345  -0.0322  -0.0901  -0.1406   0.0342   0.0311  -0.0874  -0.0348   -0.012  -0.0586  -0.0299  -0.0782
 2 A   0.0498   0.0361  -0.0553  -0.2082  -0.0864  -0.0008  -0.0545  -0.1068  -0.0435    0.064   0.0604  -0.1747     0.08  -0.0386   0.0287   0.0552   0.1351  -0.1146  -0.0345   0.0879
 3 A   0.0542  -0.0099  -0.0184   0.0676  -0.0667   0.0242  -0.0459  -0.0322   0.0818   0.0936   0.0379  -0.0756   0.0358   0.0525   0.0109    0.034  -0.0277   0.0594  -0.0051  -0.0377
 4 A  -0.0037   0.0311   0.0311   0.0424  -0.0825  -0.0371   0.0463   0.0109  -0.0495  -0.0376  -0.0006  -0.0864  -0.0794   -0.026  -0.0018  -0.0577   0.0044   0.0195   0.0143  -0.0205
 5 A   0.0377   0.0052   -0.005   0.0131  -0.0384   0.0342   0.0476   0.0279   0.0554  -0.0303   0.0091  -0.0483  -0.0766   0.0679   0.0649   0.0098  -0.0008   0.0414  -0.0268   0.0499
 6 A    0.025  -0.0054   0.0121  -0.0288  -0.0229  -0.0138  -0.0524  -0.0227  -0.0358  -0.0048  -0.0227  -0.0133    0.058   0.0524  -0.0519   0.0263   0.0144  -0.0089  -0.0463  -0.0032
 7 A  -0.0015  -0.0649   0.0296   0.0349  -0.0784  -0.0032   -0.039  -0.0147   0.0124   0.0244  -0.0117  -0.0536   0.0142   0.0687   0.0551   0.0007   0.0306  -0.0084  -0.0306   0.0178
 8 A   0.0463   0.0525   0.0247   0.0314  -0.0517   -0.012   0.0629   0.1131  -0.0907  -0.0725   0.0374  -0.0018   0.0532   0.0811   0.0982    0.033   0.0064   0.0363   0.0365    0.029
 9 A   0.0129   -0.094  -0.0958  -0.0482  -0.1063    -0.05  -0.0439  -0.0857  -0.0691   0.0927   0.1234   0.0027   0.1061   0.0301  -0.1289  -0.0414    0.016   0.0403   0.0358   0.1964
