TESTRUNID EPOCH: 3 L_PCC: 0.8007729856575961 L_ERR: 0.011366626903244059 T_PCC: 0.8135346385832447 T_ERR: 0.01113020464712576
180 LAYER: 1
3 LAYER: 2
1 LAYER: 3
3 :ILEARN
-0.20533645538788156	0.038847216777977825	-0.05986542935690422	-0.7233859193932113	-0.35269686926191873	
-0.985100681372872	0.023943500164898626	-0.08965319305371974	0.143026725963407	0.745962924847259	
0.4994698923559884	0.9244426557238051	-0.13164366458543267	-0.05524270553242151	-0.10188838561211044	
-0.015046679042388048	0.07295805365741916	-0.04234642921917697	0.361094941933916	0.37029680410259425	
0.5516325382905688	-0.3423474214931977	-0.24405955331610096	-0.4448318668991365	-0.2686576429034058	
-0.2544983143172201	-0.5088361666472816	-0.32912695695951316	-0.3498250983214163	-0.1978025591190497	
-0.08175851625042305	-0.22293046351694576	0.07735201639261151	-0.6804376006756291	-0.2849615473714365	
-0.7770617234864331	-0.24687769026067072	-0.2719574943575105	-0.48131221847533723	0.1869025520690164	
0.10396482586660141	0.18985791907179017	0.18924583206897502	0.37772328037417596	0.24117900641548695	
-0.2733907699893371	-0.09404687979474555	-0.012625482109741435	-0.263578821237955	-0.2520357262863556	
-0.11478200700737953	0.2177084260578894	0.12728170967166375	0.02910761743066877	0.27992692429407334	
0.09411368363597909	0.2524727793604956	-0.2866824409250637	-0.19664492669830042	-0.18660673825929752	
-0.1489673272364604	-0.1634960674587582	-0.10437220109094927	0.46875001498092794	0.273694240539374	
0.5386530237391867	-0.06924197864126036	-0.06494781662803657	-0.0467132235739044	-0.22363787631770382	
-0.0852522266231378	-0.42030924505613015	0.27782504502876354	0.43061493686881797	0.441859864271125	
-0.565094655195193	-0.23926108970855672	-0.641644216742704	0.021168523749858337	0.025697712477798076	
-0.0037564762001731596	-0.013916003818843663	0.0024408000728747075	-0.16520728986222202	0.03119942098583336	
0.22450540869874028	0.18247996611756895	-0.3905410588151331	-0.36390648711934376	-0.5271930019993296	
-0.936764279925366	-0.5794208238814382	-1.1467664276823921	0.24809899479241643	0.17934081538631425	
0.20404888508646196	-0.6037147353931666	-0.5153661731921576	-0.9888967361282949	0.054659160583901495	
-0.037040368234636356	0.27156348591687873	0.1540884222414878	0.03549529010815482	0.09493933989321572	
-0.7852443874839978	-0.7155073422810992	-0.7879508448040828	-0.6050892862128914	-0.5223560943873659	
-0.8607782211847625	-0.21065323638525119	-0.012943901542385606	-0.013538167323615366	0.017968626433505917	
0.22439207634888436	0.5035196374287441	-0.47336206966763017	-0.3901016849917063	-0.6694012288522232	
-0.2653831312122531	-0.3387968969650612	-0.41766078518341143	-0.2782674447851505	0.22486574893554168	
-0.33914166970136783	-0.5140378939108489	-0.4036126147978509	-0.8178744955379833	-0.03318828213276512	
-0.03391991689452767	0.06066806927661748	0.06856472952316896	-0.17132466862812307	-0.061234965588585356	
0.1391513520361071	0.32611300986664016	0.1455658278037133	0.3258477180529206	0.4113922893543109	
0.30925942979960425	-0.27140667424689335	-0.2655863762933349	-0.20434084045650258	-0.10433861468480021	
0.12810081255799263	-0.21826340692263013	0.1946705694131411	-0.19139513363725918	-0.07598929594142985	
-0.2724106247416096	-0.1372357687320585	-0.16473916214206633	-0.13353304441082067	0.09230420894481615	
-0.12215510316480861	-0.31988127767921914	-0.27411459886624095	-0.2676090213235106	-0.5178070196624089	
-0.2817559161289625	-0.49079284580975535	0.16373886254416228	0.18557242024331005	0.166628063201048	
-0.18851975395379256	-0.2377537599870281	-0.15658665912208358	0.15976767672429956	-0.033093943245813086	
-0.011887333832842182	-0.2870696677303627	-0.06958187098374796	-0.376398429873864	-0.4766054684311711	
-0.10662407547556639	-0.5679721856114781	0.2913569593776185	-0.15421567477507836	0.16743568355190466	
-0.30946440305651773	-0.10639658139700289	-0.4461729614332933	-0.07394547258652634	-0.044868950784466156	
-0.027960769813159807	-0.010031842706297011	0.11139910435342835	-0.17689458765844884	0.3337755289032842	
-0.0358033090444969	-0.16597198066433266	-0.23730961211895654	-0.04516857372647152	-0.2510926957568544	
0.1693664443299482	0.013224400977982111	0.03194774256330513	0.07554943865162589	0.0467098198860064	
0.025901811678116834	0.0384824624367655	0.3435506812516086	-0.23074453436657794	-0.04546533586839045	
-0.13217352142500538	-0.03496163045161534	-0.14327036471466334	-0.051506190147675074	0.30881517891298965	
-0.18189807874787417	-0.13694168901598422	0.2008288231025396	-0.2559587556505717	-0.11319459776905999	
-0.1686948529680955	-0.2218809630256769	-0.012326474670822674	0.2480123603890209	-0.23805304395259236	
-0.3177679563176291	0.12846623282164182	-0.04785374770204045	0.17376969328370517	-0.2032535031199949	
-0.14998927218753472	-0.06827034154688029	-0.440482309052118	0.07304091955150095	0.10047701400868271	
-0.10211558974202033	-0.11926737505603585	0.07687646972153535	-0.2691994404324791	-0.06536202105480932	
-0.14371490214909197	-0.08728263504600164	-0.146997040288365	-0.1398952785762253	0.1281302412456672	
0.14804599721586995	0.2983087618129998	0.27059162457624625	-0.343399513141676	-0.08780568110878656	
-0.4172298255573912	0.08586021164885091	0.06015220469914906	0.09514040504452678	0.2564893653024235	
0.052924369700249385	0.32331988557382185	0.04766301371430182	-0.12087741944204357	-0.001260637190379943	
0.04793221987969255	0.16817802273761603	0.024807424765864672	0.31247551231241344	0.48830302123508257	
0.4807389887359414	0.11499158711485172	0.11781948313595873	0.05173542981872654	-0.1369057874049243	
-0.11533662778743095	-0.2978226101188137	-0.11645108597332414	-0.13524844326118937	0.0031467174518160033	
-0.14869471450416588	-0.13646880478792364	-0.014699827340443266	-0.07987854812600886	0.05111057186342772	
-0.12890817281214192	-0.1901481261003404	-0.0065366352316222585	-0.14619750501396453	0.17872541045163606	
0.12081300891109184	0.23241418936995686	-0.22725321946245136	-0.04042179776666028	-0.4096712524684574	
-0.13793234489948944	-0.18756344189609836	-0.120694161633266	-0.017136087162456615	0.01582300911692769	
-0.04598409217440646	0.09043305926283755	0.18200004855127136	-0.12789983397323912	-0.11786412350548646	
-0.01737137340110917	-0.14714992001229665	-0.19769036807308668	0.030900912641058605	-0.06528694973376613	
0.03973649897612431	-0.003332020468503294	-0.045029139385215154	-0.38497881379398713	0.047029639916810556	
-0.08251822068259981	-0.0877115624987163	-0.15908533582695808	0.1178834519304139	0.26746204035108273	
0.4743091048123538	0.5368585573251042	0.11638671093572411	-0.2608957508333864	0.0900108964080236	
-0.22860762226168713	0.05187349752824025	-0.21134022867697513	0.13504610235085548	0.49448382131858976	
0.32106488226171676	-0.07547439710984447	-0.31671524450936445	-0.2617186475962368	-0.14939774653323878	
0.06556217803629368	0.19455772085703635	-0.06624692387238011	-0.16748732253075596	-0.25008248182115955	
-0.16592650048754673	0.006024120363753165	-0.30480018268003894	-0.21336319731012196	0.2375942367014609	
-0.1122217336536408	-0.15976876403006712	-0.03849235067864102	-0.18909929332153538	-0.35137213613427026	
-0.20997309093706018	-0.482646884495615	-0.08356971571491265	-0.005433755339791701	-0.3998803740425747	
-0.14704147558176564	-0.14688513869036773	-0.18859572170933425	-0.27085831861441634	-0.4438845059070491	
-0.4210530680797663	0.08947444282341081	-0.23767914920456854	-0.3642200010892575	0.15199306617039762	
0.02523500292024013	0.25543948579232234	0.05923525129379825	-0.01963828255797841	0.015138286819289661	
-0.2724296728337628	-0.16939713470764772	-0.22097482226417273	0.1147412740476091	-0.009115774535592968	
-0.05206086882730575	0.16274105942875425	0.07619277971564746	0.1670651938083945	0.3805618494888944	
0.33149304781375744	0.44318867048731825	0.19184357984417455	0.1606751667823095	0.10495395378877881	
-0.12959564679767863	0.076810842137958	-0.16544076833234297	0.6305448713281043	0.4079789992779493	
0.4822572567805765	-0.33672128677916296	0.08514881845313682	-0.3750541757648918	-0.16315682029810608	
-0.1474556108663669	-0.15346077904300853	-0.17590576159476842	-0.24907974561434837	-0.12869308140845845	
-0.5246202617745921	-0.1371539056457402	-0.47272354217754387	0.047881328138682774	0.07120267469662253	
0.15771665589340264	-0.4917533663043282	-0.14826017699609872	-0.3934088856569148	-0.17701161351426323	
-0.13628680906936358	-0.21321257971616184	-0.3022637395250873	-0.04070303098508617	-0.10772773710450255	
-0.3717357683659548	-0.2855363973461299	-0.5265714587016945	-0.1983905882415576	-0.03467301290196455	
-0.14229696611163864	-0.1405669312548871	-0.04806021647182165	-0.10317999883808725	0.2457414325835507	
-0.09351848352474655	0.30347547285860227	0.01767136014804625	0.02503306775198731	0.057753476509116074	
-0.042601015483771154	0.02787227436859421	0.16387850080316954	-0.19904416967635674	0.09612392119580457	
-0.13889840490811164	-0.28628043730230684	-0.02072972132073769	-0.1628130607812429	-0.18780373031311293	
0.0868868356933712	0.06160788211777539	-0.04140619545791352	-0.17405659420111966	0.2347457422357221	
-0.26294915590701123	0.041899580079717676	-0.2506595427944438	0.2180834258331524	0.4075530527545155	
0.38242311962873415	-0.06900990049612594	0.007566039555436543	-0.2770316327061826	0.15299280165262202	
0.16142290949400767	-0.09071190696075242	0.3115136377715458	-0.23044961259367872	0.14950691207946967	
-0.4770931369731346	-0.4485926568824426	-0.5366283268566634	-0.20421414617209027	-0.009897415863011207	
-0.2723736594984273	0.2882769771400742	-0.12606544324028107	-0.01974242287430366	-0.21237249596879662	
-0.34908239530178414	-0.49316540036249135	-0.2628331446135099	0.0062078384283124986	-0.008000449996660337	
-0.47189827208384255	-0.07876826138532503	-0.13359775116917513	-0.018328683929012185	0.04178814740396922	
0.4043240984764488	0.1386560018059404	0.11345810100406546	-0.2574191648486094	0.12838814563516598	
-0.20248474436629074	-0.30029766731930563	0.4242763826064369	-0.057275059086361754	0.5213871967941789	
-0.08438080651028071	0.13896863005965973	-0.012554463018205928	0.054540313338393105	-0.24533769202163666	
0.09930285211234464	-0.27877503041374163	-0.29495757621935714	-0.19623318873375775	-0.14098522820374262	
-0.09948303607060295	-0.0630261230064519	-0.057166117618282844	0.026485519669902653	-0.08195624442408894	
-0.4987016052804194	-0.3589426020188055	-0.5838901845719819	-0.3316866034742265	-0.3965076439217476	
-0.5687145749721565	-0.0538804521133403	0.009743197987447343	-0.0422044257811765	-0.32471258495217675	
-0.46591217456385553	-0.22263470766961355	-0.387230711517312	-0.059179906089971236	-0.4261963353201817	
0.16073607453398756	0.1860600377166882	0.024020630035557208	-2.3413703355472637	-1.702473748749522	
-2.393466645195405	0.14765760491403368	0.12049066249236612	0.1653137310240898	-0.12847580625070992	
-0.04905045857134662	-0.29675829829731426	-0.4960860503381468	-0.2925682823968305	-0.6490894813518631	
-0.19378833135444995	-0.07441473892015806	-0.14035170271494876	0.4722885350843202	0.4196149504160629	
0.6377310626231436	-0.2348473600231893	0.03085494186282962	-0.2356397945538841	-1.1078160590925934	
-0.8902164312917219	-1.2282201406476905	0.048040774770267226	0.046204792425698096	0.019150179294915026	
0.18161974042619922	0.15269266001876064	0.2472158084253308	-1.3027392069452886	-1.112191693862587	
-1.4844931322187265	1.0243296269160234	
