            A        R        N        D        C        Q        E        G        H        I        L        K        M        F        P        S        T        W        Y        V
 1 A    0.005  -0.0819  -0.1867  -1.6077  -0.5284   -0.324  -0.7415  -0.7361   0.2958  -0.0153   0.0845   0.4938     0.53    1.886  -2.0007   0.4153  -0.2195    0.479   1.6301  -0.5627
 2 A  -0.6724  -2.1408  -1.9295  -2.7381  -0.7697  -0.9954   -2.836  -2.8738  -3.0844   1.6984   3.1963  -2.5641   2.6759  -1.0743  -3.2517  -1.3472   0.1119  -2.8533  -2.0822   1.1727
 3 A   0.4339  -0.8415   0.7353  -0.0813  -0.7465  -0.4078  -0.3643  -0.8871  -0.4583  -0.2936  -0.5532  -0.7466   0.8633   1.3713  -0.4399   0.7623  -0.0611   0.5975   1.6101  -0.3452
 4 A   0.0225  -0.3996    0.621    0.999  -0.1984  -0.0196   0.7279   0.5327  -0.0903  -0.7895  -1.1437   0.2809  -0.6744  -0.1022   0.7547   0.6942  -0.3237  -0.4291  -0.1703  -1.1127
 5 A  -0.0461  -0.7819   -0.184  -0.2433  -0.2454  -0.2044  -0.2134  -1.1393  -0.5263   0.8391   0.0297   0.0903  -0.2049   0.8482  -1.1796  -0.1263   0.2908   0.3342   1.3496   0.2506
 6 A   -0.494   -1.094   0.5383   -0.617   0.4592   0.3934  -0.6741  -1.0803  -0.5003   0.9183   0.4851  -0.8045   0.7859   0.8596  -1.2253  -0.1672   0.5547  -0.8773   0.3488    0.371
 7 A   1.0869  -0.8168   0.0098  -0.0046   0.2085   0.0395  -0.1767   -1.119   0.2926  -0.3343  -0.7922  -0.7245  -0.0657   0.4653  -0.5726   0.5228   0.9417   1.4579   0.8042  -0.2312
 8 A   0.3054  -0.5034  -0.4564  -0.8284  -0.8811   0.4475   0.0543  -0.3361  -0.4506  -0.7807   0.0503  -0.3344  -0.2222   0.8265  -0.0586   0.4433   0.4827    1.496   1.5364  -0.4457
 9 A  -0.1002  -2.3267  -3.4144  -3.7805  -0.7789   -2.647  -3.1076  -3.5839  -3.3859   2.2247   2.3477  -2.1603   1.0891  -0.6653  -3.2451  -1.4132  -0.3648  -0.4073  -1.2096   2.9096
