            A        R        N        D        C        Q        E        G        H        I        L        K        M        F        P        S        T        W        Y        V
 1 A   2.6196   -0.005  -0.7327   1.2905  -1.5301   0.5081  -0.3225  -0.7392  -1.3358  -2.1841  -2.1937  -0.5816  -1.5129  -2.0873   -1.461   1.6919  -0.2773   4.6677  -1.1885   -1.346
 2 A  -1.0499  -0.3347  -0.5082   1.2761  -3.7169   1.6433   5.3475  -2.3645  -0.2265  -3.4472  -3.0596   0.5567  -2.1133  -3.2072  -1.3964  -0.2968  -1.1458  -2.6862   -2.098  -2.6477
 3 A   -0.041   -1.714   3.4855  -0.7595  -2.1084  -1.3747  -1.5878  -0.1418  -0.9824   0.6768   0.0176  -1.4703  -0.5529   2.0762  -2.4463  -0.5677  -0.7914  -1.8763  -0.3925   0.2059
 4 A   0.0334  -1.6867   -2.112  -0.0544  -1.7724  -1.2788  -0.1577  -2.5802  -2.1843   1.1564   2.3012  -0.5452   0.5812  -0.6296  -0.9434  -1.4138  -1.1385   3.5298   -1.132   0.6592
 5 A  -0.4252   1.2778   1.1606   0.0249   -2.601   0.2142  -0.9297  -2.0102   1.0094  -1.3119  -0.1886   -0.639  -0.8823  -0.5265   0.9343  -0.9992  -1.2457   6.4652  -0.1749  -0.8593
 6 A   0.1288  -1.7023   -0.666   0.5617  -1.7996   0.1601  -0.0892    -0.17  -1.4579   0.4069  -0.2645  -1.2299   -0.573    -0.54   0.8526  -0.4232   1.3751   -1.926   0.8132   1.0896
 7 A   -1.078  -2.0147   0.0149  -1.3726    2.145  -1.6841  -1.9172  -0.6557  -1.6617   0.7491   0.4687  -1.3803  -0.3358   0.5462   1.1408  -0.7694   1.4509   3.1305   1.0673   0.3082
 8 A  -1.0394  -1.6117  -1.8523  -0.0699  -1.8465   1.5639  -0.9383  -2.8768  -1.5235   0.8292   1.0286  -1.3523   0.1667   1.0405   0.7081  -1.4749  -0.9027  -1.6213   1.1092   2.0987
 9 A  -0.2735   -2.174  -2.4992  -3.1147   -1.962   -1.711  -2.2439  -2.8473  -0.0869   0.8058   0.8185  -2.0627   1.4671   2.2591  -2.6728  -1.1858  -1.2262   0.4663   4.8497   0.7284
