            A        R        N        D        C        Q        E        G        H        I        L        K        M        F        P        S        T        W        Y        V
 1 A  -0.7203   1.5853   -0.545  -1.5338  -0.1751   0.3716  -1.3708  -1.3609   1.1646   0.4967   0.4691  -0.0954   0.6307   1.3297   -1.705   -0.127  -0.2493   0.5125   0.5017  -0.2508
 2 A  -0.4501  -2.3115  -2.1963  -2.0744  -2.7352  -1.0836  -1.5406  -1.7043  -0.9324  -2.4375  -2.3048  -1.4144  -1.4235  -3.5784   7.1831  -0.7859   -1.313  -4.4832  -2.7055  -1.5927
 3 A   0.5964   2.1813  -0.6212  -1.2874  -0.7044   0.3224  -0.2619  -0.7405  -0.0613   -0.596  -0.8406   0.6065  -0.0744  -0.6642  -0.1338   0.2674  -0.4454   1.0913   1.0139  -0.2344
 4 A  -0.0386   0.2922  -0.3345   0.3143   0.2168   0.4901   0.3852  -0.8465   0.4002  -0.3588  -0.0064  -0.0171    0.036  -0.5048   0.2767   0.3223   0.2965   0.5876  -0.4142  -0.2447
 5 A   0.3774   0.3875  -0.1054   -0.407  -1.1323  -0.1594  -0.2908  -0.1841   0.6989   -0.348  -0.5472  -0.1586   0.4659  -0.1679   1.4406   0.0945  -0.1438   0.4938    0.066   0.0713
 6 A  -0.3795   1.5369   0.1487  -0.8615  -1.2105   0.4254  -0.3792  -0.0654  -0.2083  -0.3233  -0.2135    0.113   0.5207   0.3028   0.4462  -0.2675   0.3605    1.391   -1.217  -0.2516
 7 A  -0.0892   0.5196    0.309  -0.4434  -0.8044    0.412    0.356   -0.724   0.4067  -0.3129   0.1807  -0.3109   0.5564  -0.4193   0.0322   0.0502   0.1402   0.0819   0.1122   0.1089
 8 A   0.8318   -0.465  -0.6333  -0.6377  -0.5034  -0.5436  -0.7046  -0.9799  -0.8474  -0.0714  -0.3466  -0.6485   0.4529  -0.2147    2.387   0.6759   0.4303    0.917  -0.0811  -0.0689
 9 A  -0.2834  -2.5636  -3.0571  -3.3594  -0.6368  -1.5995  -2.2109  -2.5432  -1.4897   1.7351   2.4019  -2.4564   2.4049   1.8811  -3.0448  -1.9776  -1.0492   1.1682   0.0687   1.2896
