            A        R        N        D        C        Q        E        G        H        I        L        K        M        F        P        S        T        W        Y        V
 1 A  -0.0176   0.0974  -0.1718  -0.1622   0.0387  -0.0385   0.0691   -0.093   0.0274   0.1478  -0.0209  -0.0614   0.0909  -0.0983  -0.2006  -0.1077   0.0296  -0.0006  -0.0018  -0.0889
 2 A   0.0477   0.1881   0.2136  -0.1649   0.0419  -0.0042   0.3319  -0.1283   0.0232  -0.0431  -0.1025  -0.2052  -0.0568   0.0525   0.0896   0.0182   0.0587    0.111   0.0782  -0.1038
 3 A   0.0123  -0.0297   0.1368    0.042   0.0476  -0.0215  -0.1245   0.0122   0.4278  -0.0859  -0.0553  -0.0499   0.0834    0.129   0.0843   0.0631   0.0082  -0.1682   0.0489   0.2426
 4 A   0.0323   0.0914  -0.1915   0.0919  -0.3538  -0.2354   0.0637  -0.2829   0.0409  -0.1509  -0.1786  -0.0801  -0.0299  -0.1064  -0.0061  -0.1859  -0.2783   0.1199   -0.089  -0.1522
 5 A    0.103  -0.0219  -0.1804  -0.0236   0.0697   0.0502  -0.0463   0.0072   0.0099  -0.1297  -0.2019  -0.1537  -0.1116  -0.1447   0.0219  -0.0881   -0.202  -0.2665  -0.0409  -0.1172
 6 A   0.0005  -0.0467  -0.0083   0.1589  -0.0639  -0.1074   0.1316   0.0151   0.0361   0.0025   0.1458   0.2028  -0.0586   0.1121   0.0114   0.0432   0.1232    0.064   0.1397   0.1782
 7 A   0.0406   0.1035  -0.0994   0.0109   0.0551  -0.0511  -0.0404  -0.1204   -0.292   0.0137  -0.0988  -0.1858   0.0181   0.1543   0.1906  -0.1513  -0.1439  -0.0251  -0.0772   0.1134
 8 A  -0.2375  -0.0363  -0.1259  -0.0481  -0.0147   0.0583   0.2054   0.2474  -0.1575  -0.0956   0.0161   0.1056   0.1674   0.0452   0.0348  -0.0692   0.2264   0.0591   0.0673   0.1684
 9 A   0.1979  -0.1537   -0.009   0.0889  -0.0066  -0.1276   -0.044  -0.1327   0.0083   0.0988   0.0552   0.0933   0.2295   0.1321  -0.2029   0.0672    0.177   0.2246   0.2438  -0.0756
