TESTRUNID EPOCH: 30 L_PCC: 0.8418060659151518 L_ERR: 0.013003384847664787 T_PCC: 0.8245858735238282 T_ERR: 0.014529957273264634
180 LAYER: 1
5 LAYER: 2
1 LAYER: 3
30 :ILEARN
-0.16600603884440338	0.37379102374922807	-0.21230365071996066	-0.0430872134806056	-0.25951603785109956	
-0.09102066208636046	-0.05732283396970309	-0.0760253265135442	-0.018217690226885297	-0.04681124939272246	
-0.008826658663704884	0.20293522653508453	-0.07896452737894727	0.09056960797376856	-0.112464588044177	
0.28884526883519746	-0.3299788888911092	0.17057382553390987	-0.022428181451639315	0.46007742223469744	
0.037940476680325956	0.32132882710281274	-0.049513952401293256	0.04973525986367961	-0.031236985477940116	
0.026382799938584875	-0.01533279658205719	-0.0944713043822533	-0.060089189856035057	-0.06757120787113881	
-0.019613895692275795	-0.08176409188953815	0.1353707391673018	0.028159106977070407	0.1258029312315471	
-0.2935401319236	0.2705870350083987	-0.11621078311330216	-0.08956633811392009	-0.1507351723756584	
0.21444447329392569	-0.16841639626001514	0.03367936102021014	0.06731954752379268	-0.28419912704064737	
0.03023176142886661	0.11577170914034643	0.006211270255513378	-0.03736400311321904	-0.15896911222124893	
-0.15874996297740285	0.030836962562297163	-0.053941498794983604	-0.0499090283459403	-0.11177198507119941	
-0.41125499280967515	0.5142035482865408	-0.30272659641745725	0.008013407056805392	-0.4038176638362286	
-0.23721073589931513	0.21529331580232744	-0.029786602178966445	-0.030227254797944924	-0.4766429274390236	
-0.43430989787854923	0.643543990997291	-0.30518414359266594	0.04553798667277268	-0.8614108056866322	
0.2542494397371017	-0.12511718584976866	0.04264639760266456	0.09315770300277505	0.1519169734665929	
-0.15675234610766256	0.6246032918264407	-0.1262995921517477	0.042722250546385114	-0.11312683042296376	
0.2575046372259569	0.0790232194979165	0.14360979796913736	-0.022634809899748306	0.1536350307976265	
-0.0059594374568902354	-0.12120129126508052	0.07635533449976353	0.030792765278438	-0.18999518069213486	
0.10208865115287571	-0.18123159092169092	0.05554809268846347	0.0030185941349872934	-0.304880088529482	
0.24858903390483297	-0.1715307102118584	0.21424490597545665	-0.08297626245185548	0.2774833485553778	
-0.20327782358745627	0.10767324339835578	-0.0020156843426396885	-0.015783629272491915	0.02310094991567929	
-0.01025013440375361	-0.027990285919568834	0.11777406446416444	0.05985143434435906	-0.008991084801649278	
0.16450793837413374	-0.4777430419903783	0.3063517137390526	0.08090669163655859	0.11594210295519991	
0.05528971569598419	0.004685928176107619	0.16443618037767163	0.07825795541300891	-0.1039239331116616	
-0.1306495384964878	-0.13500161729003482	-0.17595836544490387	-0.03372836291786331	0.3493675700268409	
-0.13165540456485822	0.22378432172909335	0.031777268715331944	-0.06895985101087367	-0.29582438383569887	
-0.02560375165865376	0.16624222471663624	0.033233695113985974	-0.0740026154780702	-0.05632181120790592	
-0.14557023751276257	0.13614553941170845	-0.0300525167791349	0.10097923052414289	-0.07718530233297533	
0.05454116721520407	-0.09491512211399804	-0.027249128314162468	-0.055742403070262986	-0.19734396971565132	
-0.05313167468236112	-0.11563944726278813	-0.002987897791632922	-0.007314432483967944	-0.07059660714980817	
-0.32604527245599196	0.7111335742102433	-0.26833762721214227	-0.12576558551977218	-0.6231138925099735	
0.023395447876431472	-0.06448689630587913	0.061883812020022855	0.1179647249754204	0.03697858500667482	
-0.10004222525574423	0.26605693955209925	-0.10542894863057212	0.016779959312360385	-0.49508960942932295	
-0.15445732576015325	0.1269998820417152	-0.10491917835511204	0.0023578424878208317	-0.20998055270152144	
0.22381012488913227	-0.3097790403952299	0.2663042780332978	0.028796391234116505	0.3356771895737857	
-0.09228218374518454	0.12462369244853674	-0.044972585616442726	-0.06292001284204636	-0.07422932010469768	
-0.0995681245740045	0.12225412829673725	0.015967436594478086	-0.07886974818048073	-0.1485595927748282	
-0.008810514199356013	0.15342996574442488	-0.027784326608138826	0.010149396929550355	-0.1934087062178972	
-0.03309829662282462	-0.07040783870392213	0.04953564340897031	0.05802464715271668	-0.012713104309602598	
0.09837087772456919	-0.19841560071714698	-0.07745750835460231	0.017740960896665135	0.21204519010668524	
-0.19772502114656146	0.4652661387155481	-0.13823325367715975	0.006290960760876676	-0.4640366743774411	
0.13415967387817815	0.0770539831110417	0.12178627329360456	0.10887802394054287	0.07973611201885573	
-0.10284272772047943	0.21564485195126012	-0.10222110955746115	-0.08698816569525754	-0.21999809244715118	
-0.1474078509372257	-0.04856281745865634	0.06516755147797741	0.07189090284114913	-0.23077244056474397	
-0.06092185920479599	-0.01597512908957273	-0.04533629240272824	0.07938508071254204	0.08674427942625496	
0.19494716993684216	0.03116162564329218	0.1490834452394898	0.08153632297579058	0.08799911013920704	
0.08622966747875763	-0.06233229789627716	0.16530523604736527	-0.02575797063093111	0.07654772851857347	
-0.027564836810851517	-0.09943020470540323	-0.006620755611270023	-0.012668513675525328	-0.014185473393694572	
0.09698102810122627	0.166282950804348	0.15421544764995082	-0.059534496927557135	0.15909825482528067	
-0.1159788896102156	-0.06057053949604205	-0.17086865722177472	0.039272416448358174	-0.1325824947552112	
0.1134306217852167	-0.36151241780196075	0.06772481070432873	0.12398586085162829	0.4169977517374163	
0.1535962921358039	0.038261292299226424	0.1076603298441103	-0.025050751288582394	0.041784610879329505	
-0.24790347554935416	0.5097127716349386	-0.19820032948779032	0.03045733498634961	-0.39521904320607926	
-0.13862674554496368	0.5796283887369275	-0.09695426685901361	-0.03144262163815991	-0.33356920779205473	
-0.21425570412497297	0.11319333920730444	-0.05474968374895091	-0.009521515665624307	0.0789855684175197	
-0.2433215620499068	0.5370699547874775	-0.23556895023455188	-0.05749971975129861	-0.4363682953824699	
0.2914611725237298	-0.23400521234766097	0.1318810647196302	-0.03930193154857818	0.2539825793933178	
0.26339919728943256	0.078754100032596	0.1213741913908533	0.028705422674908915	-0.02517107805351178	
0.16797067394602747	0.30512276009933975	0.09004128125870538	-0.013710338412432249	0.008938567347850904	
-0.10906598362073472	-0.12229797562743618	-0.18252698719529478	0.10156575272854441	-0.15904336150923687	
-0.08836274898824326	0.15744441043157414	-0.001054017147763136	0.011819410484025149	-0.1767952407046626	
0.12053118097240205	-0.06407189209000234	0.01840920225272119	0.03844680280426458	0.009968949244963807	
0.4091520280822572	0.04135014155780921	0.1991739868357039	-0.05888886071925588	0.10153963059030988	
0.08670998391897292	0.27302653600218063	-0.013136071256597001	-0.05491738052365619	-0.23735528254372534	
-0.05637008487502217	0.05644701704939009	0.07723550429125711	-0.06471304644606235	-0.1318621025409757	
0.05671226747417737	-0.08110363916641508	0.10147116031497443	0.015104032141859224	0.013234657230723547	
-0.09540151617467486	0.16798978914254342	-0.0911350281886925	-0.00408908252318359	-0.19532901094281876	
-0.06995761038244054	0.08140032082952435	0.11065137939566912	0.074665480149149	0.0768263619711941	
0.22223713869440137	-0.06551688062136356	0.17559181592033574	0.08460839436938113	-0.015867341570394728	
-0.07766615248056587	-0.036660070213396595	-0.0450880221687334	0.0761773613842837	0.05610607732990053	
-0.011436604289488119	0.07060281508048248	-0.10750628973785047	-0.03409528663289319	0.16239354890710123	
0.06150105460674279	0.024343763394088537	0.07028893173334197	0.0660123761250831	0.19333609852145237	
-0.11251806630527009	0.019507259558282336	0.024067348147725744	0.017566120710928827	0.19618113407605	
0.03823217312993893	0.14244207581397844	-0.07691715230140665	0.021210863790102806	-0.041053077935405004	
-0.18275536463194386	-0.185958801434174	-0.1185540729862603	0.05524715660258553	-0.37288953313178114	
0.05931486895084669	0.19264550587185653	0.1361039486367114	0.04140963819338425	-0.21476014613443184	
0.1702045770760168	-0.16296758554866386	0.24780927106640752	-0.046697767702575256	0.012932193569499434	
-0.012592741376723872	0.07912118712272367	-0.08720473402330603	-0.06920075088694733	0.044351340881608754	
0.01736840020879376	0.07293100023477012	-0.05743736848627488	-0.08183626174635825	0.026176779437553355	
-0.05526242743497863	-0.10817402156931312	-0.013449848177261487	0.014863784826573415	0.06855918204681771	
-0.06675340179298571	0.20118108801802898	-0.1402184561867815	0.04206577431241282	-0.1010802375038657	
0.1713921596318286	-0.23321007931721274	0.055007576633406316	-0.06621542543737315	0.07108760962343338	
0.023135167681322573	0.11762825837349902	0.07404067437145155	0.04413313045616974	0.16953122941046708	
0.019154037416145266	0.24071156451232237	-0.007701772004021971	0.06934165377419646	-0.08458226055848173	
-0.22095999923531628	0.11700646023416456	-0.06270498665926397	-0.0741388143842541	-0.07427982751472334	
-0.19815445900215026	0.10807620443559811	0.005656800422348565	-0.02286605531878769	-0.15342456368588855	
-0.053574320361432205	0.08668443279026297	0.007992988017069073	0.001288330803083268	-0.07288999683458047	
0.07910270075872582	0.1554756830800106	-0.13246758416145277	0.06863026021378552	0.099292898766356	
0.054224843118409104	0.05101064562507814	0.001947551251642354	-0.10078651234672319	0.06731789500216526	
-0.22552078974322223	0.182789408790913	-0.04008629224739949	-0.07689611305217445	-0.3618267810651518	
-0.07155552200622116	-0.13155401350551593	0.12169149069270642	0.10297649867547616	0.017264046140147357	
-0.04140901879487578	0.11469957356598444	-0.015862027532381067	-0.04343684424234662	-0.1059609008319756	
-0.11369925311174522	-0.009999422065860544	-0.06796781135840607	-0.04863365016219731	0.027436381684028895	
-0.007766124423677081	0.0029034055310928467	-0.07327247419442086	0.012810375072151837	-0.1403868066557253	
0.2637769248076809	-0.0005962978862482787	0.09788310413540523	0.03547047085679526	0.41776471160632284	
0.004126499799640844	0.22707310580945336	0.11666832994737969	-0.08753921086110432	0.13995755983224578	
0.25871463870898515	-0.022603888286719203	0.19014383936435456	0.05842027157810363	0.4756658898981689	
0.16549239757854045	-0.22859387293333355	-0.13627570208886933	0.037518188925851445	-0.14452578808784006	
-0.05522201382377207	0.1873247613808898	-0.08303985564776178	-0.059916955583681986	-0.2796331537487853	
-0.12773342005712474	0.10745225347266933	0.0292258540297951	0.08399167071271674	-0.20281831385167343	
-0.05149782467428883	0.003987222067115524	0.0011828718357429521	-0.05074634836137206	0.14886824369146234	
0.17370711279663498	-0.06142881276962739	0.034452559107904006	0.06715846662292933	-0.03706435565137919	
-0.04909152205350783	0.22694338534993377	-0.13357798024818968	-0.05097738218683989	-0.3170036479291093	
0.040335932336932855	0.096078374809203	-0.060859209435979535	0.0317224718355318	0.07233482684813612	
0.015831291411799946	0.14256544371403124	0.1448833601142444	0.09244596155556627	-0.0010840042898077158	
-0.21946031181739925	0.15227763147679688	-0.1525595399530241	-0.010259131987568879	-0.3441492640658321	
0.0627069576819278	0.026762214342600017	0.09550557074458185	0.06495726565777761	0.04147274691406183	
0.10431135937553537	0.08419889976649489	0.009466242264793026	-0.06836346220580142	-0.0055609536608822625	
-0.00953852852658314	0.01905465541339345	0.02348094796603319	-0.0004670442095065495	-0.24532412202863382	
-0.23323923154243503	0.07537751180126158	-0.09948303585224522	0.08718019590312377	-0.10782557366899269	
-0.3212574693915424	0.15353271572890215	-0.0812634534063953	-0.02652581293340342	-0.255831202202294	
0.36381666031916376	-0.2938901924287088	0.2725519964004618	0.08513285467018819	0.1476048688942058	
-0.21631716694004727	-0.11012515806440681	0.09059804594265192	-0.11091677561352653	0.04775360970163468	
-0.18382379169865723	0.06080162846522158	-0.04337820766152158	0.015401418944069913	-0.28986569365543063	
-0.08403895049181886	0.15331489227714046	0.051254518428233004	0.045917614476458264	-0.0026267691180016832	
0.1412171186181223	-0.03317032227219026	0.08698858587692579	0.04798638535181959	-0.016581423974561634	
-0.20141158897885675	0.3266545113050759	-0.09923908898324484	-0.05115560598437713	-0.24106709045862804	
0.028090889640329353	-0.049731158495533466	-0.011970958483427333	-0.04119302468577857	0.09910081957697334	
-0.11199401289357079	-0.04249561910564346	0.01780840161280809	-0.05642552589145516	-0.06657208131187052	
-0.14122859181399178	-0.11474527048041144	-0.049803252034938815	-0.09570107721615283	0.02473943430969931	
0.20342279412221023	0.40297880930718577	-0.06731693933564029	-0.059305916862922387	-0.13285240180781363	
0.28281151401942956	0.01427725970107381	0.10551591340605654	-0.0101671143694451	0.0838616928770556	
-0.04183463330330244	0.2644582498596776	-0.03782579932421506	-0.008734625295814057	-0.2890122169399201	
-0.1305273530402215	0.10055270274320877	-0.18856040982837532	-0.01772242459544101	-0.3467249284718803	
-0.10093214502796723	0.03562433778366601	-0.08050525721053012	0.03574355669347229	0.0030677907247891496	
-0.07009323562582204	0.10449370602110448	0.05712668729205955	0.03752029432165882	-0.09364844478223812	
-0.16348075053710465	0.22519804972099647	0.015874939073633167	-0.012688281930306508	-0.2235330563185339	
0.10969136228118363	0.023304745480095965	0.026674150791661043	-0.0022661425174627164	0.058225068533342694	
-0.022552035755868192	0.14095651445453822	-0.03490725108095958	0.013677640029148496	-0.14661549170793092	
-0.18413223863839867	-0.05207093399858508	-0.12330134846857889	0.0033006288085986124	0.0420222994771779	
-0.16100202563034602	-0.18931393476496453	0.05748202481596303	-0.06905263884215875	0.15179894212612463	
0.35477357518720654	-0.3725472015597267	0.1879346089623972	0.09557572908511314	0.33138302228601096	
-0.07024586785176201	0.041418778368163045	-0.07294677721488882	0.013209941894928712	-0.06066338274715332	
-0.07641215693777423	0.12589441807880625	-0.17875895510230358	0.07409245453875941	-0.15873389510896505	
0.16165565404976237	0.08066996418648495	0.04221315286853761	0.06878632120424615	-0.07675711508002817	
0.26117660170910995	0.1341038548237032	-0.05829860964890589	0.08305012645617779	0.07319160187498766	
-0.10564277144804825	0.3947488541595818	-0.05672552754315088	0.03882655592897038	-0.3074636191532786	
-0.10450723159079783	0.28173728810262627	-0.035342217429808157	-0.010273761334603254	-0.12845885716532177	
-0.18555605008243917	0.25061007757397	-0.02496330389901543	-0.05548012943583751	-0.2874177076016534	
-0.21572520339306023	0.1945141087467918	-0.025396170665894002	0.0005620095105391197	-0.1405794071138225	
-0.23294934116664587	-0.03133649715330622	-0.04955710499955031	-0.03610965535414898	-0.20174600321720787	
0.1353214983824534	0.1159281255483347	0.062241129676059236	-0.017357932788772127	0.17767319967344564	
-0.013576470377433664	0.06049515454154995	0.020081187528060575	0.04671827311135183	0.023864920748736206	
0.3408426436345157	-0.20927624995500616	0.16808556422349355	0.07047468994011018	0.23672041982817582	
-0.02028614885042812	0.09963391535156498	0.048761001367694186	0.07556881359160135	-0.016658624915614414	
-0.08666799945587941	0.25049462618227913	-0.10622244250284744	0.014173775166343524	-0.0231981693908791	
-0.10421705796292899	0.2588916347936991	0.0004530324114277542	-0.04809052540624419	-0.19510129029176354	
0.038110885804932215	0.035604551974118444	0.09255705602917129	0.0857428785332646	-0.38349356144322694	
0.21532783354672627	-0.1629729296641097	0.09199713862611232	0.09857138383606666	0.004823930134118843	
0.02114657085247458	-0.14348424151760117	-0.02815126611712654	-0.03487401625128665	0.27295356941075305	
-0.25778622757191394	0.21305806237649394	-0.08388466878083493	0.07125363033408876	-0.20819270058315545	
0.1983508564952096	0.024661335193923724	0.1327173328150337	-0.007311282949662426	0.079729011746168	
-0.09001050736918091	-0.07902184307570706	-0.03056496116417623	-0.0782774647120687	0.09951388097454415	
-0.32595944093825174	0.351011191028676	-0.0891130722954838	0.03838586502081352	-0.18976380106668578	
0.010910732488602012	0.34172074442111555	-0.0638190642910302	-0.020746033160185723	-0.24914207005370648	
-0.108761016773736	0.1620225527319424	-0.12330463394165993	-0.013875791055410654	-0.09089653239724294	
0.14303363825907137	0.1912119158673182	-0.01357840579941022	0.10768782847921114	0.2740791033604504	
-0.13515296756373676	-0.0209986593536557	0.02577784715899394	-0.049523894633207624	0.10546704674819293	
-0.18966964504480752	0.1752076698225434	-0.09017174169049838	0.021657288357153703	-0.09423950357329546	
0.024082761769175887	-0.2528097438500561	-0.025632477860855676	0.012143704938335333	0.31200091675052044	
-0.22654946270609452	0.511101163193409	-0.1496295448567689	0.06742732427336902	-0.5014280936298776	
0.08611050709490735	-0.017602086154953074	0.06809540470212352	0.07238116331208073	-0.08176392938264508	
0.32103066338061914	-0.49941156355158645	0.3604696168294969	0.018984616580664766	0.5251568080574682	
0.1240354340802347	-0.20295675795507329	0.06299258366385102	0.0855877819048357	0.22224941939014653	
-0.04106567568904451	0.01705671002255838	0.009319568266657913	-0.047034156154702356	-0.3683236266935592	
0.08619219723569121	-0.20098887206672522	0.02618795241061375	0.05938521714623097	0.21083824839951712	
-0.11320493870646778	0.24081567692196812	-0.11002015914630979	-0.046310167314990165	-0.22722886004585546	
0.09144417642117562	-0.014029686010734111	0.050694175785638396	0.01867306182668715	-0.04036412337748594	
0.11811500532815584	-0.3715141458503387	0.15314888575833951	0.11668639970398265	0.4014685679168365	
0.19759992889769137	-0.21295566499789506	-0.05743979998526808	-0.028335309944624083	0.3030691943044041	
-0.47652195230188643	0.6431850917681661	-0.3486438118089192	-0.12983796419986504	-0.5368540142251252	
0.43601127238821363	-0.33915679902158974	0.28333815615266966	-0.019588994777781026	0.47921508863349993	
-0.02644806413755514	-0.08490756710681666	-0.06084278199355432	0.0003987716900284388	0.18937776873458206	
0.06417253258244439	-0.18368281133408015	0.13207753406990844	-0.08423515669586892	0.32216889802278903	
0.19009893695231794	-0.33682827361236567	0.1651864533801728	-0.03854961903027877	0.3267114195738156	
-0.05664652164030366	0.039216905967974676	-0.06024518691493778	0.06272668686695568	-0.09954557251521894	
0.14458735756423555	-0.14138059719213633	0.09310025647122559	-0.022506234060527708	0.10515269335881383	
-0.09706737411383748	0.00905163341721573	-0.10294651232202132	0.04887748113024515	-0.1279643990351148	
0.12810809579216245	-0.42825512282524064	0.15767544232085168	0.018245466856779895	0.5409703917395116	
-0.19255772430517473	0.40314121570448486	-0.222791643329079	0.029345206266043613	-0.33659390064222205	
-0.0165612609093665	0.0057791131500423976	-0.08270441138480128	0.054511638346684356	0.12379056331614455	
-1.616368515463624	2.1617786495374496	-1.0179586639846188	-0.05797442903058907	-2.1466088690805067	
0.5656026884829884	
