            A        R        N        D        C        Q        E        G        H        I        L        K        M        F        P        S        T        W        Y        V
 1 A  -0.0693   -0.058   0.0479   0.1892   0.0317   0.0444    0.096   -0.089   0.0313  -0.0037   0.0306  -0.0698   0.0485   0.0333  -0.0917  -0.0122   0.0342   0.0017   0.0379  -0.0301
 2 A   0.0511  -0.0875  -0.1144      0.0   0.0289   -0.099     -0.0  -0.1908  -0.0854   0.0343   0.0989     -0.0   0.0805   0.0845   0.0142   0.0246   0.0894   0.0351   0.1894   0.0493
 3 A  -0.0147   0.0122    0.111   -0.032   -0.006  -0.0475  -0.0478  -0.0503   -0.028   0.0437  -0.0103   0.0343   0.0065   0.0208  -0.0519   0.0044   0.0608   0.1066   0.0983   -0.007
 4 A  -0.0149  -0.0093  -0.0609  -0.0466   0.0133   0.0037  -0.0162   0.0271   0.0016    0.041   0.0343   0.0324   0.0556   0.0186   0.0157   -0.013  -0.0478   0.0716   0.0564   0.0406
 5 A  -0.0373   0.0712  -0.0792  -0.0386   0.0145  -0.0436  -0.0363   0.0575    -0.02   0.0603   0.0126   0.0357  -0.0699   0.0677  -0.0401  -0.0404  -0.0092   0.1644   0.0841     0.05
 6 A  -0.0685   0.0664   0.0249   0.0087    0.087   0.0504  -0.0578  -0.0219   0.0622   0.0141  -0.0044  -0.0071   0.0128   0.0846  -0.0256  -0.0253   0.0223   0.0052   0.0327  -0.0572
 7 A   0.0161   0.0264  -0.0243  -0.0614   0.0852  -0.0154  -0.0716   0.0108   0.0068   0.0006  -0.0416  -0.0737   0.1166   0.0668  -0.0023   0.0084  -0.0395   0.1216   0.0645   0.0092
 8 A   0.0188  -0.0579   0.0318  -0.0029  -0.0272  -0.0053  -0.0388  -0.0435   0.0791  -0.0633   0.0425  -0.0087   -0.062   0.1455     0.06   0.0415   0.0015   0.0288   0.0805  -0.0173
 9 A   -0.014   0.3288      0.0      0.0     -0.0     -0.0     -0.0     -0.0  -0.0609  -0.0245   0.0114   0.0913  -0.0491  -0.0386      0.0      0.0   -0.043  -0.0046   0.0153  -0.0091
